Default
<models.baselines.omodels.NeuSK object at 0x7fea93744810>
('Manual torch seed: ', 1772727637)
('Config: ', 'Protein Test: ', True, 'KNN: ', 2)
KFold: 5 x 10
Training raw path: /home/anhnd/DTI Project/Codes/MPNN/data/NTimeKFold/ATCInchikeySideEffectByDrug.txt_P3_0_0
('Number of substructures, proteins, pathways, drugs, se: ', 2048, 1448, 330, 808, 331)
((727, 3826), (81, 3826), (727, 331), (81, 331))
('VALIDATE SUM PROTEIN TRAIN: ', 22309.0)
('VALIDATE SUM PROTEIN TEST: ', 2334.0)
Train: 0.9837 0.9645
Test: 0.7424 0.5264
[0.6483409157310405, 0.6675536042104151, 0.6700682479994324, 0.6672937562709929, 0.6749550174314246, 0.671269927942055, 0.6704979037650938, 0.6676569123244895, 0.6691360125692078, 0.6712109856337252, 0.6725191009319825, 0.6724457778720979, 0.672501978863083, 0.6720849223401852, 0.6740649533746362, 0.6770922808628019, 0.6781722146823751, 0.6804192993186897, 0.6825320716964031, 0.6843521155164157, 0.6846593620037967, 0.6868351217519808, 0.6868526051708613, 0.6886705120880416, 0.6888119842277246, 0.6880989818719823, 0.6885778939665226, 0.6884694109620195, 0.6903571729523017, 0.691007088930361, 0.6946161153918581, 0.6962445753860507, 0.6991203350203979, 0.7003834513157547, 0.7032243978467887, 0.7043821484626974, 0.7048350851627774, 0.7072471953520078, 0.7072471953520078, 0.7089822861727041, 0.7093107075403711, 0.711271641367108, 0.7122009902498758, 0.7160511442099192, 0.7188446469936123, 0.7188446469936123, 0.7194354250744399, 0.7194354250744399, 0.7213272353901746, 0.7222678081192481, 0.7222678081192481, 0.7244803819759654, 0.7244803819759654, 0.7244803819759654, 0.7244803819759654, 0.7244803819759654, 0.7244803819759654, 0.7244803819759654, 0.7268522586326711, 0.7268522586326711, 0.7282112061448219, 0.7298646464559717, 0.7298646464559717, 0.7298646464559717, 0.7298646464559717, 0.7298646464559717, 0.7298646464559717, 0.7316607444616774, 0.7316607444616774, 0.7316607444616774, 0.73786644831653, 0.73786644831653, 0.73786644831653, 0.739843660212298, 0.739843660212298, 0.739843660212298, 0.739843660212298, 0.739843660212298, 0.742374491497618, 0.742374491497618, 0.742374491497618, 0.742374491497618, 0.742374491497618, 0.742374491497618, 0.742374491497618, 0.742374491497618, 0.742374491497618, 0.742374491497618, 0.742374491497618, 0.742374491497618]
[0.23716242418210928, 0.24064573638821457, 0.24439473192776032, 0.24870801433913403, 0.25896142199088146, 0.2605373246044181, 0.2629937697291272, 0.2673293934478525, 0.2767748629746703, 0.27787633975681303, 0.2870422150320777, 0.2920771208091114, 0.2952600653925332, 0.2953159760585463, 0.30443679030465637, 0.3124622145526114, 0.31778088352337514, 0.325591743557596, 0.3325219622145964, 0.3405326646825769, 0.340096252720888, 0.34534470689121954, 0.3481935067770412, 0.35588356772395935, 0.3578743260722581, 0.3609336186851285, 0.36450535047073845, 0.36567143560421395, 0.37226702293625896, 0.37334772670680644, 0.3831341862086213, 0.38710681297890637, 0.3956034426245131, 0.3997999205449689, 0.4093888235576404, 0.4121934635711144, 0.4132942384849751, 0.42133069037914184, 0.42133069037914184, 0.42621073774187423, 0.4276939126781241, 0.4330491979819686, 0.43566296268506505, 0.44577071041293126, 0.4543834791143546, 0.4543834791143546, 0.45608094273504296, 0.45608094273504296, 0.4623097261019594, 0.46529084682007976, 0.46529084682007976, 0.4715588702233457, 0.4715588702233457, 0.4715588702233457, 0.4715588702233457, 0.4715588702233457, 0.4715588702233457, 0.4715588702233457, 0.4787727296686774, 0.4787727296686774, 0.4825564420592292, 0.4875300648874788, 0.4875300648874788, 0.4875300648874788, 0.4875300648874788, 0.4875300648874788, 0.4875300648874788, 0.4931640749448759, 0.4931640749448759, 0.4931640749448759, 0.5126798694616688, 0.5126798694616688, 0.5126798694616688, 0.5187839360829529, 0.5187839360829529, 0.5187839360829529, 0.5187839360829529, 0.5187839360829529, 0.5264151532222754, 0.5264151532222754, 0.5264151532222754, 0.5264151532222754, 0.5264151532222754, 0.5264151532222754, 0.5264151532222754, 0.5264151532222754, 0.5264151532222754, 0.5264151532222754, 0.5264151532222754, 0.5264151532222754]
Training raw path: /home/anhnd/DTI Project/Codes/MPNN/data/NTimeKFold/ATCInchikeySideEffectByDrug.txt_P3_0_1
('Number of substructures, proteins, pathways, drugs, se: ', 2048, 1448, 330, 808, 331)
((727, 3826), (81, 3826), (727, 331), (81, 331))
('VALIDATE SUM PROTEIN TRAIN: ', 21797.0)
('VALIDATE SUM PROTEIN TEST: ', 2846.0)
Train: 0.9668 0.9298
Test: 0.7435 0.5062
