CSMF_P
<models.baselines.CSMF.CSMF object at 0x7fba39eef650>
Training raw path: /home/anhnd/DTI Project/Codes/MPNN/data/KFold/ATCInchikeySideEffectByDrug.txt_train_0
('Number of substructures, proteins, pathways, drugs, se: ', 2048, 1448, 330, 1030, 598)
Train: 0.9815 0.9324
Test: 0.7232 0.4324
[0.4914129098316297, 0.5182856615982735, 0.5249572249073767, 0.5244314970967916, 0.5293458847176259, 0.5315611486390981, 0.5364735503978101, 0.5399524065323441, 0.5456146018536546, 0.5523372389699123, 0.5536378334291654, 0.5615247576171496, 0.5732659771934883, 0.5835778821836721, 0.5866306232036854, 0.5907482554849213, 0.5942487445964786, 0.5993022026106961, 0.6031047078400065, 0.6097682496211965, 0.613300649960026, 0.6185747739256507, 0.6239787916235855, 0.6288022213607122, 0.6311673057849085, 0.6318517385530862, 0.6365589975703655, 0.6390654337203863, 0.6424078139815286, 0.6441476300733393, 0.6492491202873739, 0.6521850284116146, 0.6535021443584333, 0.6554851077478399, 0.6565919713412329, 0.6623632117194334, 0.665378921691621, 0.6686988365531531, 0.6716227947427764, 0.6755539205534556, 0.6773889749745658, 0.6782243564556933, 0.6821461560338753, 0.6821461560338753, 0.6847726680915585, 0.6857859118050605, 0.6879267461955878, 0.6889407807584967, 0.6939797748061585, 0.6976628241776749, 0.6976628241776749, 0.698630433268213, 0.698630433268213, 0.7011500000409915, 0.7023546024689399, 0.7023546024689399, 0.7052691153678464, 0.7052691153678464, 0.7052691153678464, 0.7052691153678464, 0.7052691153678464, 0.7052691153678464, 0.7052691153678464, 0.7084092206649468, 0.7084092206649468, 0.7102714093225949, 0.7119796129884228, 0.7119796129884228, 0.7119796129884228, 0.7119796129884228, 0.7119796129884228, 0.7119796129884228, 0.7138265721998562, 0.7138265721998562, 0.7138265721998562, 0.7195275672841925, 0.7195275672841925, 0.7195275672841925, 0.7212106147191845, 0.7212106147191845, 0.7212106147191845, 0.7212106147191845, 0.7212106147191845, 0.7232168013236044, 0.7232168013236044, 0.7232168013236044, 0.7232168013236044, 0.7232168013236044, 0.7232168013236044, 0.7232168013236044, 0.7232168013236044, 0.7232168013236044, 0.7232168013236044, 0.7232168013236044, 0.7232168013236044]
[0.07197145905207084, 0.08115171453342435, 0.08649304933497144, 0.09370928624354569, 0.100188567643479, 0.10267246768782269, 0.10994481952517218, 0.1138797899366036, 0.11971329901464127, 0.12741704055360317, 0.12915043921135613, 0.13690179793505175, 0.15115098798144588, 0.1625534569752566, 0.16508034069231423, 0.16861725392635385, 0.17394755064009929, 0.179841251117662, 0.18428271243472688, 0.19222009853023797, 0.1963878177499299, 0.20473553762538704, 0.21427242096044255, 0.221074018398549, 0.22254854627378012, 0.22338115203087477, 0.23113668317986508, 0.2350062869430094, 0.23940560173023037, 0.2426536059544294, 0.25198146715724623, 0.2570157250819635, 0.2595867540521101, 0.26298822453101434, 0.265638051313662, 0.2779064890368551, 0.2847203515575541, 0.290035412456767, 0.2952951766783073, 0.30267562625732936, 0.30611443365768354, 0.3081109578668934, 0.31679494788958307, 0.31679494788958307, 0.32303857694113913, 0.3255095827876161, 0.3294635381132393, 0.33163755677282325, 0.3435382116051177, 0.352552204059712, 0.352552204059712, 0.3547058269377945, 0.3547058269377945, 0.3614130528741822, 0.3643037970010239, 0.3643037970010239, 0.372661737047311, 0.372661737047311, 0.372661737047311, 0.372661737047311, 0.372661737047311, 0.372661737047311, 0.372661737047311, 0.3828733472244654, 0.3828733472244654, 0.38990358354618326, 0.39574982716715246, 0.39574982716715246, 0.39574982716715246, 0.39574982716715246, 0.39574982716715246, 0.39574982716715246, 0.4017169423665757, 0.4017169423665757, 0.4017169423665757, 0.42044619957870016, 0.42044619957870016, 0.42044619957870016, 0.42544702013500957, 0.42544702013500957, 0.42544702013500957, 0.42544702013500957, 0.42544702013500957, 0.43243178628309525, 0.43243178628309525, 0.43243178628309525, 0.43243178628309525, 0.43243178628309525, 0.43243178628309525, 0.43243178628309525, 0.43243178628309525, 0.43243178628309525, 0.43243178628309525, 0.43243178628309525, 0.43243178628309525]
Training raw path: /home/anhnd/DTI Project/Codes/MPNN/data/KFold/ATCInchikeySideEffectByDrug.txt_train_1
('Number of substructures, proteins, pathways, drugs, se: ', 2048, 1448, 330, 1030, 598)
Train: 0.9820 0.9348
Test: 0.7554 0.4245
[0.5206210392902408, 0.5289227926944147, 0.5290117301215082, 0.5423706925983617, 0.5470311283199473, 0.5531460157949409, 0.5627935864090816, 0.5682182480665445, 0.5756348337354381, 0.5799524356591951, 0.5825193415048264, 0.5914238882383007, 0.6015510966264741, 0.6079953384822161, 0.6108864909487888, 0.6157148262764944, 0.6197635011969163, 0.626631094501783, 0.629193778445896, 0.635759810479223, 0.6389881569299911, 0.6451726650396314, 0.6509395020952812, 0.6557499140532423, 0.6592405288172695, 0.6599484532886679, 0.664665437362736, 0.6675348275753985, 0.6708368478876279, 0.6728945573267133, 0.6779097785558031, 0.6808608573653501, 0.6814303526112377, 0.6836863683345058, 0.6850359641277688, 0.6923063859634053, 0.6955069298805273, 0.7000190250022946, 0.7023308072147598, 0.7064542953541039, 0.7088238650510286, 0.7097737812000309, 0.713599179899548, 0.713599179899548, 0.716510734589745, 0.7175546436791365, 0.719604359189135, 0.7207227032309809, 0.7254261205026566, 0.7287848006413022, 0.7287848006413022, 0.7300346207023609, 0.7300346207023609, 0.7323207483264081, 0.7337061979136045, 0.7337061979136045, 0.7358840901871312, 0.7358840901871312, 0.7358840901871312, 0.7358840901871312, 0.7358840901871312, 0.7358840901871312, 0.7358840901871312, 0.7392363380300591, 0.7392363380300591, 0.7408528080210437, 0.7429152617735472, 0.7429152617735472, 0.7429152617735472, 0.7429152617735472, 0.7429152617735472, 0.7429152617735472, 0.7447693570335749, 0.7447693570335749, 0.7447693570335749, 0.7509805466987218, 0.7509805466987218, 0.7509805466987218, 0.7531010487904466, 0.7531010487904466, 0.7531010487904466, 0.7531010487904466, 0.7531010487904466, 0.7554248486779063, 0.7554248486779063, 0.7554248486779063, 0.7554248486779063, 0.7554248486779063, 0.7554248486779063, 0.7554248486779063, 0.7554248486779063, 0.7554248486779063, 0.7554248486779063, 0.7554248486779063, 0.7554248486779063]
[0.05015450372195574, 0.05226049136122959, 0.05550397537106773, 0.06940396067029449, 0.07550210535812571, 0.07999725289644663, 0.08833219161976401, 0.09364551757072262, 0.10032812644697389, 0.10673000418445082, 0.11004270315463091, 0.11701582908701356, 0.12517690625769987, 0.13085127235632477, 0.13268285683694891, 0.13778739490384723, 0.14304027353334306, 0.15096441763015622, 0.1534045135733774, 0.15556026283079155, 0.15963954357491744, 0.16940904471649576, 0.17782601943085613, 0.18469237643022218, 0.1888887267822337, 0.18975139238577632, 0.19704673072295045, 0.20184728881128958, 0.2066526974887062, 0.21051809034751795, 0.2196322448103149, 0.22506927995258175, 0.22540450703496717, 0.23094748954178276, 0.23411620695601384, 0.24962007462051322, 0.2564906600134529, 0.2653747283407623, 0.26871842569922105, 0.2769217282912205, 0.2825978294855861, 0.2848344203186198, 0.2943399759756018, 0.2943399759756018, 0.30177089983556427, 0.30405480252008915, 0.3083516692357305, 0.3111682506482118, 0.32240707637052674, 0.3309661360296604, 0.3309661360296604, 0.33335468538695373, 0.33335468538695373, 0.3381454185732368, 0.34241152334822683, 0.34241152334822683, 0.34685407840894233, 0.34685407840894233, 0.34685407840894233, 0.34685407840894233, 0.34685407840894233, 0.34685407840894233, 0.34685407840894233, 0.35872023340597636, 0.35872023340597636, 0.3638889695065602, 0.3733436557396692, 0.3733436557396692, 0.3733436557396692, 0.3733436557396692, 0.3733436557396692, 0.3733436557396692, 0.38008897278513104, 0.38008897278513104, 0.38008897278513104, 0.4050272041407865, 0.4050272041407865, 0.4050272041407865, 0.413968667002579, 0.413968667002579, 0.413968667002579, 0.413968667002579, 0.413968667002579, 0.4244900195357168, 0.4244900195357168, 0.4244900195357168, 0.4244900195357168, 0.4244900195357168, 0.4244900195357168, 0.4244900195357168, 0.4244900195357168, 0.4244900195357168, 0.4244900195357168, 0.4244900195357168, 0.4244900195357168]
Training raw path: /home/anhnd/DTI Project/Codes/MPNN/data/KFold/ATCInchikeySideEffectByDrug.txt_train_2
('Number of substructures, proteins, pathways, drugs, se: ', 2048, 1448, 330, 1030, 598)
Train: 0.9824 0.9364
Test: 0.7520 0.4376
[0.5086378747144448, 0.5180274438187997, 0.5235373581261091, 0.5290451747107348, 0.5332515723142472, 0.5419637327709718, 0.553386039300841, 0.5599810288634899, 0.565321725518439, 0.5694525547739735, 0.5734685836352889, 0.5809928880570627, 0.5907847503925114, 0.5959429384157884, 0.5986189885291702, 0.605405773564966, 0.6083352063859893, 0.6135483199871762, 0.617349114368407, 0.6227540269760649, 0.6281369300149953, 0.6330943148315431, 0.6383400261338529, 0.6439823049058943, 0.648277335153848, 0.6495067789697911, 0.6538575341340535, 0.6574261929370275, 0.6619135074870846, 0.6637424384458637, 0.6701349509706263, 0.6726653423859281, 0.6736100558229311, 0.6762364342798454, 0.6772891086131914, 0.6833772604819577, 0.6866415618491006, 0.6912261555042362, 0.6945281580423983, 0.6992171145516776, 0.7016451847495637, 0.7025018958087776, 0.707458467249617, 0.707458467249617, 0.7097064814108419, 0.7111933687749158, 0.7136748252544091, 0.7150627838377221, 0.7206542229788254, 0.7247673166553914, 0.7247673166553914, 0.7259729991192512, 0.7259729991192512, 0.72869914057566, 0.7300859648418124, 0.7300859648418124, 0.7326919874262283, 0.7326919874262283, 0.7326919874262283, 0.7326919874262283, 0.7326919874262283, 0.7326919874262283, 0.7326919874262283, 0.7364371391540002, 0.7364371391540002, 0.7380071565467189, 0.7396529830935998, 0.7396529830935998, 0.7396529830935998, 0.7396529830935998, 0.7396529830935998, 0.7396529830935998, 0.7415535763130325, 0.7415535763130325, 0.7415535763130325, 0.7478845730816999, 0.7478845730816999, 0.7478845730816999, 0.7498416356029919, 0.7498416356029919, 0.7498416356029919, 0.7498416356029919, 0.7498416356029919, 0.7520012233897497, 0.7520012233897497, 0.7520012233897497, 0.7520012233897497, 0.7520012233897497, 0.7520012233897497, 0.7520012233897497, 0.7520012233897497, 0.7520012233897497, 0.7520012233897497, 0.7520012233897497, 0.7520012233897497]
[0.060420964410413225, 0.06913814355629912, 0.07001779804438348, 0.07442524514479298, 0.07850904880171918, 0.08368960228955083, 0.09196650216893212, 0.09402772544025739, 0.09804983522267591, 0.10205111614088759, 0.10636160873420886, 0.11205720199856534, 0.12174131588653964, 0.12547089540009998, 0.12790579304697602, 0.1357487077262078, 0.13954274933910674, 0.14446711671203893, 0.14885381468904849, 0.15562045533371702, 0.16334404892922902, 0.16964529301570808, 0.17663153227238498, 0.18387586417454993, 0.18925379076377147, 0.19131241351183675, 0.19648858293612897, 0.2005646252016337, 0.20750660683963187, 0.21003566532032653, 0.22033234759622403, 0.2232623141219248, 0.22446297173580448, 0.22888136349273686, 0.231105889304068, 0.2431161407608344, 0.24917325595704354, 0.2577999385583113, 0.26468486714752226, 0.2759167220748604, 0.28074845517686814, 0.2822175155923649, 0.29379675341212597, 0.29379675341212597, 0.29851904509455474, 0.3026176179502694, 0.3088701827477518, 0.3128669902484486, 0.326567765375315, 0.33672531139592343, 0.33672531139592343, 0.3392667642738724, 0.3392667642738724, 0.34833415570776544, 0.3524402497344707, 0.3524402497344707, 0.3612787648863649, 0.3612787648863649, 0.3612787648863649, 0.3612787648863649, 0.3612787648863649, 0.3612787648863649, 0.3612787648863649, 0.37574499363775854, 0.37574499363775854, 0.38110983957980243, 0.38773864855112383, 0.38773864855112383, 0.38773864855112383, 0.38773864855112383, 0.38773864855112383, 0.38773864855112383, 0.39550043866667567, 0.39550043866667567, 0.39550043866667567, 0.42183952401015934, 0.42183952401015934, 0.42183952401015934, 0.42899619460844857, 0.42899619460844857, 0.42899619460844857, 0.42899619460844857, 0.42899619460844857, 0.43756964322243935, 0.43756964322243935, 0.43756964322243935, 0.43756964322243935, 0.43756964322243935, 0.43756964322243935, 0.43756964322243935, 0.43756964322243935, 0.43756964322243935, 0.43756964322243935, 0.43756964322243935, 0.43756964322243935]
Training raw path: /home/anhnd/DTI Project/Codes/MPNN/data/KFold/ATCInchikeySideEffectByDrug.txt_train_3
('Number of substructures, proteins, pathways, drugs, se: ', 2048, 1448, 330, 1030, 598)
Train: 0.9822 0.9357
Test: 0.7295 0.4440
[0.5385132738659234, 0.5423002127750017, 0.5413692898322506, 0.5450457282525368, 0.5540193551978709, 0.560957897854583, 0.5731068524331809, 0.577586850818057, 0.5807576987141936, 0.5845942330622254, 0.5906368923746228, 0.596992381711061, 0.605609385104066, 0.6117234252284864, 0.6144476132387419, 0.6171694943889193, 0.618902324376893, 0.6241959878188248, 0.626381330699485, 0.6309129089602337, 0.6356210757567692, 0.6397939395967897, 0.6436808885827514, 0.6466108273446945, 0.6494283486209124, 0.6498311750225204, 0.652797539623869, 0.6549847907951852, 0.658223421921862, 0.6595904213868847, 0.6648511915321984, 0.6667666873210165, 0.6673631380723036, 0.6685596146723702, 0.6696824620586048, 0.6752309785868915, 0.677906614070333, 0.6809633441991023, 0.6836580161002953, 0.6868037031167741, 0.6884849829693587, 0.6894205454220067, 0.6930349396532535, 0.6930349396532535, 0.6952441927736388, 0.6960707231109682, 0.6981899955479816, 0.6991932319884635, 0.7029958954308791, 0.7057866580252161, 0.7057866580252161, 0.7070163394652799, 0.7070163394652799, 0.7092021926758916, 0.7105611768406364, 0.7105611768406364, 0.7129713026742769, 0.7129713026742769, 0.7129713026742769, 0.7129713026742769, 0.7129713026742769, 0.7129713026742769, 0.7129713026742769, 0.7156380032688808, 0.7156380032688808, 0.7170021750190573, 0.7185612853092231, 0.7185612853092231, 0.7185612853092231, 0.7185612853092231, 0.7185612853092231, 0.7185612853092231, 0.7202603331090924, 0.7202603331090924, 0.7202603331090924, 0.7256295506477379, 0.7256295506477379, 0.7256295506477379, 0.7273886631619512, 0.7273886631619512, 0.7273886631619512, 0.7273886631619512, 0.7273886631619512, 0.7295073207533955, 0.7295073207533955, 0.7295073207533955, 0.7295073207533955, 0.7295073207533955, 0.7295073207533955, 0.7295073207533955, 0.7295073207533955, 0.7295073207533955, 0.7295073207533955, 0.7295073207533955, 0.7295073207533955]
[0.08050913756781533, 0.08092515097626758, 0.08502271323329119, 0.09279986329486106, 0.10009143684982494, 0.10708178714684369, 0.11944446080492593, 0.1257590578808368, 0.13096557729399314, 0.13728997919455616, 0.14394895508004593, 0.151649256963934, 0.16393156094659925, 0.17312297635842722, 0.17640493847549546, 0.17959447362582542, 0.1834248388872517, 0.19168254760151676, 0.1943257113228017, 0.20226607772576632, 0.20914357037873613, 0.2172559496391316, 0.22374748774744327, 0.22906853808164687, 0.23257091913371372, 0.23374202527169408, 0.2401537820169769, 0.24445310087852418, 0.25039522460000674, 0.2533374825467423, 0.26451046664909744, 0.2686910516035448, 0.2700959010120508, 0.2722727093474107, 0.2757527750974604, 0.2892649312397405, 0.29510663273897836, 0.30158198579694906, 0.3085685546396781, 0.3167950890153432, 0.3208060925301768, 0.323683844237451, 0.3309839409893063, 0.3309839409893063, 0.33715809324415186, 0.3377578817160387, 0.3435762264423165, 0.34634753660614864, 0.35683753279718256, 0.3638797222430667, 0.3638797222430667, 0.36689340560359285, 0.36689340560359285, 0.3735607296466635, 0.37721107538757903, 0.37721107538757903, 0.38465861714215144, 0.38465861714215144, 0.38465861714215144, 0.38465861714215144, 0.38465861714215144, 0.38465861714215144, 0.38465861714215144, 0.39328669687840007, 0.39328669687840007, 0.39739931533509054, 0.40279241223822065, 0.40279241223822065, 0.40279241223822065, 0.40279241223822065, 0.40279241223822065, 0.40279241223822065, 0.4090388998000684, 0.4090388998000684, 0.4090388998000684, 0.42901626386407443, 0.42901626386407443, 0.42901626386407443, 0.4352560541845643, 0.4352560541845643, 0.4352560541845643, 0.4352560541845643, 0.4352560541845643, 0.44404970823645185, 0.44404970823645185, 0.44404970823645185, 0.44404970823645185, 0.44404970823645185, 0.44404970823645185, 0.44404970823645185, 0.44404970823645185, 0.44404970823645185, 0.44404970823645185, 0.44404970823645185, 0.44404970823645185]
Training raw path: /home/anhnd/DTI Project/Codes/MPNN/data/KFold/ATCInchikeySideEffectByDrug.txt_train_4
('Number of substructures, proteins, pathways, drugs, se: ', 2048, 1448, 330, 1030, 598)
Train: 0.9815 0.9333
Test: 0.7513 0.3992
[0.5371361156942044, 0.540237999387597, 0.5520190272210277, 0.5607545125257929, 0.5652619535068091, 0.5710158644052263, 0.5841544296198105, 0.586769107031621, 0.5909388298848488, 0.5946520098469584, 0.5987751173249889, 0.6033837682659953, 0.6119430509239386, 0.6165078073384705, 0.618450560100535, 0.6226740658452435, 0.6247091720984437, 0.6277056978548445, 0.6301433410638299, 0.6351620864593646, 0.6396928937200493, 0.6453789188884909, 0.6504533764608851, 0.6540231490695301, 0.6578413658860598, 0.658688502891871, 0.6621278423417192, 0.6649764111909344, 0.6693756555796112, 0.6711389787830586, 0.677014842165923, 0.6798252045918165, 0.6809088422210599, 0.6827765943096568, 0.6835882246888759, 0.6896591403534992, 0.6926166415578819, 0.6969348667362354, 0.700179976684183, 0.7035889161063777, 0.7057248317971897, 0.7066989056338437, 0.7113456815271378, 0.7113456815271378, 0.7134420744795291, 0.714844940914543, 0.7171842422725411, 0.7182640079569518, 0.7222469204128595, 0.724819241339917, 0.724819241339917, 0.7261266767930943, 0.7261266767930943, 0.7287369224636999, 0.7298766520047667, 0.7298766520047667, 0.7323742728621893, 0.7323742728621893, 0.7323742728621893, 0.7323742728621893, 0.7323742728621893, 0.7323742728621893, 0.7323742728621893, 0.7352759034843863, 0.7352759034843863, 0.7370617656242292, 0.738538281762662, 0.738538281762662, 0.738538281762662, 0.738538281762662, 0.738538281762662, 0.738538281762662, 0.7404478311647942, 0.7404478311647942, 0.7404478311647942, 0.7467327870516437, 0.7467327870516437, 0.7467327870516437, 0.7488751676484315, 0.7488751676484315, 0.7488751676484315, 0.7488751676484315, 0.7488751676484315, 0.7512791106464204, 0.7512791106464204, 0.7512791106464204, 0.7512791106464204, 0.7512791106464204, 0.7512791106464204, 0.7512791106464204, 0.7512791106464204, 0.7512791106464204, 0.7512791106464204, 0.7512791106464204, 0.7512791106464204]
[0.07317302416343408, 0.07325630228443106, 0.07581902461013748, 0.08935496323127418, 0.0939918171104753, 0.09843809220582789, 0.10847489331324223, 0.11482015665960407, 0.115115090824987, 0.11962310050102709, 0.12387178884763861, 0.1290803052930103, 0.13617648031666033, 0.1396594143249384, 0.1410537496758585, 0.14571617639601764, 0.14720702289765109, 0.14900721080194748, 0.15175526939999281, 0.15784718875648707, 0.16412988652903224, 0.17092106457640155, 0.17683295737210852, 0.18037939995061256, 0.18569443372541247, 0.18659809733862393, 0.1904400482516446, 0.19478982106118453, 0.2028265932738068, 0.20421610446607646, 0.21480770149505538, 0.21939457950687807, 0.22163555326719744, 0.22635367505740955, 0.22536308271661204, 0.23651158996183627, 0.24284153685840387, 0.2509035512208623, 0.257600660721911, 0.26364857265353553, 0.26643496746205675, 0.26863589687767453, 0.2791356699755136, 0.2791356699755136, 0.2850158162120241, 0.2883730770670669, 0.2936452173522901, 0.2965037140946124, 0.3057376513017258, 0.3107355000976879, 0.3107355000976879, 0.3136375714533105, 0.3136375714533105, 0.3202988231769196, 0.3229993490694893, 0.3229993490694893, 0.32974214437101046, 0.32974214437101046, 0.32974214437101046, 0.32974214437101046, 0.32974214437101046, 0.32974214437101046, 0.32974214437101046, 0.3378732920625699, 0.3378732920625699, 0.3440995670738127, 0.3487205093783612, 0.3487205093783612, 0.3487205093783612, 0.3487205093783612, 0.3487205093783612, 0.3487205093783612, 0.3555416496288748, 0.3555416496288748, 0.3555416496288748, 0.3804294883352193, 0.3804294883352193, 0.3804294883352193, 0.3885136317303442, 0.3885136317303442, 0.3885136317303442, 0.3885136317303442, 0.3885136317303442, 0.3992071294603927, 0.3992071294603927, 0.3992071294603927, 0.3992071294603927, 0.3992071294603927, 0.3992071294603927, 0.3992071294603927, 0.3992071294603927, 0.3992071294603927, 0.3992071294603927, 0.3992071294603927, 0.3992071294603927]
Training raw path: /home/anhnd/DTI Project/Codes/MPNN/data/KFold/ATCInchikeySideEffectByDrug.txt_train_5
('Number of substructures, proteins, pathways, drugs, se: ', 2048, 1448, 330, 1030, 598)
Train: 0.9823 0.9370
Test: 0.7464 0.4123
[0.5363266215920226, 0.5275520540894628, 0.5438531721340248, 0.5416327794719541, 0.5480267906303449, 0.5537237587586752, 0.5604175581149158, 0.5629533333973364, 0.5683917887519088, 0.5747569818817413, 0.5780737024232067, 0.583969978547082, 0.5957014860719976, 0.6007907137247627, 0.6035168611509986, 0.6098937781959644, 0.6127790777866262, 0.6181644601104657, 0.6207838551480631, 0.6282203439308036, 0.6326123119280425, 0.637132177032827, 0.6420256536848897, 0.6464635307571225, 0.6508817834185621, 0.6514660787946129, 0.6555517827976761, 0.6584551886492314, 0.6623029727439619, 0.664537602654944, 0.6686437055913581, 0.671736693300335, 0.6723918013001422, 0.6741287374075885, 0.6753887907650578, 0.6826173868346277, 0.6856691954475076, 0.6895950696227341, 0.6928766184300732, 0.6970618726058277, 0.6991122880694579, 0.7003882477665496, 0.7043786229061373, 0.7043786229061373, 0.706014373146989, 0.7069831068274752, 0.709321316613615, 0.7105449037113776, 0.715815681221539, 0.7191804514549465, 0.7191804514549465, 0.7204071784745406, 0.7204071784745406, 0.7228631779859807, 0.723923271305273, 0.723923271305273, 0.726834200463857, 0.726834200463857, 0.726834200463857, 0.726834200463857, 0.726834200463857, 0.726834200463857, 0.726834200463857, 0.7300551259462209, 0.7300551259462209, 0.7319904689145391, 0.7339626897707534, 0.7339626897707534, 0.7339626897707534, 0.7339626897707534, 0.7339626897707534, 0.7339626897707534, 0.7360507159510888, 0.7360507159510888, 0.7360507159510888, 0.7419847745419067, 0.7419847745419067, 0.7419847745419067, 0.7441671402112455, 0.7441671402112455, 0.7441671402112455, 0.7441671402112455, 0.7441671402112455, 0.7464332062320617, 0.7464332062320617, 0.7464332062320617, 0.7464332062320617, 0.7464332062320617, 0.7464332062320617, 0.7464332062320617, 0.7464332062320617, 0.7464332062320617, 0.7464332062320617, 0.7464332062320617, 0.7464332062320617]
[0.06862696987462846, 0.06395439458720513, 0.07150226250383653, 0.07757696156098026, 0.07958206353070893, 0.08383550981149228, 0.09206188081018735, 0.09655792443556478, 0.10231850785102778, 0.10861630667103085, 0.11308333092566672, 0.11876821550103073, 0.1279281335287226, 0.13242583607225722, 0.13456764311572045, 0.14078529422744537, 0.1430689205209944, 0.1499071693762589, 0.1524054086531048, 0.16126001788835814, 0.1667394162047019, 0.17302775977048118, 0.17989737427991626, 0.18607152572097407, 0.19234214537773062, 0.19267909849863646, 0.19802617478105417, 0.20211083426053955, 0.20715618269853775, 0.21216648398689203, 0.21817995449936256, 0.2237820859730224, 0.2247235386735173, 0.22706326914856323, 0.2298582154139698, 0.24432537755092448, 0.24990947433655758, 0.25672966761231325, 0.2627997454234266, 0.2701091839048672, 0.2739378105485542, 0.2771686155505477, 0.28490108536984665, 0.28490108536984665, 0.2877827567779836, 0.28955772432267873, 0.29499449892709284, 0.2978382601065927, 0.311110751388457, 0.3187732684368311, 0.3187732684368311, 0.32201206612166644, 0.32201206612166644, 0.32823899249908217, 0.3302264595012757, 0.3302264595012757, 0.339003864942964, 0.339003864942964, 0.339003864942964, 0.339003864942964, 0.339003864942964, 0.339003864942964, 0.339003864942964, 0.34918514111759746, 0.34918514111759746, 0.3564027456321196, 0.36342744015932527, 0.36342744015932527, 0.36342744015932527, 0.36342744015932527, 0.36342744015932527, 0.36342744015932527, 0.3718280581075477, 0.3718280581075477, 0.3718280581075477, 0.3943243874001744, 0.3943243874001744, 0.3943243874001744, 0.4028903268336562, 0.4028903268336562, 0.4028903268336562, 0.4028903268336562, 0.4028903268336562, 0.4122807901187851, 0.4122807901187851, 0.4122807901187851, 0.4122807901187851, 0.4122807901187851, 0.4122807901187851, 0.4122807901187851, 0.4122807901187851, 0.4122807901187851, 0.4122807901187851, 0.4122807901187851, 0.4122807901187851]
Training raw path: /home/anhnd/DTI Project/Codes/MPNN/data/KFold/ATCInchikeySideEffectByDrug.txt_train_6
('Number of substructures, proteins, pathways, drugs, se: ', 2048, 1448, 330, 1030, 598)
Train: 0.9827 0.9377
Test: 0.7318 0.4349
[0.5117878294916347, 0.5106200584728192, 0.5138565495549974, 0.5170330083471151, 0.5170331990488312, 0.5226156064855786, 0.5285673502524737, 0.5332976320382187, 0.5367195117679713, 0.5406045791281339, 0.5441148606196333, 0.5524146984532516, 0.5659222833656936, 0.5731522874282997, 0.5765872788129718, 0.5828298592554199, 0.5855196908096418, 0.5899295029881946, 0.5926019315576996, 0.6005256157164408, 0.6063606847150029, 0.6106661700205372, 0.6164592286207616, 0.6212970229657342, 0.6251256848737956, 0.6260922768888281, 0.6302271975729379, 0.6349719635908059, 0.6400502944235118, 0.6419795411730638, 0.6482027004987743, 0.6513248764016843, 0.6527427721645271, 0.6553413326536857, 0.6561075717986593, 0.662840577334449, 0.6665179538849676, 0.6715886563803151, 0.6747416272478421, 0.6791583522570523, 0.6812844113723626, 0.6825958675441643, 0.6872685417101925, 0.6872685417101925, 0.6894758429879532, 0.6909809649347347, 0.6938197978736883, 0.6954393308255716, 0.7005791114378501, 0.704638895504818, 0.704638895504818, 0.7057404049873686, 0.7057404049873686, 0.7084561224454811, 0.7096300883305795, 0.7096300883305795, 0.7127211447431099, 0.7127211447431099, 0.7127211447431099, 0.7127211447431099, 0.7127211447431099, 0.7127211447431099, 0.7127211447431099, 0.7164653516608599, 0.7164653516608599, 0.7179644786561625, 0.7196835473565718, 0.7196835473565718, 0.7196835473565718, 0.7196835473565718, 0.7196835473565718, 0.7196835473565718, 0.7218376659759497, 0.7218376659759497, 0.7218376659759497, 0.727373037912364, 0.727373037912364, 0.727373037912364, 0.7296275562725699, 0.7296275562725699, 0.7296275562725699, 0.7296275562725699, 0.7296275562725699, 0.7317620865832088, 0.7317620865832088, 0.7317620865832088, 0.7317620865832088, 0.7317620865832088, 0.7317620865832088, 0.7317620865832088, 0.7317620865832088, 0.7317620865832088, 0.7317620865832088, 0.7317620865832088, 0.7317620865832088]
[0.08052207854876949, 0.08317469532140571, 0.08595007276613248, 0.08992940978148004, 0.0895585816600904, 0.09106846690181332, 0.0937508745955433, 0.09884689826059077, 0.10307895613784497, 0.10670849882118894, 0.11081536224776575, 0.11719187766703104, 0.1253296805346933, 0.13083594692030864, 0.13247277132424434, 0.13971467075129515, 0.14246467423136833, 0.14606554793477142, 0.14916898544204688, 0.15757508479501217, 0.16428332769380516, 0.16930230691131049, 0.17648435181520125, 0.18421788993808286, 0.1888419575527303, 0.1901244231014719, 0.19565839897539175, 0.20339029277428336, 0.2122880480041506, 0.2153117317349238, 0.22404039948291676, 0.2301698917763016, 0.23315796397177557, 0.2374179988545671, 0.23825448734422472, 0.24950731452690827, 0.25630488643121596, 0.26576412500196134, 0.27125575388137546, 0.2798875619656641, 0.28435205897509364, 0.28729000006794564, 0.29827310026850823, 0.29827310026850823, 0.3030392051629527, 0.30629666346196655, 0.3141663904452256, 0.31886180887725757, 0.3305519426353851, 0.34078367076510013, 0.34078367076510013, 0.342907084111781, 0.342907084111781, 0.3513250703663872, 0.3539230089002778, 0.3539230089002778, 0.36363700642986196, 0.36363700642986196, 0.36363700642986196, 0.36363700642986196, 0.36363700642986196, 0.36363700642986196, 0.36363700642986196, 0.37780326979943635, 0.37780326979943635, 0.38220164620719876, 0.38780925315060766, 0.38780925315060766, 0.38780925315060766, 0.38780925315060766, 0.38780925315060766, 0.38780925315060766, 0.39747610242507536, 0.39747610242507536, 0.39747610242507536, 0.41621859144475465, 0.41621859144475465, 0.41621859144475465, 0.4262011148232661, 0.4262011148232661, 0.4262011148232661, 0.4262011148232661, 0.4262011148232661, 0.4348890799984036, 0.4348890799984036, 0.4348890799984036, 0.4348890799984036, 0.4348890799984036, 0.4348890799984036, 0.4348890799984036, 0.4348890799984036, 0.4348890799984036, 0.4348890799984036, 0.4348890799984036, 0.4348890799984036]
Training raw path: /home/anhnd/DTI Project/Codes/MPNN/data/KFold/ATCInchikeySideEffectByDrug.txt_train_7
('Number of substructures, proteins, pathways, drugs, se: ', 2048, 1448, 330, 1030, 598)
Train: 0.9829 0.9386
Test: 0.7462 0.4334
[0.5229666166161333, 0.5256781073378098, 0.5407015294930969, 0.5485070461435162, 0.5574816737027172, 0.5642306434475292, 0.5677725657362559, 0.5716781643904767, 0.5791590292393932, 0.5822086555928137, 0.5847366600930769, 0.5914862432931681, 0.5981487503255355, 0.6042068491417434, 0.6073790412117237, 0.6117359795646546, 0.6140929119850784, 0.6204019346350247, 0.623016628054124, 0.6298994221263639, 0.6351642178725465, 0.6400526424531237, 0.6444840957917508, 0.6479824678323811, 0.6527906427967125, 0.6538832964642509, 0.6574058819347235, 0.6621034170969842, 0.666665280847726, 0.6687210592515891, 0.6739609152182578, 0.6769054760403443, 0.6779546446722908, 0.6794979516705739, 0.6803581774948055, 0.6860824922858872, 0.6886746891199192, 0.6928751256562209, 0.6958201035620494, 0.7000288010683093, 0.7019203297410468, 0.7029583090091136, 0.7063991597273891, 0.7063991597273891, 0.7081393142749397, 0.7086536479665608, 0.7110531235920245, 0.7123246885173112, 0.7173068496079539, 0.7205393429773479, 0.7205393429773479, 0.7219125664268754, 0.7219125664268754, 0.724237360919882, 0.7256301654353008, 0.7256301654353008, 0.728540541613893, 0.728540541613893, 0.728540541613893, 0.728540541613893, 0.728540541613893, 0.728540541613893, 0.728540541613893, 0.7315769131762364, 0.7315769131762364, 0.7331972854583574, 0.7347106662458492, 0.7347106662458492, 0.7347106662458492, 0.7347106662458492, 0.7347106662458492, 0.7347106662458492, 0.7366491204663526, 0.7366491204663526, 0.7366491204663526, 0.7423733348089054, 0.7423733348089054, 0.7423733348089054, 0.744173787576212, 0.744173787576212, 0.744173787576212, 0.744173787576212, 0.744173787576212, 0.7462163641127715, 0.7462163641127715, 0.7462163641127715, 0.7462163641127715, 0.7462163641127715, 0.7462163641127715, 0.7462163641127715, 0.7462163641127715, 0.7462163641127715, 0.7462163641127715, 0.7462163641127715, 0.7462163641127715]
[0.06011822594341858, 0.06651272282401083, 0.07580186916687207, 0.08056186201173071, 0.08717721532132623, 0.09031790759595978, 0.09425070813457759, 0.09933897335237221, 0.1057593640025373, 0.1095072281659253, 0.11282402894228913, 0.1191726197921375, 0.12729461966277045, 0.1338840806584261, 0.1379917471591439, 0.14277632368698107, 0.14589297596696615, 0.15349950803848875, 0.15616536144676868, 0.1654295182612605, 0.17353232028670507, 0.17959141391177524, 0.18587375336591475, 0.19061429245334494, 0.19804278827532176, 0.1994585658823066, 0.20460898396833427, 0.21293737901198645, 0.22231864959014236, 0.2265314178828816, 0.23585777964775284, 0.24081643330971325, 0.2428306641636835, 0.24564518595866708, 0.24763113451768903, 0.25937430939532047, 0.2640347132657669, 0.2725169004883316, 0.2788850531531395, 0.28934417737723594, 0.2929773563547864, 0.2949743744128486, 0.30241062180800604, 0.30241062180800604, 0.30643643797642767, 0.3072233907832175, 0.3141740665240558, 0.31771830290157616, 0.33153012887598043, 0.33930784735371006, 0.33930784735371006, 0.3436676867632361, 0.3436676867632361, 0.3505288177231792, 0.354691999944952, 0.354691999944952, 0.36433527611371835, 0.36433527611371835, 0.36433527611371835, 0.36433527611371835, 0.36433527611371835, 0.36433527611371835, 0.36433527611371835, 0.37590854494332004, 0.37590854494332004, 0.38185004347481805, 0.38691159436611616, 0.38691159436611616, 0.38691159436611616, 0.38691159436611616, 0.38691159436611616, 0.38691159436611616, 0.3952130401846037, 0.3952130401846037, 0.3952130401846037, 0.41827418639628094, 0.41827418639628094, 0.41827418639628094, 0.4246740003216602, 0.4246740003216602, 0.4246740003216602, 0.4246740003216602, 0.4246740003216602, 0.4333787741323445, 0.4333787741323445, 0.4333787741323445, 0.4333787741323445, 0.4333787741323445, 0.4333787741323445, 0.4333787741323445, 0.4333787741323445, 0.4333787741323445, 0.4333787741323445, 0.4333787741323445, 0.4333787741323445]
Training raw path: /home/anhnd/DTI Project/Codes/MPNN/data/KFold/ATCInchikeySideEffectByDrug.txt_train_8
('Number of substructures, proteins, pathways, drugs, se: ', 2048, 1448, 330, 1030, 598)
Train: 0.9816 0.9335
Test: 0.7367 0.4083
[0.5011870827205231, 0.51324183623219, 0.5270888660354363, 0.5362195199119788, 0.5417205104500112, 0.5517939068074676, 0.5602894666737226, 0.5655231662115935, 0.5730956228816647, 0.5768066597811031, 0.5798130662719303, 0.5871107424521377, 0.5970460248508045, 0.6020034615073391, 0.6039069318872992, 0.6068978247911475, 0.6093921029803264, 0.6129572537590897, 0.6150487008348945, 0.6215335644723141, 0.6268173755671942, 0.6330219247620685, 0.6391010785829618, 0.6438580735124062, 0.6466162546149263, 0.6475423496293443, 0.6513116739599174, 0.6541914815761878, 0.6573288290230455, 0.6587684456206069, 0.6637367268978689, 0.6667393728430677, 0.6674591651126391, 0.6689275644493807, 0.6697435584366311, 0.6742601977390669, 0.6772384752350654, 0.6814618133857167, 0.6851121559058883, 0.6890191669676267, 0.6909012138650021, 0.6919308763349248, 0.6961260499628009, 0.6961260499628009, 0.6981327304272199, 0.6991504925828026, 0.7013120421960948, 0.7027077077833426, 0.7070821070848144, 0.7104461891818925, 0.7104461891818925, 0.7116806553138054, 0.7116806553138054, 0.7142142608782958, 0.7157360814251787, 0.7157360814251787, 0.7184250066620392, 0.7184250066620392, 0.7184250066620392, 0.7184250066620392, 0.7184250066620392, 0.7184250066620392, 0.7184250066620392, 0.7213535251241288, 0.7213535251241288, 0.7230204934914558, 0.7246848767950649, 0.7246848767950649, 0.7246848767950649, 0.7246848767950649, 0.7246848767950649, 0.7246848767950649, 0.7265300497705153, 0.7265300497705153, 0.7265300497705153, 0.732219929311711, 0.732219929311711, 0.732219929311711, 0.7344413213096788, 0.7344413213096788, 0.7344413213096788, 0.7344413213096788, 0.7344413213096788, 0.7367360593852252, 0.7367360593852252, 0.7367360593852252, 0.7367360593852252, 0.7367360593852252, 0.7367360593852252, 0.7367360593852252, 0.7367360593852252, 0.7367360593852252, 0.7367360593852252, 0.7367360593852252, 0.7367360593852252]
[0.04890092631199351, 0.05444945553429685, 0.0640523511016487, 0.07043002830174502, 0.07399151186049571, 0.08139240433016023, 0.08901926485693307, 0.0941817494921493, 0.1010480430084918, 0.10419097007278315, 0.10726866516898118, 0.11325539272789492, 0.12234345477410277, 0.12703960031972153, 0.12935418822578162, 0.13234643206934638, 0.13515346489495939, 0.1391504363914309, 0.1413399430849006, 0.1490541658596321, 0.1571211657664237, 0.16430722698312786, 0.17201161615974497, 0.17829320021041936, 0.1830530101414426, 0.1841655838590749, 0.19039069232432332, 0.1949176510029778, 0.20161893875686876, 0.20427754431380113, 0.21271961804394218, 0.21866853961009047, 0.21990276804554298, 0.2222466669546507, 0.22400475739467404, 0.23282912798014382, 0.23842366999777465, 0.24764985584437454, 0.2555319348082096, 0.26403956629805136, 0.2679892885736473, 0.2702068264575349, 0.27950428899738944, 0.27950428899738944, 0.28446667320570335, 0.2863777566825707, 0.29173321329023927, 0.29642940546716934, 0.30703847650340443, 0.31566521163556954, 0.31566521163556954, 0.3191732932524589, 0.3191732932524589, 0.3273256008766608, 0.33102996619040215, 0.33102996619040215, 0.3398565273630598, 0.3398565273630598, 0.3398565273630598, 0.3398565273630598, 0.3398565273630598, 0.3398565273630598, 0.3398565273630598, 0.34821396003016303, 0.34821396003016303, 0.3540854451976883, 0.3596535506628206, 0.3596535506628206, 0.3596535506628206, 0.3596535506628206, 0.3596535506628206, 0.3596535506628206, 0.3668847903922655, 0.3668847903922655, 0.3668847903922655, 0.38954204508588697, 0.38954204508588697, 0.38954204508588697, 0.3985377336776902, 0.3985377336776902, 0.3985377336776902, 0.3985377336776902, 0.3985377336776902, 0.4083084782536943, 0.4083084782536943, 0.4083084782536943, 0.4083084782536943, 0.4083084782536943, 0.4083084782536943, 0.4083084782536943, 0.4083084782536943, 0.4083084782536943, 0.4083084782536943, 0.4083084782536943, 0.4083084782536943]
Training raw path: /home/anhnd/DTI Project/Codes/MPNN/data/KFold/ATCInchikeySideEffectByDrug.txt_train_9
('Number of substructures, proteins, pathways, drugs, se: ', 2048, 1448, 330, 1030, 598)
Train: 0.9809 0.9303
Test: 0.7342 0.4322
[0.49650325284369606, 0.5206621620774173, 0.5249441915681335, 0.5281932114074502, 0.5356366556365191, 0.5405297555933548, 0.549228004030589, 0.5606510420566277, 0.568569220796614, 0.5723930574019458, 0.5755029456456286, 0.5795152854602605, 0.5893512004560936, 0.5975529929204213, 0.6009585820486356, 0.6036290303830025, 0.606295720543742, 0.609886916757369, 0.6124117346531036, 0.6184946481974747, 0.6232771370813754, 0.6287899073699386, 0.6333848648105638, 0.6370516831244747, 0.6405970207505431, 0.6412550955681344, 0.6450182927510055, 0.6469142370996966, 0.6496456538557898, 0.6510498038827911, 0.6567204676374554, 0.6597982204066682, 0.6607420469631753, 0.6623400340720031, 0.6632790748980809, 0.6702137494810285, 0.6735309437440431, 0.6771938225163242, 0.6800559705503204, 0.6841814883701549, 0.6854671775690667, 0.686530925281741, 0.6908237760068527, 0.6908237760068527, 0.6932410973125054, 0.6945966930857446, 0.697010369235677, 0.6980963355992365, 0.7024479975765471, 0.7061826367962178, 0.7061826367962178, 0.7074970367327559, 0.7074970367327559, 0.7105494104264591, 0.7117401260873523, 0.7117401260873523, 0.7148700781844234, 0.7148700781844234, 0.7148700781844234, 0.7148700781844234, 0.7148700781844234, 0.7148700781844234, 0.7148700781844234, 0.7183099606720021, 0.7183099606720021, 0.7199911587130863, 0.7216943270085726, 0.7216943270085726, 0.7216943270085726, 0.7216943270085726, 0.7216943270085726, 0.7216943270085726, 0.7236217536003624, 0.7236217536003624, 0.7236217536003624, 0.729963183056197, 0.729963183056197, 0.729963183056197, 0.7319934334741639, 0.7319934334741639, 0.7319934334741639, 0.7319934334741639, 0.7319934334741639, 0.734178024819891, 0.734178024819891, 0.734178024819891, 0.734178024819891, 0.734178024819891, 0.734178024819891, 0.734178024819891, 0.734178024819891, 0.734178024819891, 0.734178024819891, 0.734178024819891, 0.734178024819891]
[0.053030785038797476, 0.06231240989632603, 0.06740417397230616, 0.07859218079115579, 0.08398411366237202, 0.08914358879806203, 0.0968159692332608, 0.10637288689985541, 0.11406507214064586, 0.1202050929717073, 0.12310802105090218, 0.12814263957040223, 0.13957388664164316, 0.1489502230940313, 0.15221456029926836, 0.15537458467120885, 0.15910912667323268, 0.16334974919920536, 0.16648064281540023, 0.17360719236847771, 0.18001194147986901, 0.1874086548079027, 0.19405271040740735, 0.19921116451139445, 0.2049572984721123, 0.20595819657010606, 0.211296670140966, 0.21255700373385808, 0.21589423221251383, 0.21791269884583392, 0.22780114268308582, 0.23362107501897994, 0.235366672543309, 0.23768836536167576, 0.23943735555201417, 0.25438511283389703, 0.26139319430802066, 0.2671858223526579, 0.2726921277044234, 0.28072187640076446, 0.2816396292022263, 0.28402503330741, 0.2932969307517435, 0.2932969307517435, 0.2999079145549555, 0.3028249285460761, 0.310121367953164, 0.3127605749002775, 0.32339457761056023, 0.3329439934712154, 0.3329439934712154, 0.3363054625859976, 0.3363054625859976, 0.3458973774967751, 0.34857378183152615, 0.34857378183152615, 0.3595850919878387, 0.3595850919878387, 0.3595850919878387, 0.3595850919878387, 0.3595850919878387, 0.3595850919878387, 0.3595850919878387, 0.3710916071397679, 0.3710916071397679, 0.37661679530220726, 0.38243693764225617, 0.38243693764225617, 0.38243693764225617, 0.38243693764225617, 0.38243693764225617, 0.38243693764225617, 0.3901315252633296, 0.3901315252633296, 0.3901315252633296, 0.41602771838276964, 0.41602771838276964, 0.41602771838276964, 0.42383867018356003, 0.42383867018356003, 0.42383867018356003, 0.42383867018356003, 0.42383867018356003, 0.432226937292697, 0.432226937292697, 0.432226937292697, 0.432226937292697, 0.432226937292697, 0.432226937292697, 0.432226937292697, 0.432226937292697, 0.432226937292697, 0.432226937292697, 0.432226937292697, 0.432226937292697]
AUC: 0.7407 0.0033
AUPR: 0.4259 0.0044
('RARE AUC', [(0.5165092616660453, 0.005205826206246265), (0.5245528328483785, 0.003177118767332445), (0.532133893899396, 0.0035182599123503213), (0.5373233170466233, 0.003884302132500697), (0.5428808723524924, 0.0043355665530671), (0.5491538330557425, 0.004503596978099033), (0.5576189402968682, 0.004968191140725967), (0.562661097940631, 0.004809949410041572), (0.5684202863144125, 0.0048817906945478485), (0.5727758406098002, 0.004735834006420432), (0.5761279003322367, 0.004892683824718278), (0.5828814632095469, 0.004674162989260646), (0.5929324005310603, 0.004221308760134582), (0.5993453696371199, 0.0038792477527170408), (0.602138297113255, 0.003786494072243922), (0.6066698887750734, 0.003629031841975486), (0.6094038452760135, 0.003572266260742579), (0.6142723371023469, 0.0036366984374877984), (0.6170035122665509, 0.0035683172202848486), (0.6233030676939479, 0.0033911134641119336), (0.6279971433545992, 0.0033108868170430277), (0.6331677433920602, 0.003374497979240953), (0.6382847506387284, 0.0033097657499986852), (0.6425821194926192, 0.0032277899635535187), (0.6461966270717538, 0.003297491774288067), (0.6470065746071108, 0.0032951616251751634), (0.6509522180049003, 0.0032551970085516932), (0.6540623944231838, 0.0032205730167330087), (0.6578750277751749, 0.0032226633595412255), (0.6596570478598853, 0.003252149924455238), (0.6650424399355639, 0.003211465799125408), (0.6678807759067825, 0.0031916818054453437), (0.668810496329874, 0.0031410920529224068), (0.6706979739597451, 0.003129369850757147), (0.6717064904222908, 0.0031451124047012554), (0.6778951380780247, 0.0031822267154902064), (0.6809681926480968, 0.0031482842493877746), (0.6850556715556332, 0.0032019061088628103), (0.6880926228480587, 0.0031866718118771275), (0.692106763095136, 0.0031901160281895486), (0.6940753260158643, 0.0032479488474163017), (0.6951023710456846, 0.003242268219966486), (0.6992580574676803, 0.0032441950147548797), (0.6992580574676803, 0.0032441950147548797), (0.701467950949492, 0.003229239085506618), (0.7025814493681942, 0.0032242515220292055), (0.7049096817970755, 0.003213304338525357), (0.7061296474209454, 0.0032124314262535567), (0.7108534681060084, 0.0032270697526910743), (0.7142808356754724, 0.003187673343714706), (0.7142808356754724, 0.003187673343714706), (0.7155018911283545, 0.003208591325894634), (0.7155018911283545, 0.003208591325894634), (0.718042933673875, 0.003193158782208559), (0.7193244326653443, 0.00320008552158773), (0.7193244326653443, 0.00320008552158773), (0.7220581740184995, 0.0031495711180169928), (0.7220581740184995, 0.0031495711180169928), (0.7220581740184995, 0.0031495711180169928), (0.7220581740184995, 0.0031495711180169928), (0.7220581740184995, 0.0031495711180169928), (0.7220581740184995, 0.0031495711180169928), (0.7220581740184995, 0.0031495711180169928), (0.7252757481181721, 0.0031637318932059735), (0.7252757481181721, 0.0031637318932059735), (0.7269359199767245, 0.003168548882260884), (0.7286383532104267, 0.0031803793282231606), (0.7286383532104267, 0.0031803793282231606), (0.7286383532104267, 0.0031803793282231606), (0.7286383532104267, 0.0031803793282231606), (0.7286383532104267, 0.0031803793282231606), (0.7286383532104267, 0.0031803793282231606), (0.7305546975584619, 0.0031848209336469433), (0.7305546975584619, 0.0031848209336469433), (0.7305546975584619, 0.0031848209336469433), (0.7364669284395081, 0.003254463248030346), (0.7364669284395081, 0.003254463248030346), (0.7364669284395081, 0.003254463248030346), (0.7384820368766876, 0.0032767144102605152), (0.7384820368766876, 0.0032767144102605152), (0.7384820368766876, 0.0032767144102605152), (0.7384820368766876, 0.0032767144102605152), (0.7384820368766876, 0.0032767144102605152), (0.7406755045924235, 0.0032997331916455506), (0.7406755045924235, 0.0032997331916455506), (0.7406755045924235, 0.0032997331916455506), (0.7406755045924235, 0.0032997331916455506), (0.7406755045924235, 0.0032997331916455506), (0.7406755045924235, 0.0032997331916455506), (0.7406755045924235, 0.0032997331916455506), (0.7406755045924235, 0.0032997331916455506), (0.7406755045924235, 0.0032997331916455506), (0.7406755045924235, 0.0032997331916455506), (0.7406755045924235, 0.0032997331916455506), (0.7406755045924235, 0.0032997331916455506)])
('RARE AUPR', [(0.06474280746332967, 0.0035735019117605327), (0.06871354808748961, 0.0032808658338958907), (0.07375672901046473, 0.0030545125548770936), (0.08167837610318603, 0.0027437695612129893), (0.08625764617986173, 0.002886029009229493), (0.09076370796639795, 0.002777933817087126), (0.09840615650625387, 0.0031462931121866737), (0.10374306799285571, 0.003316378771837324), (0.10904418719438189, 0.0031762164081328356), (0.11423393372771604, 0.0034441198745778032), (0.11804749033634854, 0.003570354879789452), (0.12432351365360714, 0.0037104494411682063), (0.13406470265308773, 0.0041794971437889876), (0.1404793702479792, 0.004822066852869312), (0.14297285888517516, 0.004918959741013029), (0.14784613119845288, 0.004615253649537993), (0.1512851597584973, 0.004759060539839501), (0.15679349548034766, 0.005022560786001659), (0.15981823628621686, 0.005082496703072621), (0.16704400623497404, 0.005209430494460954), (0.17343330385933498, 0.00511727625481624), (0.18056042519577215, 0.0052563278103202665), (0.187763022381142, 0.005310427028149661), (0.19374982698697962, 0.005273237042786498), (0.1986193616498249, 0.004992575809594689), (0.19971709484504016, 0.004982133988655219), (0.20552467472976357, 0.0051507137724932876), (0.21025742836792866, 0.005046861672699245), (0.21660627751945954, 0.0048979276370202645), (0.2196960825399425, 0.004939161439441165), (0.22898631220649981, 0.0051074767079673), (0.23404909759550002, 0.005042101787939524), (0.23571672944999583, 0.0051099741044227775), (0.23915049482484782, 0.00498094589567672), (0.2411161955610388, 0.005168535990074439), (0.25368404679069734, 0.005337268806031675), (0.2598398375464769, 0.005353963134641816), (0.26755419876732905, 0.00508109911527612), (0.27360322998572145, 0.005030030423988158), (0.28200601042388723, 0.005061374320166622), (0.2857597921966679, 0.00507712092766491), (0.28811474846892904, 0.005094059752806798), (0.2973437315437624, 0.004877632079529976), (0.2973437315437624, 0.004877632079529976), (0.30271354190054567, 0.005008932178444356), (0.305059342583759, 0.00487167102414797), (0.3109096371031106, 0.004861097847402068), (0.31421324006231177, 0.004776338682876701), (0.32587141144636556, 0.004818185351517196), (0.33423328654884765, 0.0049372369398185505), (0.33423328654884765, 0.0049372369398185505), (0.3371923846490664, 0.004892070319609594), (0.3371923846490664, 0.004892070319609594), (0.34450680389408517, 0.004914892226306665), (0.3477811210909224, 0.004978630324463788), (0.3477811210909224, 0.004978630324463788), (0.3561613108693223, 0.005088999630572079), (0.3561613108693223, 0.005088999630572079), (0.3561613108693223, 0.005088999630572079), (0.3561613108693223, 0.005088999630572079), (0.3561613108693223, 0.005088999630572079), (0.3561613108693223, 0.005088999630572079), (0.3561613108693223, 0.005088999630572079), (0.3670701086239455, 0.0053097999506978725), (0.3670701086239455, 0.0053097999506978725), (0.3727557950855481, 0.005170861407651147), (0.3788583829055653, 0.005138520532425215), (0.3788583829055653, 0.005138520532425215), (0.3788583829055653, 0.005138520532425215), (0.3788583829055653, 0.005138520532425215), (0.3788583829055653, 0.005138520532425215), (0.3788583829055653, 0.005138520532425215), (0.38634204196201477, 0.005127805234117827), (0.38634204196201477, 0.005127805234117827), (0.38634204196201477, 0.005127805234117827), (0.4091145608638806, 0.004806182183955111), (0.4091145608638806, 0.004806182183955111), (0.4091145608638806, 0.004806182183955111), (0.41683234135007785, 0.004581682846690463), (0.41683234135007785, 0.004581682846690463), (0.41683234135007785, 0.004581682846690463), (0.41683234135007785, 0.004581682846690463), (0.41683234135007785, 0.004581682846690463), (0.425883234653402, 0.004352541278639624), (0.425883234653402, 0.004352541278639624), (0.425883234653402, 0.004352541278639624), (0.425883234653402, 0.004352541278639624), (0.425883234653402, 0.004352541278639624), (0.425883234653402, 0.004352541278639624), (0.425883234653402, 0.004352541278639624), (0.425883234653402, 0.004352541278639624), (0.425883234653402, 0.004352541278639624), (0.425883234653402, 0.004352541278639624), (0.425883234653402, 0.004352541278639624), (0.425883234653402, 0.004352541278639624)])
