CSMF_P
<models.baselines.CSMF.CSMF object at 0x7f771db6d610>
Training raw path: /home/anhnd/DTI Project/Codes/MPNN/data/KFold/ATCInchikeySideEffectByDrug.txt_train_0
('Number of substructures, proteins, pathways, drugs, se: ', 2048, 1448, 330, 1030, 1472)
Train: 0.9697 0.8239
Test: 0.8025 0.3828
[0.5429330212799929, 0.5418588587229307, 0.5561730433379056, 0.5788818916735026, 0.592183606550077, 0.6069929401648979, 0.6206916784169315, 0.6342556087288982, 0.6443504087342501, 0.6534769269681333, 0.6632734910546354, 0.6705985363712089, 0.6772350941513643, 0.6828060509440541, 0.6854839730680817, 0.6903368921405344, 0.7000174225882897, 0.7067881574830408, 0.708967151082703, 0.7118702462841064, 0.7144809725282463, 0.7178963589308024, 0.7204323725046603, 0.7252776441748596, 0.7278710745758095, 0.7316567567120182, 0.735528342849163, 0.7389818303688747, 0.7408520533560025, 0.7413633757989291, 0.7444738444436174, 0.7463257455798276, 0.7486823478382729, 0.7496980218330555, 0.7537817433543824, 0.7557308131969305, 0.7565882611216606, 0.7579307401430929, 0.7586492595221784, 0.7625129049346653, 0.7645413846374749, 0.766879609631591, 0.768857572690888, 0.7714869725148369, 0.772741282538469, 0.7733313486859308, 0.7760276011639613, 0.7760276011639613, 0.7777797419190607, 0.7784751332571795, 0.7798980052367677, 0.7805781712820649, 0.7838874505940422, 0.7863043335539288, 0.7863043335539288, 0.7869750017950478, 0.7869750017950478, 0.7886255243442839, 0.7894312373844797, 0.7894312373844797, 0.7912954988674084, 0.7912954988674084, 0.7912954988674084, 0.7912954988674084, 0.7912954988674084, 0.7912954988674084, 0.7912954988674084, 0.7932806200318103, 0.7932806200318103, 0.7944338508327551, 0.7954997585423347, 0.7954997585423347, 0.7954997585423347, 0.7954997585423347, 0.7954997585423347, 0.7954997585423347, 0.7966452391387735, 0.7966452391387735, 0.7966452391387735]
[0.026024338641279746, 0.025390871282636607, 0.03503992908839797, 0.04372974694630288, 0.050652207841724056, 0.057330093501943014, 0.06416078658585518, 0.07287578020397695, 0.07996233300220318, 0.08490909618270626, 0.09254437622047754, 0.09729666878686552, 0.10348785154775807, 0.11044593052230445, 0.1124467327421228, 0.11855613517240587, 0.13150273813338267, 0.14103669332456176, 0.14347594668760347, 0.14800841951773397, 0.15297071827448255, 0.15736326721730703, 0.1618300542422731, 0.1688445926849462, 0.17278456097354228, 0.17998387042529723, 0.18900581569471206, 0.19521871667055823, 0.1968815488661881, 0.19769164499295347, 0.20426707813159767, 0.20703923539972158, 0.21100127671739574, 0.2135572204767882, 0.22338407932552096, 0.2279734968064916, 0.23074899649776337, 0.23407215740527648, 0.23624061061143475, 0.24671996949820607, 0.25235498234866827, 0.25591059957865225, 0.2605842834114639, 0.26707522518692894, 0.2693951972011456, 0.27093803273807715, 0.2780325213825968, 0.2780325213825968, 0.284143398381675, 0.2865815384790634, 0.29000063588146924, 0.2921279642631346, 0.3035777486560656, 0.3114739732052123, 0.3114739732052123, 0.3133178737021417, 0.3133178737021417, 0.31933716131133627, 0.3220509091340804, 0.3220509091340804, 0.32949950783428117, 0.32949950783428117, 0.32949950783428117, 0.32949950783428117, 0.32949950783428117, 0.32949950783428117, 0.32949950783428117, 0.3377014468779789, 0.3377014468779789, 0.3439131933196359, 0.34874695049830756, 0.34874695049830756, 0.34874695049830756, 0.34874695049830756, 0.34874695049830756, 0.34874695049830756, 0.3544243708904222, 0.3544243708904222, 0.3544243708904222]
Training raw path: /home/anhnd/DTI Project/Codes/MPNN/data/KFold/ATCInchikeySideEffectByDrug.txt_train_1
('Number of substructures, proteins, pathways, drugs, se: ', 2048, 1448, 330, 1030, 1472)
Train: 0.9686 0.8208
Test: 0.8276 0.3737
[0.5080936494964404, 0.5312712378040427, 0.5586589850681666, 0.5739344590225699, 0.5966284147164115, 0.6114178530371823, 0.6278198696071986, 0.6441016114262406, 0.6535298338064546, 0.66282411038463, 0.6748551236533405, 0.6848117639100599, 0.6934378298967891, 0.6985824312487947, 0.7020539811395466, 0.7081860073772944, 0.7182945295167633, 0.7240615035654545, 0.7266508637878595, 0.7301314459886703, 0.7330024295252439, 0.7377224836187242, 0.739825521278122, 0.7436912228054762, 0.7467280128004097, 0.7512821557196707, 0.7552596187605194, 0.7587774935531153, 0.7616127388775891, 0.7621277562690791, 0.7653112232699311, 0.7674140782069888, 0.7702525486782104, 0.7715922183280717, 0.7751979819582924, 0.7771728437048278, 0.777647132467856, 0.7791865632861282, 0.7800924276340373, 0.7849471807605096, 0.7871762803930753, 0.7901596834663493, 0.7918691003233203, 0.7947823912513585, 0.796331304266874, 0.7970023487961333, 0.7996894694032001, 0.7996894694032001, 0.8016397751191484, 0.8024007400566757, 0.8038477996669476, 0.8046360284664211, 0.8078798081906797, 0.8101814846520142, 0.8101814846520142, 0.8110902447998807, 0.8110902447998807, 0.8127002012291458, 0.813623872079861, 0.813623872079861, 0.8151820765907282, 0.8151820765907282, 0.8151820765907282, 0.8151820765907282, 0.8151820765907282, 0.8151820765907282, 0.8151820765907282, 0.8173430695442896, 0.8173430695442896, 0.8183951644752168, 0.8196927314085605, 0.8196927314085605, 0.8196927314085605, 0.8196927314085605, 0.8196927314085605, 0.8196927314085605, 0.8208774174257338, 0.8208774174257338, 0.8208774174257338]
[0.015838804534292303, 0.018718765622680433, 0.02290942091287014, 0.029555199840662356, 0.03291893877073363, 0.03696534664982416, 0.041194408109991545, 0.05035316625738444, 0.055384852372498274, 0.05995085705288, 0.06864337999700437, 0.0757170477309369, 0.08286998101178893, 0.08776411580870438, 0.09070733024565966, 0.09735681369461355, 0.10610616760401131, 0.11279472091496714, 0.11506315659347949, 0.11903292448786047, 0.12327562741860146, 0.13080754634454073, 0.13338058667637198, 0.13632312971982408, 0.14023389941934777, 0.14830365894653189, 0.15359524119762213, 0.1599980592531541, 0.16393805456953148, 0.16471490387266421, 0.16963329017041862, 0.17357964075441334, 0.17862302604861244, 0.1815755660318971, 0.18901289488582493, 0.19311099215434846, 0.19374636055895472, 0.19866644201385636, 0.20057268737304096, 0.21295729299335964, 0.218623219955278, 0.22552475547587614, 0.22891167357661754, 0.23703094226775956, 0.24145880371682762, 0.24282735214411424, 0.2500057240894169, 0.2500057240894169, 0.2572172384669277, 0.2596719034047351, 0.26366368938238943, 0.2663199656473789, 0.2764607995609972, 0.28434672137376527, 0.28434672137376527, 0.28692716819748476, 0.28692716819748476, 0.29247305536414936, 0.2963468121973572, 0.2963468121973572, 0.30137930774419547, 0.30137930774419547, 0.30137930774419547, 0.30137930774419547, 0.30137930774419547, 0.30137930774419547, 0.30137930774419547, 0.3120215997378894, 0.3120215997378894, 0.3167470077824431, 0.3250987874082533, 0.3250987874082533, 0.3250987874082533, 0.3250987874082533, 0.3250987874082533, 0.3250987874082533, 0.3320065418364883, 0.3320065418364883, 0.3320065418364883]
Training raw path: /home/anhnd/DTI Project/Codes/MPNN/data/KFold/ATCInchikeySideEffectByDrug.txt_train_2
('Number of substructures, proteins, pathways, drugs, se: ', 2048, 1448, 330, 1030, 1472)
