Default
<models.baselines.omodels.NeuSK object at 0x7f538b51df50>
Training raw path: /home/anhnd/DTI Project/Codes/MPNN/data/KFold/ATCInchikeySideEffectByDrug.txt_train_0
('Number of substructures, proteins, pathways, drugs, se: ', 2048, 1448, 330, 1030, 598)
Train: 0.7660 0.4536
Test: 0.7530 0.4587
[0.5131808519389208, 0.5582320139982211, 0.5754344267593987, 0.5887144060381776, 0.5968970718632772, 0.6019212604207901, 0.6082685769659428, 0.6122369756141747, 0.6169370021268791, 0.6231479196183747, 0.625081790738353, 0.6292409198487648, 0.6385210443508416, 0.6448805572338286, 0.6467615315647232, 0.6490801030215627, 0.6523612984055442, 0.6553169830465447, 0.6580962111486686, 0.663221056551313, 0.6651154356645324, 0.6692071054001679, 0.6740707588723174, 0.6776783844829602, 0.679492703216583, 0.6799422885677053, 0.6832902743527114, 0.6850974873522544, 0.6875216730083495, 0.6887470583335111, 0.6934157440765643, 0.6955626370101111, 0.6966321547723853, 0.698224574422649, 0.699057411867285, 0.7033588220398914, 0.7056683951357052, 0.7080913139290732, 0.7103557579145419, 0.7134218664664278, 0.7147945902393783, 0.7154041767990346, 0.718441138592904, 0.718441138592904, 0.7207030618001993, 0.7214994074683331, 0.723222209942869, 0.724018119059069, 0.7282005007079556, 0.73125597884554, 0.73125597884554, 0.7320137372331522, 0.7320137372331522, 0.7340956760299706, 0.7350933646312541, 0.7350933646312541, 0.7375307140564487, 0.7375307140564487, 0.7375307140564487, 0.7375307140564487, 0.7375307140564487, 0.7375307140564487, 0.7375307140564487, 0.7401822763327501, 0.7401822763327501, 0.7417849478578319, 0.7432446778704797, 0.7432446778704797, 0.7432446778704797, 0.7432446778704797, 0.7432446778704797, 0.7432446778704797, 0.7448414934998064, 0.7448414934998064, 0.7448414934998064, 0.7497965243369077, 0.7497965243369077, 0.7497965243369077, 0.751249284894658, 0.751249284894658, 0.751249284894658, 0.751249284894658, 0.751249284894658, 0.7530079047522844, 0.7530079047522844, 0.7530079047522844, 0.7530079047522844, 0.7530079047522844, 0.7530079047522844, 0.7530079047522844, 0.7530079047522844, 0.7530079047522844, 0.7530079047522844, 0.7530079047522844, 0.7530079047522844]
[0.08491910302539041, 0.10011766388539281, 0.10775954458517145, 0.11884179249324234, 0.12713660406940985, 0.13277082637750368, 0.13862555315576514, 0.14439110531515226, 0.15153246773041662, 0.16097632676797446, 0.1647941391479743, 0.1709592765993448, 0.1857123210062126, 0.19605410977922247, 0.19854882554320488, 0.2015041588336425, 0.20734186833744217, 0.21220787339411537, 0.21631903690719856, 0.22510368939885797, 0.22732815296856457, 0.23657018214484024, 0.2470519012846208, 0.25457706085300735, 0.25739473677763697, 0.2582579055588556, 0.26494797775239365, 0.267924027040512, 0.2719012194890651, 0.2748144610830867, 0.2850381749115146, 0.2893516741219787, 0.2922504037632398, 0.2962720264515276, 0.2985106793278536, 0.30996798718144936, 0.3163775392814554, 0.3212547534184547, 0.3270780728980112, 0.334665987441805, 0.3377456525061173, 0.3393456390246674, 0.34706893094330293, 0.34706893094330293, 0.3541892528674173, 0.35650065796259656, 0.3610804165876184, 0.3631626134764282, 0.375130133914232, 0.3838885097144599, 0.3838885097144599, 0.3854870056393096, 0.3854870056393096, 0.39186623564462725, 0.39491101215644353, 0.39491101215644353, 0.4022764440032378, 0.4022764440032378, 0.4022764440032378, 0.4022764440032378, 0.4022764440032378, 0.4022764440032378, 0.4022764440032378, 0.4111503426843458, 0.4111503426843458, 0.4171005851416083, 0.4222730291219372, 0.4222730291219372, 0.4222730291219372, 0.4222730291219372, 0.4222730291219372, 0.4222730291219372, 0.4281251508627395, 0.4281251508627395, 0.4281251508627395, 0.44667717605677076, 0.44667717605677076, 0.44667717605677076, 0.4517020803135237, 0.4517020803135237, 0.4517020803135237, 0.4517020803135237, 0.4517020803135237, 0.4586542549634359, 0.4586542549634359, 0.4586542549634359, 0.4586542549634359, 0.4586542549634359, 0.4586542549634359, 0.4586542549634359, 0.4586542549634359, 0.4586542549634359, 0.4586542549634359, 0.4586542549634359, 0.4586542549634359]
Training raw path: /home/anhnd/DTI Project/Codes/MPNN/data/KFold/ATCInchikeySideEffectByDrug.txt_train_1
('Number of substructures, proteins, pathways, drugs, se: ', 2048, 1448, 330, 1030, 598)
Train: 0.7648 0.4595
Test: 0.7607 0.4259
[0.49401249321021184, 0.5122414349414854, 0.5156612420136988, 0.5360733692629507, 0.5369860004223969, 0.5434437459216226, 0.5610992046114079, 0.5727479732207708, 0.582886772605247, 0.5891939176932863, 0.5929915409262341, 0.6013776759442181, 0.6136378880433553, 0.619502103843366, 0.62292962745478, 0.6272246493656526, 0.6313270518938983, 0.63796894925975, 0.6406341931066065, 0.6472026757867808, 0.6506086292573768, 0.6568231309655163, 0.6620774768726845, 0.666688395672622, 0.670840495590399, 0.6714053866308897, 0.6755347346552854, 0.6782785447598075, 0.6818155324762918, 0.6836383387007632, 0.6879523180986974, 0.6904578819725044, 0.6909280601289102, 0.6929836862087887, 0.6942960203681284, 0.7009531659767565, 0.7039446791954468, 0.7080246702168174, 0.7100343895190041, 0.7138706236383632, 0.7160524889720749, 0.7168966383603879, 0.7203257177304927, 0.7203257177304927, 0.723211854470267, 0.7242345675485136, 0.7261404434491088, 0.727215243489904, 0.7317184716918608, 0.7347946813845785, 0.7347946813845785, 0.7361324684477326, 0.7361324684477326, 0.7383293286597141, 0.7396519004844563, 0.7396519004844563, 0.7417574202877015, 0.7417574202877015, 0.7417574202877015, 0.7417574202877015, 0.7417574202877015, 0.7417574202877015, 0.7417574202877015, 0.7449711804591927, 0.7449711804591927, 0.746535679968661, 0.7485376118487665, 0.7485376118487665, 0.7485376118487665, 0.7485376118487665, 0.7485376118487665, 0.7485376118487665, 0.7503322110985668, 0.7503322110985668, 0.7503322110985668, 0.7563826046476158, 0.7563826046476158, 0.7563826046476158, 0.7584448627512128, 0.7584448627512128, 0.7584448627512128, 0.7584448627512128, 0.7584448627512128, 0.760710109165587, 0.760710109165587, 0.760710109165587, 0.760710109165587, 0.760710109165587, 0.760710109165587, 0.760710109165587, 0.760710109165587, 0.760710109165587, 0.760710109165587, 0.760710109165587, 0.760710109165587]
[0.04816600129542381, 0.05007047825015236, 0.05330374446941928, 0.06371115532170718, 0.06757636482431045, 0.07128794971759121, 0.08104614069545263, 0.0900565210917903, 0.09706248157976072, 0.10242248829551473, 0.10486835912985332, 0.11277407352194244, 0.12363529187170721, 0.12837893558414284, 0.13200918300865547, 0.13626737867770278, 0.14113784443905994, 0.14962704996085674, 0.15274674730512902, 0.16109637808266375, 0.16493593094896467, 0.17380881643518856, 0.18112378789189704, 0.18746317264992188, 0.1937356405822807, 0.19434291267792678, 0.20124573470651302, 0.20569887712020307, 0.21146132203499707, 0.21465028321352764, 0.22184223854786794, 0.2257852569991595, 0.22592562435327163, 0.2304662119674885, 0.23386279168676133, 0.24935519615973875, 0.25567672108513645, 0.26431996292712795, 0.2667130922331264, 0.2754855677917668, 0.2812276831577178, 0.28296087706153294, 0.29046094360037134, 0.29046094360037134, 0.29950976240727023, 0.3018429305202406, 0.30598982170363564, 0.30872559887463136, 0.3206728186310917, 0.3282439490774613, 0.3282439490774613, 0.3324769566409046, 0.3324769566409046, 0.33818105918765834, 0.34219868897273076, 0.34219868897273076, 0.34743947969881794, 0.34743947969881794, 0.34743947969881794, 0.34743947969881794, 0.34743947969881794, 0.34743947969881794, 0.34743947969881794, 0.3599494443456667, 0.3599494443456667, 0.36588934922511596, 0.3745122729675177, 0.3745122729675177, 0.3745122729675177, 0.3745122729675177, 0.3745122729675177, 0.3745122729675177, 0.38153937228050505, 0.38153937228050505, 0.38153937228050505, 0.40685640574044246, 0.40685640574044246, 0.40685640574044246, 0.4153518996404761, 0.4153518996404761, 0.4153518996404761, 0.4153518996404761, 0.4153518996404761, 0.4258955824124493, 0.4258955824124493, 0.4258955824124493, 0.4258955824124493, 0.4258955824124493, 0.4258955824124493, 0.4258955824124493, 0.4258955824124493, 0.4258955824124493, 0.4258955824124493, 0.4258955824124493, 0.4258955824124493]
Training raw path: /home/anhnd/DTI Project/Codes/MPNN/data/KFold/ATCInchikeySideEffectByDrug.txt_train_2
('Number of substructures, proteins, pathways, drugs, se: ', 2048, 1448, 330, 1030, 598)
Train: 0.7644 0.4565
Test: 0.7677 0.4481
[0.5014063785159062, 0.5096288559003519, 0.5367447381846246, 0.5546386397224401, 0.5688181716102694, 0.5833301470441693, 0.596286447140393, 0.6006519356489886, 0.6060065476103835, 0.6131788309954755, 0.6165407698908442, 0.6209104730376144, 0.6335116973148831, 0.637399422120524, 0.6390680976235754, 0.6440473213594419, 0.647191758329605, 0.6508854271747455, 0.6535511137774632, 0.6579167342140806, 0.6617080756463953, 0.6652732097177025, 0.6693542380369506, 0.6739165839156371, 0.6774289224168395, 0.6782825515964108, 0.6818784867664879, 0.6849528417836147, 0.6888235588005683, 0.690247097189453, 0.6953575628588619, 0.6972508801960724, 0.6981245879386744, 0.700357480880653, 0.7012417275764706, 0.706322050260734, 0.7091708796878788, 0.7130809970169396, 0.7159288461808302, 0.7201904316460612, 0.7225536809951614, 0.7232429576366206, 0.7276869096411006, 0.7276869096411006, 0.7295294318668473, 0.7308653918623715, 0.733174005888274, 0.7343997267005359, 0.7392691264697813, 0.7429221485198485, 0.7429221485198485, 0.7440117542909699, 0.7440117542909699, 0.7464109965661951, 0.7476616849711865, 0.7476616849711865, 0.7499345084704403, 0.7499345084704403, 0.7499345084704403, 0.7499345084704403, 0.7499345084704403, 0.7499345084704403, 0.7499345084704403, 0.7533254860374691, 0.7533254860374691, 0.7547459423152983, 0.7562246373054688, 0.7562246373054688, 0.7562246373054688, 0.7562246373054688, 0.7562246373054688, 0.7562246373054688, 0.7579969547060015, 0.7579969547060015, 0.7579969547060015, 0.7638681449943565, 0.7638681449943565, 0.7638681449943565, 0.7656958027666658, 0.7656958027666658, 0.7656958027666658, 0.7656958027666658, 0.7656958027666658, 0.7677195688990222, 0.7677195688990222, 0.7677195688990222, 0.7677195688990222, 0.7677195688990222, 0.7677195688990222, 0.7677195688990222, 0.7677195688990222, 0.7677195688990222, 0.7677195688990222, 0.7677195688990222, 0.7677195688990222]
[0.060035127307981204, 0.06436693835428303, 0.0683595024752004, 0.07364538664669049, 0.08059496087615117, 0.0885966937609328, 0.09597042243576231, 0.09959461168181317, 0.10361900964253479, 0.11043269974618458, 0.11368578077377633, 0.11865075298241028, 0.13154314895341396, 0.1367738700411143, 0.13886701642944826, 0.14611583629121033, 0.15036363758250104, 0.15481010018692812, 0.15879043284672023, 0.164365287274365, 0.17081703818860375, 0.17655450803732442, 0.18270698153702575, 0.19123569415748706, 0.19716739093418115, 0.19862962115480154, 0.2057126993564129, 0.2111754997838056, 0.2187331534197189, 0.22143303819005786, 0.23135683882001273, 0.2344260428376596, 0.2363895346680743, 0.24185776624037103, 0.24357141276219563, 0.25411152220105004, 0.2612103329420522, 0.27010395268793475, 0.2765103058856846, 0.2876200852745876, 0.2938523126813647, 0.2951092650671784, 0.3073654176705291, 0.3073654176705291, 0.3120935486998211, 0.31641497512046657, 0.3226083965132177, 0.3265328770425948, 0.3415888512262618, 0.35305329533341817, 0.35305329533341817, 0.35544518338267883, 0.35544518338267883, 0.36276461933025284, 0.3668634909306006, 0.3668634909306006, 0.3733321441351223, 0.3733321441351223, 0.3733321441351223, 0.3733321441351223, 0.3733321441351223, 0.3733321441351223, 0.3733321441351223, 0.3875786704846947, 0.3875786704846947, 0.3924673031713516, 0.3977478791915072, 0.3977478791915072, 0.3977478791915072, 0.3977478791915072, 0.3977478791915072, 0.3977478791915072, 0.40536044348490796, 0.40536044348490796, 0.40536044348490796, 0.4319625545978704, 0.4319625545978704, 0.4319625545978704, 0.43909600947035, 0.43909600947035, 0.43909600947035, 0.43909600947035, 0.43909600947035, 0.4480683251438689, 0.4480683251438689, 0.4480683251438689, 0.4480683251438689, 0.4480683251438689, 0.4480683251438689, 0.4480683251438689, 0.4480683251438689, 0.4480683251438689, 0.4480683251438689, 0.4480683251438689, 0.4480683251438689]
Training raw path: /home/anhnd/DTI Project/Codes/MPNN/data/KFold/ATCInchikeySideEffectByDrug.txt_train_3
('Number of substructures, proteins, pathways, drugs, se: ', 2048, 1448, 330, 1030, 598)
Train: 0.7700 0.4623
Test: 0.7458 0.4557
[0.5050499513978112, 0.5246582382487166, 0.5409477426546482, 0.5525981077081039, 0.5660525937725037, 0.5751298935216826, 0.5835554233595438, 0.5913454347262028, 0.5971362260347717, 0.601780745781031, 0.6075820064537817, 0.6123961539357197, 0.6215528981752385, 0.6273824970133902, 0.6294689256852067, 0.6320422312419038, 0.634409980302312, 0.6392635441712365, 0.6415368805959336, 0.6463940201092505, 0.6505801489682268, 0.6549398601252849, 0.6588219836240073, 0.6620021092022301, 0.665195248338642, 0.665741356552302, 0.6696440804968091, 0.6728074879250854, 0.6767274461428168, 0.6781315555765653, 0.6832104111465747, 0.6850231580847688, 0.6857957714939767, 0.6868427293931145, 0.6880733964199071, 0.693359721683676, 0.6959257369983077, 0.6987823815657916, 0.7013469478119583, 0.7046172394641455, 0.7065273892095173, 0.7075808498903832, 0.7110304731367884, 0.7110304731367884, 0.7129768600311241, 0.71376361034586, 0.7158219647127106, 0.7167517350060465, 0.7206771643427345, 0.7234257131526707, 0.7234257131526707, 0.7245542797190885, 0.7245542797190885, 0.7267829810253843, 0.7280257992447734, 0.7280257992447734, 0.7302599585457222, 0.7302599585457222, 0.7302599585457222, 0.7302599585457222, 0.7302599585457222, 0.7302599585457222, 0.7302599585457222, 0.7328502206986156, 0.7328502206986156, 0.7341122862803522, 0.7355517458644869, 0.7355517458644869, 0.7355517458644869, 0.7355517458644869, 0.7355517458644869, 0.7355517458644869, 0.7371587903598222, 0.7371587903598222, 0.7371587903598222, 0.7421997559773907, 0.7421997559773907, 0.7421997559773907, 0.7438485335812477, 0.7438485335812477, 0.7438485335812477, 0.7438485335812477, 0.7438485335812477, 0.7458385206286412, 0.7458385206286412, 0.7458385206286412, 0.7458385206286412, 0.7458385206286412, 0.7458385206286412, 0.7458385206286412, 0.7458385206286412, 0.7458385206286412, 0.7458385206286412, 0.7458385206286412, 0.7458385206286412]
[0.07202877860057272, 0.07494885121397711, 0.08341198957426993, 0.09321338527184528, 0.10284859122869706, 0.11016191402251767, 0.11978397029258815, 0.12724308034403814, 0.13389240987094608, 0.13968916410988413, 0.14602252380724784, 0.15259606946088847, 0.1654195763713271, 0.17311466059234723, 0.17624042770621748, 0.1797351444045677, 0.18343377383662005, 0.19151639514526725, 0.19511726489247283, 0.20256520382347942, 0.20956112867060614, 0.2171247263232074, 0.22391632301813066, 0.2303767069896802, 0.23625587215755792, 0.2372328316628548, 0.24510022072497817, 0.25152862908608953, 0.2598216157383926, 0.2629462471081625, 0.2741436472517752, 0.2774438259971977, 0.27911904955639494, 0.2811840732596458, 0.2843405445485545, 0.29714004656126886, 0.3029394851859132, 0.30948500484503993, 0.3154027815244491, 0.323576325695325, 0.32823109182114324, 0.33129329509269934, 0.33996638680436386, 0.33996638680436386, 0.3456487958441663, 0.34719072763531506, 0.3531611687429129, 0.3559392577628022, 0.36687211860916935, 0.3740148583199389, 0.3740148583199389, 0.37741851294667295, 0.37741851294667295, 0.3845665291462776, 0.3886876880707594, 0.3886876880707594, 0.3956567608880723, 0.3956567608880723, 0.3956567608880723, 0.3956567608880723, 0.3956567608880723, 0.3956567608880723, 0.3956567608880723, 0.40456074160326333, 0.40456074160326333, 0.40877812791765755, 0.4142341697769769, 0.4142341697769769, 0.4142341697769769, 0.4142341697769769, 0.4142341697769769, 0.4142341697769769, 0.4207059719582278, 0.4207059719582278, 0.4207059719582278, 0.4408018240585754, 0.4408018240585754, 0.4408018240585754, 0.4470492540001971, 0.4470492540001971, 0.4470492540001971, 0.4470492540001971, 0.4470492540001971, 0.4557043110274117, 0.4557043110274117, 0.4557043110274117, 0.4557043110274117, 0.4557043110274117, 0.4557043110274117, 0.4557043110274117, 0.4557043110274117, 0.4557043110274117, 0.4557043110274117, 0.4557043110274117, 0.4557043110274117]
Training raw path: /home/anhnd/DTI Project/Codes/MPNN/data/KFold/ATCInchikeySideEffectByDrug.txt_train_4
('Number of substructures, proteins, pathways, drugs, se: ', 2048, 1448, 330, 1030, 598)
Train: 0.7650 0.4609
Test: 0.7573 0.4108
[0.5157770760555154, 0.5222469587689338, 0.5332784057101813, 0.5510733957462232, 0.5523517752176001, 0.5625248507169599, 0.5760646779488318, 0.5828731365700079, 0.5867704067216254, 0.591059573487206, 0.5943904197399539, 0.5985484098007023, 0.6098298671509436, 0.6169770732141011, 0.6195130339449719, 0.623914514189988, 0.6266425622168217, 0.6299968643776017, 0.6326148439325221, 0.6393292430877263, 0.6450356164991444, 0.6507323960125135, 0.656008902075069, 0.6597960990756158, 0.6638461555813306, 0.6647040312228738, 0.6683870837710134, 0.6719593563274273, 0.676934639169597, 0.6788589945956895, 0.6843943591749493, 0.6872091197877639, 0.688253250930641, 0.6902866182049777, 0.6911303382578645, 0.6971168904064253, 0.6999066101037116, 0.7042169022857584, 0.7074050879704936, 0.7107896017760401, 0.7128841887697597, 0.7138303394520511, 0.7183777102138085, 0.7183777102138085, 0.7203673328144315, 0.7217664371354904, 0.7240690027797719, 0.7251498970981071, 0.7289881312405966, 0.7314645521009102, 0.7314645521009102, 0.7327391372550717, 0.7327391372550717, 0.7353257861578879, 0.7364337047685737, 0.7364337047685737, 0.7388781570586295, 0.7388781570586295, 0.7388781570586295, 0.7388781570586295, 0.7388781570586295, 0.7388781570586295, 0.7388781570586295, 0.7417018181020756, 0.7417018181020756, 0.7434371630782222, 0.744871835962227, 0.744871835962227, 0.744871835962227, 0.744871835962227, 0.744871835962227, 0.744871835962227, 0.7467279169299992, 0.7467279169299992, 0.7467279169299992, 0.752858421020216, 0.752858421020216, 0.752858421020216, 0.7549465517854013, 0.7549465517854013, 0.7549465517854013, 0.7549465517854013, 0.7549465517854013, 0.7572905370617036, 0.7572905370617036, 0.7572905370617036, 0.7572905370617036, 0.7572905370617036, 0.7572905370617036, 0.7572905370617036, 0.7572905370617036, 0.7572905370617036, 0.7572905370617036, 0.7572905370617036, 0.7572905370617036]
[0.052236953916011575, 0.050016413338483265, 0.05666366775938195, 0.06862170725250563, 0.07073767728997421, 0.07853600283722416, 0.08888806763805021, 0.0965874253828436, 0.0991096248321317, 0.10362290480707913, 0.10689094035097815, 0.11165112433403271, 0.12274735138524434, 0.12861506746508594, 0.13067187240302547, 0.1352314207920609, 0.1375612488333433, 0.1408740800142249, 0.1440768000010556, 0.15407976858083863, 0.1620993222635435, 0.17031185939417973, 0.17726739935401634, 0.18242425804626305, 0.18769735682267052, 0.18915272165495287, 0.19432298032527404, 0.20008786443219218, 0.20930686775331406, 0.21248564241085158, 0.22318993845917592, 0.22752070146356176, 0.22980292554781895, 0.23288794023457493, 0.23458148623659558, 0.24796520071799122, 0.2534213100625766, 0.2629979549022507, 0.2692745578761005, 0.2758363739287835, 0.2802219060965615, 0.2823582528020422, 0.2929321857339552, 0.2929321857339552, 0.2973269312108475, 0.3012042654812011, 0.306691540867262, 0.3095421266713642, 0.31767926262174884, 0.3222062113317352, 0.3222062113317352, 0.32555675235999576, 0.32555675235999576, 0.33313521805358637, 0.33589512817817035, 0.33589512817817035, 0.3421156697822685, 0.3421156697822685, 0.3421156697822685, 0.3421156697822685, 0.3421156697822685, 0.3421156697822685, 0.3421156697822685, 0.3502325320276763, 0.3502325320276763, 0.3561179522119421, 0.36055732423635045, 0.36055732423635045, 0.36055732423635045, 0.36055732423635045, 0.36055732423635045, 0.36055732423635045, 0.3676786821461524, 0.3676786821461524, 0.3676786821461524, 0.3922231417466254, 0.3922231417466254, 0.3922231417466254, 0.4004623689458454, 0.4004623689458454, 0.4004623689458454, 0.4004623689458454, 0.4004623689458454, 0.4108054321377543, 0.4108054321377543, 0.4108054321377543, 0.4108054321377543, 0.4108054321377543, 0.4108054321377543, 0.4108054321377543, 0.4108054321377543, 0.4108054321377543, 0.4108054321377543, 0.4108054321377543, 0.4108054321377543]
Training raw path: /home/anhnd/DTI Project/Codes/MPNN/data/KFold/ATCInchikeySideEffectByDrug.txt_train_5
('Number of substructures, proteins, pathways, drugs, se: ', 2048, 1448, 330, 1030, 598)
Train: 0.7673 0.4617
Test: 0.7558 0.4209
[0.46502906319579485, 0.49954841615197454, 0.5268129277113384, 0.5418771106582546, 0.5482547448545778, 0.5534007869589657, 0.5682618609407586, 0.5784141191464237, 0.585366751650115, 0.5924535858985219, 0.5969270073575053, 0.6015275517315906, 0.6115172786129642, 0.6183434084601596, 0.6204126901995966, 0.6262295227529056, 0.6287079665258739, 0.6334125922414487, 0.6363269028114025, 0.6436819025733922, 0.6478908149334027, 0.6521886257941419, 0.6567383209205506, 0.6614232801842901, 0.6656191207153768, 0.6660816803588083, 0.6701261865614492, 0.6729335038202351, 0.67668116380592, 0.6788318056771613, 0.6825424537595721, 0.6852682531532844, 0.6858320671243943, 0.6876077201662357, 0.6887644235156996, 0.6954929511289367, 0.6984830718713924, 0.701966655580772, 0.7050198161084884, 0.7088929894293835, 0.7108376782740349, 0.7120185273304304, 0.7157661149737693, 0.7157661149737693, 0.7173949080437914, 0.7183550882443326, 0.7205322527291621, 0.7216890234801333, 0.7266582167530199, 0.7298546661662958, 0.7298546661662958, 0.7309830988621115, 0.7309830988621115, 0.7333257925385676, 0.7343145082791322, 0.7343145082791322, 0.7370834233042316, 0.7370834233042316, 0.7370834233042316, 0.7370834233042316, 0.7370834233042316, 0.7370834233042316, 0.7370834233042316, 0.7401614053115692, 0.7401614053115692, 0.7420050949410542, 0.7438999992799812, 0.7438999992799812, 0.7438999992799812, 0.7438999992799812, 0.7438999992799812, 0.7438999992799812, 0.7458900508312141, 0.7458900508312141, 0.7458900508312141, 0.7515546463668887, 0.7515546463668887, 0.7515546463668887, 0.7536428195565019, 0.7536428195565019, 0.7536428195565019, 0.7536428195565019, 0.7536428195565019, 0.7558139184700736, 0.7558139184700736, 0.7558139184700736, 0.7558139184700736, 0.7558139184700736, 0.7558139184700736, 0.7558139184700736, 0.7558139184700736, 0.7558139184700736, 0.7558139184700736, 0.7558139184700736, 0.7558139184700736]
[0.05385588662390206, 0.059113681105623886, 0.06517988773388754, 0.07517984892958787, 0.0773259281163031, 0.08135720231853295, 0.09153063690489704, 0.09877669273978672, 0.1049311219208009, 0.11252863161943483, 0.11658823049680189, 0.12184873624775501, 0.13224130044153548, 0.13933464878011853, 0.14104779018913616, 0.14809888670523294, 0.150426724870468, 0.1562902247385986, 0.16033482545090227, 0.17114014592409574, 0.1761818657599414, 0.1821653271603072, 0.18870340445386485, 0.1959519908441679, 0.20225066325453692, 0.20226134028157655, 0.20850445463716683, 0.21314351250300775, 0.21828539760657123, 0.22276686068627427, 0.2270950679812868, 0.2319399820360691, 0.23265920962628905, 0.23593175456886398, 0.2387495324062944, 0.2536428946350335, 0.25991423368911487, 0.26617994286164426, 0.27275401460211574, 0.2806919978193766, 0.28475296278335993, 0.2877383847689072, 0.2953092810602892, 0.2953092810602892, 0.29868035702117274, 0.3009903106623215, 0.30655208388452193, 0.3094585909661299, 0.32307120777913073, 0.3303901124892451, 0.3303901124892451, 0.33287031805419415, 0.33287031805419415, 0.33889190893171917, 0.3410091719610763, 0.3410091719610763, 0.3496971332824081, 0.3496971332824081, 0.3496971332824081, 0.3496971332824081, 0.3496971332824081, 0.3496971332824081, 0.3496971332824081, 0.3601181837838272, 0.3601181837838272, 0.36745607253671914, 0.3745298193112179, 0.3745298193112179, 0.3745298193112179, 0.3745298193112179, 0.3745298193112179, 0.3745298193112179, 0.38234272418738036, 0.38234272418738036, 0.38234272418738036, 0.403544568474649, 0.403544568474649, 0.403544568474649, 0.4118842836524127, 0.4118842836524127, 0.4118842836524127, 0.4118842836524127, 0.4118842836524127, 0.42088739036648765, 0.42088739036648765, 0.42088739036648765, 0.42088739036648765, 0.42088739036648765, 0.42088739036648765, 0.42088739036648765, 0.42088739036648765, 0.42088739036648765, 0.42088739036648765, 0.42088739036648765, 0.42088739036648765]
Training raw path: /home/anhnd/DTI Project/Codes/MPNN/data/KFold/ATCInchikeySideEffectByDrug.txt_train_6
('Number of substructures, proteins, pathways, drugs, se: ', 2048, 1448, 330, 1030, 598)
Train: 0.7655 0.4564
Test: 0.7536 0.4481
[0.5235658155260849, 0.5303139382893984, 0.5385057729569924, 0.5404196641241331, 0.5476480094339449, 0.5553338429270854, 0.5643624289581977, 0.5758202054734114, 0.5815567048059775, 0.5850883898548886, 0.5888304946258651, 0.5958456774556455, 0.6076103990697114, 0.6135160322844755, 0.6165340659488125, 0.6219281608520018, 0.6246282165761208, 0.6276499835937277, 0.6312809338743163, 0.6388385554114919, 0.643617358241708, 0.6470330256459058, 0.6523693114060071, 0.6573279247639764, 0.660329029757198, 0.6611912752365919, 0.6650241986834926, 0.669461951688755, 0.6740647646564956, 0.6758618610857922, 0.6809761619234469, 0.6834891227331221, 0.6846487864413907, 0.6870860549802119, 0.6876872913308603, 0.6931767905075509, 0.6963858776863097, 0.7008700831102336, 0.7035376388442152, 0.707284708947802, 0.7091106219160094, 0.7102397350542269, 0.7142812001526594, 0.7142812001526594, 0.7161247336321437, 0.7175044972952127, 0.7199781083463214, 0.7213877436088496, 0.7258446102376319, 0.7293813275161429, 0.7293813275161429, 0.7303203234211447, 0.7303203234211447, 0.7327435815755822, 0.7337569173071287, 0.7337569173071287, 0.7365213523478239, 0.7365213523478239, 0.7365213523478239, 0.7365213523478239, 0.7365213523478239, 0.7365213523478239, 0.7365213523478239, 0.7398825342788027, 0.7398825342788027, 0.7411977836606319, 0.742733081854899, 0.742733081854899, 0.742733081854899, 0.742733081854899, 0.742733081854899, 0.742733081854899, 0.744681317043606, 0.744681317043606, 0.744681317043606, 0.749658352404777, 0.749658352404777, 0.749658352404777, 0.751709406999528, 0.751709406999528, 0.751709406999528, 0.751709406999528, 0.751709406999528, 0.7536481374267353, 0.7536481374267353, 0.7536481374267353, 0.7536481374267353, 0.7536481374267353, 0.7536481374267353, 0.7536481374267353, 0.7536481374267353, 0.7536481374267353, 0.7536481374267353, 0.7536481374267353, 0.7536481374267353]
[0.07529531044329735, 0.08375225486529067, 0.08634288797048247, 0.08671186946090183, 0.08875024833586106, 0.0930345160087996, 0.09841924748906489, 0.10660347522377331, 0.11148122499472818, 0.11434127912877143, 0.11764598872675366, 0.1258461643347626, 0.13743818510816858, 0.142552668040952, 0.14570542821070884, 0.15262277077786762, 0.1552301887304336, 0.15791984631864608, 0.16298134760555857, 0.17345828545873937, 0.17964781736723506, 0.18293258023297643, 0.1915058519294362, 0.2000182374172634, 0.20350766903411638, 0.20488146346177172, 0.21091477537683379, 0.219884812663291, 0.2280186731805231, 0.23094817784332153, 0.23949870759917588, 0.24435077482498319, 0.2468651762637609, 0.2530064697901613, 0.2536524319972483, 0.26502745376727216, 0.2729938298485711, 0.2834811478935091, 0.2884445629915791, 0.29718888289226836, 0.30124363176356117, 0.3041985392453849, 0.3141466991079372, 0.3141466991079372, 0.31866985663883995, 0.32302366878998906, 0.33029907105563855, 0.3349560139789602, 0.3460173063842147, 0.35571842162334577, 0.35571842162334577, 0.3576610553161834, 0.3576610553161834, 0.36504452475208, 0.36755133035510595, 0.36755133035510595, 0.37712631973426863, 0.37712631973426863, 0.37712631973426863, 0.37712631973426863, 0.37712631973426863, 0.37712631973426863, 0.37712631973426863, 0.3906992857009008, 0.3906992857009008, 0.39476503692473286, 0.40090705506649, 0.40090705506649, 0.40090705506649, 0.40090705506649, 0.40090705506649, 0.40090705506649, 0.410608739021693, 0.410608739021693, 0.410608739021693, 0.42933287059821545, 0.42933287059821545, 0.42933287059821545, 0.43911180621563406, 0.43911180621563406, 0.43911180621563406, 0.43911180621563406, 0.43911180621563406, 0.4480688250650428, 0.4480688250650428, 0.4480688250650428, 0.4480688250650428, 0.4480688250650428, 0.4480688250650428, 0.4480688250650428, 0.4480688250650428, 0.4480688250650428, 0.4480688250650428, 0.4480688250650428, 0.4480688250650428]
Training raw path: /home/anhnd/DTI Project/Codes/MPNN/data/KFold/ATCInchikeySideEffectByDrug.txt_train_7
('Number of substructures, proteins, pathways, drugs, se: ', 2048, 1448, 330, 1030, 598)
Train: 0.7676 0.4605
Test: 0.7526 0.4304
[0.47748827393252347, 0.49471553306603544, 0.5189894382730988, 0.5269269395706988, 0.5450314144028215, 0.5566397310226348, 0.5664108862890903, 0.5768587888637835, 0.5870921692540101, 0.5916527485889314, 0.5959118431768808, 0.6022964587531079, 0.6091282951299489, 0.6158139779856011, 0.6186953093078063, 0.6228209806797854, 0.6253273868140471, 0.6318876081943441, 0.6343350914030006, 0.640805668582797, 0.6454085168857211, 0.650552097091264, 0.6549811119126839, 0.6585624603171358, 0.6632136814471737, 0.6643366669250483, 0.6677888767363648, 0.6722603077909866, 0.6766027274060571, 0.6786031525335965, 0.683592430572376, 0.6863564660643406, 0.6873339883018317, 0.6888471466440769, 0.6897834238000591, 0.6953587127507175, 0.6977720760620102, 0.7017317970719212, 0.7045463269379217, 0.7085229069585368, 0.7103449403030642, 0.7113417801042703, 0.7145028048322845, 0.7145028048322845, 0.7161543430505731, 0.7165800962792779, 0.7188742750540877, 0.7200871696927409, 0.7248490116742433, 0.7279197670674176, 0.7279197670674176, 0.7292335255328922, 0.7292335255328922, 0.7314449964487753, 0.7327854835327183, 0.7327854835327183, 0.7355845912712834, 0.7355845912712834, 0.7355845912712834, 0.7355845912712834, 0.7355845912712834, 0.7355845912712834, 0.7355845912712834, 0.7384995654796105, 0.7384995654796105, 0.7400604124316288, 0.7415151411898089, 0.7415151411898089, 0.7415151411898089, 0.7415151411898089, 0.7415151411898089, 0.7415151411898089, 0.74338712667365, 0.74338712667365, 0.74338712667365, 0.748926384672014, 0.748926384672014, 0.748926384672014, 0.7506658283951204, 0.7506658283951204, 0.7506658283951204, 0.7506658283951204, 0.7506658283951204, 0.7526471554573593, 0.7526471554573593, 0.7526471554573593, 0.7526471554573593, 0.7526471554573593, 0.7526471554573593, 0.7526471554573593, 0.7526471554573593, 0.7526471554573593, 0.7526471554573593, 0.7526471554573593, 0.7526471554573593]
[0.049160458550015586, 0.055123208373412294, 0.06219468523137314, 0.06653583739433372, 0.07517455436117985, 0.08178881673153493, 0.0885194690617623, 0.09608017578944728, 0.10376806606500649, 0.10841273102161492, 0.11235998614699513, 0.11845054524046199, 0.12533560672584, 0.13254399770836517, 0.13601450535083254, 0.1409205984891369, 0.14400323292387185, 0.15241878619385757, 0.15549249601471132, 0.1641506056947457, 0.1703122937803142, 0.17753379247896928, 0.1836690907280282, 0.18896100223177734, 0.19696218436639312, 0.1990474804105215, 0.2044864010502444, 0.21286443592357868, 0.22095030699788193, 0.22490317029996457, 0.2338308316636819, 0.23937173836895462, 0.2412963183555918, 0.24406663783494917, 0.24609186329162464, 0.2577577491866411, 0.26267721902646235, 0.2717698141380933, 0.27822334367130497, 0.2870060367111635, 0.2911641103418006, 0.2936399879100642, 0.3005689405464792, 0.3005689405464792, 0.3046291220624947, 0.3047280018538462, 0.3116298152533837, 0.3152390964794131, 0.3295987208852702, 0.3374046995528048, 0.3374046995528048, 0.3414852440091301, 0.3414852440091301, 0.3480828801947896, 0.35236689486055983, 0.35236689486055983, 0.3623155194788935, 0.3623155194788935, 0.3623155194788935, 0.3623155194788935, 0.3623155194788935, 0.3623155194788935, 0.3623155194788935, 0.372773968901889, 0.372773968901889, 0.37857453848309996, 0.38364968215939554, 0.38364968215939554, 0.38364968215939554, 0.38364968215939554, 0.38364968215939554, 0.38364968215939554, 0.3918151407233287, 0.3918151407233287, 0.3918151407233287, 0.41487773385021987, 0.41487773385021987, 0.41487773385021987, 0.4212307945549213, 0.4212307945549213, 0.4212307945549213, 0.4212307945549213, 0.4212307945549213, 0.430444748898976, 0.430444748898976, 0.430444748898976, 0.430444748898976, 0.430444748898976, 0.430444748898976, 0.430444748898976, 0.430444748898976, 0.430444748898976, 0.430444748898976, 0.430444748898976, 0.430444748898976]
Training raw path: /home/anhnd/DTI Project/Codes/MPNN/data/KFold/ATCInchikeySideEffectByDrug.txt_train_8
('Number of substructures, proteins, pathways, drugs, se: ', 2048, 1448, 330, 1030, 598)
Train: 0.7665 0.4598
Test: 0.7499 0.4259
[0.47314359594458677, 0.5092476836045968, 0.5371654082896208, 0.5487848408852002, 0.5574939150640938, 0.5701085359877672, 0.5828918315047886, 0.5935565275838003, 0.6021469496975407, 0.6051346835181601, 0.6081086284733948, 0.6151733972608064, 0.6223708784164497, 0.6267600359439582, 0.6283304299707185, 0.630191233808437, 0.6323448209659867, 0.6349699650069206, 0.6365239413657439, 0.642198678156914, 0.6466422014595505, 0.6526419969612973, 0.6579040120355388, 0.6622904606838942, 0.6656037438557236, 0.6664219533716758, 0.6699410126174565, 0.6726068518741215, 0.6758697429044396, 0.6770690387192091, 0.6814112743286298, 0.6841917725384014, 0.6848102195250638, 0.6862022040169945, 0.6869564591605042, 0.6911229957200733, 0.6939263037981276, 0.6980209878351883, 0.7014175822228105, 0.7049425208939062, 0.7067411751937823, 0.7077509872030538, 0.7117336794088164, 0.7117336794088164, 0.7135922149638513, 0.7145399701887567, 0.7164902567749586, 0.7177699483277498, 0.7218062645240029, 0.7252357171962905, 0.7252357171962905, 0.7263635236346855, 0.7263635236346855, 0.7286950010648903, 0.7301551135720407, 0.7301551135720407, 0.7326645787645476, 0.7326645787645476, 0.7326645787645476, 0.7326645787645476, 0.7326645787645476, 0.7326645787645476, 0.7326645787645476, 0.7354227801630906, 0.7354227801630906, 0.7369724524517814, 0.7385441079510142, 0.7385441079510142, 0.7385441079510142, 0.7385441079510142, 0.7385441079510142, 0.7385441079510142, 0.7402938731389501, 0.7402938731389501, 0.7402938731389501, 0.7456397553921756, 0.7456397553921756, 0.7456397553921756, 0.7477458053907546, 0.7477458053907546, 0.7477458053907546, 0.7477458053907546, 0.7477458053907546, 0.7499287551003002, 0.7499287551003002, 0.7499287551003002, 0.7499287551003002, 0.7499287551003002, 0.7499287551003002, 0.7499287551003002, 0.7499287551003002, 0.7499287551003002, 0.7499287551003002, 0.7499287551003002, 0.7499287551003002]
[0.04769136953095937, 0.055601354827451294, 0.0666289237735193, 0.07323398928479641, 0.07842990771791414, 0.08650962488123648, 0.0953223493737129, 0.10429255779997268, 0.11147813185712631, 0.11474505795306414, 0.11829712552867908, 0.126285856637549, 0.13460559650073783, 0.14000154975850526, 0.14176822484494472, 0.1443848675367541, 0.14710375813877996, 0.15080403984384566, 0.15293496920801108, 0.16206197763218275, 0.16932413752594982, 0.1797438379685914, 0.18840373823030282, 0.19632308510369004, 0.20116936864921348, 0.20288392343808334, 0.20884143726873436, 0.21355825755524943, 0.21946663886389567, 0.2210480955451882, 0.2286191456982974, 0.23444875303430757, 0.23545393439798334, 0.23836236454990584, 0.2397600637743224, 0.2469063866367495, 0.25336703712698216, 0.26353907833696705, 0.27222005344589945, 0.28001905708487285, 0.28377559591108764, 0.28616213847478233, 0.2956441741063866, 0.2956441741063866, 0.30047281382423796, 0.30283569348443046, 0.3079167532186793, 0.3120586420678806, 0.322602629377883, 0.3318288381214613, 0.3318288381214613, 0.33507570840825207, 0.33507570840825207, 0.34213966546983954, 0.3471387802356608, 0.3471387802356608, 0.3546924587964034, 0.3546924587964034, 0.3546924587964034, 0.3546924587964034, 0.3546924587964034, 0.3546924587964034, 0.3546924587964034, 0.36417027390260026, 0.36417027390260026, 0.3703203995573794, 0.37641538711978767, 0.37641538711978767, 0.37641538711978767, 0.37641538711978767, 0.37641538711978767, 0.37641538711978767, 0.3838130559374477, 0.3838130559374477, 0.3838130559374477, 0.4055063874739442, 0.4055063874739442, 0.4055063874739442, 0.41582756603928606, 0.41582756603928606, 0.41582756603928606, 0.41582756603928606, 0.41582756603928606, 0.42586884280117415, 0.42586884280117415, 0.42586884280117415, 0.42586884280117415, 0.42586884280117415, 0.42586884280117415, 0.42586884280117415, 0.42586884280117415, 0.42586884280117415, 0.42586884280117415, 0.42586884280117415, 0.42586884280117415]
Training raw path: /home/anhnd/DTI Project/Codes/MPNN/data/KFold/ATCInchikeySideEffectByDrug.txt_train_9
('Number of substructures, proteins, pathways, drugs, se: ', 2048, 1448, 330, 1030, 598)
Train: 0.7653 0.4544
Test: 0.7485 0.4501
[0.49654587239377707, 0.5249188976153848, 0.5352917045132766, 0.5583257278960021, 0.5658108834939978, 0.5737382159260506, 0.5834927651254977, 0.596938417560539, 0.6027996138564191, 0.6090681721911485, 0.6122268392304963, 0.6141272730338312, 0.622705865872749, 0.6300358898866456, 0.6326291127440358, 0.6342405800097606, 0.6363866108560554, 0.6386257174242095, 0.6406546566570767, 0.645596943335554, 0.6488977575836021, 0.6537401508154372, 0.6569937638473262, 0.660068013454918, 0.663019141561624, 0.6637565969049704, 0.6670931054840157, 0.6683939793390501, 0.6713730498876235, 0.6725549655217127, 0.6774346935967465, 0.6801504522617836, 0.6809699702384446, 0.6825804941162454, 0.6834660495500737, 0.6897327449974961, 0.6928376051556044, 0.6961402126729495, 0.698770266099523, 0.7026076188029282, 0.7036838849970656, 0.7046494994786054, 0.7086131584417459, 0.7086131584417459, 0.7107724214830543, 0.7120941995426116, 0.7142653383600394, 0.7151744133062304, 0.7191233954717108, 0.7224946567779559, 0.7224946567779559, 0.7237043165416103, 0.7237043165416103, 0.7265067047886182, 0.7276085985565584, 0.7276085985565584, 0.7304864850739248, 0.7304864850739248, 0.7304864850739248, 0.7304864850739248, 0.7304864850739248, 0.7304864850739248, 0.7304864850739248, 0.7336715049785556, 0.7336715049785556, 0.7352383782523889, 0.7368246703296775, 0.7368246703296775, 0.7368246703296775, 0.7368246703296775, 0.7368246703296775, 0.7368246703296775, 0.7386268996548788, 0.7386268996548788, 0.7386268996548788, 0.7445854808352511, 0.7445854808352511, 0.7445854808352511, 0.7464891500592672, 0.7464891500592672, 0.7464891500592672, 0.7464891500592672, 0.7464891500592672, 0.7485489575619719, 0.7485489575619719, 0.7485489575619719, 0.7485489575619719, 0.7485489575619719, 0.7485489575619719, 0.7485489575619719, 0.7485489575619719, 0.7485489575619719, 0.7485489575619719, 0.7485489575619719, 0.7485489575619719]
[0.054672862475841036, 0.0647906554953781, 0.07477982270834084, 0.09036135989801929, 0.09656418686128321, 0.10335087406901736, 0.11155833461089973, 0.12577315377841408, 0.13278950621238042, 0.14150452216372633, 0.14491089337468505, 0.14697327738549537, 0.1587781056965606, 0.16957682261810147, 0.1730318055521337, 0.17526861682015152, 0.17882169983140622, 0.1827410520690086, 0.18622925045570626, 0.19338054499580667, 0.19745636442220665, 0.20624705523245546, 0.21125197050119326, 0.2157259663259641, 0.22103880082036512, 0.22258769056288052, 0.22965524694503875, 0.23076048047487646, 0.23639619368960407, 0.23886505249935464, 0.24905908972436536, 0.25576639116841854, 0.257577317615554, 0.26136560637905115, 0.263221303676805, 0.2784763639670639, 0.2855954676717739, 0.29194823280424587, 0.2970895538236865, 0.3067050021607629, 0.3071707740268799, 0.30956306906364084, 0.32006028203912623, 0.32006028203912623, 0.3259138208097989, 0.3299970408212722, 0.3353737205131895, 0.33748166206678765, 0.34649243092233417, 0.35592836177287024, 0.35592836177287024, 0.35957469221599203, 0.35957469221599203, 0.369379446541763, 0.3719089276724307, 0.3719089276724307, 0.38176799595100597, 0.38176799595100597, 0.38176799595100597, 0.38176799595100597, 0.38176799595100597, 0.38176799595100597, 0.38176799595100597, 0.39289101973972224, 0.39289101973972224, 0.39788403573965603, 0.40329678803729296, 0.40329678803729296, 0.40329678803729296, 0.40329678803729296, 0.40329678803729296, 0.40329678803729296, 0.41040855623392664, 0.41040855623392664, 0.41040855623392664, 0.43445954766543987, 0.43445954766543987, 0.43445954766543987, 0.4417445267168342, 0.4417445267168342, 0.4417445267168342, 0.4417445267168342, 0.4417445267168342, 0.4500808537739125, 0.4500808537739125, 0.4500808537739125, 0.4500808537739125, 0.4500808537739125, 0.4500808537739125, 0.4500808537739125, 0.4500808537739125, 0.4500808537739125, 0.4500808537739125, 0.4500808537739125, 0.4500808537739125]
AUC: 0.7545 0.0019
AUPR: 0.4374 0.0050
('RARE AUC', [(0.4965199372111132, 0.005816495588391098), (0.51857519705851, 0.005421851126521203), (0.535883180706688, 0.0048815415139126725), (0.5499432201612184, 0.004983039233880265), (0.5585344580135483, 0.005096152875050249), (0.5675571010447729, 0.005106391378876536), (0.5790694102844453, 0.004504011921571955), (0.5881443514408102, 0.0038633256030546053), (0.5948699144362969, 0.003562576578870173), (0.6001758567627024, 0.0036968229879090877), (0.603859134061331, 0.003546824583935472), (0.6091443990802001, 0.0032686786766179415), (0.6190386112137085, 0.003192596815070855), (0.625061099798605, 0.0030630834802848074), (0.6274342824444228, 0.00294676526496566), (0.631171929728144, 0.002730344825173809), (0.6339327652886265, 0.0027785695589294807), (0.6379977634490529, 0.0026583094074870955), (0.6405554768672734, 0.002644695134586497), (0.6465185477809301, 0.002408814125899863), (0.6505504555139658, 0.002160175381571882), (0.6553131598529233, 0.002064576474254684), (0.6599319879603136, 0.0020360748545327754), (0.663975371175328, 0.002033294244261047), (0.667458824248089, 0.0019215092348810153), (0.6681863787367276, 0.0018960977957303562), (0.6718708040125085, 0.0018820449834519761), (0.6748752312661337, 0.0017817886597390022), (0.678641429825816, 0.0016989475411893537), (0.6802543867933453, 0.001683319687989276), (0.6850287409536419, 0.0016873235568370078), (0.6874959743802153, 0.0016198449377233342), (0.6883328856895712, 0.0016290478763853898), (0.6901018709033947, 0.0016696874558416305), (0.6910456541846852, 0.001672729219103118), (0.6965994845472258, 0.0016172756378614824), (0.6994021235694494, 0.0015916855581911949), (0.7030926001285445, 0.0015844198540217837), (0.7058362659609788, 0.0015478783674706875), (0.7095140508023594, 0.0015772678489949217), (0.7113530638869848, 0.0016474535092552084), (0.7122955491309064, 0.0016111834708675398), (0.7160758907124369, 0.0016418417879322461), (0.7160758907124369, 0.0016418417879322461), (0.7180827162156282, 0.0016646958259979407), (0.7191203265910759, 0.0016895376430088277), (0.7212567858037303, 0.001692972064824343), (0.7223643019769367, 0.001702281481564727), (0.7267134893113537, 0.0017675999360088782), (0.7298749208727651, 0.0017903013753816594), (0.7298749208727651, 0.0017903013753816594), (0.7310056164938459, 0.0017876068536160738), (0.7310056164938459, 0.0017876068536160738), (0.7333660844855585, 0.0017761287460824069), (0.7345487075347822, 0.0017766554941510912), (0.7345487075347822, 0.0017766554941510912), (0.7370701189180753, 0.0017394938331708628), (0.7370701189180753, 0.0017394938331708628), (0.7370701189180753, 0.0017394938331708628), (0.7370701189180753, 0.0017394938331708628), (0.7370701189180753, 0.0017394938331708628), (0.7370701189180753, 0.0017394938331708628), (0.7370701189180753, 0.0017394938331708628), (0.7400668771841732, 0.0017876721891320862), (0.7400668771841732, 0.0017876721891320862), (0.7416090141237851, 0.0017922940371092172), (0.7431947509456809, 0.0018035873821721858), (0.7431947509456809, 0.0018035873821721858), (0.7431947509456809, 0.0018035873821721858), (0.7431947509456809, 0.0018035873821721858), (0.7431947509456809, 0.0018035873821721858), (0.7431947509456809, 0.0018035873821721858), (0.7449936633936495, 0.0018113736303410795), (0.7449936633936495, 0.0018113736303410795), (0.7449936633936495, 0.0018113736303410795), (0.7505470070647593, 0.0018738776624241343), (0.7505470070647593, 0.0018738776624241343), (0.7505470070647593, 0.0018738776624241343), (0.7524438046180357, 0.0018864377603991912), (0.7524438046180357, 0.0018864377603991912), (0.7524438046180357, 0.0018864377603991912), (0.7524438046180357, 0.0018864377603991912), (0.7524438046180357, 0.0018864377603991912), (0.7545153564523679, 0.0018988181594371922), (0.7545153564523679, 0.0018988181594371922), (0.7545153564523679, 0.0018988181594371922), (0.7545153564523679, 0.0018988181594371922), (0.7545153564523679, 0.0018988181594371922), (0.7545153564523679, 0.0018988181594371922), (0.7545153564523679, 0.0018988181594371922), (0.7545153564523679, 0.0018988181594371922), (0.7545153564523679, 0.0018988181594371922), (0.7545153564523679, 0.0018988181594371922), (0.7545153564523679, 0.0018988181594371922), (0.7545153564523679, 0.0018988181594371922)])
('RARE AUPR', [(0.059806185176939516, 0.0039174740585367724), (0.06579014997094448, 0.0048435637965699415), (0.07246246562810463, 0.004888556544202291), (0.081005633195363, 0.005011029767895597), (0.08651390236810841, 0.0054258082745972085), (0.09273944207248908, 0.005464515156183626), (0.10096641916579555, 0.00522921360292969), (0.10893987991470315, 0.005260582479651014), (0.11496640447058323, 0.005444363235407975), (0.12086758056132488, 0.005865213667399279), (0.12460639674837445, 0.006009313475011656), (0.13060358767446428, 0.005887100360764204), (0.14174564840607476, 0.00632913559991476), (0.14869463303679553, 0.006852073036290646), (0.15139050792383077, 0.006884626625822375), (0.1560149679328327, 0.006602880238352542), (0.15954239775239262, 0.006805367656878339), (0.16492094478653488, 0.006822321896726546), (0.16850231706874658, 0.006897093340845031), (0.1771401886865775, 0.0067887418186375606), (0.182766405189593, 0.006477826930600171), (0.19029926854080398, 0.0066106641877699355), (0.1975600448928516, 0.0068014788556717345), (0.20430571746192228, 0.006824933387878472), (0.20971796833989523, 0.006582911214097409), (0.2109277890864225, 0.006546767149927303), (0.21737319281435896, 0.006685504714032751), (0.22266263965828056, 0.006445139511501078), (0.22943413887739633, 0.006257464826687989), (0.23248610288797894, 0.0062335095849383225), (0.2413673680657154, 0.006541371225970722), (0.246040514085229, 0.006500226016058467), (0.24773394941479782, 0.006640554141026596), (0.2515400851276539, 0.006585807781756869), (0.2536342109708255, 0.006614224735787829), (0.26603508010142585, 0.00662443793965957), (0.2724173175920038, 0.006647482232301575), (0.28050798448152675, 0.006233919392273516), (0.2863710338951958, 0.00620250596515936), (0.29487953168007125, 0.006186454480369974), (0.29893857210895936, 0.0060154571500271505), (0.30123694485109, 0.006024030992969225), (0.31035232416127406, 0.005983419523791114), (0.31035232416127406, 0.005983419523791114), (0.31571342613860665, 0.006122330492117559), (0.31847282723316794, 0.006117533308784676), (0.3241302788340059, 0.006112453729920709), (0.3273096479386992, 0.006021323088691136), (0.33897254803513366, 0.005996464750348125), (0.34726772573367415, 0.006202306475441907), (0.34726772573367415, 0.006202306475441907), (0.35030514289733133, 0.006069084591313831), (0.35030514289733133, 0.006069084591313831), (0.3574052087252594, 0.006145770714916966), (0.36085311133935377, 0.006134081203073145), (0.36085311133935377, 0.006134081203073145), (0.3686419925750498, 0.006224195630583706), (0.3686419925750498, 0.006224195630583706), (0.3686419925750498, 0.006224195630583706), (0.3686419925750498, 0.006224195630583706), (0.3686419925750498, 0.006224195630583706), (0.3686419925750498, 0.006224195630583706), (0.3686419925750498, 0.006224195630583706), (0.37941244631745863, 0.006240529093149738), (0.37941244631745863, 0.006240529093149738), (0.3849353400909263, 0.006063725206147596), (0.39081234069884735, 0.0059573299831003285), (0.39081234069884735, 0.0059573299831003285), (0.39081234069884735, 0.0059573299831003285), (0.39081234069884735, 0.0059573299831003285), (0.39081234069884735, 0.0059573299831003285), (0.39081234069884735, 0.0059573299831003285), (0.3982397836836309, 0.005886124653824462), (0.3982397836836309, 0.005886124653824462), (0.3982397836836309, 0.005886124653824462), (0.4206242210262753, 0.005505602926264024), (0.4206242210262753, 0.005505602926264024), (0.4206242210262753, 0.005505602926264024), (0.4283460589549481, 0.005225871190931013), (0.4283460589549481, 0.005225871190931013), (0.4283460589549481, 0.005225871190931013), (0.4283460589549481, 0.005225871190931013), (0.4283460589549481, 0.005225871190931013), (0.4374478566590513, 0.004968743644684626), (0.4374478566590513, 0.004968743644684626), (0.4374478566590513, 0.004968743644684626), (0.4374478566590513, 0.004968743644684626), (0.4374478566590513, 0.004968743644684626), (0.4374478566590513, 0.004968743644684626), (0.4374478566590513, 0.004968743644684626), (0.4374478566590513, 0.004968743644684626), (0.4374478566590513, 0.004968743644684626), (0.4374478566590513, 0.004968743644684626), (0.4374478566590513, 0.004968743644684626), (0.4374478566590513, 0.004968743644684626)])
