CSMF_P
<models.baselines.CSMF.CSMF object at 0x7f60fb7be810>
('Manual torch seed: ', 443181909)
Training raw path: /home/anhnd/DTI Project/Codes/MPNN/data/KFold/ATCInchikeySideEffectByDrug.txt_train_0
('Number of substructures, proteins, pathways, drugs, se: ', 2936, 1448, 330, 969, 598)
Train: 0.9325 0.8025
Test: 0.7804 0.5095
[0.6354151529510872, 0.6556351081443133, 0.6589778241213029, 0.6534850105904183, 0.6491276928935458, 0.6544059991875868, 0.6583800691160873, 0.6625988362142646, 0.6632631602490707, 0.6661303679495718, 0.6673895573952812, 0.6694027647419998, 0.6757166638504601, 0.6788924796159456, 0.6805570384644851, 0.6827067145868521, 0.6837235500585502, 0.68571205900097, 0.6867329129591802, 0.6914407832719651, 0.6961488213913456, 0.6993676281882262, 0.7027054907098516, 0.7061679410124488, 0.7088486639710129, 0.7092264525390743, 0.7112297923941593, 0.7136271927422198, 0.716603038756685, 0.717736489245486, 0.7216803408931358, 0.7237524193401293, 0.7245223073628987, 0.7258304827584793, 0.726771493591562, 0.7318779253823628, 0.7341172931697983, 0.7371976646863765, 0.7393027139457747, 0.7425307256295299, 0.7438875021310978, 0.7448162955470474, 0.7477937606559152, 0.7477937606559152, 0.7498094742338544, 0.7506414969253867, 0.7524896708753123, 0.7533777763645438, 0.7567469136067675, 0.7596788874436526, 0.7596788874436526, 0.7607272504155176, 0.7607272504155176, 0.7628683964392835, 0.7638077850538589, 0.7638077850538589, 0.7656301305589323, 0.7656301305589323, 0.7656301305589323, 0.7656301305589323, 0.7656301305589323, 0.7656301305589323, 0.7656301305589323, 0.7682377944528875, 0.7682377944528875, 0.7695702198462351, 0.770854574726322, 0.770854574726322, 0.770854574726322, 0.770854574726322, 0.770854574726322, 0.770854574726322, 0.7723992793381694, 0.7723992793381694, 0.7723992793381694, 0.7769213565654942, 0.7769213565654942, 0.7769213565654942, 0.7785851556694867, 0.7785851556694867, 0.7785851556694867, 0.7785851556694867, 0.7785851556694867, 0.7804072390556641, 0.7804072390556641, 0.7804072390556641, 0.7804072390556641, 0.7804072390556641, 0.7804072390556641, 0.7804072390556641, 0.7804072390556641, 0.7804072390556641, 0.7804072390556641, 0.7804072390556641, 0.7804072390556641]
[0.11150837294077018, 0.1304826011861638, 0.13723513845922913, 0.13514974573200172, 0.14026953117920016, 0.1469631527272102, 0.1537099700537387, 0.1622175645803313, 0.16605987463434455, 0.17314119532253114, 0.1753467486408828, 0.17913173222974388, 0.1906266246944127, 0.19857295241285983, 0.2024422659878464, 0.20705661672084102, 0.2098452251553187, 0.21366686876536328, 0.21597944383550077, 0.22801384208378783, 0.24115082309207003, 0.25068208626832617, 0.2590140621466065, 0.2683878523134896, 0.2742518171376296, 0.27554902137961823, 0.28058030444556853, 0.28661010852496094, 0.29451996645777717, 0.29745619351630315, 0.3076037684056011, 0.3131713755045288, 0.31535363321319543, 0.3197676646130708, 0.322691174378962, 0.33869337330185584, 0.3456222899882987, 0.35494627702763915, 0.3614556092937522, 0.37104363699298193, 0.3750835596265245, 0.3781449233962292, 0.3859540908742797, 0.3859540908742797, 0.39325325130264777, 0.39545663580236423, 0.40244777408210064, 0.40532922110934605, 0.4156713136228348, 0.4262628826154373, 0.4262628826154373, 0.4297707914925369, 0.4297707914925369, 0.43766471093208004, 0.44097859720729327, 0.44097859720729327, 0.4476345784949779, 0.4476345784949779, 0.4476345784949779, 0.4476345784949779, 0.4476345784949779, 0.4476345784949779, 0.4476345784949779, 0.45776627418491755, 0.45776627418491755, 0.4630500409223687, 0.46822144769516133, 0.46822144769516133, 0.46822144769516133, 0.46822144769516133, 0.46822144769516133, 0.46822144769516133, 0.47493347119882423, 0.47493347119882423, 0.47493347119882423, 0.4935761733557626, 0.4935761733557626, 0.4935761733557626, 0.5008952277514785, 0.5008952277514785, 0.5008952277514785, 0.5008952277514785, 0.5008952277514785, 0.5094548632673278, 0.5094548632673278, 0.5094548632673278, 0.5094548632673278, 0.5094548632673278, 0.5094548632673278, 0.5094548632673278, 0.5094548632673278, 0.5094548632673278, 0.5094548632673278, 0.5094548632673278, 0.5094548632673278]
Training raw path: /home/anhnd/DTI Project/Codes/MPNN/data/KFold/ATCInchikeySideEffectByDrug.txt_train_1
('Number of substructures, proteins, pathways, drugs, se: ', 2936, 1448, 330, 969, 598)
Train: 0.9274 0.7920
Test: 0.7763 0.4962
[0.5815051855116928, 0.5974576561427527, 0.59917752995473, 0.6021186502264504, 0.6062437964141306, 0.6098901567202225, 0.6210968607313578, 0.6270511008446873, 0.6339719948892253, 0.6366780162112483, 0.6370257747957284, 0.6416292142902652, 0.6494401928385463, 0.6561122712553892, 0.658791449310851, 0.6632712157663763, 0.6651398816534376, 0.6699109912375952, 0.6715136905995016, 0.6760986402393356, 0.6796302498339633, 0.6839007007896443, 0.6874380830795722, 0.6910381215916739, 0.6932209415686569, 0.6939481873944546, 0.6967809655617443, 0.6994548856291828, 0.7038574626849721, 0.7054671079127119, 0.7103245304126037, 0.71355352278248, 0.7145808412535202, 0.7167269607801356, 0.717645559887701, 0.7230877273263362, 0.7255021778511228, 0.7296250888130382, 0.7322726841006103, 0.7362075973678075, 0.7379538465808061, 0.7390318506629509, 0.7425442175559915, 0.7425442175559915, 0.7439097326288243, 0.744761065163795, 0.7470571438084892, 0.7479201425255455, 0.7514939928893191, 0.754452500579595, 0.754452500579595, 0.7553179486796322, 0.7553179486796322, 0.7575442429696604, 0.7586820073624814, 0.7586820073624814, 0.7608879988870312, 0.7608879988870312, 0.7608879988870312, 0.7608879988870312, 0.7608879988870312, 0.7608879988870312, 0.7608879988870312, 0.7637184199295404, 0.7637184199295404, 0.7650209711785514, 0.7662621501887386, 0.7662621501887386, 0.7662621501887386, 0.7662621501887386, 0.7662621501887386, 0.7662621501887386, 0.7680323641114677, 0.7680323641114677, 0.7680323641114677, 0.7725357313778505, 0.7725357313778505, 0.7725357313778505, 0.7743770831253082, 0.7743770831253082, 0.7743770831253082, 0.7743770831253082, 0.7743770831253082, 0.7762650019590476, 0.7762650019590476, 0.7762650019590476, 0.7762650019590476, 0.7762650019590476, 0.7762650019590476, 0.7762650019590476, 0.7762650019590476, 0.7762650019590476, 0.7762650019590476, 0.7762650019590476, 0.7762650019590476]
[0.09425714713945632, 0.11403866111268592, 0.11376910186014581, 0.11478845060908319, 0.12230982504766055, 0.12508987646239156, 0.13642151269417563, 0.14425955409242575, 0.15619742922622565, 0.1585236932220094, 0.15913600452896143, 0.16523735177853605, 0.17629237910675374, 0.1847294147482994, 0.18851003396365634, 0.1963646427840739, 0.19881735993319885, 0.2054372067554117, 0.20649084009961444, 0.21551255135119263, 0.22633360548532178, 0.23783082640699793, 0.24457028531434935, 0.25189408162673727, 0.2565707088712686, 0.2577302339600458, 0.26200875379043587, 0.2681223156142543, 0.27911986833926505, 0.2830069362489277, 0.2955479384223077, 0.3027634928771791, 0.30584113750213254, 0.3121380296360061, 0.31430833078737175, 0.3280815246151856, 0.3335185393111296, 0.3446945765019467, 0.35077451027609546, 0.3617317565200837, 0.36619901025714124, 0.3691064324695075, 0.37832704034792985, 0.37832704034792985, 0.3817471197882228, 0.38457636659695354, 0.39193881782943263, 0.393869486267983, 0.40439309667260126, 0.414236140929967, 0.414236140929967, 0.4167205017403843, 0.4167205017403843, 0.4236387762389284, 0.4273848400366944, 0.4273848400366944, 0.4338745025803949, 0.4338745025803949, 0.4338745025803949, 0.4338745025803949, 0.4338745025803949, 0.4338745025803949, 0.4338745025803949, 0.44510970939424926, 0.44510970939424926, 0.44937837447224, 0.45311171512996967, 0.45311171512996967, 0.45311171512996967, 0.45311171512996967, 0.45311171512996967, 0.45311171512996967, 0.4617354767207823, 0.4617354767207823, 0.4617354767207823, 0.47908179617496705, 0.47908179617496705, 0.47908179617496705, 0.487103700852606, 0.487103700852606, 0.487103700852606, 0.487103700852606, 0.487103700852606, 0.4961818678710861, 0.4961818678710861, 0.4961818678710861, 0.4961818678710861, 0.4961818678710861, 0.4961818678710861, 0.4961818678710861, 0.4961818678710861, 0.4961818678710861, 0.4961818678710861, 0.4961818678710861, 0.4961818678710861]
Training raw path: /home/anhnd/DTI Project/Codes/MPNN/data/KFold/ATCInchikeySideEffectByDrug.txt_train_2
('Number of substructures, proteins, pathways, drugs, se: ', 2936, 1448, 330, 969, 598)
Train: 0.9279 0.7897
Test: 0.7768 0.5239
[0.6268598945762939, 0.6320405856862261, 0.6393185148578104, 0.6400996788552965, 0.6427848607495482, 0.644728182935868, 0.6519543872540468, 0.6562450282842615, 0.6590069265446754, 0.6615660749683216, 0.6625283179220782, 0.6654399036797614, 0.6706827988442754, 0.674156111477245, 0.6755724615826425, 0.6787188725541885, 0.6813811173821211, 0.6840801027092159, 0.6855218604647659, 0.6911072000652532, 0.6944003925905213, 0.6972987787058353, 0.7010859299653822, 0.705356420684144, 0.7084342502146774, 0.7089591825823018, 0.7122025329792021, 0.7147943552353228, 0.717302505165811, 0.718464828521554, 0.7215666360518214, 0.7235373261066101, 0.724262212467294, 0.7254002612282432, 0.7260725262895913, 0.7310022355817386, 0.7336124147747606, 0.7362432974748856, 0.7386630348100567, 0.7413988673803337, 0.7426433636072614, 0.7436880002144536, 0.7464764483853371, 0.7464764483853371, 0.7483083645196632, 0.7490864142226543, 0.7507044070694933, 0.7517320565681433, 0.7551363241483502, 0.7575216485419731, 0.7575216485419731, 0.7582811639513559, 0.7582811639513559, 0.7598343631603606, 0.7609350570429267, 0.7609350570429267, 0.7626782422868943, 0.7626782422868943, 0.7626782422868943, 0.7626782422868943, 0.7626782422868943, 0.7626782422868943, 0.7626782422868943, 0.7650424199867523, 0.7650424199867523, 0.7664380883084068, 0.7677188149999135, 0.7677188149999135, 0.7677188149999135, 0.7677188149999135, 0.7677188149999135, 0.7677188149999135, 0.769226668599515, 0.769226668599515, 0.769226668599515, 0.7735284011322228, 0.7735284011322228, 0.7735284011322228, 0.7750813100847035, 0.7750813100847035, 0.7750813100847035, 0.7750813100847035, 0.7750813100847035, 0.7767515653137915, 0.7767515653137915, 0.7767515653137915, 0.7767515653137915, 0.7767515653137915, 0.7767515653137915, 0.7767515653137915, 0.7767515653137915, 0.7767515653137915, 0.7767515653137915, 0.7767515653137915, 0.7767515653137915]
[0.10701859128898322, 0.1178047413630374, 0.13070699279531717, 0.13572086536346778, 0.14305598733382288, 0.14791921668735653, 0.16017263600691026, 0.1669219420168851, 0.1724061934527876, 0.180733449626424, 0.18237169885561866, 0.1892982962940258, 0.1986915742396326, 0.2051773381268976, 0.2087032358401198, 0.21516916286229532, 0.22112199670935867, 0.2277758155524195, 0.23179202615835684, 0.24488694537305852, 0.254732889572023, 0.26312776555509976, 0.27391912272406704, 0.286081326241298, 0.2948662608915802, 0.2960560301761383, 0.3037081908261951, 0.31164353092144603, 0.3182739928392036, 0.32117429855973756, 0.32868136107786494, 0.3344715333773347, 0.3369134261516373, 0.34073251029723955, 0.34294477163590686, 0.3577902075845996, 0.3667362078398001, 0.37596775775931657, 0.3835042901191126, 0.3915598742191373, 0.39614073752463763, 0.3995726829208382, 0.4089955682153694, 0.4089955682153694, 0.4162097730522699, 0.4181213610323737, 0.4240315250897919, 0.42780890547891076, 0.43940612503444326, 0.4474495425643505, 0.4474495425643505, 0.4501282957265108, 0.4501282957265108, 0.45512480432306224, 0.4590949181217642, 0.4590949181217642, 0.4656002300579849, 0.4656002300579849, 0.4656002300579849, 0.4656002300579849, 0.4656002300579849, 0.4656002300579849, 0.4656002300579849, 0.4749816264169721, 0.4749816264169721, 0.48056910840379385, 0.4860052672744464, 0.4860052672744464, 0.4860052672744464, 0.4860052672744464, 0.4860052672744464, 0.4860052672744464, 0.49275457020920516, 0.49275457020920516, 0.49275457020920516, 0.5100157322433434, 0.5100157322433434, 0.5100157322433434, 0.5164595559919303, 0.5164595559919303, 0.5164595559919303, 0.5164595559919303, 0.5164595559919303, 0.5239373415675826, 0.5239373415675826, 0.5239373415675826, 0.5239373415675826, 0.5239373415675826, 0.5239373415675826, 0.5239373415675826, 0.5239373415675826, 0.5239373415675826, 0.5239373415675826, 0.5239373415675826, 0.5239373415675826]
Training raw path: /home/anhnd/DTI Project/Codes/MPNN/data/KFold/ATCInchikeySideEffectByDrug.txt_train_3
('Number of substructures, proteins, pathways, drugs, se: ', 2936, 1448, 330, 969, 598)
Train: 0.9263 0.7889
Test: 0.7680 0.4779
[0.572240563510513, 0.5980919102801963, 0.609050112251227, 0.6095016745334146, 0.6152096084625772, 0.6200013958255541, 0.6257691103209148, 0.6333690319519905, 0.639666250958365, 0.6440959943820296, 0.6462481756712156, 0.6506857503803494, 0.6583781330470434, 0.6634034138153001, 0.6652938552763765, 0.6679882488298962, 0.6708136452205032, 0.6726266936917962, 0.6745766273275621, 0.6780246793819515, 0.6822875882176791, 0.6864625974377209, 0.6906791687044987, 0.6938381364927446, 0.6952032056661938, 0.695708641529448, 0.6989483064823327, 0.7008736362965311, 0.703815275878078, 0.704503602931031, 0.7089195793217116, 0.7105492424743582, 0.7109995884014239, 0.712378875008246, 0.7129442020552101, 0.717354322824134, 0.7198793135213026, 0.7226221792005805, 0.7248292283695932, 0.7280166987701752, 0.7292321610552372, 0.7300926895108384, 0.7334617607932867, 0.7334617607932867, 0.735124769516728, 0.7361063084363375, 0.7378568077881934, 0.7389896052525236, 0.7425717951956827, 0.7456015835654392, 0.7456015835654392, 0.7465856006749853, 0.7465856006749853, 0.748604853746781, 0.7498030477430664, 0.7498030477430664, 0.7521285726391633, 0.7521285726391633, 0.7521285726391633, 0.7521285726391633, 0.7521285726391633, 0.7521285726391633, 0.7521285726391633, 0.7547493718091973, 0.7547493718091973, 0.75622797247812, 0.7576666745777845, 0.7576666745777845, 0.7576666745777845, 0.7576666745777845, 0.7576666745777845, 0.7576666745777845, 0.7592804011137642, 0.7592804011137642, 0.7592804011137642, 0.7644303135110668, 0.7644303135110668, 0.7644303135110668, 0.7662319934969797, 0.7662319934969797, 0.7662319934969797, 0.7662319934969797, 0.7662319934969797, 0.768041826369577, 0.768041826369577, 0.768041826369577, 0.768041826369577, 0.768041826369577, 0.768041826369577, 0.768041826369577, 0.768041826369577, 0.768041826369577, 0.768041826369577, 0.768041826369577, 0.768041826369577]
[0.07795181640846952, 0.09197756517725068, 0.10136843449431981, 0.10502307528339294, 0.11496399477396038, 0.12260793055509721, 0.1311620450353786, 0.14163571725867014, 0.15078422430715901, 0.15909266488033763, 0.16156188984244305, 0.16795759049648742, 0.17956168691455474, 0.18810365557813835, 0.19217897757805283, 0.1976911076565805, 0.20385240415514833, 0.206299430381404, 0.2088448820643128, 0.21754176738234132, 0.22818565604943847, 0.23753159072625996, 0.24759018388210935, 0.25459087391009794, 0.25803804929689106, 0.25885245267723456, 0.2659585190362484, 0.27044569654661266, 0.27627263356089815, 0.27790831884039596, 0.28737099645614556, 0.2905638793855088, 0.2914632197296313, 0.2947872763972032, 0.29587590030171573, 0.30733380845165703, 0.31455940416522665, 0.3217530465713194, 0.3275509262550887, 0.3362227103834464, 0.3389738394292303, 0.34105540414998486, 0.34972989189696163, 0.34972989189696163, 0.3558548010706516, 0.35857927162079556, 0.36395453642266995, 0.36739275412001504, 0.37842949633343864, 0.3885342482543642, 0.3885342482543642, 0.3909400219866915, 0.3909400219866915, 0.3974213039918405, 0.40131998754495535, 0.40131998754495535, 0.40933423269641894, 0.40933423269641894, 0.40933423269641894, 0.40933423269641894, 0.40933423269641894, 0.40933423269641894, 0.40933423269641894, 0.4193140924040606, 0.4193140924040606, 0.42478881835091226, 0.43098366204060023, 0.43098366204060023, 0.43098366204060023, 0.43098366204060023, 0.43098366204060023, 0.43098366204060023, 0.4389156670777607, 0.4389156670777607, 0.4389156670777607, 0.4613868991911136, 0.4613868991911136, 0.4613868991911136, 0.46957799950243845, 0.46957799950243845, 0.46957799950243845, 0.46957799950243845, 0.46957799950243845, 0.47790099902492134, 0.47790099902492134, 0.47790099902492134, 0.47790099902492134, 0.47790099902492134, 0.47790099902492134, 0.47790099902492134, 0.47790099902492134, 0.47790099902492134, 0.47790099902492134, 0.47790099902492134, 0.47790099902492134]
Training raw path: /home/anhnd/DTI Project/Codes/MPNN/data/KFold/ATCInchikeySideEffectByDrug.txt_train_4
('Number of substructures, proteins, pathways, drugs, se: ', 2936, 1448, 330, 969, 598)
Train: 0.9287 0.7957
Test: 0.7835 0.4789
[0.6416680950375557, 0.6442303712777687, 0.6446815191849526, 0.6457712204598437, 0.6459003854158489, 0.6471893722442585, 0.6514282678117933, 0.6582358370017003, 0.661148884382866, 0.6636764270697999, 0.6648828387600922, 0.6677350146093763, 0.67762760542279, 0.6821600152250153, 0.6828987339328361, 0.6851872290829049, 0.6871607662967558, 0.6909493195619387, 0.6932489555080887, 0.6963266423013711, 0.6993108123254375, 0.7027469197006431, 0.705335303505265, 0.7078571795277809, 0.7107386030747986, 0.7111472080946755, 0.714426523297491, 0.7164656533958648, 0.7191254104416516, 0.7203548116600784, 0.7231338481280778, 0.7251575683614839, 0.7257461252789805, 0.7276531626184976, 0.7286447097607025, 0.7339367954999296, 0.7360701166788588, 0.739413004168291, 0.7418014758594496, 0.7448929692091327, 0.7462889902751377, 0.7470428741791925, 0.7502497425382613, 0.7502497425382613, 0.7517899117841557, 0.7526038670066553, 0.754537201441607, 0.7555190008989192, 0.7592472370325137, 0.7618175822636424, 0.7618175822636424, 0.7627494067541638, 0.7627494067541638, 0.7644847526343016, 0.7652705207328329, 0.7652705207328329, 0.767453764048593, 0.767453764048593, 0.767453764048593, 0.767453764048593, 0.767453764048593, 0.767453764048593, 0.767453764048593, 0.7700910742048177, 0.7700910742048177, 0.7714385703940969, 0.77285067933347, 0.77285067933347, 0.77285067933347, 0.77285067933347, 0.77285067933347, 0.77285067933347, 0.7745233597486839, 0.7745233597486839, 0.7745233597486839, 0.7799529686148698, 0.7799529686148698, 0.7799529686148698, 0.7816846566511692, 0.7816846566511692, 0.7816846566511692, 0.7816846566511692, 0.7816846566511692, 0.783540079051473, 0.783540079051473, 0.783540079051473, 0.783540079051473, 0.783540079051473, 0.783540079051473, 0.783540079051473, 0.783540079051473, 0.783540079051473, 0.783540079051473, 0.783540079051473, 0.783540079051473]
[0.0794082693759223, 0.09577767740884525, 0.10320085934418527, 0.11151661551878117, 0.11675234828250511, 0.12263133025986721, 0.13102673143682686, 0.14232340017825232, 0.14948063000219175, 0.15950240206981872, 0.1624680347354237, 0.16770125824744375, 0.18769254332076638, 0.1972265305986668, 0.19936077997344276, 0.20252851650549297, 0.20729819237183383, 0.2149513933377371, 0.2192869383759518, 0.2267298550053337, 0.23311067454880713, 0.23964354946761174, 0.24615262597938006, 0.252987647012028, 0.26018201341145236, 0.2617555035720994, 0.27058352402138547, 0.27544581979717886, 0.281045796405088, 0.28364873760476766, 0.28857781865390475, 0.29358521012639127, 0.2949993981022184, 0.3008673151259723, 0.30332276809300807, 0.31600402705610364, 0.32088753858857333, 0.32947715360547886, 0.33570723512918904, 0.3425667785575634, 0.3454570556501776, 0.34656260832243047, 0.3559364072667267, 0.3559364072667267, 0.3605791766519475, 0.3627557141350691, 0.3684739034300277, 0.3721544226563287, 0.3833455527303955, 0.39043513263961915, 0.39043513263961915, 0.39355930629692293, 0.39355930629692293, 0.39776748443279064, 0.39981452825712027, 0.39981452825712027, 0.40684288970245985, 0.40684288970245985, 0.40684288970245985, 0.40684288970245985, 0.40684288970245985, 0.40684288970245985, 0.40684288970245985, 0.4172800640672892, 0.4172800640672892, 0.4226371466680705, 0.4283595610760971, 0.4283595610760971, 0.4283595610760971, 0.4283595610760971, 0.4283595610760971, 0.4283595610760971, 0.43747569958341936, 0.43747569958341936, 0.43747569958341936, 0.4623865508760556, 0.4623865508760556, 0.4623865508760556, 0.47002231036544134, 0.47002231036544134, 0.47002231036544134, 0.47002231036544134, 0.47002231036544134, 0.47892338662070083, 0.47892338662070083, 0.47892338662070083, 0.47892338662070083, 0.47892338662070083, 0.47892338662070083, 0.47892338662070083, 0.47892338662070083, 0.47892338662070083, 0.47892338662070083, 0.47892338662070083, 0.47892338662070083]
Training raw path: /home/anhnd/DTI Project/Codes/MPNN/data/KFold/ATCInchikeySideEffectByDrug.txt_train_5
('Number of substructures, proteins, pathways, drugs, se: ', 2936, 1448, 330, 969, 598)
Train: 0.9275 0.7942
Test: 0.7864 0.4895
[0.6433569108167447, 0.653215635957251, 0.6565468726848934, 0.6571905101893794, 0.65924986920826, 0.6606754287957015, 0.6672168151662989, 0.6682955383851689, 0.6726585103644899, 0.6746355633746399, 0.6759119113476231, 0.6796972877264411, 0.6858671861738885, 0.6884705790424342, 0.6897901606321413, 0.6926003777295733, 0.6953944316546514, 0.6987704190064857, 0.6992789770583261, 0.7023738294906451, 0.7060274727037955, 0.7088639646148838, 0.7122708482139841, 0.7147766248635024, 0.7181768088123887, 0.7187941095352445, 0.7219592638472019, 0.724834220894533, 0.7269017291003108, 0.7284368613721075, 0.7315865422946891, 0.7332200774896719, 0.7334873871964033, 0.7346042748354709, 0.7349336152215618, 0.7395173344264685, 0.7417128531513767, 0.7443964563466396, 0.746313410451017, 0.7487142892437106, 0.7499461012090292, 0.7505860340586491, 0.7535466505711028, 0.7535466505711028, 0.7552745418455993, 0.7560047319765512, 0.7575179095612432, 0.7581702338636691, 0.7620933416170306, 0.7646829150612795, 0.7646829150612795, 0.7655042648806152, 0.7655042648806152, 0.7676579325060564, 0.7686386220937214, 0.7686386220937214, 0.7712365567959887, 0.7712365567959887, 0.7712365567959887, 0.7712365567959887, 0.7712365567959887, 0.7712365567959887, 0.7712365567959887, 0.7737238752501655, 0.7737238752501655, 0.7748361914880562, 0.7764230064692621, 0.7764230064692621, 0.7764230064692621, 0.7764230064692621, 0.7764230064692621, 0.7764230064692621, 0.7782781644816161, 0.7782781644816161, 0.7782781644816161, 0.7830428058206417, 0.7830428058206417, 0.7830428058206417, 0.7846941041793851, 0.7846941041793851, 0.7846941041793851, 0.7846941041793851, 0.7846941041793851, 0.7864350820518322, 0.7864350820518322, 0.7864350820518322, 0.7864350820518322, 0.7864350820518322, 0.7864350820518322, 0.7864350820518322, 0.7864350820518322, 0.7864350820518322, 0.7864350820518322, 0.7864350820518322, 0.7864350820518322]
[0.09123627764327605, 0.11015840817192563, 0.11658207024258326, 0.12384746292502516, 0.13487995011571052, 0.13960105232399372, 0.15232012190286107, 0.1561660257378732, 0.1647301934840495, 0.1713537835925963, 0.17591669923312905, 0.18329088827788934, 0.1965708686754677, 0.20466841269535743, 0.20698328463577775, 0.21427100856307035, 0.22098975790156558, 0.2296440767248393, 0.22915176534720305, 0.23810580715960963, 0.2504959279574218, 0.254341397272109, 0.2628035397429385, 0.2673578305963563, 0.27113160731767016, 0.2725161779797163, 0.281253216764134, 0.28822893614975953, 0.29218408994439415, 0.2968491064013757, 0.30151020407439977, 0.3050255612765098, 0.30489905397210904, 0.3079787178597988, 0.30811762860477415, 0.32210547914590226, 0.3294242378809571, 0.3366746722843119, 0.34253553114196844, 0.35035742656350954, 0.3532377935060274, 0.3556111363478768, 0.36501831865816725, 0.36501831865816725, 0.37075775705060543, 0.3733511790967027, 0.3782771897959412, 0.3800329779756647, 0.39317054758724246, 0.4018262674700771, 0.4018262674700771, 0.4038019948895236, 0.4038019948895236, 0.4118992483107208, 0.4155559151812301, 0.4155559151812301, 0.4256645263163593, 0.4256645263163593, 0.4256645263163593, 0.4256645263163593, 0.4256645263163593, 0.4256645263163593, 0.4256645263163593, 0.43468299571734254, 0.43468299571734254, 0.43815714906037073, 0.44570339541209864, 0.44570339541209864, 0.44570339541209864, 0.44570339541209864, 0.44570339541209864, 0.44570339541209864, 0.45467775587655207, 0.45467775587655207, 0.45467775587655207, 0.4750972961711771, 0.4750972961711771, 0.4750972961711771, 0.48181973521258376, 0.48181973521258376, 0.48181973521258376, 0.48181973521258376, 0.48181973521258376, 0.4895394858548527, 0.4895394858548527, 0.4895394858548527, 0.4895394858548527, 0.4895394858548527, 0.4895394858548527, 0.4895394858548527, 0.4895394858548527, 0.4895394858548527, 0.4895394858548527, 0.4895394858548527, 0.4895394858548527]
Training raw path: /home/anhnd/DTI Project/Codes/MPNN/data/KFold/ATCInchikeySideEffectByDrug.txt_train_6
('Number of substructures, proteins, pathways, drugs, se: ', 2936, 1448, 330, 969, 598)
Train: 0.9302 0.7992
Test: 0.7997 0.4963
[0.7181488883997359, 0.7180464443356468, 0.7172474346618449, 0.711844564971543, 0.7072676078263357, 0.7034663724895418, 0.7030603664950542, 0.7056417551134463, 0.7071597859946336, 0.7112548661791663, 0.7129308787712078, 0.7154154300993751, 0.7195514966187248, 0.7230404297843414, 0.7228793013791516, 0.7234181418142744, 0.7253140308106593, 0.7260206140734524, 0.7271625865907958, 0.7304401072248381, 0.7324468830274501, 0.7348501381230161, 0.7370671980714154, 0.7384846913550703, 0.7393264157864363, 0.7396677328886986, 0.741708203362228, 0.7428778706505254, 0.7452134004868518, 0.7463308765276769, 0.7497232878007438, 0.750814028068373, 0.7513630532079435, 0.752755651032571, 0.753186417359287, 0.7563084555757896, 0.7586116981122164, 0.76051128565169, 0.7620712991171337, 0.7645460970197322, 0.7655520379897109, 0.7662123771020803, 0.7689756384522888, 0.7689756384522888, 0.7708906592490432, 0.7716272291368389, 0.7727790600752779, 0.7737024938412878, 0.7771921294099922, 0.779527883139663, 0.779527883139663, 0.7804647446108102, 0.7804647446108102, 0.7822757953575004, 0.7831286692504542, 0.7831286692504542, 0.7851570260575063, 0.7851570260575063, 0.7851570260575063, 0.7851570260575063, 0.7851570260575063, 0.7851570260575063, 0.7851570260575063, 0.7873779285584507, 0.7873779285584507, 0.7883974860239178, 0.7900067623321618, 0.7900067623321618, 0.7900067623321618, 0.7900067623321618, 0.7900067623321618, 0.7900067623321618, 0.7914694416301264, 0.7914694416301264, 0.7914694416301264, 0.7964207741512572, 0.7964207741512572, 0.7964207741512572, 0.7978149390286445, 0.7978149390286445, 0.7978149390286445, 0.7978149390286445, 0.7978149390286445, 0.7997425091137642, 0.7997425091137642, 0.7997425091137642, 0.7997425091137642, 0.7997425091137642, 0.7997425091137642, 0.7997425091137642, 0.7997425091137642, 0.7997425091137642, 0.7997425091137642, 0.7997425091137642, 0.7997425091137642]
[0.12457846690359553, 0.14293278210532895, 0.14358631168573077, 0.1416370379767306, 0.14619471354897295, 0.14463848652765265, 0.15587574474708335, 0.16480786311609552, 0.17257688270537522, 0.18425239072533287, 0.1906352825026571, 0.19733860864683528, 0.21092527102187975, 0.2207954585092359, 0.2220496505058877, 0.22470583940231748, 0.23291280410763449, 0.2346965624916866, 0.2380625823896541, 0.2492086317235885, 0.2572500957374105, 0.26803577318286587, 0.27547886157216916, 0.28046922181324563, 0.2825905666377249, 0.28416350965479215, 0.28902304759952274, 0.2927036496381803, 0.3006873466570053, 0.3043101210152982, 0.3145023136662902, 0.3167304153367637, 0.31835308779603366, 0.3252630580631066, 0.3259720983273495, 0.3359420056930625, 0.3429662066099754, 0.3477876923920072, 0.3522315048292506, 0.36073370608015426, 0.3631042142872407, 0.36517246595563024, 0.3746892340879384, 0.3746892340879384, 0.3823711212858664, 0.38415414098898343, 0.3870518123241389, 0.3907553923083472, 0.4029577216972667, 0.41228138378176976, 0.41228138378176976, 0.41543773942661744, 0.41543773942661744, 0.421143792712822, 0.42396922175963636, 0.42396922175963636, 0.43179811723777206, 0.43179811723777206, 0.43179811723777206, 0.43179811723777206, 0.43179811723777206, 0.43179811723777206, 0.43179811723777206, 0.4399981233058931, 0.4399981233058931, 0.4434170070652448, 0.45123984698082964, 0.45123984698082964, 0.45123984698082964, 0.45123984698082964, 0.45123984698082964, 0.45123984698082964, 0.4571704111289498, 0.4571704111289498, 0.4571704111289498, 0.48070509038273834, 0.48070509038273834, 0.48070509038273834, 0.4863007068795857, 0.4863007068795857, 0.4863007068795857, 0.4863007068795857, 0.4863007068795857, 0.49629830063110003, 0.49629830063110003, 0.49629830063110003, 0.49629830063110003, 0.49629830063110003, 0.49629830063110003, 0.49629830063110003, 0.49629830063110003, 0.49629830063110003, 0.49629830063110003, 0.49629830063110003, 0.49629830063110003]
Training raw path: /home/anhnd/DTI Project/Codes/MPNN/data/KFold/ATCInchikeySideEffectByDrug.txt_train_7
('Number of substructures, proteins, pathways, drugs, se: ', 2936, 1448, 330, 969, 598)
Train: 0.9262 0.7897
Test: 0.7859 0.5018
[0.6343642238353058, 0.64536696275868, 0.6481097561700826, 0.6509503860689014, 0.6520403949860026, 0.6541391084587571, 0.6535418140563554, 0.6568908901197253, 0.6617918975520688, 0.6645134964368293, 0.6634520457809686, 0.6663557847522601, 0.6722450676747537, 0.6752481407556779, 0.6769971917505437, 0.6785819662309333, 0.6814277923177152, 0.6843704747152769, 0.6863320654510712, 0.6905240243839288, 0.6946553902373371, 0.6987210853838612, 0.7022559151290934, 0.7059446539185726, 0.7084342747341056, 0.7089784008321072, 0.7120449187655872, 0.7144459514507266, 0.7169209876260976, 0.7179627112107303, 0.7229507266881097, 0.7249283634393928, 0.7257985188728094, 0.7266302741713973, 0.7272881476435497, 0.7312736873771826, 0.7341197521966707, 0.737081361424242, 0.7396715964981032, 0.7430808132237722, 0.7446912957212088, 0.7455621522333833, 0.7490095102285184, 0.7490095102285184, 0.7511129118715345, 0.7520918625540807, 0.7544559526350882, 0.7556713511417128, 0.7601357747693854, 0.763143301872756, 0.763143301872756, 0.764237306818488, 0.764237306818488, 0.7665760435637189, 0.7676044988010193, 0.7676044988010193, 0.7699443360852117, 0.7699443360852117, 0.7699443360852117, 0.7699443360852117, 0.7699443360852117, 0.7699443360852117, 0.7699443360852117, 0.7728161603918974, 0.7728161603918974, 0.7742501096112611, 0.7755927421566069, 0.7755927421566069, 0.7755927421566069, 0.7755927421566069, 0.7755927421566069, 0.7755927421566069, 0.7771377911974416, 0.7771377911974416, 0.7771377911974416, 0.7823859798511672, 0.7823859798511672, 0.7823859798511672, 0.784080862692942, 0.784080862692942, 0.784080862692942, 0.784080862692942, 0.784080862692942, 0.7859349438288475, 0.7859349438288475, 0.7859349438288475, 0.7859349438288475, 0.7859349438288475, 0.7859349438288475, 0.7859349438288475, 0.7859349438288475, 0.7859349438288475, 0.7859349438288475, 0.7859349438288475, 0.7859349438288475]
[0.09908089215046151, 0.11180805691632187, 0.11845765570815232, 0.12751843650605418, 0.1350898727466052, 0.1393528459211099, 0.14041718569057426, 0.14727129048244603, 0.15578372866943513, 0.16085701719912526, 0.16027446632141604, 0.16571054556637094, 0.17777689424696708, 0.18503993653901668, 0.18881428485187873, 0.1940248296724485, 0.19839191899788355, 0.20436270237275278, 0.20747070917882865, 0.21736829052336054, 0.22767540181836043, 0.23747442364413116, 0.24616760431900975, 0.25680920982365907, 0.26346359448061735, 0.2639775015416614, 0.2709064891212449, 0.2766083854347693, 0.28157351647033807, 0.283100529479691, 0.29525232078953756, 0.2989297669801826, 0.30185675026517306, 0.3049507245938292, 0.3064262071422251, 0.31700431543087226, 0.32677858450233166, 0.3328441526185957, 0.3398449012488646, 0.35052864499465664, 0.354920941109011, 0.35771655713188377, 0.36725732310413034, 0.36725732310413034, 0.37503179385458163, 0.3780123077614867, 0.3854543834452424, 0.3891557410823203, 0.4032185544358086, 0.4131322489100563, 0.4131322489100563, 0.41672250872806765, 0.41672250872806765, 0.42499160738655384, 0.4283982826051231, 0.4283982826051231, 0.4362531356584733, 0.4362531356584733, 0.4362531356584733, 0.4362531356584733, 0.4362531356584733, 0.4362531356584733, 0.4362531356584733, 0.446976011338649, 0.446976011338649, 0.4522794732859639, 0.4573614434645892, 0.4573614434645892, 0.4573614434645892, 0.4573614434645892, 0.4573614434645892, 0.4573614434645892, 0.46325368998291744, 0.46325368998291744, 0.46325368998291744, 0.48639792656932673, 0.48639792656932673, 0.48639792656932673, 0.49359052381175916, 0.49359052381175916, 0.49359052381175916, 0.49359052381175916, 0.49359052381175916, 0.5017704499671989, 0.5017704499671989, 0.5017704499671989, 0.5017704499671989, 0.5017704499671989, 0.5017704499671989, 0.5017704499671989, 0.5017704499671989, 0.5017704499671989, 0.5017704499671989, 0.5017704499671989, 0.5017704499671989]
Training raw path: /home/anhnd/DTI Project/Codes/MPNN/data/KFold/ATCInchikeySideEffectByDrug.txt_train_8
('Number of substructures, proteins, pathways, drugs, se: ', 2936, 1448, 330, 969, 598)
Train: 0.9282 0.7946
Test: 0.7849 0.4717
[0.6326058595909342, 0.6410082196496029, 0.6413357131287852, 0.6504782558740736, 0.6529287415562336, 0.6595461578474802, 0.6619954232861899, 0.6660463243477266, 0.6682574426036416, 0.6714171451013556, 0.6737177247254351, 0.6747687642667208, 0.6774174952827686, 0.6800473794072295, 0.6823694263320685, 0.6839104294311096, 0.6854976525795339, 0.6886191782778773, 0.6907977251852482, 0.6944731283891056, 0.6970000023615206, 0.7013006227111874, 0.7040437363993046, 0.7066910650858559, 0.7090285219965078, 0.7094348489051455, 0.7126968920063759, 0.7151581024111322, 0.718024108788762, 0.7189746585246248, 0.7232685638471201, 0.7252585394638823, 0.7260516199845057, 0.728016365139208, 0.7290349424309268, 0.7332662714824452, 0.7355211124644381, 0.7378733260046355, 0.7400964947265161, 0.7430811786065603, 0.7452332543260547, 0.7455326136106999, 0.7485946701693161, 0.7485946701693161, 0.7502108277142142, 0.7513402782118349, 0.7528976548945863, 0.7538490145134145, 0.7579083439233357, 0.761242600272883, 0.761242600272883, 0.7621169025396759, 0.7621169025396759, 0.764471092016486, 0.7656484391038583, 0.7656484391038583, 0.7680082930336707, 0.7680082930336707, 0.7680082930336707, 0.7680082930336707, 0.7680082930336707, 0.7680082930336707, 0.7680082930336707, 0.7709147466115234, 0.7709147466115234, 0.7722381807516764, 0.7737379713806609, 0.7737379713806609, 0.7737379713806609, 0.7737379713806609, 0.7737379713806609, 0.7737379713806609, 0.7752956076808797, 0.7752956076808797, 0.7752956076808797, 0.7809133446281582, 0.7809133446281582, 0.7809133446281582, 0.7827751755993735, 0.7827751755993735, 0.7827751755993735, 0.7827751755993735, 0.7827751755993735, 0.7848779132823233, 0.7848779132823233, 0.7848779132823233, 0.7848779132823233, 0.7848779132823233, 0.7848779132823233, 0.7848779132823233, 0.7848779132823233, 0.7848779132823233, 0.7848779132823233, 0.7848779132823233, 0.7848779132823233]
[0.10289382624415115, 0.10633511922039182, 0.11762461067649047, 0.12361897637970962, 0.13135399624995223, 0.14402578253137271, 0.14855965081402137, 0.15499759205192998, 0.1573297399363298, 0.16399817379451703, 0.16831761151399605, 0.16974135281665736, 0.17339434844197807, 0.1767812631960611, 0.1812745867488818, 0.18362683109855601, 0.18667569292092723, 0.1927032858655886, 0.19682968823697317, 0.20364747703731667, 0.20961733118312822, 0.21975550237403874, 0.22649386499880939, 0.23432505768470324, 0.24253149522761977, 0.24326976535508305, 0.24998096258657088, 0.25702799906372914, 0.26301816642231246, 0.2644851608061539, 0.27283146011267867, 0.27809578260636986, 0.27921893137779086, 0.28457460549405844, 0.28709306117420136, 0.2978271723129515, 0.3038937261310263, 0.30992982699271887, 0.3160998434112329, 0.32376657523446006, 0.32951663034244194, 0.33024745781181164, 0.3394642876377023, 0.3394642876377023, 0.34453869058980513, 0.3480025843459059, 0.35134756812451806, 0.3544852977469969, 0.36663838454579456, 0.37740331794904897, 0.37740331794904897, 0.38059835736667347, 0.38059835736667347, 0.3882155666148348, 0.39230861543512696, 0.39230861543512696, 0.39929132100907705, 0.39929132100907705, 0.39929132100907705, 0.39929132100907705, 0.39929132100907705, 0.39929132100907705, 0.39929132100907705, 0.40990141307430705, 0.40990141307430705, 0.4149229357926144, 0.42103325372483624, 0.42103325372483624, 0.42103325372483624, 0.42103325372483624, 0.42103325372483624, 0.42103325372483624, 0.42732352891568026, 0.42732352891568026, 0.42732352891568026, 0.45327498133776484, 0.45327498133776484, 0.45327498133776484, 0.461329617871588, 0.461329617871588, 0.461329617871588, 0.461329617871588, 0.461329617871588, 0.4717041203186413, 0.4717041203186413, 0.4717041203186413, 0.4717041203186413, 0.4717041203186413, 0.4717041203186413, 0.4717041203186413, 0.4717041203186413, 0.4717041203186413, 0.4717041203186413, 0.4717041203186413, 0.4717041203186413]
Training raw path: /home/anhnd/DTI Project/Codes/MPNN/data/KFold/ATCInchikeySideEffectByDrug.txt_train_9
('Number of substructures, proteins, pathways, drugs, se: ', 2936, 1448, 330, 969, 598)
Train: 0.9290 0.7951
Test: 0.7699 0.4798
[0.5948546398874783, 0.6166593829778028, 0.6291684936049278, 0.6280808300376487, 0.6315019147727673, 0.633957104916893, 0.6385225011213332, 0.642457520110875, 0.6460795414388892, 0.6506123873790006, 0.6525841132807154, 0.656134668371664, 0.6653576555887143, 0.6691265707636764, 0.6711708297091481, 0.6746942623666339, 0.6766600085341584, 0.679222853307586, 0.6804598251608871, 0.684850620468347, 0.688818618591082, 0.6928930255549604, 0.6967863748351506, 0.7001293652723399, 0.7019297690687316, 0.7026084361335064, 0.705320875847452, 0.7075651517045378, 0.7100231662880193, 0.7116888074730312, 0.7149148543529178, 0.716216863016239, 0.7169003286353668, 0.7183348213919161, 0.7192258602904413, 0.7228220114997553, 0.7247428421930431, 0.7279777533741372, 0.7300940013390282, 0.733244550614751, 0.7350440885247339, 0.7355167057656302, 0.738257603357299, 0.738257603357299, 0.7400437405207092, 0.7407136467458616, 0.7426081965224195, 0.7433567549798872, 0.7467121576205602, 0.7491073485664478, 0.7491073485664478, 0.7499547468334553, 0.7499547468334553, 0.7520676305243571, 0.7530641734805211, 0.7530641734805211, 0.755259472042323, 0.755259472042323, 0.755259472042323, 0.755259472042323, 0.755259472042323, 0.755259472042323, 0.755259472042323, 0.7576529992658879, 0.7576529992658879, 0.7590839605797378, 0.7604297057750224, 0.7604297057750224, 0.7604297057750224, 0.7604297057750224, 0.7604297057750224, 0.7604297057750224, 0.7618570846332346, 0.7618570846332346, 0.7618570846332346, 0.766545536730822, 0.766545536730822, 0.766545536730822, 0.7682183663015805, 0.7682183663015805, 0.7682183663015805, 0.7682183663015805, 0.7682183663015805, 0.7699420324470054, 0.7699420324470054, 0.7699420324470054, 0.7699420324470054, 0.7699420324470054, 0.7699420324470054, 0.7699420324470054, 0.7699420324470054, 0.7699420324470054, 0.7699420324470054, 0.7699420324470054, 0.7699420324470054]
[0.07866157131850803, 0.09950998341391659, 0.11238596037331951, 0.11232286016401771, 0.12491813122353038, 0.12902434807528945, 0.13608978323235132, 0.14240868207409657, 0.1511987877840473, 0.15962634741620665, 0.1628325103623076, 0.16821622067295983, 0.18251330241818714, 0.19146824069882112, 0.1960966834895821, 0.20475595488852202, 0.20929790776663199, 0.2160102306067209, 0.2186723581209984, 0.22852358269446224, 0.23909324417168976, 0.24668108009257014, 0.2564718780881472, 0.2651685357658964, 0.26923815497504755, 0.2704195457884132, 0.27752317490752404, 0.28369625429554524, 0.2899613007614655, 0.2936636776190991, 0.3006135078427479, 0.304031800252204, 0.30622591905011265, 0.31077860243458866, 0.31282827156822907, 0.3226102432589648, 0.32832272752805924, 0.33704087146050865, 0.3423857250906397, 0.3515794986577088, 0.35659957891257554, 0.3579845878638306, 0.3667159383066799, 0.3667159383066799, 0.3719200584545629, 0.3739409050044534, 0.38071106696360185, 0.38308962578264716, 0.3932997579544676, 0.4013422804549151, 0.4013422804549151, 0.4034610155340428, 0.4034610155340428, 0.40988480953379447, 0.41218049982377974, 0.41218049982377974, 0.4200112264850698, 0.4200112264850698, 0.4200112264850698, 0.4200112264850698, 0.4200112264850698, 0.4200112264850698, 0.4200112264850698, 0.42934525135580337, 0.42934525135580337, 0.43476851166151376, 0.44012554985918917, 0.44012554985918917, 0.44012554985918917, 0.44012554985918917, 0.44012554985918917, 0.44012554985918917, 0.4460800736952343, 0.4460800736952343, 0.4460800736952343, 0.4652241104530791, 0.4652241104530791, 0.4652241104530791, 0.47225022087441476, 0.47225022087441476, 0.47225022087441476, 0.47225022087441476, 0.47225022087441476, 0.47979154390412904, 0.47979154390412904, 0.47979154390412904, 0.47979154390412904, 0.47979154390412904, 0.47979154390412904, 0.47979154390412904, 0.47979154390412904, 0.47979154390412904, 0.47979154390412904, 0.47979154390412904, 0.47979154390412904]
AUC: 0.7812 0.0028
AUPR: 0.4926 0.0049
('RARE AUC', [(0.6281019414117341, 0.012262491076922875), (0.640175227721024, 0.010359557223947009), (0.6443613770620555, 0.0096138084694437), (0.644952078180697, 0.009035487112647452), (0.6462254872285249, 0.008229332965181255), (0.6487999279421863, 0.007673116812336717), (0.6532965615359432, 0.006920930757987499), (0.6576831862373846, 0.006535347854487371), (0.6613004394977925, 0.006112626307679193), (0.6644580339051964, 0.00610882388267456), (0.6656671338450346, 0.006156751187175079), (0.6687264582918212, 0.005977350149927569), (0.6752284295341966, 0.0056253576538509336), (0.6790657391142254, 0.005424415455653759), (0.6806320448370246, 0.005212927750723138), (0.6831077458392742, 0.00495256112583215), (0.6852512876508087, 0.004929775986564236), (0.6880282705582195, 0.004738149118549815), (0.6895625226305427, 0.00468108513203235), (0.6935659655216742, 0.004569613413227535), (0.6970726231280133, 0.004406066084256336), (0.7006405461209979, 0.0042432606471657554), (0.7039668048613519, 0.004099521758244065), (0.7070284199804134, 0.003914477065851116), (0.709334145489351, 0.003867549277367623), (0.7098473200434656, 0.0038447071155488823), (0.7127318274543775, 0.003781527353276755), (0.7150097020410577, 0.0037077962839877194), (0.7177787085217239, 0.0035903165339536123), (0.7189920755379033, 0.003588263872049296), (0.722806890979093, 0.0034866513540649977), (0.724698795054262, 0.0033967762342406774), (0.7253711982661145, 0.003374783348721444), (0.7268331128964165, 0.003347866851273656), (0.7275747474530533, 0.0033146902189715322), (0.7320446766976143, 0.003213166495367045), (0.7343889574113588, 0.003205916615207353), (0.7372941417144516, 0.0030924722848922432), (0.7395115939217283, 0.0030302552412877354), (0.7425713787065507, 0.00294488603421715), (0.7440472641420277, 0.0029047700619594823), (0.7448081592884926, 0.002889824199448252), (0.7478910002707317, 0.0028556295531296317), (0.7478910002707317, 0.0028556295531296317), (0.7496474933884325, 0.002877279103337573), (0.7504976900379996, 0.0028674603189052595), (0.7522904004671711, 0.0028093313127412777), (0.7532288429949646, 0.0028032871229541085), (0.7569238010212936, 0.002823438775441423), (0.7596776251307332, 0.0027927423893537597), (0.7596776251307332, 0.0027927423893537597), (0.7605939336158699, 0.002796119687931591), (0.7605939336158699, 0.002796119687931591), (0.7626385102918507, 0.002785037454604855), (0.763658282066474, 0.002761225632644066), (0.763658282066474, 0.002761225632644066), (0.7658384392435316, 0.002758505908204791), (0.7658384392435316, 0.002758505908204791), (0.7658384392435316, 0.002758505908204791), (0.7658384392435316, 0.002758505908204791), (0.7658384392435316, 0.002758505908204791), (0.7658384392435316, 0.002758505908204791), (0.7658384392435316, 0.002758505908204791), (0.768432479046112, 0.00274269128263006), (0.768432479046112, 0.00274269128263006), (0.769750175066006, 0.0027071494182421088), (0.7711543081939942, 0.002729809363837907), (0.7711543081939942, 0.002729809363837907), (0.7711543081939942, 0.002729809363837907), (0.7711543081939942, 0.002729809363837907), (0.7711543081939942, 0.002729809363837907), (0.7711543081939942, 0.002729809363837907), (0.7727500162534898, 0.0027289822080641497), (0.7727500162534898, 0.0027289822080641497), (0.7727500162534898, 0.0027289822080641497), (0.7776677212383551, 0.002759614504909789), (0.7776677212383551, 0.002759614504909789), (0.7776677212383551, 0.002759614504909789), (0.7793543646829572, 0.0027360714716295523), (0.7793543646829572, 0.0027360714716295523), (0.7793543646829572, 0.0027360714716295523), (0.7793543646829572, 0.0027360714716295523), (0.7793543646829572, 0.0027360714716295523), (0.7811938192473326, 0.0027519150947973546), (0.7811938192473326, 0.0027519150947973546), (0.7811938192473326, 0.0027519150947973546), (0.7811938192473326, 0.0027519150947973546), (0.7811938192473326, 0.0027519150947973546), (0.7811938192473326, 0.0027519150947973546), (0.7811938192473326, 0.0027519150947973546), (0.7811938192473326, 0.0027519150947973546), (0.7811938192473326, 0.0027519150947973546), (0.7811938192473326, 0.0027519150947973546), (0.7811938192473326, 0.0027519150947973546), (0.7811938192473326, 0.0027519150947973546)])
('RARE AUPR', [(0.09665952314135937, 0.004646169321920156), (0.1120825596075868, 0.004681674800301466), (0.11949171356394735, 0.004136747315905496), (0.1231143526458264, 0.00362578481122585), (0.130978835050192, 0.0032660520144016008), (0.1361854022071341, 0.0030836988548410453), (0.14457553816139215, 0.0032396508019289657), (0.15230096315890057, 0.0029864082011592844), (0.15965476842019455, 0.0026123023515440234), (0.1671081117848899, 0.0028887905861442395), (0.1698860946536835, 0.0032203836239392556), (0.17536238450269498, 0.003385402467178872), (0.18740454930805997, 0.003567912535873323), (0.1952563203103354, 0.003842097822768165), (0.19864137835751264, 0.003581618795139589), (0.2040194510154198, 0.003582907048325407), (0.20892032600195015, 0.004009046138689792), (0.2145547572853924, 0.003929230541844604), (0.2172581233807394, 0.0038640667609156133), (0.2269538750334051, 0.0042419756842106), (0.23676456496156711, 0.004439671941462455), (0.24551039949900103, 0.004253017987933726), (0.2538662028767586, 0.004445455731276525), (0.26180716367875123, 0.004506989206787014), (0.2672864268247502, 0.00440480162344331), (0.2684289742084802, 0.0044561215486809205), (0.27515261830988297, 0.0044832100896558084), (0.2810532695986436, 0.004548619296071585), (0.28766566778577474, 0.004550131216006272), (0.290560308009175, 0.004715362719784032), (0.29924916895014786, 0.004645668231250854), (0.3037368817722973, 0.004650069141016171), (0.3055124557160035, 0.0047553799964350895), (0.31018385045148733, 0.004762939351929024), (0.31195802120137434, 0.004769562827220229), (0.32433921568511553, 0.005096045218385871), (0.33127094625453785, 0.005267317391847275), (0.33911160272138435, 0.0054870600575657085), (0.3452090076795194, 0.005571443270169147), (0.3540090608203702, 0.005655386612830836), (0.35792333606450083, 0.005660852274328579), (0.36011742563700233, 0.005880469541145567), (0.3692088100395886, 0.005868962597528403), (0.3692088100395886, 0.005868962597528403), (0.3752263543101161, 0.006050326524184935), (0.37769504663850884, 0.005951584373693512), (0.38336885775074653, 0.006136727802070224), (0.38640738245285594, 0.006155994422149531), (0.3980530550614293, 0.0061205576668740104), (0.40729034455696056, 0.006061650000596282), (0.40729034455696056, 0.006061650000596282), (0.4101140533187972, 0.006082902149396454), (0.4101140533187972, 0.006082902149396454), (0.4167752104477428, 0.006052716775682093), (0.4201005405972723, 0.006093716600631987), (0.4201005405972723, 0.006093716600631987), (0.4276304760238988, 0.006003728500601271), (0.4276304760238988, 0.006003728500601271), (0.4276304760238988, 0.006003728500601271), (0.4276304760238988, 0.006003728500601271), (0.4276304760238988, 0.006003728500601271), (0.4276304760238988, 0.006003728500601271), (0.4276304760238988, 0.006003728500601271), (0.4375355561259484, 0.005954170905264572), (0.4375355561259484, 0.005954170905264572), (0.4423968565683093, 0.0059687481772878965), (0.44821451426578174, 0.005871030019129758), (0.44821451426578174, 0.005871030019129758), (0.44821451426578174, 0.005871030019129758), (0.44821451426578174, 0.005871030019129758), (0.44821451426578174, 0.005871030019129758), (0.44821451426578174, 0.005871030019129758), (0.45543203443893254, 0.005788391733887431), (0.45543203443893254, 0.005788391733887431), (0.45543203443893254, 0.005788391733887431), (0.47671465567553284, 0.005131146711878031), (0.47671465567553284, 0.005131146711878031), (0.47671465567553284, 0.005131146711878031), (0.4839349599113826, 0.005006056879133212), (0.4839349599113826, 0.005006056879133212), (0.4839349599113826, 0.005006056879133212), (0.4839349599113826, 0.005006056879133212), (0.4839349599113826, 0.005006056879133212), (0.4925502359027541, 0.004888626034457159), (0.4925502359027541, 0.004888626034457159), (0.4925502359027541, 0.004888626034457159), (0.4925502359027541, 0.004888626034457159), (0.4925502359027541, 0.004888626034457159), (0.4925502359027541, 0.004888626034457159), (0.4925502359027541, 0.004888626034457159), (0.4925502359027541, 0.004888626034457159), (0.4925502359027541, 0.004888626034457159), (0.4925502359027541, 0.004888626034457159), (0.4925502359027541, 0.004888626034457159), (0.4925502359027541, 0.004888626034457159)])
