CSMF_P
<models.baselines.CSMF.CSMF object at 0x7fac61b423d0>
('Manual torch seed: ', 1772727637)
('Config: ', 'Protein Test: ', False, 'KNN: ', 2)
Training raw path: /home/anhnd/DTI Project/Codes/MPNN/data/KFold/ATCInchikeySideEffectByDrug.txt_train_0
('Number of substructures, proteins, pathways, drugs, se: ', 2936, 1448, 330, 969, 598)
((872, 4714), (97, 4714), (872, 598), (97, 598))
('VALIDATE SUM PROTEIN TRAIN: ', 22497.0)
('VALIDATE SUM PROTEIN TEST: ', 0.0)
Train: 0.9997 0.9990
Test: 0.7277 0.4587
[0.6240879722604569, 0.6364812100701991, 0.6418325026632887, 0.6356819952868387, 0.6348084904362646, 0.6334046356986593, 0.6336709129270333, 0.633456297861314, 0.6356250981310229, 0.6376756832878916, 0.6373310419618402, 0.6386924849127606, 0.6394246861494953, 0.640659159685909, 0.6412904537235725, 0.6424566767492235, 0.6437699434105367, 0.6450477613957615, 0.6458933822949704, 0.6486577870437312, 0.6517138475562875, 0.6542074515333434, 0.655515609774902, 0.6582809162313833, 0.6596481497096793, 0.6600287486388254, 0.661107020061273, 0.6622822507799246, 0.6642717201181956, 0.6652842734923836, 0.669512143691527, 0.6712029533631185, 0.6719527352310115, 0.6734789749478226, 0.6740265873031085, 0.6778690021542852, 0.6796850370797213, 0.6821512646697436, 0.6840706932851579, 0.6868282172078465, 0.6881410074265152, 0.6888069417983422, 0.691660983180461, 0.691660983180461, 0.6935105791622639, 0.6944413607700831, 0.6961249716855503, 0.6970156191328214, 0.7005654327433957, 0.7034950512260443, 0.7034950512260443, 0.704598050692501, 0.704598050692501, 0.7069249575705017, 0.7079627993101258, 0.7079627993101258, 0.7101766817690562, 0.7101766817690562, 0.7101766817690562, 0.7101766817690562, 0.7101766817690562, 0.7101766817690562, 0.7101766817690562, 0.7133090416119007, 0.7133090416119007, 0.7148311070382967, 0.7163023357136667, 0.7163023357136667, 0.7163023357136667, 0.7163023357136667, 0.7163023357136667, 0.7163023357136667, 0.7181013346680996, 0.7181013346680996, 0.7181013346680996, 0.7235066175361995, 0.7235066175361995, 0.7235066175361995, 0.725475350227355, 0.725475350227355, 0.725475350227355, 0.725475350227355, 0.725475350227355, 0.7276532748569942, 0.7276532748569942, 0.7276532748569942, 0.7276532748569942, 0.7276532748569942, 0.7276532748569942, 0.7276532748569942, 0.7276532748569942, 0.7276532748569942, 0.7276532748569942, 0.7276532748569942, 0.7276532748569942]
[0.13822638814718113, 0.16613327669122796, 0.17103600810948683, 0.165818530499364, 0.16726264004713115, 0.1682808994447303, 0.17238107024480476, 0.17865282966763046, 0.18339664677043196, 0.18660797385575778, 0.18843105884896066, 0.19280261547222766, 0.20254834635243213, 0.20925034836342402, 0.21203784939569717, 0.21537801676237023, 0.21841498164618814, 0.22431588715228276, 0.22683708006213874, 0.23688628856227306, 0.24623774597175274, 0.2528316639338829, 0.2560438378444325, 0.26202641340563493, 0.26655981994526035, 0.26742988148604924, 0.2713325983153861, 0.2747973474020365, 0.2802558111403014, 0.2828298373645414, 0.2929507020360237, 0.29716856126101454, 0.29860150879892366, 0.304040345857178, 0.30667366449944755, 0.31979522665462823, 0.3246549955187992, 0.3318352996564969, 0.33623661728950643, 0.34441523792701956, 0.347380711978216, 0.3495241626918904, 0.356660961162993, 0.356660961162993, 0.36185812587481314, 0.3641157110389013, 0.3699598869695575, 0.37248284628261574, 0.3822549561480006, 0.39085404059945117, 0.39085404059945117, 0.3934155437549975, 0.3934155437549975, 0.40061793253041844, 0.4032388830712012, 0.4032388830712012, 0.40946524922368777, 0.40946524922368777, 0.40946524922368777, 0.40946524922368777, 0.40946524922368777, 0.40946524922368777, 0.40946524922368777, 0.41785234598870086, 0.41785234598870086, 0.42166128034196426, 0.4259842000696432, 0.4259842000696432, 0.4259842000696432, 0.4259842000696432, 0.4259842000696432, 0.4259842000696432, 0.43145593825832845, 0.43145593825832845, 0.43145593825832845, 0.44658537076443255, 0.44658537076443255, 0.44658537076443255, 0.4522965859096586, 0.4522965859096586, 0.4522965859096586, 0.4522965859096586, 0.4522965859096586, 0.45873395914589893, 0.45873395914589893, 0.45873395914589893, 0.45873395914589893, 0.45873395914589893, 0.45873395914589893, 0.45873395914589893, 0.45873395914589893, 0.45873395914589893, 0.45873395914589893, 0.45873395914589893, 0.45873395914589893]
Training raw path: /home/anhnd/DTI Project/Codes/MPNN/data/KFold/ATCInchikeySideEffectByDrug.txt_train_1
('Number of substructures, proteins, pathways, drugs, se: ', 2936, 1448, 330, 969, 598)
((872, 4714), (97, 4714), (872, 598), (97, 598))
('VALIDATE SUM PROTEIN TRAIN: ', 22668.0)
('VALIDATE SUM PROTEIN TEST: ', 0.0)
Train: 0.9996 0.9984
Test: 0.7130 0.4306
[0.6218267397571363, 0.6310496214350492, 0.6244336453523616, 0.6210735644146154, 0.6213268722772198, 0.6211602020210425, 0.6196357680517933, 0.6182708527680225, 0.61962944932787, 0.62180636303596, 0.621408019057893, 0.6226469340792369, 0.6240089248130094, 0.6253513138231, 0.6262014211090304, 0.6282248874342696, 0.6283477580004581, 0.6292156167299289, 0.6295225377880462, 0.6291693654351909, 0.6316771925509352, 0.634450855584107, 0.6347319180949081, 0.6364826322513697, 0.6359716097079808, 0.6362879068357873, 0.6384356782247359, 0.6401958335145261, 0.6424464121438066, 0.6436896213700862, 0.6477907733554167, 0.6504702428452629, 0.6515138136126017, 0.6532605565754972, 0.6539049315578707, 0.6580536513547721, 0.6599990074042719, 0.6628000102282519, 0.6645132887460607, 0.6683775807320002, 0.6701939561537025, 0.6711446352002872, 0.6746313951003466, 0.6746313951003466, 0.6754139530924105, 0.6766381320297614, 0.6789089335585645, 0.6797760102284535, 0.6830559639943643, 0.6864841625511875, 0.6864841625511875, 0.6874847254614451, 0.6874847254614451, 0.6896878203914851, 0.6911401121173245, 0.6911401121173245, 0.6936278160181462, 0.6936278160181462, 0.6936278160181462, 0.6936278160181462, 0.6936278160181462, 0.6936278160181462, 0.6936278160181462, 0.6968721810788675, 0.6968721810788675, 0.6985880179062206, 0.700110856032498, 0.700110856032498, 0.700110856032498, 0.700110856032498, 0.700110856032498, 0.700110856032498, 0.7023913935112164, 0.7023913935112164, 0.7023913935112164, 0.7083143347864626, 0.7083143347864626, 0.7083143347864626, 0.7106425720409756, 0.7106425720409756, 0.7106425720409756, 0.7106425720409756, 0.7106425720409756, 0.713013848210434, 0.713013848210434, 0.713013848210434, 0.713013848210434, 0.713013848210434, 0.713013848210434, 0.713013848210434, 0.713013848210434, 0.713013848210434, 0.713013848210434, 0.713013848210434, 0.713013848210434]
[0.11559326860744305, 0.13165091203944185, 0.1294965709390395, 0.13818396858184032, 0.1445668430395795, 0.1464751209446657, 0.15128577649556177, 0.15446518636386483, 0.16117780137681087, 0.16407419653380867, 0.16360855947376512, 0.16840748428222274, 0.17626041561035907, 0.18291809803721273, 0.18530282131768253, 0.19070957411594466, 0.19162167987730797, 0.19693837358965607, 0.198272031820564, 0.20397388492182977, 0.21347622963527008, 0.2207686444220736, 0.22311450272391145, 0.22869448630406883, 0.22997518656319893, 0.23072248260292735, 0.23373099701757005, 0.2394125414984688, 0.24587652104891372, 0.24853073789013244, 0.25863983837071836, 0.26409271173480475, 0.26682791521628546, 0.2717089922630997, 0.27366729002654505, 0.2833920534030044, 0.28851501095400955, 0.29703869537345323, 0.30089001386538183, 0.3102439974802863, 0.3149523890576372, 0.3171776258445163, 0.3252053885422138, 0.3252053885422138, 0.32843118129382565, 0.3315555040103526, 0.33756851541587896, 0.33999783562162694, 0.3482240770334475, 0.35699646730428225, 0.35699646730428225, 0.3591998288724465, 0.3591998288724465, 0.3651597517640797, 0.368335598735422, 0.368335598735422, 0.37477791199451665, 0.37477791199451665, 0.37477791199451665, 0.37477791199451665, 0.37477791199451665, 0.37477791199451665, 0.37477791199451665, 0.3835591945372027, 0.3835591945372027, 0.387551777409484, 0.39191386705293346, 0.39191386705293346, 0.39191386705293346, 0.39191386705293346, 0.39191386705293346, 0.39191386705293346, 0.399023193838537, 0.399023193838537, 0.399023193838537, 0.4159742956147613, 0.4159742956147613, 0.4159742956147613, 0.42324332935797526, 0.42324332935797526, 0.42324332935797526, 0.42324332935797526, 0.42324332935797526, 0.43055402863723263, 0.43055402863723263, 0.43055402863723263, 0.43055402863723263, 0.43055402863723263, 0.43055402863723263, 0.43055402863723263, 0.43055402863723263, 0.43055402863723263, 0.43055402863723263, 0.43055402863723263, 0.43055402863723263]
Training raw path: /home/anhnd/DTI Project/Codes/MPNN/data/KFold/ATCInchikeySideEffectByDrug.txt_train_2
('Number of substructures, proteins, pathways, drugs, se: ', 2936, 1448, 330, 969, 598)
((872, 4714), (97, 4714), (872, 598), (97, 598))
('VALIDATE SUM PROTEIN TRAIN: ', 22376.0)
('VALIDATE SUM PROTEIN TEST: ', 0.0)
Train: 0.9997 0.9988
Test: 0.7145 0.4641
[0.6120134733675248, 0.6129646914385528, 0.622102765873427, 0.6209695373495275, 0.6195760422994223, 0.6213990862345478, 0.6216537619386124, 0.6244576830353724, 0.624696890543498, 0.6240610860551149, 0.6246129586800558, 0.6259032724229794, 0.6263698565655071, 0.6284707528990009, 0.6285350204348265, 0.6300605551674512, 0.6313810948545561, 0.6334127732728818, 0.6335228025486528, 0.6358511183264441, 0.6390756281243926, 0.6417572848780886, 0.643228993837896, 0.6458044805303498, 0.6479996231357201, 0.6479643159784763, 0.6493885872924287, 0.6508704802280372, 0.6520827307866073, 0.6527840155403712, 0.655173282801537, 0.6569454397401591, 0.6575387356501579, 0.6581532911829306, 0.6588454451555289, 0.6633624227250453, 0.6660602167044181, 0.6678943619497961, 0.670318603365857, 0.6723614493637182, 0.6738280561817869, 0.6750386643941982, 0.6778792916674545, 0.6778792916674545, 0.6796960279377461, 0.6806307534667486, 0.6826650912865306, 0.6837722398517732, 0.6873282768791817, 0.6902486656321558, 0.6902486656321558, 0.6910549621777129, 0.6910549621777129, 0.6930991631880075, 0.6944460064984159, 0.6944460064984159, 0.6967768354325505, 0.6967768354325505, 0.6967768354325505, 0.6967768354325505, 0.6967768354325505, 0.6967768354325505, 0.6967768354325505, 0.6998729651815845, 0.6998729651815845, 0.7015417015414892, 0.7031562221872811, 0.7031562221872811, 0.7031562221872811, 0.7031562221872811, 0.7031562221872811, 0.7031562221872811, 0.7050123614017612, 0.7050123614017612, 0.7050123614017612, 0.7104600178405991, 0.7104600178405991, 0.7104600178405991, 0.7123914764919371, 0.7123914764919371, 0.7123914764919371, 0.7123914764919371, 0.7123914764919371, 0.7144717649049477, 0.7144717649049477, 0.7144717649049477, 0.7144717649049477, 0.7144717649049477, 0.7144717649049477, 0.7144717649049477, 0.7144717649049477, 0.7144717649049477, 0.7144717649049477, 0.7144717649049477, 0.7144717649049477]
[0.14525407400192258, 0.170143531515812, 0.19870984029224054, 0.1940734630300881, 0.19706832179508488, 0.2004833144921711, 0.20581423256317694, 0.21009276515475722, 0.21379199197451448, 0.21558819361764409, 0.2169477165001463, 0.22169241864871794, 0.2289493859635122, 0.2324710361234092, 0.23387195264063793, 0.23762332451009088, 0.2404827327206533, 0.24507177731771762, 0.24548314466903987, 0.25669331098052806, 0.26653782483221955, 0.27259978375676064, 0.27890601950308047, 0.2865967069839257, 0.29371480787826515, 0.29392642462697127, 0.298196261769798, 0.30392569846629225, 0.30893582917096196, 0.3105275949061832, 0.31572368926032235, 0.31933065322066057, 0.32069591530530783, 0.32224678502611936, 0.32353870223675185, 0.3337423810151973, 0.3400154827189023, 0.3447862688801571, 0.3511271533138049, 0.3559295046713277, 0.3592843729356252, 0.36173345357872955, 0.3685004745428747, 0.3685004745428747, 0.3737538209115093, 0.37610480676201613, 0.38113566353755196, 0.38297922827089087, 0.39206873740129666, 0.399022015708092, 0.399022015708092, 0.4013763266567465, 0.4013763266567465, 0.40602576566420434, 0.40955990939462084, 0.40955990939462084, 0.41483200211985494, 0.41483200211985494, 0.41483200211985494, 0.41483200211985494, 0.41483200211985494, 0.41483200211985494, 0.41483200211985494, 0.42297952241882575, 0.42297952241882575, 0.4270656796235325, 0.4314308253843802, 0.4314308253843802, 0.4314308253843802, 0.4314308253843802, 0.4314308253843802, 0.4314308253843802, 0.43693296230338896, 0.43693296230338896, 0.43693296230338896, 0.452505502680029, 0.452505502680029, 0.452505502680029, 0.45778173372323056, 0.45778173372323056, 0.45778173372323056, 0.45778173372323056, 0.45778173372323056, 0.4641276687354159, 0.4641276687354159, 0.4641276687354159, 0.4641276687354159, 0.4641276687354159, 0.4641276687354159, 0.4641276687354159, 0.4641276687354159, 0.4641276687354159, 0.4641276687354159, 0.4641276687354159, 0.4641276687354159]
Training raw path: /home/anhnd/DTI Project/Codes/MPNN/data/KFold/ATCInchikeySideEffectByDrug.txt_train_3
('Number of substructures, proteins, pathways, drugs, se: ', 2936, 1448, 330, 969, 598)
((872, 4714), (97, 4714), (872, 598), (97, 598))
('VALIDATE SUM PROTEIN TRAIN: ', 22809.0)
('VALIDATE SUM PROTEIN TEST: ', 0.0)
Train: 0.9996 0.9985
Test: 0.7101 0.4166
[0.5918793614878733, 0.5996499460298275, 0.6060110254961728, 0.6104115042054432, 0.6108929023721756, 0.6135396920286373, 0.6121050604276881, 0.6133116327344225, 0.6144071331572563, 0.6164223490726947, 0.6147892621926434, 0.6161586884017433, 0.6172571137471246, 0.6196037559410353, 0.6202051954198113, 0.6219317408934835, 0.6234854605907634, 0.6242994973244971, 0.6253739224334836, 0.6281748994189924, 0.6309786749335382, 0.634805894232513, 0.6368847442133068, 0.639003090557753, 0.6393098267633541, 0.6396716557852502, 0.6424771280342304, 0.6434551949769521, 0.6453732872496769, 0.64634568642061, 0.64977539280485, 0.6504406944813534, 0.6511316174271076, 0.6522226552196445, 0.6525544382334448, 0.6572142812627962, 0.659542728310881, 0.6612778216615632, 0.6630739445301128, 0.6656720168983117, 0.6668773604373028, 0.6680616780129083, 0.6712577949235523, 0.6712577949235523, 0.6731859731005537, 0.6742739706690372, 0.6757366490438573, 0.6768522279881279, 0.6805808847620548, 0.6839754958994255, 0.6839754958994255, 0.6848452687366582, 0.6848452687366582, 0.6869349214728059, 0.6882007761433644, 0.6882007761433644, 0.6908140654664389, 0.6908140654664389, 0.6908140654664389, 0.6908140654664389, 0.6908140654664389, 0.6908140654664389, 0.6908140654664389, 0.6939377022528632, 0.6939377022528632, 0.6957317967372371, 0.6974703364929367, 0.6974703364929367, 0.6974703364929367, 0.6974703364929367, 0.6974703364929367, 0.6974703364929367, 0.6995209037700697, 0.6995209037700697, 0.6995209037700697, 0.7056994019041272, 0.7056994019041272, 0.7056994019041272, 0.7078852713252176, 0.7078852713252176, 0.7078852713252176, 0.7078852713252176, 0.7078852713252176, 0.7101345843184786, 0.7101345843184786, 0.7101345843184786, 0.7101345843184786, 0.7101345843184786, 0.7101345843184786, 0.7101345843184786, 0.7101345843184786, 0.7101345843184786, 0.7101345843184786, 0.7101345843184786, 0.7101345843184786]
[0.09972727882536317, 0.1115931051854322, 0.11703612359588995, 0.12494914616668587, 0.13287890610949613, 0.1387265212362523, 0.14090708298320173, 0.1482529500956541, 0.15601519572769038, 0.16073119018356824, 0.16200932994602207, 0.1668882394072862, 0.17281979691023364, 0.18017937474885684, 0.18208332630441973, 0.18735700008204625, 0.19193735258972003, 0.1955643060318023, 0.1972419772308195, 0.2043385924552365, 0.2114173773978507, 0.2186328227430973, 0.22318861240398258, 0.22780732059792563, 0.2300783405222358, 0.23165354445683095, 0.23878178917971754, 0.2415999761740698, 0.24667625083463027, 0.24812042128914027, 0.25550445952722056, 0.25833513340880415, 0.25931557836218155, 0.2624090616237892, 0.2638188962603927, 0.27441245091356037, 0.27920552786401076, 0.28459679248009623, 0.2902573090175824, 0.2976587578515097, 0.30096037175179935, 0.30317561863325804, 0.3112382450912269, 0.3112382450912269, 0.3155310487872321, 0.317702755970091, 0.32309555066434353, 0.32586495408372895, 0.3354938382268256, 0.3442620746987354, 0.3442620746987354, 0.34624911420856097, 0.34624911420856097, 0.35169250319612383, 0.3548822505391495, 0.3548822505391495, 0.36138608359062924, 0.36138608359062924, 0.36138608359062924, 0.36138608359062924, 0.36138608359062924, 0.36138608359062924, 0.36138608359062924, 0.3694854407768699, 0.3694854407768699, 0.3738813266822158, 0.37882953136493014, 0.37882953136493014, 0.37882953136493014, 0.37882953136493014, 0.37882953136493014, 0.37882953136493014, 0.38510447263790726, 0.38510447263790726, 0.38510447263790726, 0.4031198427246447, 0.4031198427246447, 0.4031198427246447, 0.40957415951676895, 0.40957415951676895, 0.40957415951676895, 0.40957415951676895, 0.40957415951676895, 0.4165707323963467, 0.4165707323963467, 0.4165707323963467, 0.4165707323963467, 0.4165707323963467, 0.4165707323963467, 0.4165707323963467, 0.4165707323963467, 0.4165707323963467, 0.4165707323963467, 0.4165707323963467, 0.4165707323963467]
Training raw path: /home/anhnd/DTI Project/Codes/MPNN/data/KFold/ATCInchikeySideEffectByDrug.txt_train_4
('Number of substructures, proteins, pathways, drugs, se: ', 2936, 1448, 330, 969, 598)
((872, 4714), (97, 4714), (872, 598), (97, 598))
('VALIDATE SUM PROTEIN TRAIN: ', 22764.0)
('VALIDATE SUM PROTEIN TEST: ', 0.0)
Train: 0.9996 0.9987
Test: 0.7495 0.4436
[0.663436467387171, 0.6497591470528897, 0.6636052887617659, 0.6551529625230004, 0.6556552699246148, 0.6564954626694662, 0.6563354915792453, 0.6597697762000169, 0.661342276117394, 0.6636899273495809, 0.6638520885455297, 0.6641037427942851, 0.666646096840364, 0.6679868198883732, 0.6687655583837255, 0.6689857707271964, 0.6699018854286958, 0.6712793446591069, 0.672906690012022, 0.6737671608953639, 0.6776197112778279, 0.679911059028001, 0.6809229407078835, 0.6832945146080796, 0.6845447908920785, 0.6848169162293019, 0.6871307499855158, 0.6879855706939049, 0.6901919282242789, 0.6910759084883905, 0.6928594487619001, 0.694622513143053, 0.6948164206935683, 0.6968811531695477, 0.6972345610664206, 0.7007961177539936, 0.7025945576335006, 0.7048818352443311, 0.7066828115373809, 0.7093229941514017, 0.7102959274532501, 0.7111598009522013, 0.713877542949249, 0.713877542949249, 0.7153127757201325, 0.7160933127510677, 0.7176786231343479, 0.7185203251495389, 0.7220241885619313, 0.7249939912619696, 0.7249939912619696, 0.7260411704904781, 0.7260411704904781, 0.7277819299946637, 0.7287215865295636, 0.7287215865295636, 0.7311252507073411, 0.7311252507073411, 0.7311252507073411, 0.7311252507073411, 0.7311252507073411, 0.7311252507073411, 0.7311252507073411, 0.734220757202156, 0.734220757202156, 0.7357028518102557, 0.7373803415265077, 0.7373803415265077, 0.7373803415265077, 0.7373803415265077, 0.7373803415265077, 0.7373803415265077, 0.739265550138074, 0.739265550138074, 0.739265550138074, 0.7453925684838916, 0.7453925684838916, 0.7453925684838916, 0.7473522007604188, 0.7473522007604188, 0.7473522007604188, 0.7473522007604188, 0.7473522007604188, 0.7494646528020369, 0.7494646528020369, 0.7494646528020369, 0.7494646528020369, 0.7494646528020369, 0.7494646528020369, 0.7494646528020369, 0.7494646528020369, 0.7494646528020369, 0.7494646528020369, 0.7494646528020369, 0.7494646528020369]
[0.13331003426713017, 0.14531146276713072, 0.16446955193046153, 0.1612320273980151, 0.16235524572010135, 0.1667618698882094, 0.17299655424596952, 0.18696725174994178, 0.19385716053898086, 0.20363664371979306, 0.20477712307848228, 0.20882262379154254, 0.21884069876541284, 0.2223363840746302, 0.22596066313082655, 0.22772960824655192, 0.2312537987553594, 0.2355830653949208, 0.23888481520130073, 0.2457078399851444, 0.25294799517216227, 0.2590824640614834, 0.26280125591238507, 0.2702464839975217, 0.27267118708772914, 0.27336900161933214, 0.27886790065355677, 0.28320553651783037, 0.2893700567272174, 0.2908184766892388, 0.2924993289388577, 0.29662217889591097, 0.29686119250769877, 0.30154777347208883, 0.30270342405424533, 0.3107892371103704, 0.31500812956621366, 0.3209703411760815, 0.32527390767512254, 0.33111190241885224, 0.3335139927967262, 0.3354049859256205, 0.3441560973916515, 0.3441560973916515, 0.3478580036706778, 0.3500931363231736, 0.35402828565432276, 0.35634266749117255, 0.3663321023373475, 0.37309820579662745, 0.37309820579662745, 0.3753378599361068, 0.3753378599361068, 0.379331496000798, 0.3812088072277883, 0.3812088072277883, 0.3868839492563356, 0.3868839492563356, 0.3868839492563356, 0.3868839492563356, 0.3868839492563356, 0.3868839492563356, 0.3868839492563356, 0.39553307216170197, 0.39553307216170197, 0.39972296702643306, 0.4046023547654546, 0.4046023547654546, 0.4046023547654546, 0.4046023547654546, 0.4046023547654546, 0.4046023547654546, 0.4109322675970004, 0.4109322675970004, 0.4109322675970004, 0.4306184260614215, 0.4306184260614215, 0.4306184260614215, 0.43673306653888944, 0.43673306653888944, 0.43673306653888944, 0.43673306653888944, 0.43673306653888944, 0.4436384504184572, 0.4436384504184572, 0.4436384504184572, 0.4436384504184572, 0.4436384504184572, 0.4436384504184572, 0.4436384504184572, 0.4436384504184572, 0.4436384504184572, 0.4436384504184572, 0.4436384504184572, 0.4436384504184572]
Training raw path: /home/anhnd/DTI Project/Codes/MPNN/data/KFold/ATCInchikeySideEffectByDrug.txt_train_5
('Number of substructures, proteins, pathways, drugs, se: ', 2936, 1448, 330, 969, 598)
((872, 4714), (97, 4714), (872, 598), (97, 598))
('VALIDATE SUM PROTEIN TRAIN: ', 22673.0)
('VALIDATE SUM PROTEIN TEST: ', 0.0)
Train: 0.9997 0.9989
Test: 0.7317 0.4309
[0.6318225734648564, 0.6407100801679815, 0.6372977909874766, 0.6445020773971408, 0.6474927733718272, 0.6502115108464557, 0.6491316794413864, 0.6477998717278663, 0.6497821967137843, 0.6490195230170054, 0.6494906526924641, 0.6516439153184229, 0.6525384251397116, 0.6527751878924715, 0.6526991263242455, 0.6547934938672024, 0.6560619840488489, 0.6573057277087965, 0.658447075729356, 0.6597094457552464, 0.662866560136071, 0.6638413084995279, 0.6648915989647323, 0.6665046670621396, 0.6660807480019137, 0.6661734460946267, 0.6692414112121607, 0.6701909515395401, 0.6710828164030406, 0.6713007200475969, 0.6741810488625662, 0.6755769295865235, 0.6761376637010008, 0.677408166785725, 0.6779159319813693, 0.6827752280069148, 0.6851733477811994, 0.6867645898377952, 0.6888465304368747, 0.6909933843461247, 0.6918636640719191, 0.6925477778837418, 0.695210253832355, 0.695210253832355, 0.6969990494657727, 0.6977077024008941, 0.6990411675806494, 0.6997619601002085, 0.7032905801333853, 0.7060089242768413, 0.7060089242768413, 0.7068992621040102, 0.7068992621040102, 0.7091195555025527, 0.710188163886726, 0.710188163886726, 0.713012373727075, 0.713012373727075, 0.713012373727075, 0.713012373727075, 0.713012373727075, 0.713012373727075, 0.713012373727075, 0.7159765665653743, 0.7159765665653743, 0.7174658509974617, 0.7194588685684336, 0.7194588685684336, 0.7194588685684336, 0.7194588685684336, 0.7194588685684336, 0.7194588685684336, 0.7216525535511309, 0.7216525535511309, 0.7216525535511309, 0.7274826445615582, 0.7274826445615582, 0.7274826445615582, 0.7295494045787474, 0.7295494045787474, 0.7295494045787474, 0.7295494045787474, 0.7295494045787474, 0.7317400870474592, 0.7317400870474592, 0.7317400870474592, 0.7317400870474592, 0.7317400870474592, 0.7317400870474592, 0.7317400870474592, 0.7317400870474592, 0.7317400870474592, 0.7317400870474592, 0.7317400870474592, 0.7317400870474592]
[0.11436390620212447, 0.13867878446967324, 0.13597407399864303, 0.14049088484681843, 0.151102595811263, 0.1534161706018115, 0.16155512764965127, 0.16533941032451704, 0.17241305964080295, 0.1779119696066553, 0.18061547671106037, 0.1862740014667995, 0.19469093834579015, 0.19968921836799625, 0.20073854037673974, 0.20587638848425854, 0.20990892970292552, 0.21748672908681768, 0.2189808883340687, 0.22866425451669486, 0.23644337231868232, 0.23786436603847838, 0.24131674794309613, 0.24635868786152043, 0.24890081066521919, 0.24985042653920456, 0.2572023351905127, 0.2614462166174655, 0.26503038157983444, 0.2667228993431705, 0.27213198214081963, 0.275314038646318, 0.2764033989500823, 0.27898550494529295, 0.2804000968699607, 0.29246252288640884, 0.2982025007664524, 0.3029859144234446, 0.3089695578768458, 0.3153008843054667, 0.3180701986525811, 0.3197762213527552, 0.32748484274780615, 0.32748484274780615, 0.332635943239079, 0.33466663884027253, 0.33882332886389366, 0.34029137802971804, 0.35043656619060504, 0.35712984727741576, 0.35712984727741576, 0.35947853817196873, 0.35947853817196873, 0.3664425714390801, 0.3693262121672851, 0.3693262121672851, 0.37788023134777826, 0.37788023134777826, 0.37788023134777826, 0.37788023134777826, 0.37788023134777826, 0.37788023134777826, 0.37788023134777826, 0.3845658924111871, 0.3845658924111871, 0.388269223265022, 0.3947402915123575, 0.3947402915123575, 0.3947402915123575, 0.3947402915123575, 0.3947402915123575, 0.3947402915123575, 0.4018576517889371, 0.4018576517889371, 0.4018576517889371, 0.4176874488634525, 0.4176874488634525, 0.4176874488634525, 0.4240387253552407, 0.4240387253552407, 0.4240387253552407, 0.4240387253552407, 0.4240387253552407, 0.4308506401125407, 0.4308506401125407, 0.4308506401125407, 0.4308506401125407, 0.4308506401125407, 0.4308506401125407, 0.4308506401125407, 0.4308506401125407, 0.4308506401125407, 0.4308506401125407, 0.4308506401125407, 0.4308506401125407]
Training raw path: /home/anhnd/DTI Project/Codes/MPNN/data/KFold/ATCInchikeySideEffectByDrug.txt_train_6
('Number of substructures, proteins, pathways, drugs, se: ', 2936, 1448, 330, 969, 598)
((872, 4714), (97, 4714), (872, 598), (97, 598))
('VALIDATE SUM PROTEIN TRAIN: ', 22942.0)
('VALIDATE SUM PROTEIN TEST: ', 0.0)
Train: 0.9998 0.9991
Test: 0.7224 0.4241
[0.6383552718467972, 0.6512933987096198, 0.6625462146282453, 0.6541459831823747, 0.6546044697424015, 0.6566454518888087, 0.6515103756022452, 0.653315939062378, 0.6540279593470232, 0.6563038265539254, 0.655139597474377, 0.6561928490600948, 0.656277201857212, 0.65631430431349, 0.6567967456147302, 0.6556781609150358, 0.6564741583873839, 0.6561778475886355, 0.657107855033407, 0.6586438502196851, 0.6606938453804285, 0.6619225520561877, 0.6624711224419306, 0.6632681006819525, 0.6621137373075936, 0.662265318437582, 0.6630849621897047, 0.6635352181836742, 0.6645816685152921, 0.6648709937148156, 0.6679575674927722, 0.6687699455855325, 0.6693860713313478, 0.6708862276787113, 0.6706710235096762, 0.6734226047283425, 0.6759972954383701, 0.6772767086808404, 0.6791986720363412, 0.6815548491413876, 0.6819713456695986, 0.6826002893640333, 0.6855767285009018, 0.6855767285009018, 0.687748736678998, 0.6886095175809346, 0.6895444640783622, 0.6906576075534614, 0.693619298522612, 0.6965025610241921, 0.6965025610241921, 0.6977605166947314, 0.6977605166947314, 0.6993147702401507, 0.7004059937448186, 0.7004059937448186, 0.7028690761305796, 0.7028690761305796, 0.7028690761305796, 0.7028690761305796, 0.7028690761305796, 0.7028690761305796, 0.7028690761305796, 0.7058934493988134, 0.7058934493988134, 0.7072307758694905, 0.7092654262267086, 0.7092654262267086, 0.7092654262267086, 0.7092654262267086, 0.7092654262267086, 0.7092654262267086, 0.7111485028213476, 0.7111485028213476, 0.7111485028213476, 0.717843557357552, 0.717843557357552, 0.717843557357552, 0.7198126742545901, 0.7198126742545901, 0.7198126742545901, 0.7198126742545901, 0.7198126742545901, 0.7223824116202776, 0.7223824116202776, 0.7223824116202776, 0.7223824116202776, 0.7223824116202776, 0.7223824116202776, 0.7223824116202776, 0.7223824116202776, 0.7223824116202776, 0.7223824116202776, 0.7223824116202776, 0.7223824116202776]
[0.11979085795361452, 0.13680577498275795, 0.15459062571570448, 0.14905399184654708, 0.15247666845819363, 0.1589762484980866, 0.15506486653305046, 0.161183789047566, 0.16846295892134322, 0.1757268533880405, 0.17751087544388222, 0.18351100171012066, 0.19229735237715212, 0.19751034167200882, 0.20024884802776846, 0.20227777675899372, 0.20779340603870272, 0.210079012400394, 0.21273279033168985, 0.22061364442418874, 0.22590135061024272, 0.23188796470818607, 0.23748826804911263, 0.2411541119357376, 0.24274220230779942, 0.24417077019451391, 0.24760604644027318, 0.25112399636589194, 0.2563664857992588, 0.25823782029342235, 0.2659946506810838, 0.2678524071887877, 0.26901232433129774, 0.2733856899814282, 0.2731430234762936, 0.2808283298954418, 0.2861629018722769, 0.2925840489762742, 0.2982501331834123, 0.30675637627063834, 0.3079925498658191, 0.3092463648239713, 0.31779244530601447, 0.31779244530601447, 0.3246750331518083, 0.32626354381944245, 0.3296073638246324, 0.33236974539387154, 0.34099198342703824, 0.34947989564077275, 0.34947989564077275, 0.3527469170808647, 0.3527469170808647, 0.3585035459699562, 0.3620799717414209, 0.3620799717414209, 0.3693859060759711, 0.3693859060759711, 0.3693859060759711, 0.3693859060759711, 0.3693859060759711, 0.3693859060759711, 0.3693859060759711, 0.3781723053707203, 0.3781723053707203, 0.3813921093901005, 0.38713842716820185, 0.38713842716820185, 0.38713842716820185, 0.38713842716820185, 0.38713842716820185, 0.38713842716820185, 0.39171757447196903, 0.39171757447196903, 0.39171757447196903, 0.4111760368420415, 0.4111760368420415, 0.4111760368420415, 0.4163690369582689, 0.4163690369582689, 0.4163690369582689, 0.4163690369582689, 0.4163690369582689, 0.42412349428589, 0.42412349428589, 0.42412349428589, 0.42412349428589, 0.42412349428589, 0.42412349428589, 0.42412349428589, 0.42412349428589, 0.42412349428589, 0.42412349428589, 0.42412349428589, 0.42412349428589]
Training raw path: /home/anhnd/DTI Project/Codes/MPNN/data/KFold/ATCInchikeySideEffectByDrug.txt_train_7
('Number of substructures, proteins, pathways, drugs, se: ', 2936, 1448, 330, 969, 598)
((872, 4714), (97, 4714), (872, 598), (97, 598))
('VALIDATE SUM PROTEIN TRAIN: ', 22445.0)
('VALIDATE SUM PROTEIN TEST: ', 0.0)
Train: 0.9998 0.9991
Test: 0.7184 0.4169
[0.6589359117051042, 0.6698209269640951, 0.6606257084102946, 0.657411499735996, 0.650323985308193, 0.6541757810056426, 0.6445561343398778, 0.6427302264550285, 0.6442374734665955, 0.6424727110539449, 0.6406002694283043, 0.6419855697730821, 0.6425461973366295, 0.6430765753596839, 0.6435367525495277, 0.6446139308396536, 0.6447650649486765, 0.6441358150315002, 0.6447659331071394, 0.6452785593659134, 0.6456468626443312, 0.6472153994209002, 0.647579697887952, 0.6484652767246317, 0.6500493596996489, 0.6498847204541247, 0.6509869155024652, 0.6522402695793783, 0.6533417721670115, 0.6530403127071537, 0.6558250105002309, 0.657934780361251, 0.6583528046082656, 0.659189817600536, 0.6594348785068981, 0.6631332433689292, 0.6659261577624769, 0.6683946336573164, 0.6703855616703672, 0.6733252394506948, 0.6745245507717178, 0.6754278397642406, 0.6785388619287595, 0.6785388619287595, 0.6798182918071018, 0.680937035703713, 0.6832950105379995, 0.6843882138945516, 0.6883532118968775, 0.691030620453998, 0.691030620453998, 0.6924696239311201, 0.6924696239311201, 0.6948092001897297, 0.6958377831390505, 0.6958377831390505, 0.6982737767337113, 0.6982737767337113, 0.6982737767337113, 0.6982737767337113, 0.6982737767337113, 0.6982737767337113, 0.6982737767337113, 0.701843462417571, 0.701843462417571, 0.7036092347342302, 0.7052194116303014, 0.7052194116303014, 0.7052194116303014, 0.7052194116303014, 0.7052194116303014, 0.7052194116303014, 0.7072599446234581, 0.7072599446234581, 0.7072599446234581, 0.7137791930496142, 0.7137791930496142, 0.7137791930496142, 0.7159974892532102, 0.7159974892532102, 0.7159974892532102, 0.7159974892532102, 0.7159974892532102, 0.7183914494168051, 0.7183914494168051, 0.7183914494168051, 0.7183914494168051, 0.7183914494168051, 0.7183914494168051, 0.7183914494168051, 0.7183914494168051, 0.7183914494168051, 0.7183914494168051, 0.7183914494168051, 0.7183914494168051]
[0.15628848252495894, 0.16327035213193372, 0.16643219792417138, 0.16675583022999865, 0.16670234307201737, 0.17283966899648628, 0.1694214027146594, 0.17230670864999448, 0.1766573593131277, 0.1768464773761817, 0.17531320705974368, 0.17876252371774481, 0.1880251370520994, 0.19324005505926464, 0.19601648166447658, 0.20016646182277975, 0.202525603708439, 0.20659478207213652, 0.20740053632679908, 0.2149879883890325, 0.22269040692600317, 0.22661805902715598, 0.23200189608229194, 0.2371142069794693, 0.24094879994874407, 0.24047732471273453, 0.24399872534673775, 0.2501847117452264, 0.25333890751433885, 0.25448212970139505, 0.26251524263335335, 0.2655590074884978, 0.26678556079720184, 0.26829324842425395, 0.2686487460371186, 0.2772970442193079, 0.2839034862718892, 0.28920194402936616, 0.29462045773937784, 0.3009165139326986, 0.30430418731385267, 0.306490412283151, 0.31465706141889943, 0.31465706141889943, 0.31945753529922777, 0.32221674022382646, 0.3275335016811304, 0.33019767136295836, 0.33973515185270164, 0.34723410483000294, 0.34723410483000294, 0.34980814362747403, 0.34980814362747403, 0.35527403198275614, 0.35730200027300374, 0.35730200027300374, 0.3626014387235022, 0.3626014387235022, 0.3626014387235022, 0.3626014387235022, 0.3626014387235022, 0.3626014387235022, 0.3626014387235022, 0.3712593323709672, 0.3712593323709672, 0.37564335477841404, 0.379880149678477, 0.379880149678477, 0.379880149678477, 0.379880149678477, 0.379880149678477, 0.379880149678477, 0.3856861835538825, 0.3856861835538825, 0.3856861835538825, 0.4031415951076255, 0.4031415951076255, 0.4031415951076255, 0.41002821745499163, 0.41002821745499163, 0.41002821745499163, 0.41002821745499163, 0.41002821745499163, 0.41694980097759726, 0.41694980097759726, 0.41694980097759726, 0.41694980097759726, 0.41694980097759726, 0.41694980097759726, 0.41694980097759726, 0.41694980097759726, 0.41694980097759726, 0.41694980097759726, 0.41694980097759726, 0.41694980097759726]
Training raw path: /home/anhnd/DTI Project/Codes/MPNN/data/KFold/ATCInchikeySideEffectByDrug.txt_train_8
('Number of substructures, proteins, pathways, drugs, se: ', 2936, 1448, 330, 969, 598)
((872, 4714), (97, 4714), (872, 598), (97, 598))
('VALIDATE SUM PROTEIN TRAIN: ', 22705.0)
('VALIDATE SUM PROTEIN TEST: ', 0.0)
Train: 0.9997 0.9990
Test: 0.7306 0.4028
[0.6775620885471632, 0.6639977223313915, 0.6580656328106889, 0.6519591578804211, 0.6565251598758919, 0.6599340921666009, 0.6610128384009291, 0.6576257714240056, 0.6558096059127378, 0.6572227206902129, 0.6577348508709069, 0.6577231097467696, 0.6559371918899153, 0.6550054902852182, 0.6540512920812457, 0.6541498959312447, 0.6555681332972157, 0.6560947010639848, 0.6573450247669218, 0.6563907869566137, 0.6598785851795612, 0.66138992964008, 0.6621748792009223, 0.6639488458651546, 0.6650078023525934, 0.6651330105308185, 0.6666637344719397, 0.6674529618299212, 0.6692519537696215, 0.6697564114205923, 0.6717786517529895, 0.6736394326493524, 0.6737242087043633, 0.675507634712118, 0.6759266387917375, 0.6800311321512864, 0.6827453606518632, 0.6842341382386161, 0.6857767138861984, 0.6883774663897895, 0.6899333275845472, 0.6905257207974747, 0.6927896391911945, 0.6927896391911945, 0.6946019482304091, 0.6956115515549208, 0.697264795703451, 0.6980471896538305, 0.7009160147338929, 0.7033523288246788, 0.7033523288246788, 0.7044456832500999, 0.7044456832500999, 0.7065610096590292, 0.7079178048088666, 0.7079178048088666, 0.7104881093813337, 0.7104881093813337, 0.7104881093813337, 0.7104881093813337, 0.7104881093813337, 0.7104881093813337, 0.7104881093813337, 0.7137278340209925, 0.7137278340209925, 0.7154261182120734, 0.7172402178528068, 0.7172402178528068, 0.7172402178528068, 0.7172402178528068, 0.7172402178528068, 0.7172402178528068, 0.7190994353316114, 0.7190994353316114, 0.7190994353316114, 0.7258261453567529, 0.7258261453567529, 0.7258261453567529, 0.7280185428705388, 0.7280185428705388, 0.7280185428705388, 0.7280185428705388, 0.7280185428705388, 0.7305604214121599, 0.7305604214121599, 0.7305604214121599, 0.7305604214121599, 0.7305604214121599, 0.7305604214121599, 0.7305604214121599, 0.7305604214121599, 0.7305604214121599, 0.7305604214121599, 0.7305604214121599, 0.7305604214121599]
[0.10290206443736566, 0.10731192673673264, 0.11717390229064545, 0.12297941396328949, 0.13236971685545787, 0.13756832510574657, 0.14477763932434634, 0.1497306760147935, 0.15687103901379781, 0.1606414481841973, 0.16285708671526522, 0.16781313667900985, 0.16891587145715817, 0.17150011014259986, 0.17345077253757515, 0.17587933790288493, 0.178382498331992, 0.1822158543381262, 0.18574964817909945, 0.19090292421977306, 0.19804869202815228, 0.20356305558951426, 0.2075188628121536, 0.2123801713569073, 0.21767995712229807, 0.21797762667796097, 0.2224339115273195, 0.22583487181383066, 0.23135997860012192, 0.2323992530001717, 0.23843713087253285, 0.24271467206863367, 0.24351516038590765, 0.24736067329988787, 0.2492870368814092, 0.25959364277602537, 0.2651818393259299, 0.2701112615687267, 0.27507959570761087, 0.28164936383839, 0.28587177628910715, 0.28747546252137224, 0.29484094906411284, 0.29484094906411284, 0.299415603359271, 0.302648296652242, 0.30697448750662276, 0.3093255933548055, 0.31748627598334056, 0.3247127363076808, 0.3247127363076808, 0.32816603080593765, 0.32816603080593765, 0.3342490891440362, 0.33848145104399696, 0.33848145104399696, 0.3451377109534502, 0.3451377109534502, 0.3451377109534502, 0.3451377109534502, 0.3451377109534502, 0.3451377109534502, 0.3451377109534502, 0.35257805540728065, 0.35257805540728065, 0.3572828293495416, 0.36238108011219106, 0.36238108011219106, 0.36238108011219106, 0.36238108011219106, 0.36238108011219106, 0.36238108011219106, 0.3674889276915705, 0.3674889276915705, 0.3674889276915705, 0.3885604911110295, 0.3885604911110295, 0.3885604911110295, 0.3949376554935598, 0.3949376554935598, 0.3949376554935598, 0.3949376554935598, 0.3949376554935598, 0.4028136421262902, 0.4028136421262902, 0.4028136421262902, 0.4028136421262902, 0.4028136421262902, 0.4028136421262902, 0.4028136421262902, 0.4028136421262902, 0.4028136421262902, 0.4028136421262902, 0.4028136421262902, 0.4028136421262902]
Training raw path: /home/anhnd/DTI Project/Codes/MPNN/data/KFold/ATCInchikeySideEffectByDrug.txt_train_9
('Number of substructures, proteins, pathways, drugs, se: ', 2936, 1448, 330, 969, 598)
((873, 4714), (96, 4714), (873, 598), (96, 598))
('VALIDATE SUM PROTEIN TRAIN: ', 22759.0)
('VALIDATE SUM PROTEIN TEST: ', 0.0)
Train: 0.9996 0.9987
Test: 0.7002 0.4012
[0.577078863133865, 0.5839969062351262, 0.5988381056156524, 0.5960465404831958, 0.6000040350462509, 0.6004585503396858, 0.6017052624769217, 0.6042463955273943, 0.6057234733340136, 0.6064898783476905, 0.6074756089234761, 0.6088720367130576, 0.612997824805621, 0.6145094700466693, 0.6155115014123642, 0.6182049853056584, 0.6184649788534099, 0.620284455364725, 0.6209349049367665, 0.6229050630807947, 0.6260630371720367, 0.6281387446357447, 0.6297722490623049, 0.630906959311434, 0.6316871856226234, 0.6321082102609827, 0.6341844159449281, 0.6357879931009198, 0.6375505441373446, 0.6385930318732751, 0.6414387690634451, 0.6425499250888627, 0.643509962033247, 0.644996346039206, 0.6454074992063031, 0.6482188125935755, 0.65011901748959, 0.652229202966135, 0.6539259012732097, 0.6563149647157962, 0.6578475465961714, 0.6585579078052717, 0.6620417795329208, 0.6620417795329208, 0.6636938660662326, 0.664528271292385, 0.6664603972768293, 0.667299219686399, 0.6710071482661535, 0.6742673584052498, 0.6742673584052498, 0.6750571828447806, 0.6750571828447806, 0.6774164660045555, 0.6783906168880157, 0.6783906168880157, 0.6810953159047232, 0.6810953159047232, 0.6810953159047232, 0.6810953159047232, 0.6810953159047232, 0.6810953159047232, 0.6810953159047232, 0.6842967551418832, 0.6842967551418832, 0.6860724197874396, 0.687788730911091, 0.687788730911091, 0.687788730911091, 0.687788730911091, 0.687788730911091, 0.687788730911091, 0.6896968912581729, 0.6896968912581729, 0.6896968912581729, 0.6958261810847379, 0.6958261810847379, 0.6958261810847379, 0.697978645296293, 0.697978645296293, 0.697978645296293, 0.697978645296293, 0.697978645296293, 0.7002301112053062, 0.7002301112053062, 0.7002301112053062, 0.7002301112053062, 0.7002301112053062, 0.7002301112053062, 0.7002301112053062, 0.7002301112053062, 0.7002301112053062, 0.7002301112053062, 0.7002301112053062, 0.7002301112053062]
[0.09568939016932614, 0.11218987930169949, 0.12904572720895746, 0.12690582068723047, 0.13598709108430423, 0.13887268487520504, 0.14511132340243652, 0.15276116275270113, 0.1586962470931402, 0.16312895763950105, 0.16467779155814855, 0.16916401566061667, 0.17951127203285064, 0.18607409493651195, 0.18799410407490952, 0.19359725472003728, 0.19526087261053848, 0.19970679474845413, 0.20147772144341092, 0.20788603117520793, 0.21699288730129165, 0.22185386433460885, 0.22750659327763417, 0.23242057853323136, 0.23451477163867315, 0.23565026929356436, 0.240675408191895, 0.24575438615203232, 0.25002763477861917, 0.25203503303437036, 0.2569557058136026, 0.2591030680592189, 0.2608672807356772, 0.2645315230534441, 0.26612481091434464, 0.27333601501502736, 0.27757688167381034, 0.28316990018589167, 0.28715080222272044, 0.29386166908000605, 0.2979501770798834, 0.2992214166247258, 0.3068618359663948, 0.3068618359663948, 0.31097634887069997, 0.3123549682350546, 0.31785252069931846, 0.31941032118977897, 0.32720751960290445, 0.3347435662767526, 0.3347435662767526, 0.33674335016505386, 0.33674335016505386, 0.34284402646862167, 0.3449571877299388, 0.3449571877299388, 0.35145012229493783, 0.35145012229493783, 0.35145012229493783, 0.35145012229493783, 0.35145012229493783, 0.35145012229493783, 0.35145012229493783, 0.35941524050703044, 0.35941524050703044, 0.3635227932506043, 0.36760061763327767, 0.36760061763327767, 0.36760061763327767, 0.36760061763327767, 0.36760061763327767, 0.36760061763327767, 0.3725502081635322, 0.3725502081635322, 0.3725502081635322, 0.3890873684451729, 0.3890873684451729, 0.3890873684451729, 0.3949017582047297, 0.3949017582047297, 0.3949017582047297, 0.3949017582047297, 0.3949017582047297, 0.4012472211932679, 0.4012472211932679, 0.4012472211932679, 0.4012472211932679, 0.4012472211932679, 0.4012472211932679, 0.4012472211932679, 0.4012472211932679, 0.4012472211932679, 0.4012472211932679, 0.4012472211932679, 0.4012472211932679]
AUC: 0.7218 0.0041
AUPR: 0.4290 0.0064
('RARE AUC', [(0.6296998722957948, 0.009470357639949698), (0.6339723650434732, 0.008314453069524235), (0.6375358680599374, 0.007196834893737498), (0.6347354822458554, 0.0064540060791567185), (0.635121000065426, 0.006241646182840323), (0.6367424464899547, 0.006444963545429653), (0.6351317285185731, 0.0061188070564493985), (0.6354984446795822, 0.005908982068567914), (0.6365281556051195, 0.005825366876802451), (0.6375164068464022, 0.0058469881137975304), (0.637243434982749, 0.005839575522834016), (0.6383922603222432, 0.005753170288699092), (0.639400351914459, 0.0055472857616183134), (0.6403752830134951, 0.0053474869289769945), (0.640759306705308, 0.0052821117376403316), (0.6419100097830419, 0.005034698984947539), (0.6428220461820545, 0.005069221873879111), (0.6437253540139818, 0.004997352266512761), (0.6445820128650765, 0.005092447730511106), (0.6458548036497976, 0.00497147201432427), (0.6486213944955409, 0.005032970606206341), (0.6507640479508494, 0.004895144078364572), (0.6518173754186738, 0.004842652714682944), (0.6535959483824249, 0.004877458221714074), (0.6542412833193186, 0.00488625664530377), (0.6544334249245776, 0.004874666064536164), (0.6562700602919384, 0.004868118510700017), (0.6573996724426779, 0.004783724606978903), (0.6590174833514876, 0.004777685923219628), (0.6596740975075275, 0.004743868275191476), (0.6626292089087233, 0.004629377234273487), (0.6642152856844469, 0.004639420468834075), (0.6648064032992671, 0.0045741319699490095), (0.666198482391174, 0.004641998378020911), (0.6665921935312358, 0.004630633224834787), (0.6704876496099941, 0.004642529570522707), (0.6727842726256293, 0.004630412051084368), (0.6747904567134388, 0.004606790584015239), (0.6766792720767562, 0.00460749319629111), (0.6793128162397071, 0.00458197209661269), (0.6805476742346511, 0.004529448386861167), (0.6813871255972699, 0.004506081572056312), (0.6843464270807195, 0.004421715541730263), (0.6843464270807195, 0.004421715541730263), (0.6859981201261621, 0.0044333498987088795), (0.6869471608219545, 0.0044099848002236135), (0.6886720103886141, 0.004358943650340461), (0.6896090613239166, 0.004341176734841803), (0.6930741000493847, 0.0043117190668054695), (0.6960359159555742, 0.004262068097198969), (0.6960359159555742, 0.004262068097198969), (0.6970656446383539, 0.0042786934791761945), (0.6970656446383539, 0.0042786934791761945), (0.6991649794213481, 0.004243960464409618), (0.7003211643066273, 0.0042270734748893), (0.7003211643066273, 0.0042270734748893), (0.7028259301270956, 0.0042140040556836065), (0.7028259301270956, 0.0042140040556836065), (0.7028259301270956, 0.0042140040556836065), (0.7028259301270956, 0.0042140040556836065), (0.7028259301270956, 0.0042140040556836065), (0.7028259301270956, 0.0042140040556836065), (0.7028259301270956, 0.0042140040556836065), (0.7059950714872006, 0.00419971420274556), (0.7059950714872006, 0.00419971420274556), (0.7076199874634195, 0.004170024736000399), (0.7093392747142232, 0.004177663146740315), (0.7093392747142232, 0.004177663146740315), (0.7093392747142232, 0.004177663146740315), (0.7093392747142232, 0.004177663146740315), (0.7093392747142232, 0.004177663146740315), (0.7093392747142232, 0.004177663146740315), (0.7113148871074941, 0.004167755476169206), (0.7113148871074941, 0.004167755476169206), (0.7113148871074941, 0.004167755476169206), (0.7174130661961495, 0.004171193974113597), (0.7174130661961495, 0.004171193974113597), (0.7174130661961495, 0.004171193974113597), (0.7195103627099283, 0.004152620910234451), (0.7195103627099283, 0.004152620910234451), (0.7195103627099283, 0.004152620910234451), (0.7195103627099283, 0.004152620910234451), (0.7195103627099283, 0.004152620910234451), (0.7218042605794899, 0.004146496005547951), (0.7218042605794899, 0.004146496005547951), (0.7218042605794899, 0.004146496005547951), (0.7218042605794899, 0.004146496005547951), (0.7218042605794899, 0.004146496005547951), (0.7218042605794899, 0.004146496005547951), (0.7218042605794899, 0.004146496005547951), (0.7218042605794899, 0.004146496005547951), (0.7218042605794899, 0.004146496005547951), (0.7218042605794899, 0.004146496005547951), (0.7218042605794899, 0.004146496005547951), (0.7218042605794899, 0.004146496005547951)])
('RARE AUPR', [(0.12211457451364298, 0.006135815472236121), (0.13830890058218417, 0.006973681932209593), (0.14839646220052405, 0.00806862834684309), (0.14904430772498775, 0.006864702561741818), (0.15427703719926292, 0.005999420556719034), (0.15824008240833648, 0.005930008890983838), (0.16193150761568587, 0.005825156591586901), (0.16797527298214204, 0.005878987082120257), (0.17413394603706403, 0.005587068897880896), (0.17848939041051476, 0.005623988407539164), (0.17967482253354766, 0.0056556154322332), (0.18441380608362887, 0.005624549752805212), (0.19228592148670004, 0.005936092536607206), (0.1975169061525915, 0.005761951568609292), (0.19977053594707334, 0.005803569199507748), (0.2036594743405958, 0.005653068601232225), (0.20675818559818265, 0.005734381733161241), (0.21135565821323082, 0.005827217488752969), (0.2133060633598931, 0.00576495941696429), (0.22106547596299092, 0.006226681857277503), (0.22906938821936276, 0.00635357629492701), (0.23457026886152416, 0.006347830325900493), (0.23898865965520805, 0.006427765404191607), (0.24447991679559428, 0.006721190787749445), (0.24777858836794234, 0.006977033250227174), (0.24852277522100893, 0.0069439655563817565), (0.2532825973632767, 0.006953090344980986), (0.25772852827531445, 0.007032170541006221), (0.26272378571941973, 0.007051946233554075), (0.26447042035117657, 0.0070716554556278675), (0.27113527302745355, 0.006850455375976346), (0.27460924319726504, 0.006895436344574854), (0.2758885835390564, 0.006873336566088465), (0.2794509597946582, 0.006847356309215495), (0.28080056912565093, 0.006877431792053878), (0.2905648903888972, 0.007050229097977804), (0.2958426756532294, 0.007067338814843419), (0.30172804667499886, 0.007093882603616948), (0.30678555478913655, 0.007141222705501681), (0.31378442077761953, 0.0070243307831358535), (0.31702807277212475, 0.006942944277883671), (0.31892257242799904, 0.007012761792685529), (0.3267398301234188, 0.006945849712627735), (0.3267398301234188, 0.006945849712627735), (0.3314592644458144, 0.006987498972195776), (0.3337722101875372, 0.0069716538623413515), (0.3386579104817252, 0.007004420931791152), (0.34092622410811674, 0.0069856268098327495), (0.3500231208203508, 0.0071090204582936), (0.3577532954439813, 0.007083386258935369), (0.3577532954439813, 0.007083386258935369), (0.36025216532801574, 0.0070455422833204), (0.36025216532801574, 0.0070455422833204), (0.36601407141600745, 0.006999542120687998), (0.3689372271923827, 0.006971692956476407), (0.3689372271923827, 0.006971692956476407), (0.3753800605580664, 0.006884406133875617), (0.3753800605580664, 0.006884406133875617), (0.3753800605580664, 0.006884406133875617), (0.3753800605580664, 0.006884406133875617), (0.3753800605580664, 0.006884406133875617), (0.3753800605580664, 0.006884406133875617), (0.3753800605580664, 0.006884406133875617), (0.3835400401950487, 0.006924957206339466), (0.3835400401950487, 0.006924957206339466), (0.3875993341117312, 0.00688016801135654), (0.3924501344741847, 0.006848812143715502), (0.3924501344741847, 0.006848812143715502), (0.3924501344741847, 0.006848812143715502), (0.3924501344741847, 0.006848812143715502), (0.3924501344741847, 0.006848812143715502), (0.3924501344741847, 0.006848812143715502), (0.39827493803050534, 0.006894564821127229), (0.39827493803050534, 0.006894564821127229), (0.39827493803050534, 0.006894564821127229), (0.4158456378214611, 0.006569740415290733), (0.4158456378214611, 0.006569740415290733), (0.4158456378214611, 0.006569740415290733), (0.42199042685133137, 0.006493918863485122), (0.42199042685133137, 0.006493918863485122), (0.42199042685133137, 0.006493918863485122), (0.42199042685133137, 0.006493918863485122), (0.42199042685133137, 0.006493918863485122), (0.42896096380289367, 0.006416842425462279), (0.42896096380289367, 0.006416842425462279), (0.42896096380289367, 0.006416842425462279), (0.42896096380289367, 0.006416842425462279), (0.42896096380289367, 0.006416842425462279), (0.42896096380289367, 0.006416842425462279), (0.42896096380289367, 0.006416842425462279), (0.42896096380289367, 0.006416842425462279), (0.42896096380289367, 0.006416842425462279), (0.42896096380289367, 0.006416842425462279), (0.42896096380289367, 0.006416842425462279), (0.42896096380289367, 0.006416842425462279)])
