CSMF_P
<models.baselines.CSMF.CSMF object at 0x7ff1e89c7a50>
('Manual torch seed: ', 1772727637)
('Config: ', 'Protein Test: ', True, 'KNN: ', 2)
Training raw path: /home/anhnd/DTI Project/Codes/MPNN/data/KFold/ATCInchikeySideEffectByDrug.txt_train_0
('Number of substructures, proteins, pathways, drugs, se: ', 2936, 1448, 330, 969, 1472)
((872, 4714), (97, 4714), (872, 1472), (97, 1472))
('VALIDATE SUM PROTEIN TRAIN: ', 22497.0)
('VALIDATE SUM PROTEIN TEST: ', 2685.0)
Train: 0.9898 0.9348
Test: 0.8155 0.4384
[0.7058474519084947, 0.6925893270759027, 0.695328395188641, 0.6996859166640715, 0.7036611801911762, 0.7106034392601515, 0.7179725096421432, 0.72013566787783, 0.7228717145356662, 0.7272312346079921, 0.7307336848708117, 0.7342692252089678, 0.7370899900354089, 0.7398246004331733, 0.741076932496658, 0.7429245684749635, 0.7463038076045745, 0.7488818537036018, 0.7500176748345824, 0.7518652641371038, 0.7535496885312571, 0.754950272182366, 0.7558690295068357, 0.7580702911710129, 0.759809081321167, 0.7619709732041143, 0.7635695976851918, 0.765658131225738, 0.7667498873506902, 0.7671230326709342, 0.7687327320349493, 0.7701963365616272, 0.7720184410909967, 0.77277603801022, 0.7748215188693904, 0.7759281951873536, 0.7764454173369306, 0.7773884370861618, 0.7777636351133834, 0.7810279087954147, 0.7824446137342839, 0.7847826979782335, 0.7862664471717458, 0.7885447059620999, 0.7894885327078089, 0.7900915475609114, 0.7921905528649749, 0.7921905528649749, 0.7932132274672345, 0.79383818096181, 0.795193328805631, 0.7958590784250317, 0.7984510745557799, 0.8003951449149094, 0.8003951449149094, 0.8011262470167797, 0.8011262470167797, 0.8027235670839155, 0.8033573707549709, 0.8033573707549709, 0.8048505543101803, 0.8048505543101803, 0.8048505543101803, 0.8048505543101803, 0.8048505543101803, 0.8048505543101803, 0.8048505543101803, 0.8067820145581197, 0.8067820145581197, 0.8077438850633205, 0.8086762108318691, 0.8086762108318691, 0.8086762108318691, 0.8086762108318691, 0.8086762108318691, 0.8086762108318691, 0.8097810513550036, 0.8097810513550036, 0.8097810513550036, 0.8130449019344845, 0.8130449019344845, 0.8130449019344845, 0.8142123599828066, 0.8142123599828066, 0.8142123599828066, 0.8142123599828066, 0.8142123599828066, 0.8154778142991038, 0.8154778142991038, 0.8154778142991038, 0.8154778142991038, 0.8154778142991038, 0.8154778142991038, 0.8154778142991038, 0.8154778142991038, 0.8154778142991038, 0.8154778142991038, 0.8154778142991038, 0.8154778142991038]
[0.07854287558945083, 0.0948973089365704, 0.11569937262444113, 0.12572949190481156, 0.13572541678777716, 0.1499203122281088, 0.1616024287144524, 0.16189289114732647, 0.16536729969618474, 0.17013061558423853, 0.17702867492072505, 0.18502336610667042, 0.19105030732806194, 0.19352022180154882, 0.19606423983335514, 0.19993841185585876, 0.20791881709187138, 0.21340784428620946, 0.21619794258492836, 0.22029021604257165, 0.22310666098313586, 0.22603766398905678, 0.22785769829353647, 0.23735823496224373, 0.24494884108671175, 0.251894551122556, 0.25601924846475654, 0.26255146126751017, 0.2663206029247416, 0.2669365442939, 0.27033124769480565, 0.2752430236353103, 0.2813384024385359, 0.28434800256575077, 0.29291566491157095, 0.2967744824170532, 0.29838440807410826, 0.30231443307612704, 0.3041263903615361, 0.31503886938322734, 0.31932041717215937, 0.32677788368746924, 0.3316795891150248, 0.3389802660238109, 0.3420346123812918, 0.3440670292914361, 0.34995794937336555, 0.34995794937336555, 0.3541139563716262, 0.35601075179016956, 0.36126605318111304, 0.36378956453979927, 0.37233048346266634, 0.3795319411253444, 0.3795319411253444, 0.38166827792030206, 0.38166827792030206, 0.38799874674195356, 0.3904705894807874, 0.3904705894807874, 0.39610165834339095, 0.39610165834339095, 0.39610165834339095, 0.39610165834339095, 0.39610165834339095, 0.39610165834339095, 0.39610165834339095, 0.40307392595883096, 0.40307392595883096, 0.40648783739142363, 0.4104959258608254, 0.4104959258608254, 0.4104959258608254, 0.4104959258608254, 0.4104959258608254, 0.4104959258608254, 0.41525590512718746, 0.41525590512718746, 0.41525590512718746, 0.42794534118451655, 0.42794534118451655, 0.42794534118451655, 0.4328067358027512, 0.4328067358027512, 0.4328067358027512, 0.4328067358027512, 0.4328067358027512, 0.4383529989529901, 0.4383529989529901, 0.4383529989529901, 0.4383529989529901, 0.4383529989529901, 0.4383529989529901, 0.4383529989529901, 0.4383529989529901, 0.4383529989529901, 0.4383529989529901, 0.4383529989529901, 0.4383529989529901]
Training raw path: /home/anhnd/DTI Project/Codes/MPNN/data/KFold/ATCInchikeySideEffectByDrug.txt_train_1
('Number of substructures, proteins, pathways, drugs, se: ', 2936, 1448, 330, 969, 1472)
((872, 4714), (97, 4714), (872, 1472), (97, 1472))
('VALIDATE SUM PROTEIN TRAIN: ', 22668.0)
('VALIDATE SUM PROTEIN TEST: ', 2514.0)
Train: 0.9878 0.9243
Test: 0.8121 0.4116
[0.6713145131202587, 0.6719659905683866, 0.6843197795723373, 0.6966676886335216, 0.7021041458481292, 0.7057920388578006, 0.7081579888094264, 0.7106089712803766, 0.7127288669423342, 0.7165950062917209, 0.7191404776045431, 0.7217038133254555, 0.7242002598897288, 0.7257439010780247, 0.7267803738181488, 0.7291916303736463, 0.7336865911078132, 0.7370113693977013, 0.7382629788060391, 0.7408522514630382, 0.7419466802155354, 0.7441293100404254, 0.7452304398449551, 0.7470691475351663, 0.7489198508253273, 0.7519451043199012, 0.7536519564246794, 0.755802822754758, 0.7568928705195789, 0.7571977103089741, 0.7591831142166032, 0.7611307547635122, 0.7637431298716544, 0.764682667427062, 0.7675168947804412, 0.7694577091328447, 0.7701481082376409, 0.7714380913682011, 0.7715247693632, 0.7745814984790284, 0.7761558018238633, 0.7788542462518503, 0.7804861718660532, 0.7829861452381498, 0.783905150237344, 0.784638249098635, 0.7871247555654504, 0.7871247555654504, 0.7878650414546798, 0.788555445422646, 0.7899893774499965, 0.7907417263615166, 0.7934286330444726, 0.7958938130718435, 0.7958938130718435, 0.7966144338472503, 0.7966144338472503, 0.7980270821328372, 0.7989658568193155, 0.7989658568193155, 0.800644286851603, 0.800644286851603, 0.800644286851603, 0.800644286851603, 0.800644286851603, 0.800644286851603, 0.800644286851603, 0.8027065987382567, 0.8027065987382567, 0.8037289806844052, 0.8046815713278401, 0.8046815713278401, 0.8046815713278401, 0.8046815713278401, 0.8046815713278401, 0.8046815713278401, 0.8059671984137822, 0.8059671984137822, 0.8059671984137822, 0.8094028271257441, 0.8094028271257441, 0.8094028271257441, 0.8107338671940307, 0.8107338671940307, 0.8107338671940307, 0.8107338671940307, 0.8107338671940307, 0.8120855084834173, 0.8120855084834173, 0.8120855084834173, 0.8120855084834173, 0.8120855084834173, 0.8120855084834173, 0.8120855084834173, 0.8120855084834173, 0.8120855084834173, 0.8120855084834173, 0.8120855084834173, 0.8120855084834173]
[0.0668423741699448, 0.07484793821631859, 0.07997530570426648, 0.09298937040775551, 0.10001115969658397, 0.10927993448959271, 0.11278914078177824, 0.11870593839424495, 0.12354561013521123, 0.12807893269270743, 0.1337399183032212, 0.14012657816451013, 0.14761971432444648, 0.15177254118812578, 0.15304034670848726, 0.15653918279424384, 0.16431162404001165, 0.17027341273660263, 0.17352395864464126, 0.1783064543866978, 0.1808134957427376, 0.1874077632258717, 0.18830793332890003, 0.19444740435951646, 0.204235510895921, 0.20967459663139773, 0.21411432353509544, 0.21967462051333803, 0.22202403869402337, 0.22300155641562566, 0.22623098448279053, 0.23063537132328152, 0.23745478424501004, 0.24027467665733077, 0.24920100468755968, 0.2542252552111127, 0.25649356946841745, 0.26075308873630265, 0.2628233473593219, 0.2742561304464377, 0.27929513760201796, 0.28711153032574777, 0.2920094987838729, 0.30100097350107524, 0.3052232200885665, 0.3076419519198341, 0.3154288422615305, 0.3154288422615305, 0.3185065975157586, 0.3209586622780205, 0.3268316408316194, 0.3293392070478719, 0.33859355687937576, 0.3473382219533773, 0.3473382219533773, 0.34858506834066655, 0.34858506834066655, 0.35463778347014996, 0.35739685173744873, 0.35739685173744873, 0.3633249912763267, 0.3633249912763267, 0.3633249912763267, 0.3633249912763267, 0.3633249912763267, 0.3633249912763267, 0.3633249912763267, 0.3712816946401834, 0.3712816946401834, 0.37473274261271544, 0.37851638619195943, 0.37851638619195943, 0.37851638619195943, 0.37851638619195943, 0.37851638619195943, 0.37851638619195943, 0.384639028151157, 0.384639028151157, 0.384639028151157, 0.39919146915568143, 0.39919146915568143, 0.39919146915568143, 0.4052364054070094, 0.4052364054070094, 0.4052364054070094, 0.4052364054070094, 0.4052364054070094, 0.411579383893535, 0.411579383893535, 0.411579383893535, 0.411579383893535, 0.411579383893535, 0.411579383893535, 0.411579383893535, 0.411579383893535, 0.411579383893535, 0.411579383893535, 0.411579383893535, 0.411579383893535]
Training raw path: /home/anhnd/DTI Project/Codes/MPNN/data/KFold/ATCInchikeySideEffectByDrug.txt_train_2
('Number of substructures, proteins, pathways, drugs, se: ', 2936, 1448, 330, 969, 1472)
((872, 4714), (97, 4714), (872, 1472), (97, 1472))
('VALIDATE SUM PROTEIN TRAIN: ', 22376.0)
('VALIDATE SUM PROTEIN TEST: ', 2806.0)
Train: 0.9887 0.9280
Test: 0.8303 0.4719
[0.7658976888399389, 0.7502225121508541, 0.7448272456315715, 0.7498730426679153, 0.7533095870933196, 0.7560574947539941, 0.7606441983230893, 0.7618773765528453, 0.7636310168608692, 0.7636887440819616, 0.7663716315758835, 0.7688795940157154, 0.7703550575694165, 0.771289812315364, 0.7718032560396696, 0.7745138640744301, 0.7759140222951315, 0.7775048318062816, 0.7779134129956564, 0.7796866809808111, 0.7810051176010657, 0.7823911762670173, 0.7830331801516961, 0.7848374204398249, 0.7860357043323184, 0.7880208546270765, 0.7896557444118509, 0.7912516274936013, 0.7921338856483461, 0.7922684733736669, 0.7936698653800291, 0.7945136179487327, 0.795748377582628, 0.796267670812698, 0.7978407987165976, 0.7989202069172906, 0.7993699728831317, 0.7999522476122514, 0.8001622391360564, 0.8026933430604104, 0.8041296710403227, 0.8056007145124016, 0.8068712769001307, 0.8082629260192289, 0.8089262522935312, 0.8094262308043486, 0.8109608221865153, 0.8109608221865153, 0.8118684326857277, 0.81225933262056, 0.8134128336970452, 0.8141032700901322, 0.8163258385388562, 0.817893175727886, 0.817893175727886, 0.8183854226927452, 0.8183854226927452, 0.8193573497126805, 0.8200487197681581, 0.8200487197681581, 0.8212366200827825, 0.8212366200827825, 0.8212366200827825, 0.8212366200827825, 0.8212366200827825, 0.8212366200827825, 0.8212366200827825, 0.8228381090157719, 0.8228381090157719, 0.823712066105412, 0.8245460210174678, 0.8245460210174678, 0.8245460210174678, 0.8245460210174678, 0.8245460210174678, 0.8245460210174678, 0.8255100960348503, 0.8255100960348503, 0.8255100960348503, 0.8282838599566242, 0.8282838599566242, 0.8282838599566242, 0.8292640179247173, 0.8292640179247173, 0.8292640179247173, 0.8292640179247173, 0.8292640179247173, 0.8303067503913643, 0.8303067503913643, 0.8303067503913643, 0.8303067503913643, 0.8303067503913643, 0.8303067503913643, 0.8303067503913643, 0.8303067503913643, 0.8303067503913643, 0.8303067503913643, 0.8303067503913643, 0.8303067503913643]
[0.15254758905345395, 0.14466516727883322, 0.14880887077571575, 0.16597211164706038, 0.17157816210118543, 0.182613864008217, 0.19934024998064484, 0.206247345278749, 0.21147478062116432, 0.21457758111002148, 0.22357567949858728, 0.22959854068800933, 0.23413504821888517, 0.23831273644700682, 0.24068154789728352, 0.24561046313701204, 0.25070457102001487, 0.2548424030258624, 0.25756139423308927, 0.2634401687570737, 0.26784334003224647, 0.27213173389200895, 0.27360360825909613, 0.28538919479247415, 0.29390379789803206, 0.29867714793898303, 0.30505678251455104, 0.31247408989643677, 0.31616024012161864, 0.3171246406539344, 0.32196819194203186, 0.32711553804477306, 0.33229938213855703, 0.3342739237134612, 0.3397657183523858, 0.34309818515811225, 0.34483578176488816, 0.3457940490531436, 0.3469153545498689, 0.35708350615737516, 0.3618658866773662, 0.3679147017904928, 0.37354915112282844, 0.37897261765189516, 0.38150179511466265, 0.3835786360516134, 0.39000953389216675, 0.39000953389216675, 0.39463259806622564, 0.39638539524435734, 0.40076078274939053, 0.4030962298737784, 0.4120252163929883, 0.4182501578588935, 0.4182501578588935, 0.419980746794062, 0.419980746794062, 0.42465824310917516, 0.42718678607256044, 0.42718678607256044, 0.43163731083259405, 0.43163731083259405, 0.43163731083259405, 0.43163731083259405, 0.43163731083259405, 0.43163731083259405, 0.43163731083259405, 0.4385272371959757, 0.4385272371959757, 0.4415788784231946, 0.44530260504613406, 0.44530260504613406, 0.44530260504613406, 0.44530260504613406, 0.44530260504613406, 0.44530260504613406, 0.4496694405448346, 0.4496694405448346, 0.4496694405448346, 0.4625812159010286, 0.4625812159010286, 0.4625812159010286, 0.4667983348195084, 0.4667983348195084, 0.4667983348195084, 0.4667983348195084, 0.4667983348195084, 0.4719209515049465, 0.4719209515049465, 0.4719209515049465, 0.4719209515049465, 0.4719209515049465, 0.4719209515049465, 0.4719209515049465, 0.4719209515049465, 0.4719209515049465, 0.4719209515049465, 0.4719209515049465, 0.4719209515049465]
Training raw path: /home/anhnd/DTI Project/Codes/MPNN/data/KFold/ATCInchikeySideEffectByDrug.txt_train_3
('Number of substructures, proteins, pathways, drugs, se: ', 2936, 1448, 330, 969, 1472)
((872, 4714), (97, 4714), (872, 1472), (97, 1472))
('VALIDATE SUM PROTEIN TRAIN: ', 22809.0)
('VALIDATE SUM PROTEIN TEST: ', 2373.0)
Train: 0.9888 0.9294
Test: 0.8133 0.4028
[0.6872300058205967, 0.684097780044173, 0.6947920557021944, 0.7006736554310654, 0.706669738537568, 0.7141042407180243, 0.718498948108367, 0.7234581322097122, 0.7266341250248209, 0.7306459253448301, 0.7346313265259966, 0.7376817650010711, 0.739897697740253, 0.7428535171805145, 0.7441643274901912, 0.746764403832027, 0.7492312771488521, 0.7516638017882937, 0.752189689210782, 0.7535057192199133, 0.7550113882837417, 0.7560103740799162, 0.7569948033253285, 0.7588133942717032, 0.7606835665782783, 0.7627777334868306, 0.7643344550575236, 0.7656002543330747, 0.7660407448538172, 0.7663253192774607, 0.7684709213722114, 0.7687957652511127, 0.7705191985838069, 0.7710063497539408, 0.7734259451314436, 0.7741263000964482, 0.7746073388967, 0.775480460046262, 0.775883074624686, 0.7787841509539952, 0.7804181397546845, 0.7817243451023905, 0.7832954971783468, 0.785416249569897, 0.7861781975398738, 0.7868111509453126, 0.7890613416019486, 0.7890613416019486, 0.7902678933493116, 0.7909780058334259, 0.7922146919955504, 0.7930020326041163, 0.7955903349000313, 0.7976464377666326, 0.7976464377666326, 0.7983767081775854, 0.7983767081775854, 0.7997407944896296, 0.800614169912314, 0.800614169912314, 0.8022141052205768, 0.8022141052205768, 0.8022141052205768, 0.8022141052205768, 0.8022141052205768, 0.8022141052205768, 0.8022141052205768, 0.8040790941102938, 0.8040790941102938, 0.8051114815918674, 0.8061033457830263, 0.8061033457830263, 0.8061033457830263, 0.8061033457830263, 0.8061033457830263, 0.8061033457830263, 0.8072352697547975, 0.8072352697547975, 0.8072352697547975, 0.8107616350365396, 0.8107616350365396, 0.8107616350365396, 0.8119990391473778, 0.8119990391473778, 0.8119990391473778, 0.8119990391473778, 0.8119990391473778, 0.813251308506002, 0.813251308506002, 0.813251308506002, 0.813251308506002, 0.813251308506002, 0.813251308506002, 0.813251308506002, 0.813251308506002, 0.813251308506002, 0.813251308506002, 0.813251308506002, 0.813251308506002]
[0.064650502298964, 0.06634428840284201, 0.09313078974607689, 0.10373309779440168, 0.10962259445316191, 0.1201146883984795, 0.12851438614563057, 0.1369715585479837, 0.14333685501459126, 0.14971373210273098, 0.15579515627982723, 0.16275128905133993, 0.17043630730155843, 0.17758358444788858, 0.17900486963165713, 0.1832186813167742, 0.1905723235075702, 0.19482864773602354, 0.19625335274950773, 0.19960188031097847, 0.20454577619423764, 0.20656092216682242, 0.20867076763956857, 0.21413456601200007, 0.22118342525114904, 0.22598531252429085, 0.23150074140700236, 0.23622905242107087, 0.23888457330814844, 0.23995678634137851, 0.24546536643232653, 0.24702989625104277, 0.25153005152956937, 0.25180700797093464, 0.25899885203855744, 0.2620778753390569, 0.26278001232853865, 0.2664882360520579, 0.26748254723519144, 0.2761067620965226, 0.2808403259809673, 0.2858941466697238, 0.2905751889660093, 0.29809963421608954, 0.3002777308637919, 0.3020661941538989, 0.3083433697905319, 0.3083433697905319, 0.3126956416277113, 0.31467701188465436, 0.3190045991124199, 0.3218870054760883, 0.33082873443990657, 0.33845639302263164, 0.33845639302263164, 0.34056010944709114, 0.34056010944709114, 0.3459223873806817, 0.3487987157186682, 0.3487987157186682, 0.3547190950634135, 0.3547190950634135, 0.3547190950634135, 0.3547190950634135, 0.3547190950634135, 0.3547190950634135, 0.3547190950634135, 0.36199547325957626, 0.36199547325957626, 0.3655377140077423, 0.36986654669858776, 0.36986654669858776, 0.36986654669858776, 0.36986654669858776, 0.36986654669858776, 0.36986654669858776, 0.3755051182056672, 0.3755051182056672, 0.3755051182056672, 0.3907288925612359, 0.3907288925612359, 0.3907288925612359, 0.39657321672452184, 0.39657321672452184, 0.39657321672452184, 0.39657321672452184, 0.39657321672452184, 0.40280464347989703, 0.40280464347989703, 0.40280464347989703, 0.40280464347989703, 0.40280464347989703, 0.40280464347989703, 0.40280464347989703, 0.40280464347989703, 0.40280464347989703, 0.40280464347989703, 0.40280464347989703, 0.40280464347989703]
Training raw path: /home/anhnd/DTI Project/Codes/MPNN/data/KFold/ATCInchikeySideEffectByDrug.txt_train_4
('Number of substructures, proteins, pathways, drugs, se: ', 2936, 1448, 330, 969, 1472)
((872, 4714), (97, 4714), (872, 1472), (97, 1472))
('VALIDATE SUM PROTEIN TRAIN: ', 22764.0)
('VALIDATE SUM PROTEIN TEST: ', 2418.0)
Train: 0.9896 0.9354
Test: 0.8253 0.4169
[0.7407472300843116, 0.7207378603974488, 0.7153996088328695, 0.7225082131650035, 0.7263215776375506, 0.7257059787628402, 0.73125562908093, 0.7340695820672758, 0.7360659825713173, 0.7395044208524281, 0.7417747707971966, 0.746767219715828, 0.7497016484778251, 0.7521574808882615, 0.7539147959307824, 0.7556791740422856, 0.7587776328381549, 0.7616397930468395, 0.7621115862991895, 0.7639741220451255, 0.7654372061488917, 0.7674663171143348, 0.7687109217963984, 0.7692844186810937, 0.7712870782656166, 0.773469926128076, 0.7742906189961245, 0.7761818116465717, 0.7775350383580535, 0.7776516533162009, 0.7795103468166693, 0.7804863068158306, 0.7823018202313197, 0.7827527266888312, 0.784232363000278, 0.7855404664237912, 0.7859168937756859, 0.7873643041623587, 0.7873624631139751, 0.7905520643706668, 0.7923060417700035, 0.7941891242392675, 0.7957522658189201, 0.7978841539354056, 0.7983675047105244, 0.7990326564479409, 0.8012970128483906, 0.8012970128483906, 0.8023449419799138, 0.802983284185863, 0.8042179006729799, 0.8048676578086568, 0.807521257217739, 0.8096560248699441, 0.8096560248699441, 0.8103792887522557, 0.8103792887522557, 0.811535910897849, 0.8122099536633658, 0.8122099536633658, 0.8137180699379241, 0.8137180699379241, 0.8137180699379241, 0.8137180699379241, 0.8137180699379241, 0.8137180699379241, 0.8137180699379241, 0.8157075300221004, 0.8157075300221004, 0.8167263566887537, 0.8177869609424662, 0.8177869609424662, 0.8177869609424662, 0.8177869609424662, 0.8177869609424662, 0.8177869609424662, 0.8189770674990635, 0.8189770674990635, 0.8189770674990635, 0.8227513304836112, 0.8227513304836112, 0.8227513304836112, 0.8239798983414652, 0.8239798983414652, 0.8239798983414652, 0.8239798983414652, 0.8239798983414652, 0.82527851804473, 0.82527851804473, 0.82527851804473, 0.82527851804473, 0.82527851804473, 0.82527851804473, 0.82527851804473, 0.82527851804473, 0.82527851804473, 0.82527851804473, 0.82527851804473, 0.82527851804473]
[0.10368795502853213, 0.10499300282832955, 0.11091287597672787, 0.12114394099954097, 0.12302553045221643, 0.12723668871529611, 0.13875220679695882, 0.14366294066241034, 0.1483925454038051, 0.1535457266262492, 0.1595237483422734, 0.17173158452777781, 0.18003837838996595, 0.1879648250676293, 0.1895575800991267, 0.19472355833419724, 0.20557011955652232, 0.20991680292516277, 0.21252183244611164, 0.2150446349401138, 0.21877758486294394, 0.22304388027936844, 0.2258631353141644, 0.23208083563309972, 0.23650783440546871, 0.2430505843434805, 0.2466287372132473, 0.2518504681176832, 0.256104556981162, 0.2561795833847531, 0.26035746169408813, 0.2643245310782856, 0.26982075615599854, 0.2711155300144478, 0.2730309536895661, 0.2768852456663444, 0.2777904373392285, 0.28269978709256127, 0.2835569704850508, 0.2939894692207875, 0.2984744633218837, 0.30325746755974153, 0.3072584606706262, 0.3126431558878473, 0.3137533455696437, 0.3156055463218449, 0.323263493319685, 0.323263493319685, 0.3274277668479115, 0.3293696665996291, 0.33279994270855995, 0.33491655271816756, 0.34426444746910845, 0.35102986795380653, 0.35102986795380653, 0.3530731734375352, 0.3530731734375352, 0.3565392326399595, 0.35856309682710724, 0.35856309682710724, 0.3641578865795786, 0.3641578865795786, 0.3641578865795786, 0.3641578865795786, 0.3641578865795786, 0.3641578865795786, 0.3641578865795786, 0.3723911888360585, 0.3723911888360585, 0.3764781029139367, 0.3809329791415848, 0.3809329791415848, 0.3809329791415848, 0.3809329791415848, 0.3809329791415848, 0.3809329791415848, 0.3869922440424566, 0.3869922440424566, 0.3869922440424566, 0.4044332652399028, 0.4044332652399028, 0.4044332652399028, 0.4102249612472514, 0.4102249612472514, 0.4102249612472514, 0.4102249612472514, 0.4102249612472514, 0.41690957634232617, 0.41690957634232617, 0.41690957634232617, 0.41690957634232617, 0.41690957634232617, 0.41690957634232617, 0.41690957634232617, 0.41690957634232617, 0.41690957634232617, 0.41690957634232617, 0.41690957634232617, 0.41690957634232617]
Training raw path: /home/anhnd/DTI Project/Codes/MPNN/data/KFold/ATCInchikeySideEffectByDrug.txt_train_5
('Number of substructures, proteins, pathways, drugs, se: ', 2936, 1448, 330, 969, 1472)
((872, 4714), (97, 4714), (872, 1472), (97, 1472))
('VALIDATE SUM PROTEIN TRAIN: ', 22673.0)
('VALIDATE SUM PROTEIN TEST: ', 2509.0)
Train: 0.9901 0.9382
Test: 0.8023 0.3783
[0.7070520298090494, 0.6995619050235521, 0.6940276911601075, 0.6947163464505666, 0.698153864496984, 0.7018446336655801, 0.7042028839496977, 0.707871455421579, 0.7101051314141738, 0.7138831593079104, 0.7169231848518806, 0.7191285323242296, 0.721789734988863, 0.7242282413255992, 0.7267299309223374, 0.7292712726600052, 0.7321190181043977, 0.7348829842790687, 0.735928777677525, 0.7375846490583399, 0.7391361914690016, 0.741515575152908, 0.7422639909715879, 0.7426925512632936, 0.7444961836183275, 0.7465863484498724, 0.7478957242904017, 0.7492511408521827, 0.7497035828251484, 0.7497029928694656, 0.7522840760929187, 0.7523314887629547, 0.7539181417033407, 0.7542363442057355, 0.7563094276938459, 0.7571635420918078, 0.7576274235943052, 0.7586119587796663, 0.7589774974866597, 0.7630719474522258, 0.7651754337856185, 0.7667716670151479, 0.7684802056693946, 0.7707041791732827, 0.7714237709250904, 0.7721615056326003, 0.7743619285649159, 0.7743619285649159, 0.7758731299870463, 0.7766037359965989, 0.7779328454903599, 0.778579651750573, 0.7819237815854069, 0.7839569211955205, 0.7839569211955205, 0.7847242435069557, 0.7847242435069557, 0.7866350982944118, 0.7875253913439467, 0.7875253913439467, 0.7896916484271117, 0.7896916484271117, 0.7896916484271117, 0.7896916484271117, 0.7896916484271117, 0.7896916484271117, 0.7896916484271117, 0.7917901314284376, 0.7917901314284376, 0.792829974590066, 0.7941356431900657, 0.7941356431900657, 0.7941356431900657, 0.7941356431900657, 0.7941356431900657, 0.7941356431900657, 0.7956065738225424, 0.7956065738225424, 0.7956065738225424, 0.7995346083873254, 0.7995346083873254, 0.7995346083873254, 0.8008751815609937, 0.8008751815609937, 0.8008751815609937, 0.8008751815609937, 0.8008751815609937, 0.8023006218367067, 0.8023006218367067, 0.8023006218367067, 0.8023006218367067, 0.8023006218367067, 0.8023006218367067, 0.8023006218367067, 0.8023006218367067, 0.8023006218367067, 0.8023006218367067, 0.8023006218367067, 0.8023006218367067]
[0.06566840873370994, 0.08346736454450834, 0.09103707211808836, 0.09495203218976556, 0.09956780399343283, 0.11316441091138363, 0.11574388550751337, 0.1179986924759408, 0.12406002131543553, 0.1282048410400555, 0.13613105495299593, 0.14140966236146052, 0.14690130975580898, 0.15051799986465364, 0.15455022105143498, 0.15796418136373824, 0.16593045566572961, 0.16950565779015245, 0.17023437975830719, 0.17513746345729023, 0.1781299048918795, 0.18428941572916602, 0.18449700754991077, 0.19146028905288387, 0.19856364839548774, 0.20136187317272902, 0.20597695528590418, 0.2117689948439632, 0.21424137518679334, 0.21474007089869235, 0.22079931442478634, 0.22553929254236388, 0.22920718005550522, 0.23116718616031323, 0.23583510373597832, 0.23820502895260492, 0.23934843763902341, 0.24121973547864012, 0.24175701898074792, 0.25210634779738716, 0.2570905322983481, 0.261058626329624, 0.2662017700341924, 0.27167120386955085, 0.2735482985111453, 0.2755297738600887, 0.2824064977106266, 0.2824064977106266, 0.287305524858994, 0.28949047406645073, 0.2934097362665595, 0.29499635218014625, 0.3052120177772205, 0.31166268365754446, 0.31166268365754446, 0.3132222634132077, 0.3132222634132077, 0.32015341549204973, 0.3227750248960967, 0.3227750248960967, 0.32992898560367845, 0.32992898560367845, 0.32992898560367845, 0.32992898560367845, 0.32992898560367845, 0.32992898560367845, 0.32992898560367845, 0.33663386273861795, 0.33663386273861795, 0.33985807469430845, 0.3448492846466623, 0.3448492846466623, 0.3448492846466623, 0.3448492846466623, 0.3448492846466623, 0.3448492846466623, 0.3510937901785678, 0.3510937901785678, 0.3510937901785678, 0.36630615196237304, 0.36630615196237304, 0.36630615196237304, 0.3717527540880025, 0.3717527540880025, 0.3717527540880025, 0.3717527540880025, 0.3717527540880025, 0.3783492450701464, 0.3783492450701464, 0.3783492450701464, 0.3783492450701464, 0.3783492450701464, 0.3783492450701464, 0.3783492450701464, 0.3783492450701464, 0.3783492450701464, 0.3783492450701464, 0.3783492450701464, 0.3783492450701464]
Training raw path: /home/anhnd/DTI Project/Codes/MPNN/data/KFold/ATCInchikeySideEffectByDrug.txt_train_6
('Number of substructures, proteins, pathways, drugs, se: ', 2936, 1448, 330, 969, 1472)
((872, 4714), (97, 4714), (872, 1472), (97, 1472))
('VALIDATE SUM PROTEIN TRAIN: ', 22942.0)
('VALIDATE SUM PROTEIN TEST: ', 2240.0)
Train: 0.9907 0.9403
Test: 0.8227 0.4039
[0.7613555000472347, 0.7278864204534143, 0.7355206934964624, 0.7354710892716805, 0.739776913667922, 0.7432813768453366, 0.749744679998932, 0.7530260081283245, 0.754003537706923, 0.7552638592856689, 0.7561386073731636, 0.7593643800829759, 0.7610360381622316, 0.7632694975865648, 0.7642596458110072, 0.7662565911349305, 0.7685165552900489, 0.770951437808046, 0.7712631197696479, 0.7719060316748338, 0.7729369295458016, 0.7738422685983564, 0.7748148834361209, 0.7757531633347379, 0.7772200942185161, 0.7785592211426859, 0.7794542126552014, 0.780181006248563, 0.7796083999014509, 0.7798321347412236, 0.780608110809809, 0.7812405864570551, 0.7826040313193503, 0.7830011294166795, 0.7850106312818601, 0.7861496199880403, 0.7865812152247419, 0.7877695121708697, 0.7878518422289327, 0.7899629022611293, 0.7915164858751481, 0.7930642241398204, 0.794449340308153, 0.7962895812984734, 0.7967566671354113, 0.7971783473728802, 0.7993225458884828, 0.7993225458884828, 0.8006496349685036, 0.8011557908938834, 0.8021443368277075, 0.8028578385142805, 0.8053037521958442, 0.8071594211533514, 0.8071594211533514, 0.8079499474599638, 0.8079499474599638, 0.8090212486467663, 0.8097989883644963, 0.8097989883644963, 0.8112802729060473, 0.8112802729060473, 0.8112802729060473, 0.8112802729060473, 0.8112802729060473, 0.8112802729060473, 0.8112802729060473, 0.8131461880448669, 0.8131461880448669, 0.8140210915647783, 0.8152576382428828, 0.8152576382428828, 0.8152576382428828, 0.8152576382428828, 0.8152576382428828, 0.8152576382428828, 0.8163411693790223, 0.8163411693790223, 0.8163411693790223, 0.820125968128402, 0.820125968128402, 0.820125968128402, 0.8212501083043138, 0.8212501083043138, 0.8212501083043138, 0.8212501083043138, 0.8212501083043138, 0.8226790065342673, 0.8226790065342673, 0.8226790065342673, 0.8226790065342673, 0.8226790065342673, 0.8226790065342673, 0.8226790065342673, 0.8226790065342673, 0.8226790065342673, 0.8226790065342673, 0.8226790065342673, 0.8226790065342673]
[0.10909754147167544, 0.08990844597641821, 0.10213095704150446, 0.11217633720876431, 0.1247128823972289, 0.13309767795432384, 0.14647558418144757, 0.14977242474294172, 0.15366101558473166, 0.15667353688183197, 0.15911934173605663, 0.16612934797786272, 0.1719962893309116, 0.17825069239851132, 0.1808694580325319, 0.18733560371086333, 0.19651719211694108, 0.20332693981034525, 0.20312039323249037, 0.20617089736937422, 0.20969884755297094, 0.2124769192080805, 0.21518538971727919, 0.22025861000979327, 0.22563574130460812, 0.23148053508226313, 0.23777004997175888, 0.24226567309724878, 0.24417210752623664, 0.2449505210992055, 0.24815932819528652, 0.2505871488646845, 0.2555236469280572, 0.256978262098813, 0.26426054317648595, 0.26641822980922314, 0.2677530701948881, 0.2719506570499902, 0.2722186057905679, 0.28002881779650723, 0.2854462574109752, 0.29073649531068224, 0.2955107081505738, 0.3031607214394093, 0.3048104794838214, 0.3063117669879192, 0.3141981101958233, 0.3141981101958233, 0.31926049165706516, 0.32087755824617875, 0.3244015232951906, 0.3269575378760249, 0.3349256973728889, 0.34224990164859, 0.34224990164859, 0.34478697269216463, 0.34478697269216463, 0.34908629152188553, 0.3521351619201102, 0.3521351619201102, 0.3577580504946676, 0.3577580504946676, 0.3577580504946676, 0.3577580504946676, 0.3577580504946676, 0.3577580504946676, 0.3577580504946676, 0.3650068980795063, 0.3650068980795063, 0.3678336021691283, 0.3726120888406921, 0.3726120888406921, 0.3726120888406921, 0.3726120888406921, 0.3726120888406921, 0.3726120888406921, 0.37673192589775517, 0.37673192589775517, 0.37673192589775517, 0.39269482024616637, 0.39269482024616637, 0.39269482024616637, 0.3972418298602566, 0.3972418298602566, 0.3972418298602566, 0.3972418298602566, 0.3972418298602566, 0.4038627062435899, 0.4038627062435899, 0.4038627062435899, 0.4038627062435899, 0.4038627062435899, 0.4038627062435899, 0.4038627062435899, 0.4038627062435899, 0.4038627062435899, 0.4038627062435899, 0.4038627062435899, 0.4038627062435899]
Training raw path: /home/anhnd/DTI Project/Codes/MPNN/data/KFold/ATCInchikeySideEffectByDrug.txt_train_7
('Number of substructures, proteins, pathways, drugs, se: ', 2936, 1448, 330, 969, 1472)
((872, 4714), (97, 4714), (872, 1472), (97, 1472))
('VALIDATE SUM PROTEIN TRAIN: ', 22445.0)
('VALIDATE SUM PROTEIN TEST: ', 2737.0)
Train: 0.9899 0.9365
Test: 0.8114 0.3967
[0.746854711420092, 0.7237041758059535, 0.7263314470726279, 0.7297470777729453, 0.7260643221764171, 0.7291849646518979, 0.7334426527089427, 0.7336448529017499, 0.7359377873366785, 0.7384948218101294, 0.7405830709817239, 0.7423967369353374, 0.7445203033732161, 0.7454708866350643, 0.7457317962341867, 0.7482519323830544, 0.751219842753933, 0.7530309373785219, 0.7538853484418495, 0.7549028869212002, 0.7562472951601469, 0.7579063016584675, 0.7587619971464585, 0.7594756331085232, 0.760817385476851, 0.763217667986045, 0.764206334117955, 0.7650112429305849, 0.764996937299772, 0.765039589370694, 0.7658593973286989, 0.7666191792524667, 0.7677886116082553, 0.7677379906966791, 0.7701133319092925, 0.7713735396354201, 0.7720328400706015, 0.7728495938257606, 0.7727761089448837, 0.7749454247440238, 0.7766692276325079, 0.7785548176708441, 0.7801559462482138, 0.7824564477048239, 0.7829116912485838, 0.7835354825211729, 0.7852652946646839, 0.7852652946646839, 0.7862263199539594, 0.7870111982938545, 0.7887979218033689, 0.7897479792732605, 0.7926601750585384, 0.794719464675106, 0.794719464675106, 0.7955604023334345, 0.7955604023334345, 0.7969314133232217, 0.7977605122586757, 0.7977605122586757, 0.7993267545009477, 0.7993267545009477, 0.7993267545009477, 0.7993267545009477, 0.7993267545009477, 0.7993267545009477, 0.7993267545009477, 0.8015001181498671, 0.8015001181498671, 0.8026012483690402, 0.8036001372370223, 0.8036001372370223, 0.8036001372370223, 0.8036001372370223, 0.8036001372370223, 0.8036001372370223, 0.8048212841903579, 0.8048212841903579, 0.8048212841903579, 0.8087206062185346, 0.8087206062185346, 0.8087206062185346, 0.8100181180886539, 0.8100181180886539, 0.8100181180886539, 0.8100181180886539, 0.8100181180886539, 0.8114030369264924, 0.8114030369264924, 0.8114030369264924, 0.8114030369264924, 0.8114030369264924, 0.8114030369264924, 0.8114030369264924, 0.8114030369264924, 0.8114030369264924, 0.8114030369264924, 0.8114030369264924, 0.8114030369264924]
[0.09751574381915622, 0.09869464857037022, 0.11009164383254205, 0.11495630886628261, 0.11788765396294973, 0.12601020514011607, 0.12880169747094425, 0.13469943390996678, 0.13898724678823238, 0.14324611541902194, 0.14813223643728446, 0.1521817058762986, 0.15534411265034667, 0.15715519777197087, 0.1582576293133336, 0.16227815183671504, 0.17094667193431354, 0.17506689304382578, 0.1775117780882844, 0.18000057124685287, 0.1831151756692126, 0.18740638172507632, 0.18882718321713365, 0.1970692907984857, 0.20357132584451132, 0.20971866766774588, 0.21481483648047628, 0.2207376632477285, 0.22410909942549195, 0.22378191840066294, 0.22739207687253576, 0.2330007610970296, 0.23673598818227426, 0.23805827908049568, 0.24645924286416024, 0.24951334284903764, 0.2516309275547237, 0.2552005303480571, 0.2560117838851965, 0.26313055137101077, 0.2689784594496441, 0.2750485418099793, 0.2806222377387782, 0.28749457329881023, 0.2903170982410643, 0.29245255722507457, 0.2983869219889379, 0.2983869219889379, 0.3026552484943818, 0.3050669830167544, 0.31117924235935673, 0.31411378590727557, 0.3244880547291026, 0.33255398824575744, 0.33255398824575744, 0.3351486474055329, 0.3351486474055329, 0.3406602348174003, 0.34327768254572427, 0.34327768254572427, 0.34869012998755455, 0.34869012998755455, 0.34869012998755455, 0.34869012998755455, 0.34869012998755455, 0.34869012998755455, 0.34869012998755455, 0.3564658221839742, 0.3564658221839742, 0.35986621388201756, 0.3635276005547639, 0.3635276005547639, 0.3635276005547639, 0.3635276005547639, 0.3635276005547639, 0.3635276005547639, 0.368805507311604, 0.368805507311604, 0.368805507311604, 0.38492739243400265, 0.38492739243400265, 0.38492739243400265, 0.39068941833392823, 0.39068941833392823, 0.39068941833392823, 0.39068941833392823, 0.39068941833392823, 0.3967475842937281, 0.3967475842937281, 0.3967475842937281, 0.3967475842937281, 0.3967475842937281, 0.3967475842937281, 0.3967475842937281, 0.3967475842937281, 0.3967475842937281, 0.3967475842937281, 0.3967475842937281, 0.3967475842937281]
Training raw path: /home/anhnd/DTI Project/Codes/MPNN/data/KFold/ATCInchikeySideEffectByDrug.txt_train_8
('Number of substructures, proteins, pathways, drugs, se: ', 2936, 1448, 330, 969, 1472)
((872, 4714), (97, 4714), (872, 1472), (97, 1472))
('VALIDATE SUM PROTEIN TRAIN: ', 22705.0)
('VALIDATE SUM PROTEIN TEST: ', 2477.0)
Train: 0.9907 0.9412
Test: 0.8112 0.3780
[0.6995675081708554, 0.6931140413006582, 0.6956931927805401, 0.6926080259755136, 0.7009372341595663, 0.7056845595186592, 0.7090973661436399, 0.7119405603703892, 0.7169858081452914, 0.722721639056163, 0.7266564600678939, 0.7289640189026722, 0.7310327325857736, 0.733927640112166, 0.7362853819298405, 0.7378910168089376, 0.7396957647156999, 0.7418351076922796, 0.7429315880624474, 0.7439800696881029, 0.7454437027650416, 0.7478413381966134, 0.7490507293187365, 0.7508338639330276, 0.7527725705861147, 0.7555050720562906, 0.7564647186217085, 0.7583542787818484, 0.7589874948571615, 0.7592510426788488, 0.7607980803268763, 0.761609387728519, 0.7634722112209378, 0.7634537406674436, 0.765936790143966, 0.767585141868974, 0.7678509787418655, 0.7692572392115248, 0.7695805234762266, 0.7727971363205927, 0.7746960009882304, 0.7761403244372537, 0.7777586465381593, 0.7802932242572803, 0.7813992346745212, 0.7816674850138331, 0.7838055667792424, 0.7838055667792424, 0.7851345142169786, 0.785892694370221, 0.7872289665587222, 0.7879228735952434, 0.7906749469977585, 0.7930965780336382, 0.7930965780336382, 0.7938824290068569, 0.7938824290068569, 0.7954638689758711, 0.7963760257446647, 0.7963760257446647, 0.7982078554856524, 0.7982078554856524, 0.7982078554856524, 0.7982078554856524, 0.7982078554856524, 0.7982078554856524, 0.7982078554856524, 0.800460826037799, 0.800460826037799, 0.8015543260783902, 0.802755888899078, 0.802755888899078, 0.802755888899078, 0.802755888899078, 0.802755888899078, 0.802755888899078, 0.8039587317854996, 0.8039587317854996, 0.8039587317854996, 0.8082267765907174, 0.8082267765907174, 0.8082267765907174, 0.809629595048846, 0.809629595048846, 0.809629595048846, 0.809629595048846, 0.809629595048846, 0.8111944977604422, 0.8111944977604422, 0.8111944977604422, 0.8111944977604422, 0.8111944977604422, 0.8111944977604422, 0.8111944977604422, 0.8111944977604422, 0.8111944977604422, 0.8111944977604422, 0.8111944977604422, 0.8111944977604422]
[0.052369268670763566, 0.06949101249428244, 0.08064686579884524, 0.08693589248506062, 0.09310375962080718, 0.0995418379075505, 0.10867522609177696, 0.11628023663247275, 0.12371495794952153, 0.125927255781136, 0.13250305064729676, 0.13775899658107882, 0.1433025149246405, 0.14771086080018794, 0.15080421084974616, 0.15509667529921373, 0.15779061847902698, 0.16205304514800906, 0.16358093011827562, 0.165555912481521, 0.168058145841391, 0.17206253717110903, 0.17409864471937617, 0.1790190927604255, 0.18451071457773413, 0.19038375865911267, 0.19466155100730975, 0.20051516280275736, 0.2051660897348745, 0.2055858316987484, 0.2095591019557655, 0.21288323239692475, 0.21783898167984633, 0.21863951628497774, 0.22527376891683248, 0.22854420244360385, 0.2298147520316575, 0.2344681847953046, 0.23616229157477472, 0.2465031250369193, 0.2519491770958889, 0.2556910854166996, 0.2603865798144709, 0.2676880030108256, 0.27209280600441915, 0.2733568169191213, 0.2801562692142002, 0.2801562692142002, 0.28432591119654266, 0.28689458807328916, 0.2905692218598179, 0.29305450257821136, 0.3020076610807184, 0.31038214691219346, 0.31038214691219346, 0.3130286653147044, 0.3130286653147044, 0.31936769706410173, 0.3218563964700113, 0.3218563964700113, 0.32708301286002067, 0.32708301286002067, 0.32708301286002067, 0.32708301286002067, 0.32708301286002067, 0.32708301286002067, 0.32708301286002067, 0.33435965614933993, 0.33435965614933993, 0.33799229255996466, 0.3424599704061595, 0.3424599704061595, 0.3424599704061595, 0.3424599704061595, 0.3424599704061595, 0.3424599704061595, 0.34728514031425917, 0.34728514031425917, 0.34728514031425917, 0.365306905715335, 0.365306905715335, 0.365306905715335, 0.37107296405504364, 0.37107296405504364, 0.37107296405504364, 0.37107296405504364, 0.37107296405504364, 0.3780369540186429, 0.3780369540186429, 0.3780369540186429, 0.3780369540186429, 0.3780369540186429, 0.3780369540186429, 0.3780369540186429, 0.3780369540186429, 0.3780369540186429, 0.3780369540186429, 0.3780369540186429, 0.3780369540186429]
Training raw path: /home/anhnd/DTI Project/Codes/MPNN/data/KFold/ATCInchikeySideEffectByDrug.txt_train_9
('Number of substructures, proteins, pathways, drugs, se: ', 2936, 1448, 330, 969, 1472)
((873, 4714), (96, 4714), (873, 1472), (96, 1472))
('VALIDATE SUM PROTEIN TRAIN: ', 22759.0)
('VALIDATE SUM PROTEIN TEST: ', 2423.0)
Train: 0.9898 0.9360
Test: 0.7956 0.3851
[0.6780435870966685, 0.6806957449445229, 0.6717768732682838, 0.6721141598054109, 0.6782771127379572, 0.6831666822405699, 0.6904581732941062, 0.6939023031679842, 0.6975937004676738, 0.7010488190375008, 0.7065456327219894, 0.7091371247779699, 0.7114511853033016, 0.7138978242593657, 0.7163387557636864, 0.7186413163247036, 0.723875630724111, 0.726522257854574, 0.727561935047365, 0.730429827086372, 0.7312203743434289, 0.7337528972751872, 0.7349520645692159, 0.737480763395696, 0.7394324400315109, 0.7416374151480389, 0.7431835411131256, 0.7447772653691878, 0.7452944261109147, 0.7456252477525386, 0.7474292537759062, 0.7485141704292034, 0.7503326939408053, 0.7513716330553981, 0.7538035990871164, 0.7549163932498677, 0.7555904692433559, 0.7566885404361146, 0.7570705892546139, 0.7595431970997266, 0.7608937276524911, 0.7624818580261119, 0.7639523045449519, 0.7661092895685618, 0.7672849943644544, 0.767687393743807, 0.7699984078698368, 0.7699984078698368, 0.7712085276962268, 0.7717746886778029, 0.7732422946740831, 0.7739145387931353, 0.7766575245525141, 0.778846380815619, 0.778846380815619, 0.7796094153823807, 0.7796094153823807, 0.7811937666713852, 0.7820252229745619, 0.7820252229745619, 0.783845777118523, 0.783845777118523, 0.783845777118523, 0.783845777118523, 0.783845777118523, 0.783845777118523, 0.783845777118523, 0.7858466408008418, 0.7858466408008418, 0.786996750116563, 0.7880932400842209, 0.7880932400842209, 0.7880932400842209, 0.7880932400842209, 0.7880932400842209, 0.7880932400842209, 0.7892497533720435, 0.7892497533720435, 0.7892497533720435, 0.7929664420051679, 0.7929664420051679, 0.7929664420051679, 0.7942563637582416, 0.7942563637582416, 0.7942563637582416, 0.7942563637582416, 0.7942563637582416, 0.7955933443405185, 0.7955933443405185, 0.7955933443405185, 0.7955933443405185, 0.7955933443405185, 0.7955933443405185, 0.7955933443405185, 0.7955933443405185, 0.7955933443405185, 0.7955933443405185, 0.7955933443405185, 0.7955933443405185]
[0.07640632430970076, 0.0936127868824787, 0.09026355345659495, 0.09519031819110568, 0.10143444725836111, 0.10988479723153094, 0.11932085533708171, 0.12498499241520986, 0.1312676062895699, 0.13497752768619353, 0.14108840228142563, 0.14747734181823802, 0.15316411781435474, 0.15795624954852325, 0.16073076769323896, 0.1646145605403645, 0.17612742792446745, 0.18366946693868988, 0.1859528424970644, 0.19126650011262306, 0.19382409597019418, 0.19851712254219067, 0.20006090253832753, 0.20665295415320134, 0.21420609376841926, 0.21900719165425106, 0.22452619038951988, 0.22992594949934006, 0.23219428965483763, 0.23274289527188666, 0.23697940213724672, 0.2416490878162811, 0.24587677306653835, 0.24779079925278774, 0.25398465570662804, 0.25603952919788847, 0.2577311150039477, 0.2611005752276028, 0.26290280715165226, 0.26998465780642833, 0.27362806162650405, 0.278649547374894, 0.2824972273036603, 0.28953620381204076, 0.2933464661828143, 0.2940709514026124, 0.30116133916050275, 0.30116133916050275, 0.30495093565676135, 0.30649646021030663, 0.31125056681305296, 0.3125299557795587, 0.3201252936417175, 0.3267135839998921, 0.3267135839998921, 0.3284003542529411, 0.3284003542529411, 0.33415084776903814, 0.3363451785323695, 0.3363451785323695, 0.3420128405852207, 0.3420128405852207, 0.3420128405852207, 0.3420128405852207, 0.3420128405852207, 0.3420128405852207, 0.3420128405852207, 0.34868181813234334, 0.34868181813234334, 0.3524075674006655, 0.35618397457825735, 0.35618397457825735, 0.35618397457825735, 0.35618397457825735, 0.35618397457825735, 0.35618397457825735, 0.3605301139788157, 0.3605301139788157, 0.3605301139788157, 0.3746990214941769, 0.3746990214941769, 0.3746990214941769, 0.37948794449164536, 0.37948794449164536, 0.37948794449164536, 0.37948794449164536, 0.37948794449164536, 0.38506538514009114, 0.38506538514009114, 0.38506538514009114, 0.38506538514009114, 0.38506538514009114, 0.38506538514009114, 0.38506538514009114, 0.38506538514009114, 0.38506538514009114, 0.38506538514009114, 0.38506538514009114, 0.38506538514009114]
AUC: 0.8140 0.0031
AUPR: 0.4084 0.0087
('RARE AUC', [(0.7163910226317501, 0.0104058503434528), (0.7044575757764867, 0.007488101985221156), (0.7058016982705635, 0.007078612489818951), (0.7094065215837694, 0.007158236856320889), (0.713527567654659, 0.0067118000177331), (0.7175425409274855, 0.0064147175349055716), (0.7223475030059273, 0.006462751866195774), (0.7250534909978067, 0.006298018547674841), (0.7276557671005748, 0.006082837447975971), (0.7309077629676306, 0.00571500205582667), (0.7339498847371084, 0.0054524852195228304), (0.7368292410290224, 0.005516255252748117), (0.7391074648126017, 0.005436638874626673), (0.7412663401814099, 0.005348435123192617), (0.7427085196436509, 0.005192397596337182), (0.7449385770108984, 0.005193773899465663), (0.7479340142582716, 0.004938644334425375), (0.7503924374755208, 0.004855642933911653), (0.7512066111145084, 0.0047670614222164375), (0.752868750227484, 0.0046594131695869255), (0.7541934574063912, 0.0046721858006684835), (0.7559805830565591, 0.004542310644315037), (0.7569682040067334, 0.004518396557166456), (0.7584310647134078, 0.004460874381667935), (0.7601473955254028, 0.004405837656661766), (0.7623690316548932, 0.004334834485289584), (0.7636706903373762, 0.004311307352782461), (0.7652069581636111, 0.004278724459742944), (0.7657943267724934, 0.004276425828472139), (0.7660017196360008, 0.0042698510081577885), (0.7676545898154672, 0.004188428438018867), (0.7685437593971015, 0.004185482335254086), (0.7702446657153095, 0.004134005534335027), (0.7707286290734688, 0.00411924165311936), (0.7729011300614232, 0.004032680711061178), (0.7741161114591838, 0.0040270868879577724), (0.7746170658004959, 0.004012437431236496), (0.7756800384699171, 0.003992530848293671), (0.7758952742742617, 0.003970036476526982), (0.7787959573537214, 0.003905714895579085), (0.7804405144057154, 0.0038850241947505242), (0.7822164019373321, 0.003878527380262196), (0.7837468102244068, 0.0038525889577526976), (0.7858946902727204, 0.00378584433595703), (0.7866641995837144, 0.003741490460812612), (0.7872230049141442, 0.0037411088772629974), (0.7893388228834441, 0.003699817443563264), (0.7893388228834441, 0.003699817443563264), (0.7904651663759582, 0.003670739726949954), (0.7911052357256666, 0.00364894421851915), (0.7924374497975445, 0.00361361169016808), (0.7931596647215946, 0.003612394801443485), (0.7958537318646941, 0.0035451295643923776), (0.7979263362224451, 0.0034994492232526208), (0.7979263362224451, 0.0034994492232526208), (0.7986608538176208, 0.0034823079830341745), (0.7986608538176208, 0.0034823079830341745), (0.8000630100228567, 0.0034099744591392016), (0.800868221160447, 0.0033898256387389306), (0.800868221160447, 0.0033898256387389306), (0.8025015944841349, 0.0033220108333275036), (0.8025015944841349, 0.0033220108333275036), (0.8025015944841349, 0.0033220108333275036), (0.8025015944841349, 0.0033220108333275036), (0.8025015944841349, 0.0033220108333275036), (0.8025015944841349, 0.0033220108333275036), (0.8025015944841349, 0.0033220108333275036), (0.8044857250906354, 0.003286416479503802), (0.8044857250906354, 0.003286416479503802), (0.8055026160852596, 0.0032642192777835055), (0.8065636657555938, 0.0032434914352861624), (0.8065636657555938, 0.0032434914352861624), (0.8065636657555938, 0.0032434914352861624), (0.8065636657555938, 0.0032434914352861624), (0.8065636657555938, 0.0032434914352861624), (0.8065636657555938, 0.0032434914352861624), (0.8077448195606962, 0.0032179457618851893), (0.8077448195606962, 0.0032179457618851893), (0.8077448195606962, 0.0032179457618851893), (0.8113818955867151, 0.0031543472555598485), (0.8113818955867151, 0.0031543472555598485), (0.8113818955867151, 0.0031543472555598485), (0.8126218549351446, 0.003127146087149566), (0.8126218549351446, 0.003127146087149566), (0.8126218549351446, 0.003127146087149566), (0.8126218549351446, 0.003127146087149566), (0.8126218549351446, 0.003127146087149566), (0.8139570407123043, 0.003106649337868852), (0.8139570407123043, 0.003106649337868852), (0.8139570407123043, 0.003106649337868852), (0.8139570407123043, 0.003106649337868852), (0.8139570407123043, 0.003106649337868852), (0.8139570407123043, 0.003106649337868852), (0.8139570407123043, 0.003106649337868852), (0.8139570407123043, 0.003106649337868852), (0.8139570407123043, 0.003106649337868852), (0.8139570407123043, 0.003106649337868852), (0.8139570407123043, 0.003106649337868852), (0.8139570407123043, 0.003106649337868852)])
('RARE AUPR', [(0.08673285831453516, 0.008897778383948366), (0.09209219641309518, 0.006733803168248809), (0.10226973070748033, 0.0061648870303217), (0.11137789016945487, 0.0069434529559776826), (0.11766694107237045, 0.006986986053673557), (0.1270864416984599, 0.007249895066141724), (0.13600156610082287, 0.008286450009043518), (0.1411216454207246, 0.00820194224092608), (0.14638079387984476, 0.008050158041773578), (0.15050758649241863, 0.008022760271900443), (0.15666372633996936, 0.00821773183523308), (0.16341884131532464, 0.008360124403628235), (0.16939881000389806, 0.008308534455982513), (0.17407449093360464, 0.008379004014876151), (0.17635608711101952, 0.008349589737995787), (0.18073194701889808, 0.008476324861057516), (0.18863898213364694, 0.008429111857672618), (0.19368911134408834, 0.008406683714171005), (0.19564588043527004, 0.008475280944895991), (0.1994814699105097, 0.008631130076000621), (0.202791302774095, 0.008784074459561331), (0.2069934339928751, 0.00864192818895949), (0.20869722705772928, 0.008708942476525932), (0.21578704725341238, 0.009181954178262968), (0.22272669334280432, 0.009266355525306405), (0.228123421879681, 0.009318915816545767), (0.23310694162696213, 0.009429714198253256), (0.2387993135707077, 0.009564580351470892), (0.24193769735579282, 0.009616189522526443), (0.2425000348458788, 0.00965640312923321), (0.2467242475831664, 0.009669782448682017), (0.25080078830499775, 0.009747637472624578), (0.2557625946419892, 0.009831537425139494), (0.2574453183799313, 0.009902323396351095), (0.2639725508079725, 0.009799575301161234), (0.26717813770440374, 0.009847095019862686), (0.2686562511399421, 0.009864392799482714), (0.27219892769097875, 0.009691528629161925), (0.2733957117373908, 0.009695631026016508), (0.28282282371126033, 0.00980751916249957), (0.2876888718635755, 0.009748266475123354), (0.2932140026275054, 0.009944145574868984), (0.29802904117000373, 0.009996564162524459), (0.30492473527113545, 0.009899757956297333), (0.3076905852441221, 0.009835744358119278), (0.3094681224133443, 0.00988819842142636), (0.3163312326907371, 0.009842821971502064), (0.3163312326907371, 0.009842821971502064), (0.3205874672292978, 0.009854198135938498), (0.322622755140981, 0.009804421684596379), (0.3271473309177081, 0.009835035860029477), (0.32946806939769224, 0.009863797326320903), (0.3384801163245693, 0.009812778235401517), (0.3458168886378031, 0.009717327085404352), (0.3458168886378031, 0.009717327085404352), (0.3478454279018207, 0.009689213291136551), (0.3478454279018207, 0.009689213291136551), (0.3533174880006395, 0.009569230151223674), (0.3558805484200884, 0.00956493988141051), (0.3558805484200884, 0.00956493988141051), (0.3615413961626445, 0.009440327278333587), (0.3615413961626445, 0.009440327278333587), (0.3615413961626445, 0.009440327278333587), (0.3615413961626445, 0.009440327278333587), (0.3615413961626445, 0.009440327278333587), (0.3615413961626445, 0.009440327278333587), (0.3615413961626445, 0.009440327278333587), (0.3688417577174406, 0.009430794069089084), (0.3688417577174406, 0.009430794069089084), (0.3722773026055097, 0.009400650663992802), (0.3764747361965627, 0.009334809135880681), (0.3764747361965627, 0.009334809135880681), (0.3764747361965627, 0.009334809135880681), (0.3764747361965627, 0.009334809135880681), (0.3764747361965627, 0.009334809135880681), (0.3764747361965627, 0.009334809135880681), (0.38165082137523043, 0.00926341089900714), (0.38165082137523043, 0.00926341089900714), (0.38165082137523043, 0.00926341089900714), (0.3968814475894419, 0.008925207466610914), (0.3968814475894419, 0.008925207466610914), (0.3968814475894419, 0.008925207466610914), (0.4021884564829919, 0.008822606085196404), (0.4021884564829919, 0.008822606085196404), (0.4021884564829919, 0.008822606085196404), (0.4021884564829919, 0.008822606085196404), (0.4021884564829919, 0.008822606085196404), (0.40836294289398933, 0.008701575483979943), (0.40836294289398933, 0.008701575483979943), (0.40836294289398933, 0.008701575483979943), (0.40836294289398933, 0.008701575483979943), (0.40836294289398933, 0.008701575483979943), (0.40836294289398933, 0.008701575483979943), (0.40836294289398933, 0.008701575483979943), (0.40836294289398933, 0.008701575483979943), (0.40836294289398933, 0.008701575483979943), (0.40836294289398933, 0.008701575483979943), (0.40836294289398933, 0.008701575483979943), (0.40836294289398933, 0.008701575483979943)])
