CSMF_P
<models.baselines.CSMF.CSMF object at 0x7f1109caae50>
('Manual torch seed: ', 1772727637)
('Config: ', 'Protein Test: ', False, 'KNN: ', 4)
Training raw path: /home/anhnd/DTI Project/Codes/MPNN/data/KFold/ATCInchikeySideEffectByDrug.txt_train_0
('Number of substructures, proteins, pathways, drugs, se: ', 2936, 1448, 330, 969, 598)
((872, 4714), (97, 4714), (872, 598), (97, 598))
('VALIDATE SUM PROTEIN TRAIN: ', 22497.0)
('VALIDATE SUM PROTEIN TEST: ', 0.0)
Train: 0.9997 0.9990
Test: 0.7509 0.4797
[0.6432026836954967, 0.6515602191982064, 0.6547576407214031, 0.6489730120459692, 0.6479723404897788, 0.6499402148696165, 0.6489168402794012, 0.6493622749725831, 0.6515867415295042, 0.6548011617000997, 0.655448878272689, 0.6565539789293028, 0.6581443806077374, 0.6597871088272056, 0.6610142826943205, 0.6616470383382584, 0.6627087725068483, 0.6634867953374454, 0.6646833227337132, 0.6675044089872275, 0.6704692073740126, 0.6731912678616812, 0.6744728089932102, 0.677039570652116, 0.6792931508656679, 0.6796464284067372, 0.6810565701011799, 0.682298990967134, 0.6844064549908309, 0.685491722481578, 0.6893886303617653, 0.6910346521772156, 0.691725455094981, 0.6932802332128909, 0.6940355741623127, 0.6985934515289725, 0.701122492103394, 0.7036118355640039, 0.705733263870185, 0.7086795344506494, 0.7100957022450858, 0.7109867114122952, 0.7139339639566531, 0.7139339639566531, 0.7161375321475327, 0.7170746198142159, 0.7191187661407716, 0.7200725179553157, 0.7240458884408234, 0.7271653317082389, 0.7271653317082389, 0.7282640746744968, 0.7282640746744968, 0.7307352395661043, 0.7317753643639404, 0.7317753643639404, 0.733963946379375, 0.733963946379375, 0.733963946379375, 0.733963946379375, 0.733963946379375, 0.733963946379375, 0.733963946379375, 0.7370085413586078, 0.7370085413586078, 0.7385168035040997, 0.7400073022150632, 0.7400073022150632, 0.7400073022150632, 0.7400073022150632, 0.7400073022150632, 0.7400073022150632, 0.7417502060037872, 0.7417502060037872, 0.7417502060037872, 0.7469169814528416, 0.7469169814528416, 0.7469169814528416, 0.7488063484671665, 0.7488063484671665, 0.7488063484671665, 0.7488063484671665, 0.7488063484671665, 0.7508601411758861, 0.7508601411758861, 0.7508601411758861, 0.7508601411758861, 0.7508601411758861, 0.7508601411758861, 0.7508601411758861, 0.7508601411758861, 0.7508601411758861, 0.7508601411758861, 0.7508601411758861, 0.7508601411758861]
[0.1381400063919961, 0.15622609651036873, 0.16244871605432623, 0.1597037336614714, 0.16440591857449013, 0.16918073990078006, 0.1733319548169437, 0.17990246511847924, 0.18460125412175638, 0.18913964664299382, 0.1908869649548769, 0.1950327637704981, 0.20723084085270224, 0.21379941241718073, 0.2167986805582981, 0.21975330138037383, 0.22248944673269755, 0.227475538846939, 0.23037315250216223, 0.23937129808444457, 0.24930448176159176, 0.2553066854995907, 0.25880180605129244, 0.26564785524081935, 0.2709087138876943, 0.2718947354184713, 0.27523655950888803, 0.2787195759324485, 0.2850740504080481, 0.2874271897150299, 0.29779109358626354, 0.301898085869377, 0.30368961566559954, 0.30944652387803767, 0.31157562845745235, 0.32504770527464355, 0.3313349972179993, 0.33925865588018544, 0.34408256401806314, 0.3522325597551999, 0.3549494732821648, 0.3575542367622218, 0.36555779388825926, 0.36555779388825926, 0.3712128070867882, 0.3736058020101929, 0.38048210333716104, 0.38330600146512517, 0.3937550648714215, 0.40271467603782674, 0.40271467603782674, 0.4061745788948772, 0.4061745788948772, 0.41371736047954644, 0.41704369604161595, 0.41704369604161595, 0.4235560803911813, 0.4235560803911813, 0.4235560803911813, 0.4235560803911813, 0.4235560803911813, 0.4235560803911813, 0.4235560803911813, 0.43280035465372924, 0.43280035465372924, 0.4371579152477327, 0.4419738599144302, 0.4419738599144302, 0.4419738599144302, 0.4419738599144302, 0.4419738599144302, 0.4419738599144302, 0.44829682907750257, 0.44829682907750257, 0.44829682907750257, 0.46556520771806137, 0.46556520771806137, 0.46556520771806137, 0.47226621014933545, 0.47226621014933545, 0.47226621014933545, 0.47226621014933545, 0.47226621014933545, 0.479708855464273, 0.479708855464273, 0.479708855464273, 0.479708855464273, 0.479708855464273, 0.479708855464273, 0.479708855464273, 0.479708855464273, 0.479708855464273, 0.479708855464273, 0.479708855464273, 0.479708855464273]
Training raw path: /home/anhnd/DTI Project/Codes/MPNN/data/KFold/ATCInchikeySideEffectByDrug.txt_train_1
('Number of substructures, proteins, pathways, drugs, se: ', 2936, 1448, 330, 969, 598)
((872, 4714), (97, 4714), (872, 598), (97, 598))
('VALIDATE SUM PROTEIN TRAIN: ', 22668.0)
('VALIDATE SUM PROTEIN TEST: ', 0.0)
Train: 0.9996 0.9984
Test: 0.7456 0.4777
[0.6181938044517393, 0.6245739465856852, 0.6247818443496291, 0.6236653465251851, 0.6286259325203111, 0.6308568053146306, 0.6321320422352861, 0.632088223612616, 0.6356434799687237, 0.638533224499929, 0.6389441254648227, 0.6420717327265163, 0.6458145011259404, 0.6477798975642052, 0.6486197266153461, 0.6513499245042786, 0.6519803829998767, 0.6534283308335428, 0.6537089037955507, 0.6535824992485315, 0.6571905799054895, 0.6603555351580341, 0.6614445161086403, 0.6634324394914157, 0.6643421221118744, 0.6646761401478305, 0.6672218910354952, 0.6689051565689901, 0.6719222180619473, 0.6733123473249123, 0.6781531220971768, 0.6809048250956637, 0.6819262462430642, 0.6838007129514581, 0.6845363134149014, 0.6894535542584306, 0.6916279677381778, 0.6951121897318229, 0.6972553893227443, 0.7011665210031953, 0.7029264137028333, 0.7039068492711933, 0.7076229642483364, 0.7076229642483364, 0.708542441783141, 0.7096401066426463, 0.7120220772806398, 0.713058125725432, 0.7168559799295232, 0.7203831870287766, 0.7203831870287766, 0.7213316973023565, 0.7213316973023565, 0.7238617899750279, 0.7252053556615433, 0.7252053556615433, 0.7278235650509974, 0.7278235650509974, 0.7278235650509974, 0.7278235650509974, 0.7278235650509974, 0.7278235650509974, 0.7278235650509974, 0.7310159005867305, 0.7310159005867305, 0.732554066480787, 0.734001399739194, 0.734001399739194, 0.734001399739194, 0.734001399739194, 0.734001399739194, 0.734001399739194, 0.7360488747679613, 0.7360488747679613, 0.7360488747679613, 0.7413527665829381, 0.7413527665829381, 0.7413527665829381, 0.743455796581469, 0.743455796581469, 0.743455796581469, 0.743455796581469, 0.743455796581469, 0.745596247118129, 0.745596247118129, 0.745596247118129, 0.745596247118129, 0.745596247118129, 0.745596247118129, 0.745596247118129, 0.745596247118129, 0.745596247118129, 0.745596247118129, 0.745596247118129, 0.745596247118129]
[0.11963347402434131, 0.1455198369145372, 0.14372457478291195, 0.1510710734176067, 0.15960443977457445, 0.16066738291371094, 0.16502097148940215, 0.17099529573252575, 0.18009648157339117, 0.1821979624915763, 0.18291227574089405, 0.18986734716781958, 0.19905094713579913, 0.20649462953651226, 0.20961149182684247, 0.21557353145404956, 0.2175724671232157, 0.22304791209465935, 0.22456581212447657, 0.2301639761117269, 0.24045610471089301, 0.24885988953494487, 0.251493272979991, 0.25713400406166936, 0.260112450476933, 0.26099547005498946, 0.2654390724913757, 0.2700713248838672, 0.2781219856809724, 0.2815015631207533, 0.2921347331758781, 0.29763000318784644, 0.30058170623473557, 0.30602822968509613, 0.3082570652092697, 0.32003603589238283, 0.3250637480429165, 0.33419284995643017, 0.3385663047131846, 0.3490363991567785, 0.3535287445207928, 0.3556631733923439, 0.36428132415498293, 0.36428132415498293, 0.36823030358893527, 0.37118746055320967, 0.3777447950282695, 0.38051847927744287, 0.3895448256754806, 0.39951083285439576, 0.39951083285439576, 0.4017499810202582, 0.4017499810202582, 0.4087009590592529, 0.41250701366608167, 0.41250701366608167, 0.4195911161843282, 0.4195911161843282, 0.4195911161843282, 0.4195911161843282, 0.4195911161843282, 0.4195911161843282, 0.4195911161843282, 0.4290757942905069, 0.4290757942905069, 0.4330321359234555, 0.43745465481166806, 0.43745465481166806, 0.43745465481166806, 0.43745465481166806, 0.43745465481166806, 0.43745465481166806, 0.4450697705475966, 0.4450697705475966, 0.4450697705475966, 0.46237649519452517, 0.46237649519452517, 0.46237649519452517, 0.4700409238203689, 0.4700409238203689, 0.4700409238203689, 0.4700409238203689, 0.4700409238203689, 0.4776513429218805, 0.4776513429218805, 0.4776513429218805, 0.4776513429218805, 0.4776513429218805, 0.4776513429218805, 0.4776513429218805, 0.4776513429218805, 0.4776513429218805, 0.4776513429218805, 0.4776513429218805, 0.4776513429218805]
Training raw path: /home/anhnd/DTI Project/Codes/MPNN/data/KFold/ATCInchikeySideEffectByDrug.txt_train_2
('Number of substructures, proteins, pathways, drugs, se: ', 2936, 1448, 330, 969, 598)
((872, 4714), (97, 4714), (872, 598), (97, 598))
('VALIDATE SUM PROTEIN TRAIN: ', 22376.0)
('VALIDATE SUM PROTEIN TEST: ', 0.0)
Train: 0.9997 0.9988
Test: 0.7395 0.5036
[0.6251951029934297, 0.6258193982532281, 0.6360118646665371, 0.6338565656317596, 0.6351040518516354, 0.6369339516055991, 0.6373854544318396, 0.6394882239109521, 0.6390757621758335, 0.6387883165387085, 0.6386152801657771, 0.6409067475373778, 0.6416518894843846, 0.6439135394361792, 0.6440111449364904, 0.6457663606124632, 0.6474500299759136, 0.6491001102683488, 0.6492205241934401, 0.6523501127565432, 0.6551007011288356, 0.6578135323300405, 0.6607897065793433, 0.6645106496161105, 0.6670439727493074, 0.6672233421772074, 0.6694193899413385, 0.6717544260970524, 0.6738239159059535, 0.6748108313824962, 0.6774832252366128, 0.6792476528900921, 0.680074292050576, 0.6811717356697063, 0.6819582461974327, 0.686978097469281, 0.6900681531758074, 0.6924167054758907, 0.6946554637952178, 0.697199420744947, 0.6988661454746159, 0.7000807616160829, 0.703241300335723, 0.703241300335723, 0.7052090231289885, 0.7061928348701579, 0.7084106936658774, 0.7094884438591027, 0.7133597685411963, 0.7161984979040527, 0.7161984979040527, 0.7169293573447428, 0.7169293573447428, 0.7189006988558531, 0.7202688228385699, 0.7202688228385699, 0.7225918761146954, 0.7225918761146954, 0.7225918761146954, 0.7225918761146954, 0.7225918761146954, 0.7225918761146954, 0.7225918761146954, 0.7255285216608395, 0.7255285216608395, 0.7271811030988694, 0.7287331570535588, 0.7287331570535588, 0.7287331570535588, 0.7287331570535588, 0.7287331570535588, 0.7287331570535588, 0.7305294215765352, 0.7305294215765352, 0.7305294215765352, 0.7356903849624727, 0.7356903849624727, 0.7356903849624727, 0.7375054296368346, 0.7375054296368346, 0.7375054296368346, 0.7375054296368346, 0.7375054296368346, 0.7394633318673078, 0.7394633318673078, 0.7394633318673078, 0.7394633318673078, 0.7394633318673078, 0.7394633318673078, 0.7394633318673078, 0.7394633318673078, 0.7394633318673078, 0.7394633318673078, 0.7394633318673078, 0.7394633318673078]
[0.1503502672570768, 0.17851007136897834, 0.2019996573131538, 0.19690974379838622, 0.20258056056834434, 0.20702004359162168, 0.21424836452895848, 0.2204561200095092, 0.22275235172236024, 0.22785417732324034, 0.2296711006732356, 0.2360656667359208, 0.2428847551012805, 0.2473046750758478, 0.24840006001652587, 0.2521483988250346, 0.25575785744372836, 0.2605795590437193, 0.26150477196838606, 0.27198575992809193, 0.2811409084243254, 0.288076009433634, 0.29463280319466295, 0.3044002481788598, 0.3096640890737531, 0.3104116130930319, 0.31566018265816304, 0.31994375480192855, 0.32539106865802325, 0.3271493222895443, 0.3336442258456196, 0.3372715564322696, 0.33924216091593545, 0.34189412089015514, 0.34420049001417985, 0.35691620653684847, 0.36509878540467133, 0.371323973228983, 0.3776630877552529, 0.38405068706445095, 0.3884992722773433, 0.39124876459872737, 0.3983647502796083, 0.3983647502796083, 0.4045354781930588, 0.40707136412878064, 0.41330131530519315, 0.4158161778572873, 0.42525369785607986, 0.433019513762111, 0.433019513762111, 0.4353839447361073, 0.4353839447361073, 0.4404500243457113, 0.4444627753995898, 0.4444627753995898, 0.45010030055878725, 0.45010030055878725, 0.45010030055878725, 0.45010030055878725, 0.45010030055878725, 0.45010030055878725, 0.45010030055878725, 0.45895413997402934, 0.45895413997402934, 0.46370581369277797, 0.46851747213481704, 0.46851747213481704, 0.46851747213481704, 0.46851747213481704, 0.46851747213481704, 0.46851747213481704, 0.47448080855263836, 0.47448080855263836, 0.47448080855263836, 0.4911715277543818, 0.4911715277543818, 0.4911715277543818, 0.49683108864962855, 0.49683108864962855, 0.49683108864962855, 0.49683108864962855, 0.49683108864962855, 0.5036283468195868, 0.5036283468195868, 0.5036283468195868, 0.5036283468195868, 0.5036283468195868, 0.5036283468195868, 0.5036283468195868, 0.5036283468195868, 0.5036283468195868, 0.5036283468195868, 0.5036283468195868, 0.5036283468195868]
Training raw path: /home/anhnd/DTI Project/Codes/MPNN/data/KFold/ATCInchikeySideEffectByDrug.txt_train_3
('Number of substructures, proteins, pathways, drugs, se: ', 2936, 1448, 330, 969, 598)
((872, 4714), (97, 4714), (872, 598), (97, 598))
('VALIDATE SUM PROTEIN TRAIN: ', 22809.0)
('VALIDATE SUM PROTEIN TEST: ', 0.0)
Train: 0.9996 0.9985
Test: 0.7414 0.4578
[0.6084586990329727, 0.6199778841053223, 0.6268538229479436, 0.6285376263299549, 0.6287729307508139, 0.6289707941833054, 0.63185923068315, 0.6337856710705518, 0.6374818198365996, 0.6408008127912989, 0.6404211566236597, 0.6425820858671659, 0.6445922216366837, 0.6472248275200125, 0.6481073579983769, 0.6497062025097088, 0.6515313134941217, 0.6523736941731862, 0.6533277094156985, 0.6576372494626337, 0.6602796906694814, 0.6643045637238109, 0.6669945041041689, 0.6690529510019315, 0.6693779341545067, 0.6698506801127015, 0.6731116547202851, 0.6737511337982605, 0.6761721750766552, 0.6771885473360658, 0.6806965496627583, 0.6816501341264618, 0.6821730006488016, 0.6836511018200595, 0.6841667015449209, 0.6887348808831598, 0.6910662042205253, 0.6930485568289845, 0.6948627353527626, 0.6978752415654185, 0.6991735782427569, 0.7001921653144325, 0.7035555328075461, 0.7035555328075461, 0.7053299284741023, 0.706289868947007, 0.7080522014571001, 0.7092686532686623, 0.7133275917875498, 0.7165420550758799, 0.7165420550758799, 0.7174261630218002, 0.7174261630218002, 0.7196282901713582, 0.7208635486875312, 0.7208635486875312, 0.7234652668605805, 0.7234652668605805, 0.7234652668605805, 0.7234652668605805, 0.7234652668605805, 0.7234652668605805, 0.7234652668605805, 0.7264792220791847, 0.7264792220791847, 0.728125542730717, 0.7297432928083945, 0.7297432928083945, 0.7297432928083945, 0.7297432928083945, 0.7297432928083945, 0.7297432928083945, 0.7315733166954334, 0.7315733166954334, 0.7315733166954334, 0.7373194101626417, 0.7373194101626417, 0.7373194101626417, 0.7393326196752034, 0.7393326196752034, 0.7393326196752034, 0.7393326196752034, 0.7393326196752034, 0.7413620563365009, 0.7413620563365009, 0.7413620563365009, 0.7413620563365009, 0.7413620563365009, 0.7413620563365009, 0.7413620563365009, 0.7413620563365009, 0.7413620563365009, 0.7413620563365009, 0.7413620563365009, 0.7413620563365009]
[0.10530332668085271, 0.11970274956008292, 0.12672757487221248, 0.13318403300743312, 0.14497556003498774, 0.14986882398202467, 0.15386365989371967, 0.16316345510208313, 0.17282382789531195, 0.17951506559452213, 0.18050340208975818, 0.18718454578787758, 0.19530664678349935, 0.20200403043112308, 0.2042350927985422, 0.20923154385180817, 0.21397071857005184, 0.21769451503129686, 0.21929359192427933, 0.2274146031407211, 0.23630316736400314, 0.24256839103814157, 0.24879625304583683, 0.25456080188516444, 0.25689129749613937, 0.25821306073051303, 0.26523270958370676, 0.26837772432130913, 0.27474215061086066, 0.27622672710852336, 0.2844044561861742, 0.28733522625156116, 0.2882240048734503, 0.2921047618385234, 0.2935243428142192, 0.30551274433147424, 0.31128923811376835, 0.31669931471405993, 0.32193545403562784, 0.33059928664508065, 0.333783879054275, 0.3364211821866726, 0.3447998123757068, 0.3447998123757068, 0.3499421120771777, 0.35180163480741566, 0.35764371581910415, 0.36091673820521253, 0.3712812494694818, 0.38070199966272483, 0.38070199966272483, 0.382730028272386, 0.382730028272386, 0.38831313098247666, 0.3917951504395975, 0.3917951504395975, 0.39891289761451765, 0.39891289761451765, 0.39891289761451765, 0.39891289761451765, 0.39891289761451765, 0.39891289761451765, 0.39891289761451765, 0.4079233203185705, 0.4079233203185705, 0.412713512095769, 0.41814734352022226, 0.41814734352022226, 0.41814734352022226, 0.41814734352022226, 0.41814734352022226, 0.41814734352022226, 0.4247063261720586, 0.4247063261720586, 0.4247063261720586, 0.4434359520182651, 0.4434359520182651, 0.4434359520182651, 0.45050751038194703, 0.45050751038194703, 0.45050751038194703, 0.45050751038194703, 0.45050751038194703, 0.45780985071700797, 0.45780985071700797, 0.45780985071700797, 0.45780985071700797, 0.45780985071700797, 0.45780985071700797, 0.45780985071700797, 0.45780985071700797, 0.45780985071700797, 0.45780985071700797, 0.45780985071700797, 0.45780985071700797]
Training raw path: /home/anhnd/DTI Project/Codes/MPNN/data/KFold/ATCInchikeySideEffectByDrug.txt_train_4
('Number of substructures, proteins, pathways, drugs, se: ', 2936, 1448, 330, 969, 598)
((872, 4714), (97, 4714), (872, 598), (97, 598))
('VALIDATE SUM PROTEIN TRAIN: ', 22764.0)
('VALIDATE SUM PROTEIN TEST: ', 0.0)
Train: 0.9996 0.9987
Test: 0.7656 0.4663
[0.6732386862620234, 0.6646581536560797, 0.6760221084456426, 0.6724663732123289, 0.6741448160726884, 0.6748939362300655, 0.6729233418252654, 0.6755819401672454, 0.6764654949519702, 0.6790558222769515, 0.6787733917408499, 0.6800157079583907, 0.6822322338840772, 0.6844629814385089, 0.6853366823587302, 0.686898390076618, 0.6875766453637918, 0.6882927236643309, 0.6894556498630512, 0.6891958640868671, 0.6924312154028075, 0.6947426382975395, 0.6959418758793483, 0.6985276083339387, 0.699111915419911, 0.6994025311010446, 0.7019562240296637, 0.7027782636913981, 0.7052505317588528, 0.7059749846357579, 0.7079853067201614, 0.7096577577220966, 0.7098822433273222, 0.7117726192265457, 0.7123376592236329, 0.7166563090772866, 0.7189721895157635, 0.7212555875144216, 0.7234221700499903, 0.7259086535532104, 0.727108792205096, 0.7280302819336939, 0.7309947988792336, 0.7309947988792336, 0.7324511941710672, 0.7333010613794966, 0.7350259723881241, 0.7359171983521359, 0.7395498671196938, 0.7423647774657123, 0.7423647774657123, 0.7433280454318686, 0.7433280454318686, 0.7450901998987605, 0.7459840476163346, 0.7459840476163346, 0.7482726900927874, 0.7482726900927874, 0.7482726900927874, 0.7482726900927874, 0.7482726900927874, 0.7482726900927874, 0.7482726900927874, 0.7511441007872656, 0.7511441007872656, 0.7526034891445534, 0.7541696008853911, 0.7541696008853911, 0.7541696008853911, 0.7541696008853911, 0.7541696008853911, 0.7541696008853911, 0.7559871652889368, 0.7559871652889368, 0.7559871652889368, 0.7617803533565457, 0.7617803533565457, 0.7617803533565457, 0.7636406554109801, 0.7636406554109801, 0.7636406554109801, 0.7636406554109801, 0.7636406554109801, 0.7656332075144332, 0.7656332075144332, 0.7656332075144332, 0.7656332075144332, 0.7656332075144332, 0.7656332075144332, 0.7656332075144332, 0.7656332075144332, 0.7656332075144332, 0.7656332075144332, 0.7656332075144332, 0.7656332075144332]
[0.1337198057884603, 0.14557176399964694, 0.17203541360811436, 0.17283986089536857, 0.1775620134651186, 0.18019810730083563, 0.18654128508710072, 0.20044068794459996, 0.20867740774796179, 0.21731559059861894, 0.21817697552723722, 0.22254564614912759, 0.23104321165797165, 0.2361998750966097, 0.2396233956966352, 0.24207800121511677, 0.24627878595011693, 0.250088823863571, 0.25397380192124125, 0.25960959846843445, 0.2661665139498635, 0.272106270769199, 0.27547024942316645, 0.2830729575549066, 0.2868076819045114, 0.28693494277216053, 0.2925294982629771, 0.29585490902944356, 0.30199240468401967, 0.3032602120124773, 0.30467007836574367, 0.3089071510914084, 0.3095980019426633, 0.3143865210515198, 0.31592564071464807, 0.3255604578353777, 0.330736779349158, 0.3368912433633452, 0.34236751151171707, 0.3487307668235652, 0.35118936667513906, 0.35299455715795824, 0.36182211537443826, 0.36182211537443826, 0.36567368409495926, 0.36801585809025067, 0.3726490949115977, 0.3749675194921648, 0.38441380477770737, 0.3909931304373018, 0.3909931304373018, 0.3933470084929842, 0.3933470084929842, 0.3975203015096955, 0.39970077391439096, 0.39970077391439096, 0.4060418512896483, 0.4060418512896483, 0.4060418512896483, 0.4060418512896483, 0.4060418512896483, 0.4060418512896483, 0.4060418512896483, 0.41531850532172904, 0.41531850532172904, 0.42024018269838215, 0.4253677261159175, 0.4253677261159175, 0.4253677261159175, 0.4253677261159175, 0.4253677261159175, 0.4253677261159175, 0.43235221136052854, 0.43235221136052854, 0.43235221136052854, 0.45256153966037094, 0.45256153966037094, 0.45256153966037094, 0.4591043650313796, 0.4591043650313796, 0.4591043650313796, 0.4591043650313796, 0.4591043650313796, 0.46626645069049366, 0.46626645069049366, 0.46626645069049366, 0.46626645069049366, 0.46626645069049366, 0.46626645069049366, 0.46626645069049366, 0.46626645069049366, 0.46626645069049366, 0.46626645069049366, 0.46626645069049366, 0.46626645069049366]
Training raw path: /home/anhnd/DTI Project/Codes/MPNN/data/KFold/ATCInchikeySideEffectByDrug.txt_train_5
('Number of substructures, proteins, pathways, drugs, se: ', 2936, 1448, 330, 969, 598)
((872, 4714), (97, 4714), (872, 598), (97, 598))
('VALIDATE SUM PROTEIN TRAIN: ', 22673.0)
('VALIDATE SUM PROTEIN TEST: ', 0.0)
Train: 0.9997 0.9989
Test: 0.7512 0.4492
[0.637019313597528, 0.6487513420774903, 0.648582353110287, 0.6539711286255496, 0.6537868908637782, 0.6574180935572295, 0.6579266266436202, 0.6554708326629652, 0.6582881986384961, 0.6585558464149365, 0.6598652071876837, 0.6613967058497255, 0.6619469662724285, 0.6626969887386238, 0.6629498079780559, 0.6646725965248711, 0.666619698940867, 0.6687105069602887, 0.6691309501658216, 0.6718568115498519, 0.675572101735603, 0.6772856079119364, 0.6788765051263723, 0.6805967126794324, 0.6809646177457906, 0.6810740978988129, 0.6844388521068332, 0.6860918118731649, 0.687859939511626, 0.6886869091255471, 0.6919474618044854, 0.6936871267022133, 0.6941147955218518, 0.6958976117620377, 0.6961523047310159, 0.7005147809966961, 0.7028746244181139, 0.7050213119037226, 0.7069484171700209, 0.7094376585644557, 0.7106003497062026, 0.7112950118562205, 0.7140425393020435, 0.7140425393020435, 0.7159076598366556, 0.7167013430037389, 0.7181290419625319, 0.7189068322818433, 0.7230696795968421, 0.7261360565083039, 0.7261360565083039, 0.727007439208895, 0.727007439208895, 0.7293385232219207, 0.7304561185502713, 0.7304561185502713, 0.733422927874787, 0.733422927874787, 0.733422927874787, 0.733422927874787, 0.733422927874787, 0.733422927874787, 0.733422927874787, 0.7362993449532387, 0.7362993449532387, 0.7376928645078261, 0.7395637259741487, 0.7395637259741487, 0.7395637259741487, 0.7395637259741487, 0.7395637259741487, 0.7395637259741487, 0.7416582711452622, 0.7416582711452622, 0.7416582711452622, 0.7472148962958172, 0.7472148962958172, 0.7472148962958172, 0.7491516747539645, 0.7491516747539645, 0.7491516747539645, 0.7491516747539645, 0.7491516747539645, 0.7511830746532265, 0.7511830746532265, 0.7511830746532265, 0.7511830746532265, 0.7511830746532265, 0.7511830746532265, 0.7511830746532265, 0.7511830746532265, 0.7511830746532265, 0.7511830746532265, 0.7511830746532265, 0.7511830746532265]
[0.11400789439662529, 0.1349637575581378, 0.13446225287737193, 0.1414201521597609, 0.15178275994875984, 0.1552392773177502, 0.16518577244320892, 0.16689143619408914, 0.1727302574206659, 0.17641737681567887, 0.17981077382232277, 0.18647664008995446, 0.1942594470381983, 0.19956953849203585, 0.20101315563542077, 0.2046339837289795, 0.20969472611487283, 0.21763504232427838, 0.21919683611981328, 0.2300115961543157, 0.2400715171589609, 0.2419739083199607, 0.24715114824591533, 0.2527581948691475, 0.2561928700344915, 0.2569325140718982, 0.26388524483213294, 0.2693193301042304, 0.27497008691846736, 0.27746280646630106, 0.2835239705664021, 0.2870732983355524, 0.2880020819152779, 0.29101753326195995, 0.2911330880025148, 0.3028238374767058, 0.3092009158899014, 0.3137759612914831, 0.3189206824313254, 0.325499251398251, 0.32800863389254026, 0.32994786163753875, 0.33877828715281044, 0.33877828715281044, 0.3437797253173842, 0.34561411638723294, 0.3495843509849361, 0.3517089940123597, 0.36226466570776583, 0.370005124566356, 0.370005124566356, 0.37243220326146687, 0.37243220326146687, 0.3797226079164816, 0.3830152809625026, 0.3830152809625026, 0.3924905909318967, 0.3924905909318967, 0.3924905909318967, 0.3924905909318967, 0.3924905909318967, 0.3924905909318967, 0.3924905909318967, 0.3999890177805575, 0.3999890177805575, 0.40365568693061415, 0.41034631025856055, 0.41034631025856055, 0.41034631025856055, 0.41034631025856055, 0.41034631025856055, 0.41034631025856055, 0.4179666244111383, 0.4179666244111383, 0.4179666244111383, 0.43559285685064114, 0.43559285685064114, 0.43559285685064114, 0.4421524063721709, 0.4421524063721709, 0.4421524063721709, 0.4421524063721709, 0.4421524063721709, 0.4492147362316756, 0.4492147362316756, 0.4492147362316756, 0.4492147362316756, 0.4492147362316756, 0.4492147362316756, 0.4492147362316756, 0.4492147362316756, 0.4492147362316756, 0.4492147362316756, 0.4492147362316756, 0.4492147362316756]
Training raw path: /home/anhnd/DTI Project/Codes/MPNN/data/KFold/ATCInchikeySideEffectByDrug.txt_train_6
('Number of substructures, proteins, pathways, drugs, se: ', 2936, 1448, 330, 969, 598)
((872, 4714), (97, 4714), (872, 598), (97, 598))
('VALIDATE SUM PROTEIN TRAIN: ', 22942.0)
('VALIDATE SUM PROTEIN TEST: ', 0.0)
Train: 0.9998 0.9991
Test: 0.7599 0.4756
[0.6803620515078141, 0.6872762955360829, 0.7014447650988386, 0.6971765348944302, 0.6939145486544152, 0.6956052268106266, 0.6887765318336307, 0.6886569392145762, 0.6900207225930975, 0.6921680904365888, 0.6912099313079652, 0.6925696764606385, 0.6940573031013002, 0.6957009606266248, 0.6950988501337988, 0.6944706399088152, 0.6954522802847761, 0.695622116374234, 0.6969672406386849, 0.6967901643087366, 0.6974224289010217, 0.6981685108520326, 0.6993505873010716, 0.6996902646689135, 0.6991529828323207, 0.6994530804799495, 0.700898586876403, 0.7019396939849696, 0.7031586165911261, 0.7038826657984087, 0.7070810434492845, 0.7082069862443579, 0.7086353828641425, 0.7102519446286812, 0.7101156761333002, 0.7127437469243949, 0.7148733015418339, 0.7164070897450701, 0.7179940997868806, 0.7202296675214324, 0.7211292714392112, 0.7216120419910818, 0.7246923966799078, 0.7246923966799078, 0.7267024639655187, 0.7275121173147074, 0.7285565876647428, 0.729573509188183, 0.732794798862573, 0.7354731400315824, 0.7354731400315824, 0.7366971384072372, 0.7366971384072372, 0.7386498481423369, 0.73969187924967, 0.73969187924967, 0.7422491726226474, 0.7422491726226474, 0.7422491726226474, 0.7422491726226474, 0.7422491726226474, 0.7422491726226474, 0.7422491726226474, 0.7449762591390844, 0.7449762591390844, 0.746285815100638, 0.7480985598133382, 0.7480985598133382, 0.7480985598133382, 0.7480985598133382, 0.7480985598133382, 0.7480985598133382, 0.749850438903194, 0.749850438903194, 0.749850438903194, 0.755844706927471, 0.755844706927471, 0.755844706927471, 0.7575762448730636, 0.7575762448730636, 0.7575762448730636, 0.7575762448730636, 0.7575762448730636, 0.7598587557552433, 0.7598587557552433, 0.7598587557552433, 0.7598587557552433, 0.7598587557552433, 0.7598587557552433, 0.7598587557552433, 0.7598587557552433, 0.7598587557552433, 0.7598587557552433, 0.7598587557552433, 0.7598587557552433]
[0.14341357945853633, 0.15997218133139487, 0.17234992678171185, 0.17179511401906294, 0.17571533162720282, 0.18111494075639434, 0.1794027342327031, 0.18927893795808556, 0.19956678366955496, 0.20767965479915423, 0.2092385701561963, 0.21526484817449865, 0.22559014573428185, 0.23380745559858826, 0.2358624821653566, 0.2392994215173079, 0.24668096897188202, 0.24972299743813994, 0.2532921933682651, 0.2600597332007908, 0.26540700755969027, 0.27234603841534677, 0.27974557437124703, 0.2840644728911824, 0.2860154325686678, 0.28771992722278905, 0.2916458026669568, 0.2953670422147277, 0.3021630366563158, 0.3047284620490527, 0.31374822774679145, 0.3160552115471458, 0.31706716516251415, 0.3232201461342543, 0.32299253683692286, 0.33114993814692023, 0.3367970988190768, 0.3430724383203023, 0.3489064231196426, 0.3568984601645273, 0.3579000280610588, 0.35952218702281125, 0.3682582717531818, 0.3682582717531818, 0.3742984560263136, 0.37545224396824406, 0.37848623044954377, 0.3812379231792784, 0.3908359562563535, 0.39886762344229, 0.39886762344229, 0.4022962431347583, 0.4022962431347583, 0.4079773525020868, 0.4111631848567141, 0.4111631848567141, 0.4187098377500411, 0.4187098377500411, 0.4187098377500411, 0.4187098377500411, 0.4187098377500411, 0.4187098377500411, 0.4187098377500411, 0.4274389262650852, 0.4274389262650852, 0.43087500180081423, 0.43694711007630566, 0.43694711007630566, 0.43694711007630566, 0.43694711007630566, 0.43694711007630566, 0.43694711007630566, 0.44200671161344834, 0.44200671161344834, 0.44200671161344834, 0.4620946310775229, 0.4620946310775229, 0.4620946310775229, 0.46750058925774746, 0.46750058925774746, 0.46750058925774746, 0.46750058925774746, 0.46750058925774746, 0.4756448062302966, 0.4756448062302966, 0.4756448062302966, 0.4756448062302966, 0.4756448062302966, 0.4756448062302966, 0.4756448062302966, 0.4756448062302966, 0.4756448062302966, 0.4756448062302966, 0.4756448062302966, 0.4756448062302966]
Training raw path: /home/anhnd/DTI Project/Codes/MPNN/data/KFold/ATCInchikeySideEffectByDrug.txt_train_7
('Number of substructures, proteins, pathways, drugs, se: ', 2936, 1448, 330, 969, 598)
((872, 4714), (97, 4714), (872, 598), (97, 598))
('VALIDATE SUM PROTEIN TRAIN: ', 22445.0)
('VALIDATE SUM PROTEIN TEST: ', 0.0)
Train: 0.9998 0.9991
Test: 0.7513 0.4636
[0.6554683238957595, 0.665718236182091, 0.6608792196871754, 0.6613760850336862, 0.6565457667587811, 0.6585403145291446, 0.6513891430744526, 0.6517845811903169, 0.6545532307844941, 0.6549381813303754, 0.6543504126831386, 0.6572560800860071, 0.6592601063692638, 0.6595666404262546, 0.6605910547416999, 0.6612640318654911, 0.6624075211311078, 0.6630788929663601, 0.664284353451875, 0.6660824212200047, 0.6683222473783491, 0.6716995144214895, 0.6734454528160985, 0.6745689218802147, 0.6761857845418203, 0.6761756758814571, 0.6783762861605407, 0.6801889629211084, 0.6816254327430092, 0.6817499014592188, 0.6853289896636477, 0.6870410193020486, 0.6877622302329238, 0.6888510810307186, 0.6894840147617095, 0.6937558965834132, 0.6964306390488924, 0.6990083219173173, 0.7015559484861131, 0.7052832698920137, 0.7070414739082305, 0.7078347998693194, 0.7113540529945875, 0.7113540529945875, 0.7129162728393472, 0.7138933300466399, 0.716454367110986, 0.7176766111151597, 0.7220102267990656, 0.7252919472695056, 0.7252919472695056, 0.7266380827332559, 0.7266380827332559, 0.7292228482938615, 0.730338756403593, 0.730338756403593, 0.732834167891349, 0.732834167891349, 0.732834167891349, 0.732834167891349, 0.732834167891349, 0.732834167891349, 0.732834167891349, 0.7361426994170257, 0.7361426994170257, 0.7378176334811024, 0.7393623168167914, 0.7393623168167914, 0.7393623168167914, 0.7393623168167914, 0.7393623168167914, 0.7393623168167914, 0.741190568362867, 0.741190568362867, 0.741190568362867, 0.7472174315206153, 0.7472174315206153, 0.7472174315206153, 0.7492033295210693, 0.7492033295210693, 0.7492033295210693, 0.7492033295210693, 0.7492033295210693, 0.7513449131879594, 0.7513449131879594, 0.7513449131879594, 0.7513449131879594, 0.7513449131879594, 0.7513449131879594, 0.7513449131879594, 0.7513449131879594, 0.7513449131879594, 0.7513449131879594, 0.7513449131879594, 0.7513449131879594]
[0.13446515109381202, 0.1490928343689009, 0.1582495159591979, 0.16309408815038573, 0.16448485938414906, 0.17262104454542226, 0.16849727475910609, 0.1743629114715606, 0.18049998945994067, 0.18279676736050385, 0.18208410944123818, 0.18751097716851772, 0.19656398802210626, 0.20250168536765265, 0.20527551715404935, 0.20860863373384883, 0.21118359427864286, 0.21529245052721546, 0.21645643702368167, 0.22517547775388683, 0.23515098869793435, 0.24092359091815913, 0.24578751987332725, 0.25229061042369844, 0.25685070481601285, 0.25626155930734223, 0.26121538859471544, 0.2679903054944127, 0.2719300761312252, 0.2732880112432442, 0.28286242237177556, 0.2866822300040277, 0.2883019452409439, 0.29082586280874845, 0.29155219746001376, 0.30209557965376144, 0.3098707776279612, 0.31516027383515854, 0.3211143695585598, 0.3299319651933866, 0.3340064424379334, 0.33622436486283563, 0.34436723518752993, 0.34436723518752993, 0.3501639947972557, 0.3530873524572631, 0.35983440680254264, 0.3628093632619175, 0.374314683330193, 0.3829300378194789, 0.3829300378194789, 0.38651758095460254, 0.38651758095460254, 0.39337715060578604, 0.39612155793759396, 0.39612155793759396, 0.403139061470261, 0.403139061470261, 0.403139061470261, 0.403139061470261, 0.403139061470261, 0.403139061470261, 0.403139061470261, 0.41238669884173407, 0.41238669884173407, 0.41719118761072416, 0.4219905930133156, 0.4219905930133156, 0.4219905930133156, 0.4219905930133156, 0.4219905930133156, 0.4219905930133156, 0.42829650403932457, 0.42829650403932457, 0.42829650403932457, 0.4486926186879586, 0.4486926186879586, 0.4486926186879586, 0.45607096273185666, 0.45607096273185666, 0.45607096273185666, 0.45607096273185666, 0.45607096273185666, 0.463580072779561, 0.463580072779561, 0.463580072779561, 0.463580072779561, 0.463580072779561, 0.463580072779561, 0.463580072779561, 0.463580072779561, 0.463580072779561, 0.463580072779561, 0.463580072779561, 0.463580072779561]
Training raw path: /home/anhnd/DTI Project/Codes/MPNN/data/KFold/ATCInchikeySideEffectByDrug.txt_train_8
('Number of substructures, proteins, pathways, drugs, se: ', 2936, 1448, 330, 969, 598)
((872, 4714), (97, 4714), (872, 598), (97, 598))
('VALIDATE SUM PROTEIN TRAIN: ', 22705.0)
('VALIDATE SUM PROTEIN TEST: ', 0.0)
Train: 0.9997 0.9990
Test: 0.7574 0.4434
[0.6857735564601235, 0.6742311643014932, 0.6678225189203266, 0.6628555850156459, 0.6641550740071887, 0.6670532066807368, 0.66669416423871, 0.6649129832155056, 0.66564789389677, 0.6667049724325266, 0.6674802269606855, 0.6683231537219358, 0.6678893223657396, 0.6688068922263157, 0.6691705840848801, 0.6700022972987074, 0.6721925893362999, 0.6731393687015418, 0.6740458372387712, 0.674661111887834, 0.6772223512735966, 0.6797552692847342, 0.6813132011634339, 0.6835233157173504, 0.685030288416474, 0.6852411736142492, 0.6876840604080872, 0.6892206115093336, 0.6917559401235172, 0.6924918758217683, 0.695102029239484, 0.6971695569775832, 0.6974598566103214, 0.6993212890285296, 0.7000361626977394, 0.7043555212526806, 0.7067190930570211, 0.7086299275111404, 0.7102416483756371, 0.7131790857068508, 0.7148930758624384, 0.7153202383712511, 0.7181774717722778, 0.7181774717722778, 0.7199204570824168, 0.721070253905944, 0.7225919335035308, 0.723609154012766, 0.7275234132598383, 0.7310097787425784, 0.7310097787425784, 0.7319544950385568, 0.7319544950385568, 0.7345150952016432, 0.7358101126871028, 0.7358101126871028, 0.738473132767557, 0.738473132767557, 0.738473132767557, 0.738473132767557, 0.738473132767557, 0.738473132767557, 0.738473132767557, 0.7417095244862159, 0.7417095244862159, 0.7432372753475642, 0.7449833609829046, 0.7449833609829046, 0.7449833609829046, 0.7449833609829046, 0.7449833609829046, 0.7449833609829046, 0.746740372415428, 0.746740372415428, 0.746740372415428, 0.7529880201336446, 0.7529880201336446, 0.7529880201336446, 0.7550610168617737, 0.7550610168617737, 0.7550610168617737, 0.7550610168617737, 0.7550610168617737, 0.7574070891638223, 0.7574070891638223, 0.7574070891638223, 0.7574070891638223, 0.7574070891638223, 0.7574070891638223, 0.7574070891638223, 0.7574070891638223, 0.7574070891638223, 0.7574070891638223, 0.7574070891638223, 0.7574070891638223]
[0.12183952335175874, 0.1264888635946642, 0.13250627506465248, 0.13809157802557115, 0.14763547468916663, 0.15627049715803648, 0.1650386885740771, 0.17171580308750453, 0.17768639035107228, 0.1811808009931546, 0.18403032910725903, 0.18803834958449994, 0.1897426914568582, 0.19377907868775876, 0.19649616281109353, 0.19810527598911576, 0.2012948606115858, 0.2033465639751766, 0.20683126245839029, 0.2119231096963152, 0.218897014658343, 0.2262280138217898, 0.23170842070906983, 0.23728058518689565, 0.24428248940579622, 0.24429823819460306, 0.24950394381786262, 0.2526327306027064, 0.2582318273349005, 0.259715396500966, 0.2654360857227557, 0.27014680317317197, 0.27078914401563337, 0.2758242675905797, 0.2780284662821179, 0.2890389253284373, 0.2941993754792188, 0.29877813706301276, 0.30429677554463075, 0.31129231939035856, 0.3162289862244668, 0.3169198046408125, 0.32392386611913115, 0.32392386611913115, 0.329552830430647, 0.3331669127017881, 0.33711428499299567, 0.33940598133163036, 0.3498164816585764, 0.3587510266422111, 0.3587510266422111, 0.3616831883935964, 0.3616831883935964, 0.36863698227315633, 0.37266216532728164, 0.37266216532728164, 0.379369178999316, 0.379369178999316, 0.379369178999316, 0.379369178999316, 0.379369178999316, 0.379369178999316, 0.379369178999316, 0.388254468143047, 0.388254468143047, 0.3930240595376693, 0.3988658831951448, 0.3988658831951448, 0.3988658831951448, 0.3988658831951448, 0.3988658831951448, 0.3988658831951448, 0.4044248555791891, 0.4044248555791891, 0.4044248555791891, 0.4276140162786178, 0.4276140162786178, 0.4276140162786178, 0.43456044239463987, 0.43456044239463987, 0.43456044239463987, 0.43456044239463987, 0.43456044239463987, 0.4434337140025163, 0.4434337140025163, 0.4434337140025163, 0.4434337140025163, 0.4434337140025163, 0.4434337140025163, 0.4434337140025163, 0.4434337140025163, 0.4434337140025163, 0.4434337140025163, 0.4434337140025163, 0.4434337140025163]
Training raw path: /home/anhnd/DTI Project/Codes/MPNN/data/KFold/ATCInchikeySideEffectByDrug.txt_train_9
('Number of substructures, proteins, pathways, drugs, se: ', 2936, 1448, 330, 969, 598)
((873, 4714), (96, 4714), (873, 598), (96, 598))
('VALIDATE SUM PROTEIN TRAIN: ', 22759.0)
('VALIDATE SUM PROTEIN TEST: ', 0.0)
Train: 0.9996 0.9987
Test: 0.7246 0.4423
[0.5870946130368974, 0.5951526329453508, 0.603859311734939, 0.6035575040175628, 0.6053610330071193, 0.6048696769205566, 0.6054244727448985, 0.6071664938225296, 0.6105207421348697, 0.6110367039181401, 0.6118634284024066, 0.6140042345864984, 0.620402205344465, 0.6228289218648069, 0.6241626950153426, 0.6277578219628617, 0.6285077804141587, 0.6306264292468245, 0.6317487943224906, 0.6348741846024886, 0.63860653659503, 0.6407685048203888, 0.6427805423034922, 0.6446458230469865, 0.6453650527669017, 0.6459656911281262, 0.6490732565160995, 0.6511341519618601, 0.653138037863535, 0.6545686230824824, 0.6583618655693757, 0.6600188501823376, 0.6610714023465915, 0.6631281433953815, 0.663854503643228, 0.667684909237404, 0.6700422007354918, 0.6733146190130244, 0.6754504216972369, 0.6790706814274349, 0.6811015470044659, 0.681895147842302, 0.6855033738411721, 0.6855033738411721, 0.6874640182531997, 0.6883535041858002, 0.6907050666577859, 0.691716728828752, 0.6959561900607102, 0.699331106850971, 0.699331106850971, 0.7002434015674078, 0.7002434015674078, 0.7026327681388329, 0.7037948626452564, 0.7037948626452564, 0.7064672465999624, 0.7064672465999624, 0.7064672465999624, 0.7064672465999624, 0.7064672465999624, 0.7064672465999624, 0.7064672465999624, 0.7095446887391547, 0.7095446887391547, 0.7112786637606849, 0.7129482139854895, 0.7129482139854895, 0.7129482139854895, 0.7129482139854895, 0.7129482139854895, 0.7129482139854895, 0.7147464936683809, 0.7147464936683809, 0.7147464936683809, 0.7204444135592059, 0.7204444135592059, 0.7204444135592059, 0.7224740362266195, 0.7224740362266195, 0.7224740362266195, 0.7224740362266195, 0.7224740362266195, 0.7245612049315197, 0.7245612049315197, 0.7245612049315197, 0.7245612049315197, 0.7245612049315197, 0.7245612049315197, 0.7245612049315197, 0.7245612049315197, 0.7245612049315197, 0.7245612049315197, 0.7245612049315197, 0.7245612049315197]
[0.10691492328514642, 0.11450167489793556, 0.12682416400338153, 0.1276380369273633, 0.13669115858386777, 0.13936422843735857, 0.14730446092438457, 0.15480226609561107, 0.16221519213674698, 0.16676327622094209, 0.16855594593062762, 0.1747635292826139, 0.18666629168193918, 0.19469122298095046, 0.19718256859591782, 0.20510699809765875, 0.20766298527873506, 0.21367407062221705, 0.21511375713590336, 0.22247065026272966, 0.23195390949236794, 0.23714524225547484, 0.24412965154182478, 0.24932546306210052, 0.2519766187397555, 0.2536927206689872, 0.25941556005594046, 0.263873805064379, 0.2680577718696359, 0.27076898377564707, 0.2772672136500971, 0.2799343783615993, 0.28172451052971303, 0.28680459870582, 0.2886237757754969, 0.2976453627091928, 0.30240717169329695, 0.30979575882106286, 0.31439717762748837, 0.3232077660058991, 0.3277523006854831, 0.3293088913028297, 0.33789272302555684, 0.33789272302555684, 0.34218544492442005, 0.3439054557268441, 0.35036837099056256, 0.3525496793825505, 0.361951965754151, 0.37036348881532344, 0.37036348881532344, 0.37271534252994853, 0.37271534252994853, 0.37907431743906717, 0.3815085606525681, 0.3815085606525681, 0.38860803236249, 0.38860803236249, 0.38860803236249, 0.38860803236249, 0.38860803236249, 0.38860803236249, 0.38860803236249, 0.39745040421272226, 0.39745040421272226, 0.40187445735822525, 0.4063940396107138, 0.4063940396107138, 0.4063940396107138, 0.4063940396107138, 0.4063940396107138, 0.4063940396107138, 0.4118936679172166, 0.4118936679172166, 0.4118936679172166, 0.42921130488047554, 0.42921130488047554, 0.42921130488047554, 0.4356208410104925, 0.4356208410104925, 0.4356208410104925, 0.4356208410104925, 0.4356208410104925, 0.442268826498589, 0.442268826498589, 0.442268826498589, 0.442268826498589, 0.442268826498589, 0.442268826498589, 0.442268826498589, 0.442268826498589, 0.442268826498589, 0.442268826498589, 0.442268826498589, 0.442268826498589]
AUC: 0.7487 0.0035
AUPR: 0.4659 0.0057
('RARE AUC', [(0.6414006834933784, 0.009775706772078592), (0.6457719272841029, 0.008604981231769084), (0.6501015449682722, 0.008532635741693785), (0.6486435761332073, 0.008121042925619305), (0.648838338497651, 0.0076691565085892964), (0.6505082220701511, 0.007830644593729353), (0.6493427847990255, 0.007186003758951756), (0.6498298163839842, 0.007023792688541968), (0.6519284086510359, 0.006813559140154853), (0.6535383132339555, 0.006896984650903999), (0.6536972038809677, 0.006810996181756776), (0.6555680103723558, 0.006678761956978312), (0.657599113019202, 0.006332313084102006), (0.6592768758668738, 0.0062496675000819875), (0.6599062186557042, 0.006147250905735931), (0.6613535303602074, 0.005867331752256285), (0.6626427014447762, 0.005863791131121767), (0.6637858968526104, 0.005726428322868326), (0.6646573285819097, 0.0057763995352503004), (0.6664534828110719, 0.00545424488815861), (0.6692617060364227, 0.005293437677589771), (0.6718084944661686, 0.005160153615611609), (0.673540970037518, 0.00505536243269819), (0.675558825708841, 0.004968831673449734), (0.6765867821604575, 0.004880900840157954), (0.6768708840948117, 0.004857723216942286), (0.6793236771895927, 0.0047706348656745496), (0.6808063203373271, 0.004673884263177179), (0.6829113262627052, 0.004637676308436121), (0.6838158408448236, 0.004572217217954135), (0.6871528223804753, 0.004439288709185611), (0.688861856142007, 0.004412160892609506), (0.6894824904940576, 0.00433854768792785), (0.6911126472726008, 0.004340888347501326), (0.6916677156510194, 0.004293090066232201), (0.6959471148211719, 0.004228173564282581), (0.6983796865555021, 0.004205151447572252), (0.7007826145205398, 0.004087070966949908), (0.7028119557906788, 0.00405826085180854), (0.7058029734429607, 0.00395159805291796), (0.7072936349790936, 0.0038764962494994572), (0.7081154009477872, 0.00384922231747307), (0.7113118394817481, 0.0037853767885329946), (0.7113118394817481, 0.0037853767885329946), (0.7130580991681968, 0.003773269875439048), (0.7140029040110354, 0.0037669722271636247), (0.7159066707832091, 0.003679552375812117), (0.7169287774587353, 0.0036661932129271996), (0.7208493404397817, 0.0036079476981381855), (0.72398958785856, 0.0035670787769977496), (0.72398958785856, 0.0035670787769977496), (0.7249819894730618, 0.0035879147906488335), (0.7249819894730618, 0.0035879147906488335), (0.7272575301465699, 0.003559073794983216), (0.7284188868703814, 0.003534860155713229), (0.7284188868703814, 0.003534860155713229), (0.730956399225474, 0.003518739290465862), (0.730956399225474, 0.003518739290465862), (0.730956399225474, 0.003518739290465862), (0.730956399225474, 0.003518739290465862), (0.730956399225474, 0.003518739290465862), (0.730956399225474, 0.003518739290465862), (0.730956399225474, 0.003518739290465862), (0.7339848803207347, 0.003504365208306859), (0.7339848803207347, 0.003504365208306859), (0.7355293257156842, 0.003474103453268898), (0.7371610930274273, 0.0034801226576749466), (0.7371610930274273, 0.0034801226576749466), (0.7371610930274273, 0.0034801226576749466), (0.7371610930274273, 0.0034801226576749466), (0.7371610930274273, 0.0034801226576749466), (0.7371610930274273, 0.0034801226576749466), (0.7390075128827787, 0.0034777654768340842), (0.7390075128827787, 0.0034777654768340842), (0.7390075128827787, 0.0034777654768340842), (0.7446769364954193, 0.0035176551962575542), (0.7446769364954193, 0.0035176551962575542), (0.7446769364954193, 0.0035176551962575542), (0.7466207152008144, 0.003504392837140591), (0.7466207152008144, 0.003504392837140591), (0.7466207152008144, 0.003504392837140591), (0.7466207152008144, 0.003504392837140591), (0.7466207152008144, 0.003504392837140591), (0.7487270021704029, 0.00351619262467773), (0.7487270021704029, 0.00351619262467773), (0.7487270021704029, 0.00351619262467773), (0.7487270021704029, 0.00351619262467773), (0.7487270021704029, 0.00351619262467773), (0.7487270021704029, 0.00351619262467773), (0.7487270021704029, 0.00351619262467773), (0.7487270021704029, 0.00351619262467773), (0.7487270021704029, 0.00351619262467773), (0.7487270021704029, 0.00351619262467773), (0.7487270021704029, 0.00351619262467773), (0.7487270021704029, 0.00351619262467773)])
('RARE AUPR', [(0.12677879517286061, 0.004650787289180802), (0.14305498301046476, 0.00588737710174798), (0.15313280713170346, 0.007402351913627178), (0.155574741406241, 0.006443179430652173), (0.16254380766506613, 0.005773139080056088), (0.16715450859039346, 0.005798181134834455), (0.17184351667496045, 0.005610141659990079), (0.17920093787140481, 0.0058360615463500885), (0.18616499360987623, 0.00556810064136922), (0.19108603188403853, 0.005920725829370865), (0.19258704474436458, 0.005894155366003709), (0.19827503139113284, 0.005850381479422608), (0.20683389654646364, 0.0058254535931834), (0.2130151603684259, 0.005750747896559401), (0.2154498607258682, 0.005703770484254695), (0.21945390897932934, 0.005561578427013223), (0.22325864110755292, 0.005752686323367856), (0.22785574737672126, 0.005686795154405312), (0.2300601616546599, 0.005755525867662659), (0.2378185802801457, 0.005859258959200812), (0.24648516137779733, 0.005688800596295314), (0.25255340400062415, 0.00577447613407336), (0.25777166994363343, 0.005828967193283571), (0.2640535193354444, 0.006107556900537418), (0.26797023484037547, 0.006075552361846491), (0.2687354781534786, 0.006105335211650485), (0.27397639624727194, 0.0060170450087229975), (0.2782150502449453, 0.005961370357869604), (0.2840674458952469, 0.006027923163661143), (0.2861528674281539, 0.006014013207155047), (0.2935482507217501, 0.00592711496281317), (0.297293394425396, 0.005882975603356005), (0.2987220336496466, 0.005939455223130458), (0.3031552565844694, 0.005927101657111841), (0.3045813231566835, 0.005943352240019169), (0.3155826793185744, 0.006026762714076601), (0.32159988876379686, 0.006188802177905818), (0.3278948606474023, 0.006346964979656157), (0.3332250350315492, 0.006419280495416313), (0.34114794615974975, 0.006345456638489916), (0.34458471271111973, 0.006267003353515558), (0.34658050235647514, 0.006381199226986153), (0.35480461793112056, 0.006355062036275769), (0.35480461793112056, 0.006355062036275769), (0.35995748365369395, 0.006417854893409911), (0.3622908200831222, 0.006385560402560186), (0.36772086686219063, 0.006489712210616906), (0.37032368574649693, 0.006516140841723706), (0.3803432395357211, 0.006421512284323124), (0.3887857454040019, 0.00637651749039784), (0.3887857454040019, 0.00637651749039784), (0.3915030099690986, 0.006382319002217146), (0.3915030099690986, 0.006382319002217146), (0.39774901871132606, 0.006270833891426387), (0.4009980159197936, 0.006323551470595001), (0.4009980159197936, 0.006323551470595001), (0.4080518947552467, 0.006172363568234537), (0.4080518947552467, 0.006172363568234537), (0.4080518947552467, 0.006172363568234537), (0.4080518947552467, 0.006172363568234537), (0.4080518947552467, 0.006172363568234537), (0.4080518947552467, 0.006172363568234537), (0.4080518947552467, 0.006172363568234537), (0.4169591629801711, 0.006220082218155266), (0.4169591629801711, 0.006220082218155266), (0.42134699528961644, 0.006212055798469778), (0.4266004992651095, 0.006127130884867589), (0.4266004992651095, 0.006127130884867589), (0.4266004992651095, 0.006127130884867589), (0.4266004992651095, 0.006127130884867589), (0.4266004992651095, 0.006127130884867589), (0.4266004992651095, 0.006127130884867589), (0.43294943092706417, 0.00613251265391891), (0.43294943092706417, 0.00613251265391891), (0.43294943092706417, 0.00613251265391891), (0.45183161501208213, 0.00582709647296041), (0.45183161501208213, 0.00582709647296041), (0.45183161501208213, 0.00582709647296041), (0.4584655339799567, 0.005750582640701927), (0.4584655339799567, 0.005750582640701927), (0.4584655339799567, 0.005750582640701927), (0.4584655339799567, 0.005750582640701927), (0.4584655339799567, 0.005750582640701927), (0.465920700235588, 0.005709373805715652), (0.465920700235588, 0.005709373805715652), (0.465920700235588, 0.005709373805715652), (0.465920700235588, 0.005709373805715652), (0.465920700235588, 0.005709373805715652), (0.465920700235588, 0.005709373805715652), (0.465920700235588, 0.005709373805715652), (0.465920700235588, 0.005709373805715652), (0.465920700235588, 0.005709373805715652), (0.465920700235588, 0.005709373805715652), (0.465920700235588, 0.005709373805715652), (0.465920700235588, 0.005709373805715652)])
