CSMF_P
<models.baselines.CSMF.CSMF object at 0x7f63a9f282d0>
('Manual torch seed: ', 1772727637)
('Config: ', 'Protein Test: ', True, 'KNN: ', 1)
Training raw path: /home/anhnd/DTI Project/Codes/MPNN/data/KFold/ATCInchikeySideEffectByDrug.txt_train_0
('Number of substructures, proteins, pathways, drugs, se: ', 2936, 1448, 330, 969, 598)
((872, 4714), (97, 4714), (872, 598), (97, 598))
('VALIDATE SUM PROTEIN TRAIN: ', 22497.0)
('VALIDATE SUM PROTEIN TEST: ', 2685.0)
Train: 0.9997 0.9990
Test: 0.7285 0.4484
[0.6340629254386954, 0.661219237099262, 0.6696015465896729, 0.6654558728512374, 0.6651705401388344, 0.662131536126318, 0.6616534348629561, 0.6616983405137373, 0.6631670169584247, 0.6636769569299541, 0.6634497590866705, 0.6641013048797204, 0.6659088194606371, 0.6668656209069646, 0.667749386015307, 0.6686531502691009, 0.6699953041472602, 0.671158097281789, 0.6715487762675763, 0.6731453189187978, 0.6759142554279005, 0.6770041302763227, 0.6779881301598251, 0.6798964355751196, 0.6802799038945714, 0.6804992944266668, 0.6810472020641027, 0.6821478158969435, 0.6832987434772457, 0.6841235126366051, 0.6859152181245556, 0.6861899443954849, 0.6864365064431994, 0.6877666853879403, 0.6883160603032388, 0.6911354582313641, 0.6924597416773277, 0.6942185846001323, 0.6953904409526838, 0.6969477902050126, 0.6979062968687071, 0.698265644190341, 0.7002481465768605, 0.7002481465768605, 0.7014554359882623, 0.7021006640992506, 0.7033735931559165, 0.7041084496661056, 0.7069348239822425, 0.7087521178690457, 0.7087521178690457, 0.7092407374440904, 0.7092407374440904, 0.7110766787622275, 0.7117073874797071, 0.7117073874797071, 0.7133107505882283, 0.7133107505882283, 0.7133107505882283, 0.7133107505882283, 0.7133107505882283, 0.7133107505882283, 0.7133107505882283, 0.715816799773748, 0.715816799773748, 0.7169995599940766, 0.7183783174823287, 0.7183783174823287, 0.7183783174823287, 0.7183783174823287, 0.7183783174823287, 0.7183783174823287, 0.7200123684776181, 0.7200123684776181, 0.7200123684776181, 0.7247323926924003, 0.7247323926924003, 0.7247323926924003, 0.7264855803519672, 0.7264855803519672, 0.7264855803519672, 0.7264855803519672, 0.7264855803519672, 0.7284764503305807, 0.7284764503305807, 0.7284764503305807, 0.7284764503305807, 0.7284764503305807, 0.7284764503305807, 0.7284764503305807, 0.7284764503305807, 0.7284764503305807, 0.7284764503305807, 0.7284764503305807, 0.7284764503305807]
[0.1517603232369853, 0.19018492189876907, 0.19248154005242363, 0.19435596330101132, 0.19583502870128788, 0.19617971149909835, 0.2046662850014936, 0.21178118864268458, 0.21620916260336848, 0.21903696691744265, 0.22267055217115694, 0.2260769965286862, 0.23624671326604763, 0.24155451530474342, 0.24500602812062436, 0.24773357335216017, 0.25131050486312245, 0.2547076519161276, 0.256566298786144, 0.2654633592696345, 0.2740862583244913, 0.27923106366023853, 0.2830967549512102, 0.2881492316292251, 0.2921136876626259, 0.2924606898499098, 0.296392521332675, 0.3001902071506963, 0.30489724475833485, 0.3073465577795266, 0.31642497358984756, 0.3192120730890319, 0.32003912033394244, 0.3245120704680874, 0.326253095248993, 0.33672350893611913, 0.34095544112420145, 0.34743375085299344, 0.35112288066291397, 0.35825911391220056, 0.36047622381528166, 0.36223382654570624, 0.36783012959771966, 0.36783012959771966, 0.37156738663778377, 0.3728673809100475, 0.37789416103686935, 0.38050179544986895, 0.38883955468521114, 0.39547699440733336, 0.39547699440733336, 0.39701728200340936, 0.39701728200340936, 0.40314893244990235, 0.4048760642349312, 0.4048760642349312, 0.40946519236780765, 0.40946519236780765, 0.40946519236780765, 0.40946519236780765, 0.40946519236780765, 0.40946519236780765, 0.40946519236780765, 0.4159522034733866, 0.4159522034733866, 0.4192100609505762, 0.42268908669118144, 0.42268908669118144, 0.42268908669118144, 0.42268908669118144, 0.42268908669118144, 0.42268908669118144, 0.4268319783175395, 0.4268319783175395, 0.4268319783175395, 0.4388273558923438, 0.4388273558923438, 0.4388273558923438, 0.44340083673812236, 0.44340083673812236, 0.44340083673812236, 0.44340083673812236, 0.44340083673812236, 0.4483611080019625, 0.4483611080019625, 0.4483611080019625, 0.4483611080019625, 0.4483611080019625, 0.4483611080019625, 0.4483611080019625, 0.4483611080019625, 0.4483611080019625, 0.4483611080019625, 0.4483611080019625, 0.4483611080019625]
Training raw path: /home/anhnd/DTI Project/Codes/MPNN/data/KFold/ATCInchikeySideEffectByDrug.txt_train_1
('Number of substructures, proteins, pathways, drugs, se: ', 2936, 1448, 330, 969, 598)
((872, 4714), (97, 4714), (872, 598), (97, 598))
('VALIDATE SUM PROTEIN TRAIN: ', 22668.0)
('VALIDATE SUM PROTEIN TEST: ', 2514.0)
Train: 0.9996 0.9984
Test: 0.7172 0.4119
[0.634686847420906, 0.6400270095222645, 0.6290830104496887, 0.6276039376696811, 0.6278201194274308, 0.6273407572877191, 0.6269552729955823, 0.6298684552527969, 0.6324144509866678, 0.632748883210462, 0.6313226130996954, 0.6329409318505211, 0.6348286359638566, 0.6359328543800252, 0.6370122954320951, 0.6390290256052791, 0.6392855405604678, 0.6406063296199936, 0.6408438630066201, 0.6421470569792461, 0.644914015887927, 0.6473354195883099, 0.6477858418936003, 0.6505613541882586, 0.6506489928113361, 0.6512930240299405, 0.6528949096351803, 0.6547712571883445, 0.6568423334721122, 0.6579440849166234, 0.6618272099488143, 0.6640678832067727, 0.6649174589892803, 0.6656063707326794, 0.6659281452431552, 0.6692071920151912, 0.6703924661398292, 0.673168171712412, 0.6751204623723994, 0.6785136766218238, 0.6799319247094799, 0.6807717784516949, 0.6834229116567275, 0.6834229116567275, 0.6837885487451396, 0.6847011482706739, 0.6869139433881527, 0.6877637595698461, 0.6910101259131496, 0.6941776844717091, 0.6941776844717091, 0.6949689171213878, 0.6949689171213878, 0.6968496063779899, 0.6981288793497813, 0.6981288793497813, 0.7000494528462702, 0.7000494528462702, 0.7000494528462702, 0.7000494528462702, 0.7000494528462702, 0.7000494528462702, 0.7000494528462702, 0.7029687873183861, 0.7029687873183861, 0.7044705176248535, 0.7057217070368234, 0.7057217070368234, 0.7057217070368234, 0.7057217070368234, 0.7057217070368234, 0.7057217070368234, 0.7077344136367949, 0.7077344136367949, 0.7077344136367949, 0.7129216168641683, 0.7129216168641683, 0.7129216168641683, 0.7150338741241964, 0.7150338741241964, 0.7150338741241964, 0.7150338741241964, 0.7150338741241964, 0.7171818570211999, 0.7171818570211999, 0.7171818570211999, 0.7171818570211999, 0.7171818570211999, 0.7171818570211999, 0.7171818570211999, 0.7171818570211999, 0.7171818570211999, 0.7171818570211999, 0.7171818570211999, 0.7171818570211999]
[0.10533514947473605, 0.12253476457840373, 0.11969783346820038, 0.12575194761113734, 0.1303870203078073, 0.1343697708686381, 0.14015072947163396, 0.14765354211677437, 0.15596306990055503, 0.15904243210679575, 0.1591905861389425, 0.16362341717984438, 0.171552343537205, 0.17833831049530102, 0.18127441423483898, 0.18679891840056875, 0.1888683337645606, 0.1953457303839179, 0.19653483280544337, 0.20307017161048285, 0.2107585652247672, 0.21612514321754134, 0.2204586620245665, 0.22717462253364795, 0.22967746425695124, 0.23096123032040564, 0.23457248075070777, 0.23945030988912677, 0.24550593251090236, 0.24832787247348034, 0.25745056134599786, 0.26230774607606955, 0.264403009575804, 0.2681991244278674, 0.26953613505627805, 0.27864458411747695, 0.28268224691358645, 0.2913182988021703, 0.29608620553489007, 0.3050465085923497, 0.3096399289024986, 0.31186703090013596, 0.32059153529974665, 0.32059153529974665, 0.323339833457185, 0.3261073027277222, 0.3320151893026631, 0.3347957459727971, 0.34344171821642167, 0.3514548675218677, 0.3514548675218677, 0.35316279111579807, 0.35316279111579807, 0.35876987422328943, 0.36169953807646793, 0.36169953807646793, 0.36735008003530856, 0.36735008003530856, 0.36735008003530856, 0.36735008003530856, 0.36735008003530856, 0.36735008003530856, 0.36735008003530856, 0.37451301148616284, 0.37451301148616284, 0.3778167638918571, 0.38140735720561336, 0.38140735720561336, 0.38140735720561336, 0.38140735720561336, 0.38140735720561336, 0.38140735720561336, 0.38695232413442326, 0.38695232413442326, 0.38695232413442326, 0.40032480274581883, 0.40032480274581883, 0.40032480274581883, 0.4061946991253232, 0.4061946991253232, 0.4061946991253232, 0.4061946991253232, 0.4061946991253232, 0.41187998502457085, 0.41187998502457085, 0.41187998502457085, 0.41187998502457085, 0.41187998502457085, 0.41187998502457085, 0.41187998502457085, 0.41187998502457085, 0.41187998502457085, 0.41187998502457085, 0.41187998502457085, 0.41187998502457085]
Training raw path: /home/anhnd/DTI Project/Codes/MPNN/data/KFold/ATCInchikeySideEffectByDrug.txt_train_2
('Number of substructures, proteins, pathways, drugs, se: ', 2936, 1448, 330, 969, 598)
((872, 4714), (97, 4714), (872, 598), (97, 598))
('VALIDATE SUM PROTEIN TRAIN: ', 22376.0)
('VALIDATE SUM PROTEIN TEST: ', 2806.0)
Train: 0.9997 0.9988
Test: 0.7331 0.4640
[0.6799152074534056, 0.6792787785224599, 0.6830212489213263, 0.678025121611867, 0.675831386880133, 0.6729937192384721, 0.6705793010761885, 0.6740159702147527, 0.6743319111623833, 0.6739254035467854, 0.6741971529704247, 0.6748395059393449, 0.6722003067512166, 0.671933768939223, 0.6721486500140843, 0.6738175142097749, 0.6747157901707562, 0.6754183873678073, 0.6747079365970816, 0.6754968457153889, 0.6779201084204715, 0.6796449350404246, 0.6809351960325494, 0.6834737434682416, 0.6850966286588107, 0.6849910632577921, 0.6861240282214666, 0.6872867306022612, 0.6890550637568827, 0.6897548262991617, 0.690338987358901, 0.6920017948924211, 0.6920969646442723, 0.6923447521727155, 0.6926195176889332, 0.6951537761906418, 0.6964951742904, 0.6979482188792051, 0.6997522662981158, 0.7011912934670413, 0.7021949200856088, 0.7028760121036982, 0.7049344473263864, 0.7049344473263864, 0.7062307424825903, 0.7067066710347161, 0.708329490718442, 0.7090461672684234, 0.712102941383966, 0.7141876835583962, 0.7141876835583962, 0.7146406275862287, 0.7146406275862287, 0.716185359835652, 0.7170620977117279, 0.7170620977117279, 0.7188097350446568, 0.7188097350446568, 0.7188097350446568, 0.7188097350446568, 0.7188097350446568, 0.7188097350446568, 0.7188097350446568, 0.7212743518984726, 0.7212743518984726, 0.722546321478891, 0.723793534576727, 0.723793534576727, 0.723793534576727, 0.723793534576727, 0.723793534576727, 0.723793534576727, 0.7253217203295383, 0.7253217203295383, 0.7253217203295383, 0.7297849577503505, 0.7297849577503505, 0.7297849577503505, 0.7313433238338194, 0.7313433238338194, 0.7313433238338194, 0.7313433238338194, 0.7313433238338194, 0.7331355938682222, 0.7331355938682222, 0.7331355938682222, 0.7331355938682222, 0.7331355938682222, 0.7331355938682222, 0.7331355938682222, 0.7331355938682222, 0.7331355938682222, 0.7331355938682222, 0.7331355938682222, 0.7331355938682222]
[0.16430884494882653, 0.18142111315355408, 0.20258893561063243, 0.202334347082281, 0.20937457968455586, 0.20949141306733235, 0.21491605976887476, 0.22279783976372042, 0.22615760992641107, 0.2284502468674695, 0.23136107845928164, 0.2350654918969482, 0.24104924118128057, 0.2456149326497501, 0.24875870300882783, 0.2541855251091853, 0.25678057944596383, 0.26075236126531776, 0.26035271149724787, 0.2713164326794189, 0.2800049905467239, 0.28570449266987386, 0.2928612858693359, 0.30040629078410974, 0.30559162353888036, 0.30613773646191517, 0.31075049924194587, 0.31713811330736347, 0.32377450837206356, 0.32591172322703305, 0.3321847085560993, 0.3357393778587164, 0.3367835072385808, 0.3380525277412841, 0.3396905002314755, 0.34885228486634273, 0.35367686585323155, 0.3590395904129088, 0.3654808122717946, 0.3712311556389201, 0.37434185689790933, 0.3764050727703902, 0.3818357730398102, 0.3818357730398102, 0.3863933950298334, 0.3882185107502184, 0.39369743040918137, 0.39555317900365405, 0.404455936148686, 0.41056043803694425, 0.41056043803694425, 0.41288123956431466, 0.41288123956431466, 0.417704845871549, 0.42017266328660174, 0.42017266328660174, 0.4248082613459051, 0.4248082613459051, 0.4248082613459051, 0.4248082613459051, 0.4248082613459051, 0.4248082613459051, 0.4248082613459051, 0.4316460194244407, 0.4316460194244407, 0.43480362037777204, 0.4381910817130477, 0.4381910817130477, 0.4381910817130477, 0.4381910817130477, 0.4381910817130477, 0.4381910817130477, 0.44220019001534816, 0.44220019001534816, 0.44220019001534816, 0.45502045748970943, 0.45502045748970943, 0.45502045748970943, 0.4590255508568337, 0.4590255508568337, 0.4590255508568337, 0.4590255508568337, 0.4590255508568337, 0.46402567798537403, 0.46402567798537403, 0.46402567798537403, 0.46402567798537403, 0.46402567798537403, 0.46402567798537403, 0.46402567798537403, 0.46402567798537403, 0.46402567798537403, 0.46402567798537403, 0.46402567798537403, 0.46402567798537403]
Training raw path: /home/anhnd/DTI Project/Codes/MPNN/data/KFold/ATCInchikeySideEffectByDrug.txt_train_3
('Number of substructures, proteins, pathways, drugs, se: ', 2936, 1448, 330, 969, 598)
((872, 4714), (97, 4714), (872, 598), (97, 598))
('VALIDATE SUM PROTEIN TRAIN: ', 22809.0)
('VALIDATE SUM PROTEIN TEST: ', 2373.0)
Train: 0.9996 0.9985
Test: 0.7181 0.4080
[0.6399663402118729, 0.6562312720862045, 0.6506330228220361, 0.6545691907023083, 0.6543995715570099, 0.6520178503341822, 0.6522982070635918, 0.6535431058133537, 0.652718125908088, 0.6548491745455874, 0.6541776931767183, 0.6555065753492366, 0.6537320220279503, 0.6564541978215654, 0.657096788612026, 0.6587721239082834, 0.6597513101286717, 0.6602160805386761, 0.6600522606182371, 0.6611945740593088, 0.6634611240579235, 0.6648270800558752, 0.6662803536976527, 0.6675010424637816, 0.6673678607828346, 0.6674060831661126, 0.6687558063655528, 0.6689697817599121, 0.6701086686219424, 0.670419164748961, 0.6720000672070772, 0.6722828633772451, 0.6724751827599746, 0.6733363632095126, 0.6738297330134582, 0.6769532702151115, 0.6786125134690679, 0.6797053874049102, 0.680730426183288, 0.6828448177052729, 0.6836835781062334, 0.6845256114947553, 0.6868707125229885, 0.6868707125229885, 0.6884150714455601, 0.6891851980903458, 0.69049481381491, 0.6913741919651041, 0.6940778949477062, 0.6961310777462437, 0.6961310777462437, 0.6968016839316578, 0.6968016839316578, 0.6985415339066119, 0.6995573970155693, 0.6995573970155693, 0.7015763425199149, 0.7015763425199149, 0.7015763425199149, 0.7015763425199149, 0.7015763425199149, 0.7015763425199149, 0.7015763425199149, 0.7041897920472593, 0.7041897920472593, 0.7056353331905144, 0.7071221405609444, 0.7071221405609444, 0.7071221405609444, 0.7071221405609444, 0.7071221405609444, 0.7071221405609444, 0.7087730439381562, 0.7087730439381562, 0.7087730439381562, 0.7140839023820355, 0.7140839023820355, 0.7140839023820355, 0.7160117607061961, 0.7160117607061961, 0.7160117607061961, 0.7160117607061961, 0.7160117607061961, 0.7180501841181857, 0.7180501841181857, 0.7180501841181857, 0.7180501841181857, 0.7180501841181857, 0.7180501841181857, 0.7180501841181857, 0.7180501841181857, 0.7180501841181857, 0.7180501841181857, 0.7180501841181857, 0.7180501841181857]
[0.12409013979923353, 0.14950435443111978, 0.1495153737920683, 0.15920550935061817, 0.16561348828197503, 0.16967008462340194, 0.17156091350814096, 0.17799093825358545, 0.1839352788276593, 0.1897418518566678, 0.19308065044648737, 0.19753045090844312, 0.20200788491166422, 0.20850533799340892, 0.21087982694840546, 0.2149158211083817, 0.21930279268461927, 0.2233858250491286, 0.22482339802849727, 0.23110529336741786, 0.2379835241638438, 0.24271996907919782, 0.24860402982198482, 0.2527537447686037, 0.2543714224379346, 0.25521140967336875, 0.26121343532975927, 0.2643876773190703, 0.26785416788506133, 0.26896113947851796, 0.2746087994249832, 0.27709805954203853, 0.2776900721837962, 0.2802225378282839, 0.28128745322144927, 0.2895789740939164, 0.29428094690852413, 0.29879425085903955, 0.3025689513071925, 0.3087856268897106, 0.31162923244689106, 0.31356054238649045, 0.32032946500467985, 0.32032946500467985, 0.3244233180700289, 0.3268557483360707, 0.33130622985847247, 0.33401043964596716, 0.3423814913301003, 0.3487334065452967, 0.3487334065452967, 0.350622275349705, 0.350622275349705, 0.3555425772799098, 0.35854162482296686, 0.35854162482296686, 0.3641341167846584, 0.3641341167846584, 0.3641341167846584, 0.3641341167846584, 0.3641341167846584, 0.3641341167846584, 0.3641341167846584, 0.3706518769018681, 0.3706518769018681, 0.37384047450197255, 0.3777487445740954, 0.3777487445740954, 0.3777487445740954, 0.3777487445740954, 0.3777487445740954, 0.3777487445740954, 0.3828807559865448, 0.3828807559865448, 0.3828807559865448, 0.397312401034397, 0.397312401034397, 0.397312401034397, 0.4025291174666757, 0.4025291174666757, 0.4025291174666757, 0.4025291174666757, 0.4025291174666757, 0.4080331835026747, 0.4080331835026747, 0.4080331835026747, 0.4080331835026747, 0.4080331835026747, 0.4080331835026747, 0.4080331835026747, 0.4080331835026747, 0.4080331835026747, 0.4080331835026747, 0.4080331835026747, 0.4080331835026747]
Training raw path: /home/anhnd/DTI Project/Codes/MPNN/data/KFold/ATCInchikeySideEffectByDrug.txt_train_4
('Number of substructures, proteins, pathways, drugs, se: ', 2936, 1448, 330, 969, 598)
((872, 4714), (97, 4714), (872, 598), (97, 598))
('VALIDATE SUM PROTEIN TRAIN: ', 22764.0)
('VALIDATE SUM PROTEIN TEST: ', 2418.0)
Train: 0.9996 0.9987
Test: 0.7302 0.4017
[0.6709597252381974, 0.6590494925008558, 0.6683253915994385, 0.6629360463885281, 0.6643376570138539, 0.6638285797294186, 0.6627727345782961, 0.6671350699725848, 0.6697137947211512, 0.6712509718223203, 0.6707939786750658, 0.6709500314108736, 0.6726439535503317, 0.6718562409457978, 0.6715132751547511, 0.6706428984029096, 0.6719480969126284, 0.6732587172139457, 0.6740191368581212, 0.6735187429450447, 0.6761427283086745, 0.6776700696654837, 0.6786459539499077, 0.680650719605925, 0.6815248142300204, 0.68127348490207, 0.6820118764411025, 0.6833306319418364, 0.6846188853400299, 0.6850587677128667, 0.6853718819932342, 0.6861151355350762, 0.6863151708344026, 0.6877165466214095, 0.6877633768232972, 0.6901158192190762, 0.6914434139073962, 0.692891938976041, 0.69409310747598, 0.6960834835307698, 0.6965855893653029, 0.6973388222747203, 0.6996111738397428, 0.6996111738397428, 0.7008376617426131, 0.7014987330888359, 0.7025108705204719, 0.7031017391950238, 0.7061516409040031, 0.7082424102819098, 0.7082424102819098, 0.7089214753431429, 0.7089214753431429, 0.7101634294667969, 0.7109817573982482, 0.7109817573982482, 0.7128549205910881, 0.7128549205910881, 0.7128549205910881, 0.7128549205910881, 0.7128549205910881, 0.7128549205910881, 0.7128549205910881, 0.715569756206434, 0.715569756206434, 0.7169007456353675, 0.7186273512163901, 0.7186273512163901, 0.7186273512163901, 0.7186273512163901, 0.7186273512163901, 0.7186273512163901, 0.72047756082561, 0.72047756082561, 0.72047756082561, 0.726201286850084, 0.726201286850084, 0.726201286850084, 0.7281298685922853, 0.7281298685922853, 0.7281298685922853, 0.7281298685922853, 0.7281298685922853, 0.7302451639207784, 0.7302451639207784, 0.7302451639207784, 0.7302451639207784, 0.7302451639207784, 0.7302451639207784, 0.7302451639207784, 0.7302451639207784, 0.7302451639207784, 0.7302451639207784, 0.7302451639207784, 0.7302451639207784]
[0.11708843898460117, 0.13480018158741636, 0.14914839003940278, 0.14934367929318274, 0.1509909418684661, 0.1559407232616159, 0.16162385746072716, 0.17199132247642826, 0.1792005020272942, 0.18633637972242897, 0.18966729736786644, 0.1947562975296967, 0.20671013867607252, 0.209885208246952, 0.21291771873519022, 0.2129090232554344, 0.21772859188639748, 0.2216050561858855, 0.22550379061614262, 0.2289488169776393, 0.23713035077254258, 0.24331984706290227, 0.24730770298476765, 0.2528872505338201, 0.2552556510513879, 0.2547128542620324, 0.2573994030836859, 0.2616263164266848, 0.2673407712250577, 0.2690064190347601, 0.2718989440139631, 0.27428773646444793, 0.2746803227925374, 0.27857701744584706, 0.27987135429841903, 0.2890982681744273, 0.29261431535390287, 0.29679919404440336, 0.2995950107076068, 0.3057638054922781, 0.3075429874395693, 0.3088973316337129, 0.31633021392711824, 0.31633021392711824, 0.32009217277439417, 0.32218366601643983, 0.32530043216520993, 0.3269375282978343, 0.33609380257747984, 0.34220041500260323, 0.34220041500260323, 0.34404531326173515, 0.34404531326173515, 0.347558129195612, 0.34923411408972205, 0.34923411408972205, 0.3539931526830118, 0.3539931526830118, 0.3539931526830118, 0.3539931526830118, 0.3539931526830118, 0.3539931526830118, 0.3539931526830118, 0.36147782080704405, 0.36147782080704405, 0.3652851357353619, 0.37001978370426003, 0.37001978370426003, 0.37001978370426003, 0.37001978370426003, 0.37001978370426003, 0.37001978370426003, 0.3752244075524557, 0.3752244075524557, 0.3752244075524557, 0.3909599784977753, 0.3909599784977753, 0.3909599784977753, 0.39592313341743585, 0.39592313341743585, 0.39592313341743585, 0.39592313341743585, 0.39592313341743585, 0.4016688299901498, 0.4016688299901498, 0.4016688299901498, 0.4016688299901498, 0.4016688299901498, 0.4016688299901498, 0.4016688299901498, 0.4016688299901498, 0.4016688299901498, 0.4016688299901498, 0.4016688299901498, 0.4016688299901498]
Training raw path: /home/anhnd/DTI Project/Codes/MPNN/data/KFold/ATCInchikeySideEffectByDrug.txt_train_5
('Number of substructures, proteins, pathways, drugs, se: ', 2936, 1448, 330, 969, 598)
((872, 4714), (97, 4714), (872, 598), (97, 598))
('VALIDATE SUM PROTEIN TRAIN: ', 22673.0)
('VALIDATE SUM PROTEIN TEST: ', 2509.0)
Train: 0.9997 0.9989
Test: 0.7137 0.3872
[0.6568704336428454, 0.6508415648943622, 0.6439571432994319, 0.6441314984497319, 0.6428494224508258, 0.6445926836103721, 0.6445055234370518, 0.6434308649045947, 0.64453648798891, 0.6454127441649518, 0.6464987960886632, 0.6474076281812489, 0.6461237344310363, 0.6465464022809604, 0.6462183559887982, 0.6471313791746958, 0.6482668960965654, 0.6488367656695959, 0.6493804368283027, 0.6509256598246451, 0.6535515252006078, 0.6544506897829196, 0.6557014216375314, 0.6574352632431333, 0.656511880443523, 0.6562255434054775, 0.6593095481861053, 0.6600227817940436, 0.6610854699925721, 0.6608057903488082, 0.662877653723499, 0.6632617756302988, 0.6635051051960672, 0.6646692344896997, 0.664888864962128, 0.6689130459092828, 0.67115611324427, 0.6718335800670158, 0.6735750211165317, 0.6759595713968009, 0.6763481488275587, 0.6769825251309415, 0.6791138770453451, 0.6791138770453451, 0.6809486724573603, 0.6816544639142587, 0.6826358384050139, 0.6832952899358612, 0.6868406968329605, 0.6891814379722179, 0.6891814379722179, 0.6899888087042025, 0.6899888087042025, 0.6919942533470135, 0.6928992465755343, 0.6928992465755343, 0.6954518405937222, 0.6954518405937222, 0.6954518405937222, 0.6954518405937222, 0.6954518405937222, 0.6954518405937222, 0.6954518405937222, 0.6981482563244888, 0.6981482563244888, 0.6996012440742597, 0.7016045551936325, 0.7016045551936325, 0.7016045551936325, 0.7016045551936325, 0.7016045551936325, 0.7016045551936325, 0.7037851242291027, 0.7037851242291027, 0.7037851242291027, 0.7094195339020941, 0.7094195339020941, 0.7094195339020941, 0.7114353582375267, 0.7114353582375267, 0.7114353582375267, 0.7114353582375267, 0.7114353582375267, 0.7136558754624974, 0.7136558754624974, 0.7136558754624974, 0.7136558754624974, 0.7136558754624974, 0.7136558754624974, 0.7136558754624974, 0.7136558754624974, 0.7136558754624974, 0.7136558754624974, 0.7136558754624974, 0.7136558754624974]
[0.11404711576908999, 0.12185256997909105, 0.11873358345065306, 0.12065772118284791, 0.12684131505644852, 0.12983464035783646, 0.1390702005203867, 0.14258116982936808, 0.14841717867664253, 0.1534713467630208, 0.15690000181637295, 0.16175704920920084, 0.16829962989861963, 0.17339679914870842, 0.17510245446723877, 0.17888015458293077, 0.1832753259344899, 0.18878140169416277, 0.1900651585149503, 0.1972762907788225, 0.20337316197325006, 0.20627569900640175, 0.21176661082058784, 0.21771501084878342, 0.22074297203762233, 0.22141281005527585, 0.22823786698370407, 0.23342701292171988, 0.23733180566674994, 0.2387801791915635, 0.2442271241841331, 0.24688931030990266, 0.247603530324542, 0.2495451420053556, 0.25053009923954, 0.2628987542698134, 0.2685494271363338, 0.2712879214151552, 0.27675060300763354, 0.2822865404254241, 0.28443102689152766, 0.2868474203132614, 0.2944170702659924, 0.2944170702659924, 0.2999447178323543, 0.3019851193008225, 0.30537026915335075, 0.30727030824204155, 0.31772587193317653, 0.3235947757885117, 0.3235947757885117, 0.32553587513668913, 0.32553587513668913, 0.33156023072737617, 0.3343348538049482, 0.3343348538049482, 0.3409881853914558, 0.3409881853914558, 0.3409881853914558, 0.3409881853914558, 0.3409881853914558, 0.3409881853914558, 0.3409881853914558, 0.34721986139048006, 0.34721986139048006, 0.3502118596741115, 0.35560572188513856, 0.35560572188513856, 0.35560572188513856, 0.35560572188513856, 0.35560572188513856, 0.35560572188513856, 0.3617190549052762, 0.3617190549052762, 0.3617190549052762, 0.3762274273783486, 0.3762274273783486, 0.3762274273783486, 0.38152360523402606, 0.38152360523402606, 0.38152360523402606, 0.38152360523402606, 0.38152360523402606, 0.38724275667902597, 0.38724275667902597, 0.38724275667902597, 0.38724275667902597, 0.38724275667902597, 0.38724275667902597, 0.38724275667902597, 0.38724275667902597, 0.38724275667902597, 0.38724275667902597, 0.38724275667902597, 0.38724275667902597]
Training raw path: /home/anhnd/DTI Project/Codes/MPNN/data/KFold/ATCInchikeySideEffectByDrug.txt_train_6
('Number of substructures, proteins, pathways, drugs, se: ', 2936, 1448, 330, 969, 598)
((872, 4714), (97, 4714), (872, 598), (97, 598))
('VALIDATE SUM PROTEIN TRAIN: ', 22942.0)
('VALIDATE SUM PROTEIN TEST: ', 2240.0)
Train: 0.9998 0.9991
Test: 0.7259 0.3998
[0.6636749284613691, 0.6618241640311545, 0.6737364106266985, 0.6719203496467083, 0.6670449420194833, 0.6659493990543264, 0.666005431900953, 0.6694743445212219, 0.668854297104801, 0.6706592569705252, 0.6708461623773754, 0.6721577724875822, 0.6714161928058945, 0.6719330569102424, 0.671633430028052, 0.6715047579598282, 0.6725592030383514, 0.6719710683405369, 0.6726893171602897, 0.6737656693473772, 0.6756436953522311, 0.6760386915680269, 0.677094874172167, 0.6772151212099038, 0.6768990944847729, 0.6770936488094039, 0.6767770115161291, 0.6770664944353684, 0.6779445422068815, 0.6779363426302722, 0.679792575860438, 0.6803804470507837, 0.6808261785688513, 0.6821019352317773, 0.6821919312797647, 0.6847048793400246, 0.6867196812705151, 0.687525100827945, 0.6886961371131924, 0.6907619758267773, 0.6912994523532641, 0.6918115552202064, 0.6939421224514366, 0.6939421224514366, 0.6957931286495281, 0.6964261222457765, 0.6974966517887831, 0.6983956969875227, 0.7008762918545774, 0.7035258732111369, 0.7035258732111369, 0.7043158130938475, 0.7043158130938475, 0.7057043005030958, 0.7066965851900053, 0.7066965851900053, 0.7086870258372582, 0.7086870258372582, 0.7086870258372582, 0.7086870258372582, 0.7086870258372582, 0.7086870258372582, 0.7086870258372582, 0.7113037212632309, 0.7113037212632309, 0.7125340661703029, 0.7143944569400875, 0.7143944569400875, 0.7143944569400875, 0.7143944569400875, 0.7143944569400875, 0.7143944569400875, 0.7159755921692609, 0.7159755921692609, 0.7159755921692609, 0.7218503673824643, 0.7218503673824643, 0.7218503673824643, 0.7235792688642069, 0.7235792688642069, 0.7235792688642069, 0.7235792688642069, 0.7235792688642069, 0.7259374527628899, 0.7259374527628899, 0.7259374527628899, 0.7259374527628899, 0.7259374527628899, 0.7259374527628899, 0.7259374527628899, 0.7259374527628899, 0.7259374527628899, 0.7259374527628899, 0.7259374527628899, 0.7259374527628899]
[0.12570972795879634, 0.1335912086952621, 0.1512780613290731, 0.14853896929580296, 0.149934037057796, 0.1528212461590972, 0.15638654782664968, 0.1637174859268909, 0.16896480722603358, 0.17452885101204904, 0.17890754577756798, 0.18461091319111356, 0.19129699476826995, 0.19685713627028328, 0.19813698969985127, 0.20098948151074134, 0.2047493640686833, 0.2070777135896418, 0.2093190845501229, 0.21536777645879931, 0.22151777844632642, 0.2268544129003237, 0.23335078143800583, 0.23655633654498215, 0.23925948383909584, 0.23994287720841, 0.24357663684701397, 0.24697900034446438, 0.25220067947488656, 0.25378468307490515, 0.2611169757504546, 0.26332498319141384, 0.26461023841195214, 0.2687791836357183, 0.2693885796681079, 0.2783109331775526, 0.2839987357367057, 0.28891977671858793, 0.2934757310741394, 0.30055526363634116, 0.30232742766393284, 0.3037897624498459, 0.3105734644988887, 0.3105734644988887, 0.31738334541390745, 0.3181802272798814, 0.32205675821388413, 0.3244402347705414, 0.33241529229539263, 0.34057829836254155, 0.34057829836254155, 0.3430101807931838, 0.3430101807931838, 0.3476720744788948, 0.3505219200849121, 0.3505219200849121, 0.35599722435341985, 0.35599722435341985, 0.35599722435341985, 0.35599722435341985, 0.35599722435341985, 0.35599722435341985, 0.35599722435341985, 0.36286395020607676, 0.36286395020607676, 0.36603662686895255, 0.3706496618661376, 0.3706496618661376, 0.3706496618661376, 0.3706496618661376, 0.3706496618661376, 0.3706496618661376, 0.3747049816641341, 0.3747049816641341, 0.3747049816641341, 0.3895633064475128, 0.3895633064475128, 0.3895633064475128, 0.3935771768127046, 0.3935771768127046, 0.3935771768127046, 0.3935771768127046, 0.3935771768127046, 0.39979264624334077, 0.39979264624334077, 0.39979264624334077, 0.39979264624334077, 0.39979264624334077, 0.39979264624334077, 0.39979264624334077, 0.39979264624334077, 0.39979264624334077, 0.39979264624334077, 0.39979264624334077, 0.39979264624334077]
Training raw path: /home/anhnd/DTI Project/Codes/MPNN/data/KFold/ATCInchikeySideEffectByDrug.txt_train_7
('Number of substructures, proteins, pathways, drugs, se: ', 2936, 1448, 330, 969, 598)
((872, 4714), (97, 4714), (872, 598), (97, 598))
('VALIDATE SUM PROTEIN TRAIN: ', 22445.0)
('VALIDATE SUM PROTEIN TEST: ', 2737.0)
Train: 0.9998 0.9991
Test: 0.7102 0.3878
[0.6335786215673319, 0.6511936346161235, 0.6501623173892204, 0.6434008351562843, 0.6396891153225607, 0.643511936843949, 0.6415253926066753, 0.6400026170406823, 0.639660589714123, 0.6398833519616949, 0.638914472204048, 0.6410080612347878, 0.6416145579588561, 0.6420048279252967, 0.6427057541005807, 0.6442162075413311, 0.645886381423054, 0.6459372852944492, 0.6459050415341963, 0.6473322040171843, 0.6500698951176733, 0.6516752261810524, 0.6516849994285312, 0.6524956535647156, 0.6519090524288809, 0.6517173712631663, 0.652283547893485, 0.6530505927826892, 0.6537215163661276, 0.6535316215254205, 0.6559476414663187, 0.6571198426437397, 0.6577776837814024, 0.6586339875202756, 0.65893562585151, 0.6619603538473097, 0.6637698180350764, 0.665393000187666, 0.6677125808024953, 0.6708220430984964, 0.67128885787977, 0.6721783417939278, 0.6741749920719748, 0.6741749920719748, 0.6751833785789079, 0.676176500515215, 0.6783302499236006, 0.6795374520574906, 0.6835154110615036, 0.68643722406124, 0.68643722406124, 0.6874669453047628, 0.6874669453047628, 0.6891949493391072, 0.6899663403981827, 0.6899663403981827, 0.6917714485922845, 0.6917714485922845, 0.6917714485922845, 0.6917714485922845, 0.6917714485922845, 0.6917714485922845, 0.6917714485922845, 0.6951204378624749, 0.6951204378624749, 0.6966389266166401, 0.6980358143261167, 0.6980358143261167, 0.6980358143261167, 0.6980358143261167, 0.6980358143261167, 0.6980358143261167, 0.6998970278679209, 0.6998970278679209, 0.6998970278679209, 0.7058859522262289, 0.7058859522262289, 0.7058859522262289, 0.7079573552547145, 0.7079573552547145, 0.7079573552547145, 0.7079573552547145, 0.7079573552547145, 0.7102418943999966, 0.7102418943999966, 0.7102418943999966, 0.7102418943999966, 0.7102418943999966, 0.7102418943999966, 0.7102418943999966, 0.7102418943999966, 0.7102418943999966, 0.7102418943999966, 0.7102418943999966, 0.7102418943999966]
[0.1069948917971344, 0.11821233534350764, 0.12248200293936498, 0.12485200067057589, 0.12900239884916795, 0.13598033502587245, 0.14020657849836937, 0.14239451238867668, 0.14507923947127527, 0.14742687286179607, 0.14821082268259717, 0.15233237544779515, 0.16002566996894796, 0.16295665891501482, 0.1657440961936088, 0.16951125682198653, 0.17294024852171505, 0.17704721992143663, 0.17925610185368498, 0.18732719606899378, 0.19493436230352312, 0.19964167588611254, 0.20556062060226832, 0.21104309147522304, 0.21408660525679665, 0.21396283075363276, 0.21819089486272059, 0.22234240022884594, 0.22618659337990635, 0.2280674662494777, 0.23557399502701368, 0.23871841460432305, 0.24054329997415608, 0.2439089711207995, 0.24614170635590446, 0.2563526848169426, 0.2624779229234865, 0.267697455557833, 0.27307026768315396, 0.2809081280428168, 0.2847943903631556, 0.2873593436924207, 0.2942503681440399, 0.2942503681440399, 0.2986642542030067, 0.3014542040596576, 0.30658493616575516, 0.3095453954342945, 0.3194889202479695, 0.3278170352584426, 0.3278170352584426, 0.33031243188473336, 0.33031243188473336, 0.33622477093653497, 0.3376564511781181, 0.3376564511781181, 0.3428497940984474, 0.3428497940984474, 0.3428497940984474, 0.3428497940984474, 0.3428497940984474, 0.3428497940984474, 0.3428497940984474, 0.35022781481821463, 0.35022781481821463, 0.353928064452865, 0.35745872298819337, 0.35745872298819337, 0.35745872298819337, 0.35745872298819337, 0.35745872298819337, 0.35745872298819337, 0.3623768215034716, 0.3623768215034716, 0.3623768215034716, 0.3768794243210485, 0.3768794243210485, 0.3768794243210485, 0.38239076961528784, 0.38239076961528784, 0.38239076961528784, 0.38239076961528784, 0.38239076961528784, 0.38778618152898986, 0.38778618152898986, 0.38778618152898986, 0.38778618152898986, 0.38778618152898986, 0.38778618152898986, 0.38778618152898986, 0.38778618152898986, 0.38778618152898986, 0.38778618152898986, 0.38778618152898986, 0.38778618152898986]
Training raw path: /home/anhnd/DTI Project/Codes/MPNN/data/KFold/ATCInchikeySideEffectByDrug.txt_train_8
('Number of substructures, proteins, pathways, drugs, se: ', 2936, 1448, 330, 969, 598)
((872, 4714), (97, 4714), (872, 598), (97, 598))
('VALIDATE SUM PROTEIN TRAIN: ', 22705.0)
('VALIDATE SUM PROTEIN TEST: ', 2477.0)
Train: 0.9997 0.9990
Test: 0.7225 0.3953
[0.6685827428513996, 0.6672191774032618, 0.6599574114007869, 0.653789951380104, 0.6586206728435811, 0.6611097708756457, 0.6628050870550946, 0.6614804368908969, 0.6574978893266274, 0.6603716216719313, 0.6617104406491664, 0.6624321826707857, 0.6621767974463, 0.663014372579497, 0.663113166511705, 0.662222093078324, 0.6639860168324238, 0.664334452115199, 0.6647267324477175, 0.6653157529229194, 0.6681122969377145, 0.6699968950428616, 0.6696360733683229, 0.670534271087389, 0.6704715145197857, 0.6707078220275364, 0.67146933773186, 0.6717857759863951, 0.6733445304676053, 0.6726438793794611, 0.6729969870781671, 0.6745344212144293, 0.6742716062802356, 0.6761123494813833, 0.6761861213609021, 0.6794172923840067, 0.6815759839626832, 0.6829271131117007, 0.684268343860746, 0.6863526340173229, 0.6869006770213559, 0.687378202564343, 0.6890332334967859, 0.6890332334967859, 0.6906096567108202, 0.6912343883970775, 0.69258433626004, 0.6932602196875866, 0.695632934628925, 0.6978003124589822, 0.6978003124589822, 0.6986299181983111, 0.6986299181983111, 0.7004741352389842, 0.7016089590698426, 0.7016089590698426, 0.703829279682793, 0.703829279682793, 0.703829279682793, 0.703829279682793, 0.703829279682793, 0.703829279682793, 0.703829279682793, 0.7064081129884258, 0.7064081129884258, 0.707894199933098, 0.7097014470616919, 0.7097014470616919, 0.7097014470616919, 0.7097014470616919, 0.7097014470616919, 0.7097014470616919, 0.7113703088973925, 0.7113703088973925, 0.7113703088973925, 0.7179659891775942, 0.7179659891775942, 0.7179659891775942, 0.7200509790487858, 0.7200509790487858, 0.7200509790487858, 0.7200509790487858, 0.7200509790487858, 0.7225343344707256, 0.7225343344707256, 0.7225343344707256, 0.7225343344707256, 0.7225343344707256, 0.7225343344707256, 0.7225343344707256, 0.7225343344707256, 0.7225343344707256, 0.7225343344707256, 0.7225343344707256, 0.7225343344707256]
[0.11796969998537052, 0.12374402999570894, 0.13379302006224442, 0.13153028780179893, 0.14114388793250918, 0.14693680140548304, 0.15304285986945712, 0.1589989384915339, 0.16131204635961, 0.167326769370994, 0.17025939538929408, 0.17421812479927742, 0.17795573177654994, 0.18206200251146384, 0.18426542503851057, 0.18581517823158883, 0.18876621609526828, 0.1911160302396127, 0.19395366815807671, 0.1995630534964299, 0.20778080011060573, 0.21416539489979652, 0.21744127246140585, 0.22278807885042662, 0.22793878665273154, 0.22856594160463675, 0.23352589043238073, 0.23665875997431868, 0.241595541573469, 0.24261498115095498, 0.248265572791658, 0.251149871481722, 0.25174931471904005, 0.2563769444049845, 0.25767834102694, 0.2664334582029508, 0.2720408529488221, 0.2767218693042718, 0.281536292162615, 0.28811076601752006, 0.2916435148172932, 0.2931221993950964, 0.2992592880502679, 0.2992592880502679, 0.3032141944269223, 0.3058910951175413, 0.30967773076692673, 0.31203889863226236, 0.3209944497413158, 0.32908310302182747, 0.32908310302182747, 0.3320663085661703, 0.3320663085661703, 0.33760345875211906, 0.34105608757645034, 0.34105608757645034, 0.3462554831648074, 0.3462554831648074, 0.3462554831648074, 0.3462554831648074, 0.3462554831648074, 0.3462554831648074, 0.3462554831648074, 0.3525544901926067, 0.3525544901926067, 0.35595218785777766, 0.3603465964136344, 0.3603465964136344, 0.3603465964136344, 0.3603465964136344, 0.3603465964136344, 0.3603465964136344, 0.36469738072590707, 0.36469738072590707, 0.36469738072590707, 0.3829708728269409, 0.3829708728269409, 0.3829708728269409, 0.3884504723030593, 0.3884504723030593, 0.3884504723030593, 0.3884504723030593, 0.3884504723030593, 0.39530571074582377, 0.39530571074582377, 0.39530571074582377, 0.39530571074582377, 0.39530571074582377, 0.39530571074582377, 0.39530571074582377, 0.39530571074582377, 0.39530571074582377, 0.39530571074582377, 0.39530571074582377, 0.39530571074582377]
Training raw path: /home/anhnd/DTI Project/Codes/MPNN/data/KFold/ATCInchikeySideEffectByDrug.txt_train_9
('Number of substructures, proteins, pathways, drugs, se: ', 2936, 1448, 330, 969, 598)
((873, 4714), (96, 4714), (873, 598), (96, 598))
('VALIDATE SUM PROTEIN TRAIN: ', 22759.0)
('VALIDATE SUM PROTEIN TEST: ', 2423.0)
Train: 0.9996 0.9987
Test: 0.7216 0.4099
[0.6520422308967128, 0.660355025745316, 0.6649545133918516, 0.6600934983659942, 0.6589667106479359, 0.6559360730593606, 0.6560864837064093, 0.6559481275238043, 0.658094860140674, 0.6574358685595957, 0.6587999158873028, 0.6590656402618514, 0.6607928432296852, 0.6620251707555493, 0.6614694768129042, 0.6632741564162397, 0.6632532743992647, 0.6642973867706119, 0.6641538158361038, 0.665878157501657, 0.6681181742342944, 0.669262906174914, 0.6710369559969904, 0.6720901974535889, 0.6712128448264754, 0.671480897213317, 0.6728918464472433, 0.6735333500492158, 0.6742288362823946, 0.6748537838684031, 0.6769801718651023, 0.6777262471053375, 0.6781189554394513, 0.6791881295376014, 0.6796798693881299, 0.681777935960704, 0.6832035573697681, 0.6841480521340716, 0.6850091285993091, 0.6870963214859871, 0.687900418480082, 0.6884172895913748, 0.6909848895767297, 0.6909848895767297, 0.6922353371680264, 0.6927492356299314, 0.6942234111527483, 0.6947473770526593, 0.697679872588811, 0.6999851312830535, 0.6999851312830535, 0.7007132547727628, 0.7007132547727628, 0.7026835284707427, 0.7035757035799282, 0.7035757035799282, 0.7055859475280198, 0.7055859475280198, 0.7055859475280198, 0.7055859475280198, 0.7055859475280198, 0.7055859475280198, 0.7055859475280198, 0.7081582219314891, 0.7081582219314891, 0.7095965664171603, 0.7110680105554075, 0.7110680105554075, 0.7110680105554075, 0.7110680105554075, 0.7110680105554075, 0.7110680105554075, 0.7126827406098353, 0.7126827406098353, 0.7126827406098353, 0.7178160342590464, 0.7178160342590464, 0.7178160342590464, 0.7196158273495035, 0.7196158273495035, 0.7196158273495035, 0.7196158273495035, 0.7196158273495035, 0.7215535164810991, 0.7215535164810991, 0.7215535164810991, 0.7215535164810991, 0.7215535164810991, 0.7215535164810991, 0.7215535164810991, 0.7215535164810991, 0.7215535164810991, 0.7215535164810991, 0.7215535164810991, 0.7215535164810991]
[0.11771156747539144, 0.14720326374216372, 0.1612731381240019, 0.16662281669514808, 0.17148754894421106, 0.1711866182775505, 0.17715386866708233, 0.18267054618612572, 0.18836747123660522, 0.19223157932379648, 0.19488377952195518, 0.19742545234704106, 0.2089548730569598, 0.21673610998758966, 0.21812339069251355, 0.22219881928973662, 0.22548334560373529, 0.2288502269883078, 0.22972223332310818, 0.23672399537052444, 0.2439126072376061, 0.24880478312164162, 0.25496994443857923, 0.26060853647723414, 0.26209564100941984, 0.26318568190557934, 0.2677176692482088, 0.2720537365262547, 0.2766846806318958, 0.2788904938612381, 0.2835777784029936, 0.2855994299552519, 0.2868888892511019, 0.2908575241911636, 0.29246662517565614, 0.2991478536407278, 0.3027972036648322, 0.30748262203958143, 0.31075453125742436, 0.31705881893181276, 0.32098243842811786, 0.3219173297772495, 0.329074470691515, 0.329074470691515, 0.3324778302989361, 0.3336027380476909, 0.3383350484224855, 0.33979877070496, 0.3467412375029687, 0.35381572929205707, 0.35381572929205707, 0.35570122275794447, 0.35570122275794447, 0.361378979857416, 0.36350404794505803, 0.36350404794505803, 0.3691968957097803, 0.3691968957097803, 0.3691968957097803, 0.3691968957097803, 0.3691968957097803, 0.3691968957097803, 0.3691968957097803, 0.37592066614924624, 0.37592066614924624, 0.3794191317931557, 0.3828891553882764, 0.3828891553882764, 0.3828891553882764, 0.3828891553882764, 0.3828891553882764, 0.3828891553882764, 0.38680962576371625, 0.38680962576371625, 0.38680962576371625, 0.4005533161259845, 0.4005533161259845, 0.4005533161259845, 0.40495880750103486, 0.40495880750103486, 0.40495880750103486, 0.40495880750103486, 0.40495880750103486, 0.40994733446041925, 0.40994733446041925, 0.40994733446041925, 0.40994733446041925, 0.40994733446041925, 0.40994733446041925, 0.40994733446041925, 0.40994733446041925, 0.40994733446041925, 0.40994733446041925, 0.40994733446041925, 0.40994733446041925]
AUC: 0.7221 0.0022
AUPR: 0.4114 0.0076
('RARE AUC', [(0.6534340003182736, 0.005156375363391418), (0.6587239356421265, 0.0031430887771688306), (0.6593432016490152, 0.004793910357498159), (0.6561926302222446, 0.004478101852844118), (0.6554730138301648, 0.004378848962723595), (0.6549412306159763, 0.004030944861098102), (0.6545186869282799, 0.004017220980054672), (0.6556597332648425, 0.004235879429624636), (0.656098942401185, 0.004138475190273112), (0.6570214233383809, 0.004185996435698734), (0.6570710984215131, 0.004300423391210063), (0.6580409634265953, 0.004177082900778543), (0.6581437863625765, 0.004059966439670171), (0.6588566513445122, 0.003961389789257676), (0.6590660578670303, 0.003878854752484365), (0.6599263306565766, 0.0037189433040790334), (0.6609647813709444, 0.0037418256410134236), (0.6616034570212603, 0.0037301648952351423), (0.6618027317154246, 0.003731961497001023), (0.6628719982231569, 0.0036448583143633916), (0.6653847818945418, 0.0036072401551873897), (0.666790604337619, 0.003539689504587036), (0.6676789800337077, 0.0036097202890920913), (0.6691853801860057, 0.0035935717782901886), (0.6691922587081011, 0.003741354990540331), (0.6692688232501482, 0.0037288012457061164), (0.6703565114502228, 0.003610788438523394), (0.671196521243701, 0.003598891149404), (0.6724248589983794, 0.003611984209608637), (0.6727071774066583, 0.003657870664554813), (0.6744048394626107, 0.0034377723303449037), (0.6753680355051589, 0.003402125756886884), (0.6756740812937138, 0.0033579235097822677), (0.6767476354384995, 0.003361236704800348), (0.6770339245914517, 0.0033590167312443028), (0.6799339023312713, 0.0032491146752103876), (0.6815828463366334, 0.0032046797361021204), (0.68297591479011, 0.0031798822520134815), (0.6844347914774741, 0.0031056351747404706), (0.6866573607355304, 0.0029481662044819087), (0.6874039863697362, 0.0029675723294478543), (0.6880545782816003, 0.0029410540615742763), (0.6902336506564978, 0.0029314245955806032), (0.6902336506564978, 0.0029314245955806032), (0.6915497633968808, 0.002948869173675922), (0.6922433125286082, 0.0029108266542175075), (0.6936893199128079, 0.0028568034646525103), (0.6944630343385624, 0.002827074857463064), (0.6974822634097845, 0.002747809890581918), (0.6998420952913935, 0.0026696566099793013), (0.6998420952913935, 0.0026696566099793013), (0.7005688181500395, 0.002626691677726893), (0.7005688181500395, 0.002626691677726893), (0.702286777524822, 0.002585573138668754), (0.7032184353768527, 0.0025694445030111195), (0.7032184353768527, 0.0025694445030111195), (0.7051926743824236, 0.0025274596906915657), (0.7051926743824236, 0.0025274596906915657), (0.7051926743824236, 0.0025274596906915657), (0.7051926743824236, 0.0025274596906915657), (0.7051926743824236, 0.0025274596906915657), (0.7051926743824236, 0.0025274596906915657), (0.7051926743824236, 0.0025274596906915657), (0.707895823761441, 0.0024713314868322397), (0.707895823761441, 0.0024713314868322397), (0.7092817481135165, 0.0024416428849210535), (0.7108447334950149, 0.002425912967021626), (0.7108447334950149, 0.002425912967021626), (0.7108447334950149, 0.002425912967021626), (0.7108447334950149, 0.002425912967021626), (0.7108447334950149, 0.002425912967021626), (0.7108447334950149, 0.002425912967021626), (0.712602990098123, 0.002385669544712005), (0.712602990098123, 0.002385669544712005), (0.712602990098123, 0.002385669544712005), (0.7180662033486467, 0.0022973643476078202), (0.7180662033486467, 0.0022973643476078202), (0.7180662033486467, 0.0022973643476078202), (0.7199643196363201, 0.002255491018593801), (0.7199643196363201, 0.002255491018593801), (0.7199643196363201, 0.002255491018593801), (0.7199643196363201, 0.002255491018593801), (0.7199643196363201, 0.002255491018593801), (0.7221012322836176, 0.0022282448518785637), (0.7221012322836176, 0.0022282448518785637), (0.7221012322836176, 0.0022282448518785637), (0.7221012322836176, 0.0022282448518785637), (0.7221012322836176, 0.0022282448518785637), (0.7221012322836176, 0.0022282448518785637), (0.7221012322836176, 0.0022282448518785637), (0.7221012322836176, 0.0022282448518785637), (0.7221012322836176, 0.0022282448518785637), (0.7221012322836176, 0.0022282448518785637), (0.7221012322836176, 0.0022282448518785637), (0.7221012322836176, 0.0022282448518785637)])
('RARE AUPR', [(0.12450158994301652, 0.005706262112526617), (0.14230487434049963, 0.007592604019355241), (0.15009918788680648, 0.00872672484888589), (0.15231932422844044, 0.00862476494218262), (0.15706102466842248, 0.008529018468560686), (0.16024113445459262, 0.00797427254577001), (0.16587779005928155, 0.007988242446194133), (0.17225774840757885, 0.008297217148494945), (0.17736063662554546, 0.008199895993099067), (0.18175932968024613, 0.008074382743395796), (0.18451317097715222, 0.008254939417108873), (0.18873965690380465, 0.008149465726296361), (0.1964099221041617, 0.008350477166783415), (0.20159070115232156, 0.008433960853638607), (0.204020904713961, 0.008514706253915297), (0.20739377516627147, 0.008545095875124954), (0.21092053028685553, 0.008535301517018774), (0.21486692172335392, 0.008439728704648883), (0.2166097278133418, 0.008305324904665594), (0.22361623860781635, 0.008580353613733029), (0.23114823991036806, 0.008725544735350067), (0.23628424815040297, 0.008810344817445201), (0.2415417665412712, 0.008886829458454057), (0.24700821944460558, 0.00896509382561412), (0.25011333377434464, 0.009065156078236962), (0.2506554062095166, 0.009062139031860832), (0.2551577298112802, 0.009004082052406543), (0.25942535340885453, 0.00911305211338106), (0.2643371925478327, 0.009249657583253478), (0.2661691515521457, 0.009311718938641248), (0.27253294330871436, 0.009341003170155546), (0.2754327002572918, 0.009344600844388668), (0.2764991304805453, 0.0093116072833666), (0.2799031043269391, 0.009232856341142981), (0.28128438895227637, 0.009261808239552607), (0.290604130429627, 0.009173484931767475), (0.29540739585636266, 0.00904290768890362), (0.30054947300069446, 0.009169599696338293), (0.3050441285669364, 0.009183580001919366), (0.31180057275793743, 0.009122650046221079), (0.31478090276661774, 0.00909588499195959), (0.31659998598643097, 0.009074072148670417), (0.32344917785197785, 0.008902389675699432), (0.32344917785197785, 0.008902389675699432), (0.32775004481443515, 0.008831256897258903), (0.32973459925460924, 0.008744174919173297), (0.3342238185494798, 0.008888819740534083), (0.3364892296154221, 0.008865420996249034), (0.3452578274678722, 0.008761975691461909), (0.35233150632374255, 0.008646434816817367), (0.35233150632374255, 0.008646434816817367), (0.3544354920433683, 0.008603987746047368), (0.3544354920433683, 0.008603987746047368), (0.3597163873772603, 0.00860036255604512), (0.36215973651001765, 0.008560259102103885), (0.36215973651001765, 0.008560259102103885), (0.36750383859346025, 0.008447563184068049), (0.36750383859346025, 0.008447563184068049), (0.36750383859346025, 0.008447563184068049), (0.36750383859346025, 0.008447563184068049), (0.36750383859346025, 0.008447563184068049), (0.36750383859346025, 0.008447563184068049), (0.36750383859346025, 0.008447563184068049), (0.37430277148495267, 0.008438196118526097), (0.37430277148495267, 0.008438196118526097), (0.3776503926104402, 0.008417590056035379), (0.3817005912429578, 0.008289460669418793), (0.3817005912429578, 0.008289460669418793), (0.3817005912429578, 0.008289460669418793), (0.3817005912429578, 0.008289460669418793), (0.3817005912429578, 0.008289460669418793), (0.3817005912429578, 0.008289460669418793), (0.38643975205688164, 0.008173237649445659), (0.38643975205688164, 0.008173237649445659), (0.38643975205688164, 0.008173237649445659), (0.400863934275988, 0.007820050696458112), (0.400863934275988, 0.007820050696458112), (0.400863934275988, 0.007820050696458112), (0.4057974169070503, 0.007709497783231923), (0.4057974169070503, 0.007709497783231923), (0.4057974169070503, 0.007709497783231923), (0.4057974169070503, 0.007709497783231923), (0.4057974169070503, 0.007709497783231923), (0.41140434141623317, 0.007601906787796679), (0.41140434141623317, 0.007601906787796679), (0.41140434141623317, 0.007601906787796679), (0.41140434141623317, 0.007601906787796679), (0.41140434141623317, 0.007601906787796679), (0.41140434141623317, 0.007601906787796679), (0.41140434141623317, 0.007601906787796679), (0.41140434141623317, 0.007601906787796679), (0.41140434141623317, 0.007601906787796679), (0.41140434141623317, 0.007601906787796679), (0.41140434141623317, 0.007601906787796679), (0.41140434141623317, 0.007601906787796679)])
