CSMF_P
<models.baselines.CSMF.CSMF object at 0x7fbed67a1490>
('Manual torch seed: ', 443181909)
Training raw path: /home/anhnd/DTI Project/Codes/MPNN/data/KFold/ATCInchikeySideEffectByDrug.txt_train_0
('Number of substructures, proteins, pathways, drugs, se: ', 888, 1448, 330, 969, 598)
Train: 0.9825 0.9393
Test: 0.7680 0.4905
[0.6367744507374897, 0.6529092599968197, 0.6570878772365039, 0.6515110554536219, 0.6499191209281571, 0.6525555043284369, 0.6522453730232919, 0.6560665474239726, 0.6578028052715773, 0.6603624488627647, 0.6608053482931429, 0.6622647719931614, 0.665921622753475, 0.668142988366362, 0.669524725867012, 0.6709369832492244, 0.6717020701283729, 0.6728219081890933, 0.6741023330095175, 0.6769249850082104, 0.6807322631333719, 0.6837473281712888, 0.6863675314263883, 0.6894753952702801, 0.6915372037657693, 0.6919483565307966, 0.6940756544086131, 0.6960706735250427, 0.699541305633759, 0.7006938827948235, 0.705417214107595, 0.7076744358759522, 0.7084025048513246, 0.7098171978941192, 0.7106559044575396, 0.7161143198864748, 0.7185528811053559, 0.722037568386081, 0.724357402766217, 0.7277747825772899, 0.729188287785495, 0.7302256827339716, 0.7334857295766435, 0.7334857295766435, 0.7355759367302452, 0.7364155462490998, 0.738415141582228, 0.7394050400288585, 0.7430004207209144, 0.7460885338373824, 0.7460885338373824, 0.7471843668142757, 0.7471843668142757, 0.7493584347751541, 0.7503831505072078, 0.7503831505072078, 0.7522745967556496, 0.7522745967556496, 0.7522745967556496, 0.7522745967556496, 0.7522745967556496, 0.7522745967556496, 0.7522745967556496, 0.7550579396598346, 0.7550579396598346, 0.7564849445146469, 0.7578453840469441, 0.7578453840469441, 0.7578453840469441, 0.7578453840469441, 0.7578453840469441, 0.7578453840469441, 0.7594845687179571, 0.7594845687179571, 0.7594845687179571, 0.7642930698958992, 0.7642930698958992, 0.7642930698958992, 0.7660531991712731, 0.7660531991712731, 0.7660531991712731, 0.7660531991712731, 0.7660531991712731, 0.7679767679681428, 0.7679767679681428, 0.7679767679681428, 0.7679767679681428, 0.7679767679681428, 0.7679767679681428, 0.7679767679681428, 0.7679767679681428, 0.7679767679681428, 0.7679767679681428, 0.7679767679681428, 0.7679767679681428]
[0.13505513065189054, 0.1548370867499526, 0.1574483050219744, 0.15015851237650285, 0.1560237198677702, 0.1617677344310195, 0.16729070419036934, 0.17476930958645784, 0.1791375767327245, 0.18248156025080364, 0.18375630693693146, 0.18747748745498705, 0.19650372567543595, 0.20249697590718674, 0.2052215805685949, 0.2086284137630656, 0.21143530155991483, 0.2152371710991992, 0.21701722181124317, 0.22520812455004863, 0.23548664445070228, 0.24454323434917713, 0.2509375973871431, 0.25717509602298444, 0.26307917397563074, 0.2642411781213175, 0.2684509034012415, 0.2739451004096088, 0.2817826732897044, 0.2840474751893268, 0.29460028636226526, 0.3006084318158729, 0.3025591809273058, 0.30752639707669427, 0.3100344307680124, 0.32448596278200803, 0.33027163316548136, 0.3396245296054593, 0.34620361841851877, 0.3558137579227396, 0.3592577072705325, 0.362216170595721, 0.36956659201380215, 0.36956659201380215, 0.3764703492443901, 0.37822500550475485, 0.3849593976478829, 0.38760194036805007, 0.39808373429318555, 0.40836412209870265, 0.40836412209870265, 0.41177502614050376, 0.41177502614050376, 0.4190475710486608, 0.4226725256702363, 0.4226725256702363, 0.42873499897480716, 0.42873499897480716, 0.42873499897480716, 0.42873499897480716, 0.42873499897480716, 0.42873499897480716, 0.42873499897480716, 0.4387250494632914, 0.4387250494632914, 0.44378884640646343, 0.4490428971991606, 0.4490428971991606, 0.4490428971991606, 0.4490428971991606, 0.4490428971991606, 0.4490428971991606, 0.45609380259038473, 0.45609380259038473, 0.45609380259038473, 0.47470554864848136, 0.47470554864848136, 0.47470554864848136, 0.4818527517554537, 0.4818527517554537, 0.4818527517554537, 0.4818527517554537, 0.4818527517554537, 0.4904921517262995, 0.4904921517262995, 0.4904921517262995, 0.4904921517262995, 0.4904921517262995, 0.4904921517262995, 0.4904921517262995, 0.4904921517262995, 0.4904921517262995, 0.4904921517262995, 0.4904921517262995, 0.4904921517262995]
Training raw path: /home/anhnd/DTI Project/Codes/MPNN/data/KFold/ATCInchikeySideEffectByDrug.txt_train_1
('Number of substructures, proteins, pathways, drugs, se: ', 888, 1448, 330, 969, 598)
Train: 0.9823 0.9378
Test: 0.7664 0.4926
[0.6381831650261265, 0.6456507134495395, 0.6325027878764695, 0.6265924653234474, 0.6310297414993952, 0.6325992760928054, 0.6368073577644725, 0.6370292738135488, 0.640050596747898, 0.6428920902924461, 0.6430442786857674, 0.6463103488177437, 0.6502706439420043, 0.6554491901815518, 0.6564643083129333, 0.6598362536498072, 0.662066791475261, 0.6656963575567811, 0.6669513879203437, 0.6692456522113536, 0.6723212846135784, 0.67611945566971, 0.6781525147610638, 0.6810242523754322, 0.682930097882671, 0.6833738781983522, 0.6860326497728666, 0.6879973630035938, 0.6915000246510377, 0.6928802387595724, 0.697576915812339, 0.7006264660761833, 0.7017156018921233, 0.7040055623822887, 0.7048877139057268, 0.7105090880840741, 0.7131025580492716, 0.7170960613312722, 0.7198499303844399, 0.7242007533659882, 0.7259371075629181, 0.7270385106804489, 0.7304399539753357, 0.7304399539753357, 0.7318910733441062, 0.7328339063026875, 0.735308474553764, 0.7362487914764713, 0.7400465846359061, 0.7432450244337694, 0.7432450244337694, 0.7441760968965706, 0.7441760968965706, 0.7465632103698598, 0.747789153789314, 0.747789153789314, 0.7501697538919374, 0.7501697538919374, 0.7501697538919374, 0.7501697538919374, 0.7501697538919374, 0.7501697538919374, 0.7501697538919374, 0.7531679520111014, 0.7531679520111014, 0.7545476330151912, 0.7558801746613742, 0.7558801746613742, 0.7558801746613742, 0.7558801746613742, 0.7558801746613742, 0.7558801746613742, 0.7577401639997146, 0.7577401639997146, 0.7577401639997146, 0.7624978495927647, 0.7624978495927647, 0.7624978495927647, 0.7644235820625725, 0.7644235820625725, 0.7644235820625725, 0.7644235820625725, 0.7644235820625725, 0.7664033690577462, 0.7664033690577462, 0.7664033690577462, 0.7664033690577462, 0.7664033690577462, 0.7664033690577462, 0.7664033690577462, 0.7664033690577462, 0.7664033690577462, 0.7664033690577462, 0.7664033690577462, 0.7664033690577462]
[0.11770849927865414, 0.13223330716020343, 0.12848526835621854, 0.13552034174272692, 0.14680891018312345, 0.15019954168809918, 0.15676752985112805, 0.16230930053306686, 0.17017259601197887, 0.1752968881219665, 0.17639189690611234, 0.18227616551735792, 0.19209536627211332, 0.20039714742814882, 0.2031810238489772, 0.21103942649829638, 0.21390091189113136, 0.2199687164170446, 0.22147107385749243, 0.2291044773553862, 0.23718328526163612, 0.2454600623071932, 0.25035721592006827, 0.25836587104838477, 0.262485114502239, 0.26304881333277685, 0.2669702104356979, 0.2712275075475456, 0.28145720370629224, 0.28475481382277745, 0.29745040485523083, 0.30313059293848743, 0.30610028635940806, 0.3118048786714861, 0.3133196952939086, 0.3262869425202744, 0.3327043950872243, 0.3425503220615126, 0.3482004211522384, 0.35998523880417976, 0.36391408274202774, 0.3671278707565265, 0.3758503313911801, 0.3758503313911801, 0.37966781892364293, 0.3827704001906449, 0.38936907485346745, 0.39154158767514496, 0.4012773470059734, 0.4109683964449592, 0.4109683964449592, 0.41345399367733393, 0.41345399367733393, 0.42055967524969873, 0.4245734241172235, 0.4245734241172235, 0.4309689128511214, 0.4309689128511214, 0.4309689128511214, 0.4309689128511214, 0.4309689128511214, 0.4309689128511214, 0.4309689128511214, 0.44166108313732655, 0.44166108313732655, 0.44586751389865054, 0.45048175079929087, 0.45048175079929087, 0.45048175079929087, 0.45048175079929087, 0.45048175079929087, 0.45048175079929087, 0.45892880968574534, 0.45892880968574534, 0.45892880968574534, 0.47613764698819894, 0.47613764698819894, 0.47613764698819894, 0.48374272744610736, 0.48374272744610736, 0.48374272744610736, 0.48374272744610736, 0.48374272744610736, 0.49259941544308294, 0.49259941544308294, 0.49259941544308294, 0.49259941544308294, 0.49259941544308294, 0.49259941544308294, 0.49259941544308294, 0.49259941544308294, 0.49259941544308294, 0.49259941544308294, 0.49259941544308294, 0.49259941544308294]
Training raw path: /home/anhnd/DTI Project/Codes/MPNN/data/KFold/ATCInchikeySideEffectByDrug.txt_train_2
('Number of substructures, proteins, pathways, drugs, se: ', 888, 1448, 330, 969, 598)
Train: 0.9818 0.9358
Test: 0.7712 0.5134
