CSMF_P
<models.baselines.CSMF.CSMF object at 0x7fc742da81d0>
('Manual torch seed: ', 1772727637)
('Config: ', 'Protein Test: ', True, 'KNN: ', 5)
Training raw path: /home/anhnd/DTI Project/Codes/MPNN/data/KFold/ATCInchikeySideEffectByDrug.txt_train_0
('Number of substructures, proteins, pathways, drugs, se: ', 2936, 1448, 330, 969, 598)
((872, 4714), (97, 4714), (872, 598), (97, 598))
('VALIDATE SUM PROTEIN TRAIN: ', 0.0)
('VALIDATE SUM PROTEIN TEST: ', 0.0)
Train: 0.9997 0.9990
Test: 0.7652 0.4941
[0.6504486615369572, 0.6582274405394587, 0.665096988883828, 0.662766440707739, 0.6606882416885588, 0.6635375036391217, 0.6639096988785554, 0.6659808577017421, 0.6671966422705745, 0.669679281048987, 0.6692642711430425, 0.6707309844857896, 0.6715937798098027, 0.6730649500916295, 0.6740636817848487, 0.6750597861851019, 0.6763632115082772, 0.6777271684593499, 0.6784020514740099, 0.6808121100033067, 0.6839683345848562, 0.6865787581423934, 0.6887747667482114, 0.6920460877506296, 0.6937902367745042, 0.6943154966134957, 0.6961193739005318, 0.6976724980801021, 0.700494905404266, 0.701278587940706, 0.7051268619698896, 0.7068141870590036, 0.7075519640323472, 0.7089095404105299, 0.7098560760847482, 0.7150058002371618, 0.7174129406976795, 0.7204221625273343, 0.7224717321987524, 0.7252732876807506, 0.7267240014314387, 0.7276677519958882, 0.7305976173314208, 0.7305976173314208, 0.7328213444915971, 0.7336711170237207, 0.7357151478175004, 0.7366810256791353, 0.7403332409783794, 0.7432758731751752, 0.7432758731751752, 0.7443194437531386, 0.7443194437531386, 0.7465713775148082, 0.7475233255042824, 0.7475233255042824, 0.7495246277618126, 0.7495246277618126, 0.7495246277618126, 0.7495246277618126, 0.7495246277618126, 0.7495246277618126, 0.7495246277618126, 0.7523094313918781, 0.7523094313918781, 0.7537129118671004, 0.7551118069673528, 0.7551118069673528, 0.7551118069673528, 0.7551118069673528, 0.7551118069673528, 0.7551118069673528, 0.7567401383395507, 0.7567401383395507, 0.7567401383395507, 0.761523037418026, 0.761523037418026, 0.761523037418026, 0.7632859044209039, 0.7632859044209039, 0.7632859044209039, 0.7632859044209039, 0.7632859044209039, 0.7652005784833238, 0.7652005784833238, 0.7652005784833238, 0.7652005784833238, 0.7652005784833238, 0.7652005784833238, 0.7652005784833238, 0.7652005784833238, 0.7652005784833238, 0.7652005784833238, 0.7652005784833238, 0.7652005784833238]
[0.14291444846375012, 0.1588720660066283, 0.16831805695230334, 0.1660990251612787, 0.1689131161990618, 0.17627878107170009, 0.18262115759700104, 0.18976546780659667, 0.19368708934776008, 0.19694924882314002, 0.19746351011221658, 0.20165694022595537, 0.21268796050659305, 0.2188420049598509, 0.22153620083344713, 0.22445549291139516, 0.22814901294784443, 0.23329000752167156, 0.23635347785451843, 0.24537722688660993, 0.2561655239104961, 0.2631777213766387, 0.26729956562538304, 0.27519618067831286, 0.280564048823568, 0.2817329482824542, 0.28554230353533133, 0.2895225955036489, 0.2968233275633553, 0.29892433842737626, 0.3096245464869345, 0.3142732335456472, 0.3158884116470516, 0.3212751601972995, 0.32370572160753314, 0.3376699858326163, 0.3427876136443664, 0.3517512116899771, 0.3575415207515084, 0.36625361109780824, 0.3699922990957787, 0.3727414616707481, 0.38020167033817376, 0.38020167033817376, 0.3865012136397574, 0.3885163606336307, 0.3956484914488536, 0.3988789056539243, 0.4094683635740478, 0.4189206119611566, 0.4189206119611566, 0.4223936049648871, 0.4223936049648871, 0.429783211565359, 0.4329725363120688, 0.4329725363120688, 0.4388975343299167, 0.4388975343299167, 0.4388975343299167, 0.4388975343299167, 0.4388975343299167, 0.4388975343299167, 0.4388975343299167, 0.44801050341120985, 0.44801050341120985, 0.4523760179240177, 0.4572584991338739, 0.4572584991338739, 0.4572584991338739, 0.4572584991338739, 0.4572584991338739, 0.4572584991338739, 0.46327354857766556, 0.46327354857766556, 0.46327354857766556, 0.48039779117327297, 0.48039779117327297, 0.48039779117327297, 0.4869791955530612, 0.4869791955530612, 0.4869791955530612, 0.4869791955530612, 0.4869791955530612, 0.49410092325277544, 0.49410092325277544, 0.49410092325277544, 0.49410092325277544, 0.49410092325277544, 0.49410092325277544, 0.49410092325277544, 0.49410092325277544, 0.49410092325277544, 0.49410092325277544, 0.49410092325277544, 0.49410092325277544]
Training raw path: /home/anhnd/DTI Project/Codes/MPNN/data/KFold/ATCInchikeySideEffectByDrug.txt_train_1
('Number of substructures, proteins, pathways, drugs, se: ', 2936, 1448, 330, 969, 598)
((872, 4714), (97, 4714), (872, 598), (97, 598))
('VALIDATE SUM PROTEIN TRAIN: ', 0.0)
('VALIDATE SUM PROTEIN TEST: ', 0.0)
Train: 0.9996 0.9983
Test: 0.7571 0.4780
[0.6391324002731066, 0.6497569936690385, 0.6429831314214796, 0.633925572544646, 0.6369938915359741, 0.6395934250257795, 0.6394264464244919, 0.6410901979061617, 0.6442855145111168, 0.6461151376237153, 0.6468745448995634, 0.6499432358353499, 0.6544057778055471, 0.6579322538544665, 0.6589870725196807, 0.6614913130493776, 0.6627686442071384, 0.6648539318962805, 0.6654067330268344, 0.6652318876117176, 0.6693100563326513, 0.6730074826976158, 0.6744881655974517, 0.6772008813985686, 0.6783467018929021, 0.6785360858083496, 0.6808865126365364, 0.6822287766987147, 0.6854166703630417, 0.6869788931064964, 0.6916342600897121, 0.6941940405275999, 0.6952312674061667, 0.6972867463107466, 0.6980683363600995, 0.7028727520135736, 0.7052090943331573, 0.7084876184185446, 0.7103678499344444, 0.7143784402857842, 0.7160711527621103, 0.7170815102891934, 0.7208789441801036, 0.7208789441801036, 0.7218995167489252, 0.7229290235956278, 0.725276167921354, 0.7261861377418458, 0.729967571458861, 0.7332355283035017, 0.7332355283035017, 0.7341653369489092, 0.7341653369489092, 0.7366501009457028, 0.7379098753764389, 0.7379098753764389, 0.7403940765128152, 0.7403940765128152, 0.7403940765128152, 0.7403940765128152, 0.7403940765128152, 0.7403940765128152, 0.7403940765128152, 0.7434341165605811, 0.7434341165605811, 0.7448371029715674, 0.7462026417671564, 0.7462026417671564, 0.7462026417671564, 0.7462026417671564, 0.7462026417671564, 0.7462026417671564, 0.7481309161547033, 0.7481309161547033, 0.7481309161547033, 0.7530889315392144, 0.7530889315392144, 0.7530889315392144, 0.7550713577113164, 0.7550713577113164, 0.7550713577113164, 0.7550713577113164, 0.7550713577113164, 0.7571053337739495, 0.7571053337739495, 0.7571053337739495, 0.7571053337739495, 0.7571053337739495, 0.7571053337739495, 0.7571053337739495, 0.7571053337739495, 0.7571053337739495, 0.7571053337739495, 0.7571053337739495, 0.7571053337739495]
[0.1279173678135835, 0.1520438069089726, 0.14827026558684037, 0.1504975828569547, 0.15839108315975714, 0.15783412933078986, 0.16304374726176585, 0.16996912321713803, 0.17792181557590175, 0.18199693619828772, 0.18217191758476656, 0.18869333212825, 0.19737472891532598, 0.20514686537409157, 0.20773439845925465, 0.21430142028408403, 0.21740454010392088, 0.2224005405335859, 0.2237105012363547, 0.22909234213308743, 0.24091835403507741, 0.2498139454177114, 0.25335992333932894, 0.25900184171403245, 0.26145531157898855, 0.2621301314270871, 0.26602065315774853, 0.2697934011504572, 0.27866185121787646, 0.2820271294758988, 0.29380867411794065, 0.29894968077195505, 0.3022918073849419, 0.3085253175927952, 0.31020340044108463, 0.32142332667473483, 0.32694847088317347, 0.33621592953202234, 0.340818720637787, 0.35144008082592954, 0.3552405140589229, 0.3581057905777072, 0.36713324665880265, 0.36713324665880265, 0.3708126383654148, 0.3738479061564821, 0.38050824936753963, 0.38289969955869124, 0.3925901925095918, 0.4021605683488618, 0.4021605683488618, 0.4043967622860135, 0.4043967622860135, 0.411219355224609, 0.4149134959530887, 0.4149134959530887, 0.42113195323300245, 0.42113195323300245, 0.42113195323300245, 0.42113195323300245, 0.42113195323300245, 0.42113195323300245, 0.42113195323300245, 0.4308730111256841, 0.4308730111256841, 0.4348207053547226, 0.43920316937517606, 0.43920316937517606, 0.43920316937517606, 0.43920316937517606, 0.43920316937517606, 0.43920316937517606, 0.4465787208502494, 0.4465787208502494, 0.4465787208502494, 0.4633380778614039, 0.4633380778614039, 0.4633380778614039, 0.47054800090066595, 0.47054800090066595, 0.47054800090066595, 0.47054800090066595, 0.47054800090066595, 0.4780359310830434, 0.4780359310830434, 0.4780359310830434, 0.4780359310830434, 0.4780359310830434, 0.4780359310830434, 0.4780359310830434, 0.4780359310830434, 0.4780359310830434, 0.4780359310830434, 0.4780359310830434, 0.4780359310830434]
Training raw path: /home/anhnd/DTI Project/Codes/MPNN/data/KFold/ATCInchikeySideEffectByDrug.txt_train_2
('Number of substructures, proteins, pathways, drugs, se: ', 2936, 1448, 330, 969, 598)
((872, 4714), (97, 4714), (872, 598), (97, 598))
('VALIDATE SUM PROTEIN TRAIN: ', 0.0)
('VALIDATE SUM PROTEIN TEST: ', 0.0)
Train: 0.9997 0.9988
Test: 0.7688 0.5161
[0.6692001248659158, 0.6676702520735599, 0.6753208547564754, 0.6736303794354667, 0.6756390732552934, 0.6758421819492203, 0.6761083162460001, 0.6798947530055132, 0.6799864308543105, 0.6806370175980727, 0.6810640070894786, 0.6826647372769771, 0.6821438009804383, 0.683029097934485, 0.6834578783469896, 0.685246925570953, 0.6867416388321743, 0.6875821308970766, 0.6877439768012035, 0.690777687397007, 0.6934331596023127, 0.6957269594761151, 0.6985621615511064, 0.7022367199287953, 0.7044615934880368, 0.7045475118815501, 0.7064936879007225, 0.708514732795584, 0.7107460753170265, 0.7119758657479991, 0.7145033583674802, 0.7160243077056417, 0.7166558483169981, 0.717787971707976, 0.7184756731273481, 0.7230063508837006, 0.725643202133164, 0.7279757967511203, 0.7300540826995837, 0.7324455894095054, 0.733730750945847, 0.7348622903981428, 0.7376050521046635, 0.7376050521046635, 0.7393749152293225, 0.7401507758225903, 0.7418038370865925, 0.7428226714450206, 0.7463279251513317, 0.7488628127374821, 0.7488628127374821, 0.7494568918206816, 0.7494568918206816, 0.7511963606937486, 0.7523388630043925, 0.7523388630043925, 0.754253763850542, 0.754253763850542, 0.754253763850542, 0.754253763850542, 0.754253763850542, 0.754253763850542, 0.754253763850542, 0.7567490425965987, 0.7567490425965987, 0.7581622179709089, 0.7594693709965057, 0.7594693709965057, 0.7594693709965057, 0.7594693709965057, 0.7594693709965057, 0.7594693709965057, 0.7610202210323641, 0.7610202210323641, 0.7610202210323641, 0.7654958382155903, 0.7654958382155903, 0.7654958382155903, 0.7670641425854126, 0.7670641425854126, 0.7670641425854126, 0.7670641425854126, 0.7670641425854126, 0.7687791696385802, 0.7687791696385802, 0.7687791696385802, 0.7687791696385802, 0.7687791696385802, 0.7687791696385802, 0.7687791696385802, 0.7687791696385802, 0.7687791696385802, 0.7687791696385802, 0.7687791696385802, 0.7687791696385802]
[0.1648349707081514, 0.1884790133967132, 0.2107534563411594, 0.20587884426105701, 0.2126077513471409, 0.2160732598086475, 0.22340880242138422, 0.230472554616889, 0.23458987107150886, 0.24034345375762808, 0.24189465482584513, 0.247203220834947, 0.2533726300957376, 0.2561918887676564, 0.25769512332856875, 0.2628591254182635, 0.26729993051959594, 0.2726756841844409, 0.2740166885165613, 0.2860892400442686, 0.2961112183661553, 0.30411981256366993, 0.3125325996475603, 0.32274307532816665, 0.33072444182616456, 0.3313633694848185, 0.33595111552835094, 0.3415583670137609, 0.3466300214568242, 0.3491324888914112, 0.3556078095513008, 0.35866021893024014, 0.3601193206236495, 0.3620144739459321, 0.36313999744259573, 0.374807780914004, 0.3822356047862034, 0.3879695301654173, 0.3943829871999185, 0.40036714649143146, 0.4040297112572191, 0.40725680428907285, 0.4147285716070543, 0.4147285716070543, 0.42082175602746197, 0.42292640004886634, 0.4282629192584652, 0.43103183513821874, 0.4410648716097686, 0.4487622251759604, 0.4487622251759604, 0.45062969193409236, 0.45062969193409236, 0.4552656367453891, 0.4590177680911869, 0.4590177680911869, 0.46455559429737425, 0.46455559429737425, 0.46455559429737425, 0.46455559429737425, 0.46455559429737425, 0.46455559429737425, 0.46455559429737425, 0.47291963537076065, 0.47291963537076065, 0.47759477122826, 0.48202068117762376, 0.48202068117762376, 0.48202068117762376, 0.48202068117762376, 0.48202068117762376, 0.48202068117762376, 0.4878825361435406, 0.4878825361435406, 0.4878825361435406, 0.5042195982297325, 0.5042195982297325, 0.5042195982297325, 0.5095991772969755, 0.5095991772969755, 0.5095991772969755, 0.5095991772969755, 0.5095991772969755, 0.516126039951415, 0.516126039951415, 0.516126039951415, 0.516126039951415, 0.516126039951415, 0.516126039951415, 0.516126039951415, 0.516126039951415, 0.516126039951415, 0.516126039951415, 0.516126039951415, 0.516126039951415]
Training raw path: /home/anhnd/DTI Project/Codes/MPNN/data/KFold/ATCInchikeySideEffectByDrug.txt_train_3
('Number of substructures, proteins, pathways, drugs, se: ', 2936, 1448, 330, 969, 598)
((872, 4714), (97, 4714), (872, 598), (97, 598))
('VALIDATE SUM PROTEIN TRAIN: ', 0.0)
('VALIDATE SUM PROTEIN TEST: ', 0.0)
Train: 0.9996 0.9985
Test: 0.7511 0.4555
[0.6100758696584642, 0.631226165373054, 0.6323867434002162, 0.6367622286700645, 0.6412389933507562, 0.6427927069291349, 0.6454650888823463, 0.6479324434199176, 0.6491611975362452, 0.651516646219483, 0.6514274139016302, 0.6539080984275535, 0.6560305696867768, 0.6587275041664478, 0.6591158841926781, 0.6602959585500499, 0.6619942354971244, 0.6630737022058812, 0.6640645458275105, 0.6675237545056973, 0.6717085589620406, 0.6753725996047453, 0.6781427332655223, 0.6808818723996619, 0.6813600949192468, 0.6818627756337429, 0.6850407608368179, 0.6860018484686314, 0.6881111741961614, 0.689076556519653, 0.6923366504086458, 0.6932946629021289, 0.6936693471400348, 0.6949959811267739, 0.695531546328131, 0.6999617775469638, 0.7024371672808064, 0.704691429344753, 0.7067808524022062, 0.709731027839987, 0.7109476200211722, 0.7118905573111481, 0.7151008590890171, 0.7151008590890171, 0.7168129891257249, 0.7177694463463821, 0.7194540150588735, 0.7206447614293332, 0.7243172282958198, 0.7274815360402536, 0.7274815360402536, 0.7283262982711154, 0.7283262982711154, 0.7304450802301938, 0.7316312532835212, 0.7316312532835212, 0.7340693390549073, 0.7340693390549073, 0.7340693390549073, 0.7340693390549073, 0.7340693390549073, 0.7340693390549073, 0.7340693390549073, 0.7368946350649264, 0.7368946350649264, 0.7384704315643335, 0.7400056978244002, 0.7400056978244002, 0.7400056978244002, 0.7400056978244002, 0.7400056978244002, 0.7400056978244002, 0.7417559187739239, 0.7417559187739239, 0.7417559187739239, 0.7472240289794402, 0.7472240289794402, 0.7472240289794402, 0.7491446330447369, 0.7491446330447369, 0.7491446330447369, 0.7491446330447369, 0.7491446330447369, 0.7510735207332242, 0.7510735207332242, 0.7510735207332242, 0.7510735207332242, 0.7510735207332242, 0.7510735207332242, 0.7510735207332242, 0.7510735207332242, 0.7510735207332242, 0.7510735207332242, 0.7510735207332242, 0.7510735207332242]
[0.10808468212258432, 0.1227165991850877, 0.12873287514638554, 0.1375581280063598, 0.1497996060355941, 0.15294630659480254, 0.15783096578321626, 0.16676410696207872, 0.17641802994162034, 0.18423702782806295, 0.18486453542355596, 0.19124332376220987, 0.19959818727967715, 0.20643460781083972, 0.20837260143848238, 0.2119864845302909, 0.21712469174035515, 0.22057306609672944, 0.22251829697407222, 0.23106244081032723, 0.2422707304074507, 0.24980771768281945, 0.25650238223292404, 0.2632874209107773, 0.2654608347782114, 0.2667218088783474, 0.27372475669201096, 0.27730458772806743, 0.2820011241314923, 0.28328680878982976, 0.2903063316865748, 0.2924546442957153, 0.2928423215982836, 0.29643777641048474, 0.2970176872558741, 0.3072384355533371, 0.31270296583871904, 0.31898307089480066, 0.32457687157202597, 0.33308798962793096, 0.33488258788099634, 0.3372008957398778, 0.3451011080595344, 0.3451011080595344, 0.3500045495092269, 0.35224678815934246, 0.3574042540110394, 0.3604946204065091, 0.37012340936585203, 0.37950133767998395, 0.37950133767998395, 0.38186912801318434, 0.38186912801318434, 0.3868528494698814, 0.3903604528542522, 0.3903604528542522, 0.3965407690336565, 0.3965407690336565, 0.3965407690336565, 0.3965407690336565, 0.3965407690336565, 0.3965407690336565, 0.3965407690336565, 0.40527027266477944, 0.40527027266477944, 0.4100336036852795, 0.4152250266256392, 0.4152250266256392, 0.4152250266256392, 0.4152250266256392, 0.4152250266256392, 0.4152250266256392, 0.4218983803193422, 0.4218983803193422, 0.4218983803193422, 0.44122009106601917, 0.44122009106601917, 0.44122009106601917, 0.4482440800615895, 0.4482440800615895, 0.4482440800615895, 0.4482440800615895, 0.4482440800615895, 0.4554636629891848, 0.4554636629891848, 0.4554636629891848, 0.4554636629891848, 0.4554636629891848, 0.4554636629891848, 0.4554636629891848, 0.4554636629891848, 0.4554636629891848, 0.4554636629891848, 0.4554636629891848, 0.4554636629891848]
Training raw path: /home/anhnd/DTI Project/Codes/MPNN/data/KFold/ATCInchikeySideEffectByDrug.txt_train_4
('Number of substructures, proteins, pathways, drugs, se: ', 2936, 1448, 330, 969, 598)
((872, 4714), (97, 4714), (872, 598), (97, 598))
('VALIDATE SUM PROTEIN TRAIN: ', 0.0)
('VALIDATE SUM PROTEIN TEST: ', 0.0)
Train: 0.9996 0.9987
Test: 0.7649 0.4616
[0.6493725951815279, 0.6349652000418351, 0.6483343492366713, 0.6459076094809002, 0.6450977758300015, 0.6480001969475061, 0.6459429847885576, 0.6507006235546164, 0.6549487053990113, 0.6588715916111905, 0.6585937184157818, 0.6610341431236412, 0.6666674505777301, 0.670137815519542, 0.67144374367735, 0.673646868556254, 0.67552104907562, 0.6763133993218399, 0.6776039284446851, 0.6784940175558467, 0.681677203583648, 0.684540564891938, 0.6867978057297832, 0.6897360176619645, 0.690913521218626, 0.69125157714985, 0.6942155973440143, 0.6958513627514763, 0.698950830818059, 0.699932343654719, 0.7028047784200363, 0.7046522965092328, 0.704944517171114, 0.707074023747745, 0.7075548365205399, 0.7121337021954822, 0.7142933616889429, 0.7173979404938671, 0.7198972883070134, 0.7229773799848355, 0.7241930220197278, 0.7250650784905068, 0.728475171366112, 0.728475171366112, 0.7301246791754865, 0.7310552832363881, 0.7331281800932932, 0.7341413232367349, 0.7380639737170731, 0.7410375678966593, 0.7410375678966593, 0.7419649498706136, 0.7419649498706136, 0.7438843677952822, 0.744804146474182, 0.744804146474182, 0.7472538442196501, 0.7472538442196501, 0.7472538442196501, 0.7472538442196501, 0.7472538442196501, 0.7472538442196501, 0.7472538442196501, 0.750181159326975, 0.750181159326975, 0.7516792790277655, 0.75328257851175, 0.75328257851175, 0.75328257851175, 0.75328257851175, 0.75328257851175, 0.75328257851175, 0.7551140124073075, 0.7551140124073075, 0.7551140124073075, 0.7610098157305571, 0.7610098157305571, 0.7610098157305571, 0.7628888385242719, 0.7628888385242719, 0.7628888385242719, 0.7628888385242719, 0.7628888385242719, 0.764903833600618, 0.764903833600618, 0.764903833600618, 0.764903833600618, 0.764903833600618, 0.764903833600618, 0.764903833600618, 0.764903833600618, 0.764903833600618, 0.764903833600618, 0.764903833600618, 0.764903833600618]
[0.10785553178832497, 0.12182312956345745, 0.13981347726923232, 0.14055763791852896, 0.14467005662684748, 0.1510966726287284, 0.15566249594195108, 0.16785232420254642, 0.17658168060261925, 0.1846325164514922, 0.1842197476001907, 0.18994475866204252, 0.20116794860547288, 0.2092660847855799, 0.2112606692309721, 0.21505230848155008, 0.2194553262539976, 0.22349695241971407, 0.2267346628402892, 0.2340791244865683, 0.24057504512471595, 0.24696824255641053, 0.25228752004578264, 0.25941248184171944, 0.2629900561163018, 0.26350068848502106, 0.26929944168513725, 0.27428486923492496, 0.2810794680677662, 0.2835321756169388, 0.28766880809649176, 0.29108895572045157, 0.2922585850447723, 0.2973882929067798, 0.29909503210902355, 0.31041531579089043, 0.315589161958246, 0.3223227820763972, 0.3276584990772614, 0.3347366331173434, 0.33734626251318484, 0.3387432576990176, 0.34835198057366934, 0.34835198057366934, 0.35323775462303797, 0.35546115625949265, 0.3609978964057232, 0.3639912577330795, 0.37461745736873703, 0.3822990133462828, 0.3822990133462828, 0.3846985243436063, 0.3846985243436063, 0.38870223686011285, 0.3909086279350015, 0.3909086279350015, 0.3973877701828755, 0.3973877701828755, 0.3973877701828755, 0.3973877701828755, 0.3973877701828755, 0.3973877701828755, 0.3973877701828755, 0.4074324489126637, 0.4074324489126637, 0.41259424956479085, 0.41808841196755064, 0.41808841196755064, 0.41808841196755064, 0.41808841196755064, 0.41808841196755064, 0.41808841196755064, 0.4254763858610206, 0.4254763858610206, 0.4254763858610206, 0.4470587530714367, 0.4470587530714367, 0.4470587530714367, 0.4538661762795596, 0.4538661762795596, 0.4538661762795596, 0.4538661762795596, 0.4538661762795596, 0.46158052428778223, 0.46158052428778223, 0.46158052428778223, 0.46158052428778223, 0.46158052428778223, 0.46158052428778223, 0.46158052428778223, 0.46158052428778223, 0.46158052428778223, 0.46158052428778223, 0.46158052428778223, 0.46158052428778223]
Training raw path: /home/anhnd/DTI Project/Codes/MPNN/data/KFold/ATCInchikeySideEffectByDrug.txt_train_5
('Number of substructures, proteins, pathways, drugs, se: ', 2936, 1448, 330, 969, 598)
((872, 4714), (97, 4714), (872, 598), (97, 598))
('VALIDATE SUM PROTEIN TRAIN: ', 0.0)
('VALIDATE SUM PROTEIN TEST: ', 0.0)
Train: 0.9997 0.9989
Test: 0.7715 0.4760
[0.6739722638381037, 0.6775185558788938, 0.6752236323870558, 0.6794629182591054, 0.6790827507155824, 0.6837448212180941, 0.684692018070401, 0.684480340193117, 0.6868856457774687, 0.687648495212696, 0.6889306288206823, 0.6913207285288681, 0.6932509925773179, 0.6940012140643501, 0.6947152196992099, 0.6950767343543149, 0.6961528622252551, 0.6977002709563122, 0.6982079597943339, 0.6999834349934145, 0.7031773723643335, 0.7056145580616697, 0.7073546599288922, 0.7086692131885427, 0.7088593372837291, 0.7090000793025799, 0.7120800464576678, 0.7133855112072078, 0.7144706593911982, 0.7151830339402387, 0.7172257387664609, 0.7183556027695938, 0.7187811741326654, 0.7199177886278687, 0.7203101866880559, 0.7246670914952115, 0.7267936246975037, 0.7286522078056311, 0.7306213105153474, 0.7328743140910599, 0.7338232346347628, 0.734424402942955, 0.7369195845705873, 0.7369195845705873, 0.7388174597160257, 0.7395648665742809, 0.7411783790654298, 0.7419085557639591, 0.7458213175701766, 0.7483968865860497, 0.7483968865860497, 0.7491740083886496, 0.7491740083886496, 0.7514191922781865, 0.7524573233184563, 0.7524573233184563, 0.7552138695107163, 0.7552138695107163, 0.7552138695107163, 0.7552138695107163, 0.7552138695107163, 0.7552138695107163, 0.7552138695107163, 0.7578787071915145, 0.7578787071915145, 0.7590712600667782, 0.7607853886920841, 0.7607853886920841, 0.7607853886920841, 0.7607853886920841, 0.7607853886920841, 0.7607853886920841, 0.7627292735107842, 0.7627292735107842, 0.7627292735107842, 0.7678515318614241, 0.7678515318614241, 0.7678515318614241, 0.7696026367931017, 0.7696026367931017, 0.7696026367931017, 0.7696026367931017, 0.7696026367931017, 0.7714631376206746, 0.7714631376206746, 0.7714631376206746, 0.7714631376206746, 0.7714631376206746, 0.7714631376206746, 0.7714631376206746, 0.7714631376206746, 0.7714631376206746, 0.7714631376206746, 0.7714631376206746, 0.7714631376206746]
[0.12843997870583637, 0.1593192961141092, 0.15412423620185678, 0.15984144642127046, 0.1697804215000468, 0.17499994619906067, 0.183573270286144, 0.185032534530525, 0.19157414511244644, 0.19476709878062043, 0.1996588993521313, 0.20732309381177264, 0.21758131943109518, 0.22342269051756947, 0.22526043778537685, 0.2291961065973125, 0.2349681208767172, 0.24250132540872887, 0.2435095270216036, 0.25506293556369686, 0.2657789740678016, 0.26892381839554214, 0.27519555044516536, 0.28186729429725904, 0.28413958366709813, 0.2848072233277368, 0.29329780639904257, 0.2991060291836327, 0.3040055068376941, 0.30665523240341447, 0.3109814346405808, 0.31437906223637285, 0.31581720557845355, 0.31906230987892076, 0.3195010807276174, 0.3317567399337801, 0.3381090400079141, 0.3426295127039654, 0.34829917509080155, 0.3548634204170216, 0.3577003050689625, 0.35943492812650774, 0.36765380501938594, 0.36765380501938594, 0.3720921167846153, 0.37432548363815205, 0.37888672463575446, 0.38078960505604087, 0.391008555823954, 0.3986943805407168, 0.3986943805407168, 0.40069442917802156, 0.40069442917802156, 0.4080986879077091, 0.4113302395411173, 0.4113302395411173, 0.4201791489073582, 0.4201791489073582, 0.4201791489073582, 0.4201791489073582, 0.4201791489073582, 0.4201791489073582, 0.4201791489073582, 0.42786522411218164, 0.42786522411218164, 0.4313004071750934, 0.43789344329562235, 0.43789344329562235, 0.43789344329562235, 0.43789344329562235, 0.43789344329562235, 0.43789344329562235, 0.44555186527146967, 0.44555186527146967, 0.44555186527146967, 0.4631779609689517, 0.4631779609689517, 0.4631779609689517, 0.46929697717139945, 0.46929697717139945, 0.46929697717139945, 0.46929697717139945, 0.46929697717139945, 0.4760334226666498, 0.4760334226666498, 0.4760334226666498, 0.4760334226666498, 0.4760334226666498, 0.4760334226666498, 0.4760334226666498, 0.4760334226666498, 0.4760334226666498, 0.4760334226666498, 0.4760334226666498, 0.4760334226666498]
Training raw path: /home/anhnd/DTI Project/Codes/MPNN/data/KFold/ATCInchikeySideEffectByDrug.txt_train_6
('Number of substructures, proteins, pathways, drugs, se: ', 2936, 1448, 330, 969, 598)
((872, 4714), (97, 4714), (872, 598), (97, 598))
('VALIDATE SUM PROTEIN TRAIN: ', 0.0)
('VALIDATE SUM PROTEIN TEST: ', 0.0)
Train: 0.9998 0.9991
Test: 0.7852 0.4887
[0.7066791107197886, 0.7085078854823909, 0.7176555470644504, 0.7147039572350882, 0.7089663123695965, 0.7104333340419646, 0.7074675066424307, 0.7077943385635461, 0.7102516599690623, 0.7134060860663962, 0.7134260758831157, 0.7153685531442472, 0.7163988995394296, 0.718938875750217, 0.7182994431424454, 0.7183903108053373, 0.7197059780099413, 0.7202630035285136, 0.7209743843896692, 0.723043038579962, 0.724946707266029, 0.72620861246025, 0.7282668242314818, 0.7292437256563239, 0.7282844655674354, 0.7285774712216545, 0.7296846742371401, 0.730363669865143, 0.7317893196356818, 0.7325040220383252, 0.7358373144155177, 0.7366338944446074, 0.737064176611131, 0.7384783519682817, 0.7387984575514844, 0.74181485029302, 0.7440065566269094, 0.7456032000585295, 0.7471294103088189, 0.7493533427789998, 0.7504350275281675, 0.7510055964752831, 0.7538410178264927, 0.7538410178264927, 0.7556423188027668, 0.7563786472754905, 0.7575194548005945, 0.7585428201390504, 0.7615863298011043, 0.7638356074881942, 0.7638356074881942, 0.7647450279888955, 0.7647450279888955, 0.7665742624698407, 0.7673869014249195, 0.7673869014249195, 0.7695511010199925, 0.7695511010199925, 0.7695511010199925, 0.7695511010199925, 0.7695511010199925, 0.7695511010199925, 0.7695511010199925, 0.7719735852464289, 0.7719735852464289, 0.7731091631198581, 0.7748031061744899, 0.7748031061744899, 0.7748031061744899, 0.7748031061744899, 0.7748031061744899, 0.7748031061744899, 0.7763683258002512, 0.7763683258002512, 0.7763683258002512, 0.7816237739951705, 0.7816237739951705, 0.7816237739951705, 0.7831349577136137, 0.7831349577136137, 0.7831349577136137, 0.7831349577136137, 0.7831349577136137, 0.7851634157940928, 0.7851634157940928, 0.7851634157940928, 0.7851634157940928, 0.7851634157940928, 0.7851634157940928, 0.7851634157940928, 0.7851634157940928, 0.7851634157940928, 0.7851634157940928, 0.7851634157940928, 0.7851634157940928]
[0.17107354053162083, 0.18167405412136917, 0.1891511844745344, 0.18603112403531216, 0.18966314649078098, 0.1932447930692301, 0.19389701703463552, 0.2028287755342758, 0.21333667424131408, 0.22235597358694864, 0.22386605979521118, 0.22915862019054709, 0.23945673259963265, 0.2465390273119329, 0.247468903619017, 0.2504491023330149, 0.25817002580351334, 0.26028110921135406, 0.26322406568255885, 0.2717369822160113, 0.27803698194200205, 0.28651456513159634, 0.29460515641965274, 0.2996502427486262, 0.3005979649967534, 0.3019807208276498, 0.30572028038510213, 0.30848474404220105, 0.3146514562149864, 0.31732244107764074, 0.3243441706377978, 0.3264202024665874, 0.32765430197725365, 0.3335218103312234, 0.33413648983632155, 0.3433591137521764, 0.34937330266736816, 0.3538009784064884, 0.3585776911995266, 0.3682734419008077, 0.3705459154721257, 0.37212010560988723, 0.3801461116175583, 0.3801461116175583, 0.3872035183794875, 0.38853573959673154, 0.3915749259754808, 0.3950536509409901, 0.40553770256434896, 0.4134835173379366, 0.4134835173379366, 0.4162365399455804, 0.4162365399455804, 0.42194417584656996, 0.42442848424030544, 0.42442848424030544, 0.4317143783729559, 0.4317143783729559, 0.4317143783729559, 0.4317143783729559, 0.4317143783729559, 0.4317143783729559, 0.4317143783729559, 0.4402639983493013, 0.4402639983493013, 0.44370867838672934, 0.45018116460731966, 0.45018116460731966, 0.45018116460731966, 0.45018116460731966, 0.45018116460731966, 0.45018116460731966, 0.4556103040920182, 0.4556103040920182, 0.4556103040920182, 0.4753362313224368, 0.4753362313224368, 0.4753362313224368, 0.4808120036816426, 0.4808120036816426, 0.4808120036816426, 0.4808120036816426, 0.4808120036816426, 0.4886654806010602, 0.4886654806010602, 0.4886654806010602, 0.4886654806010602, 0.4886654806010602, 0.4886654806010602, 0.4886654806010602, 0.4886654806010602, 0.4886654806010602, 0.4886654806010602, 0.4886654806010602, 0.4886654806010602]
Training raw path: /home/anhnd/DTI Project/Codes/MPNN/data/KFold/ATCInchikeySideEffectByDrug.txt_train_7
('Number of substructures, proteins, pathways, drugs, se: ', 2936, 1448, 330, 969, 598)
((872, 4714), (97, 4714), (872, 598), (97, 598))
('VALIDATE SUM PROTEIN TRAIN: ', 0.0)
('VALIDATE SUM PROTEIN TEST: ', 0.0)
Train: 0.9998 0.9991
Test: 0.7634 0.4578
[0.6633831004610148, 0.6775550340585279, 0.6740628170377656, 0.6667301646873625, 0.6675108124493561, 0.6695922030802337, 0.6653101200453921, 0.6660182276388807, 0.6688440328697287, 0.6703699002857532, 0.6687222673566975, 0.6716714383843563, 0.6734603944578634, 0.6746010256178432, 0.6751368159203981, 0.6762336145812651, 0.6779463172469742, 0.6780960045867455, 0.6786736633668282, 0.6805773536467002, 0.6829824678642384, 0.6859361881284065, 0.6881757113366853, 0.6902530976419858, 0.6917528962136171, 0.6915340155888989, 0.6938693328048571, 0.6956095378425732, 0.6973372423500215, 0.6976311469769094, 0.7016380777110136, 0.7029429516561869, 0.7034868277122852, 0.7045550234353356, 0.70494738826206, 0.7089611393715995, 0.7117033845620695, 0.7141771304290344, 0.7165677261975302, 0.719968075335967, 0.7214229379766393, 0.7222834958886345, 0.7254066407844288, 0.7254066407844288, 0.7273611872370385, 0.7284665092101725, 0.7308273215657458, 0.7321474712272525, 0.7364589938902021, 0.7395515508035193, 0.7395515508035193, 0.7406523091490684, 0.7406523091490684, 0.7428717579042358, 0.7438937137812855, 0.7438937137812855, 0.7461239363003327, 0.7461239363003327, 0.7461239363003327, 0.7461239363003327, 0.7461239363003327, 0.7461239363003327, 0.7461239363003327, 0.7491612416745792, 0.7491612416745792, 0.7506954021423357, 0.7521335137251279, 0.7521335137251279, 0.7521335137251279, 0.7521335137251279, 0.7521335137251279, 0.7521335137251279, 0.7538234918355924, 0.7538234918355924, 0.7538234918355924, 0.759503396561891, 0.759503396561891, 0.759503396561891, 0.761342589717582, 0.761342589717582, 0.761342589717582, 0.761342589717582, 0.761342589717582, 0.7633571253516708, 0.7633571253516708, 0.7633571253516708, 0.7633571253516708, 0.7633571253516708, 0.7633571253516708, 0.7633571253516708, 0.7633571253516708, 0.7633571253516708, 0.7633571253516708, 0.7633571253516708, 0.7633571253516708]
[0.12822989952201594, 0.13999519112207393, 0.15088419074822418, 0.15218244060749775, 0.15837594667686117, 0.16649961038254985, 0.16586499111248199, 0.16960587511077072, 0.17447734500592876, 0.17740447663302492, 0.1760690515006417, 0.18100362430119482, 0.19000321116812113, 0.195855061618993, 0.19773524795317274, 0.2014328178336346, 0.20441559637265846, 0.20803578364225778, 0.20890548035902243, 0.21641074739594457, 0.22617621832027487, 0.23187694958906802, 0.238573536478015, 0.2467047782398445, 0.2523294544110891, 0.252093666224496, 0.2575127030174814, 0.2639054677656864, 0.2685229303301958, 0.2690777087850395, 0.2790382802167737, 0.2821595702999421, 0.28362174985516364, 0.28694660776345304, 0.28784539065286074, 0.29769296553824187, 0.30648801251053015, 0.3124436342287766, 0.3179754333934416, 0.326434565339679, 0.3304551536770008, 0.33268774518042576, 0.34070713264983016, 0.34070713264983016, 0.3467660684606032, 0.3496203876243017, 0.3557659719879257, 0.3589395752732047, 0.3706811442879813, 0.3795428589252857, 0.3795428589252857, 0.3825319997132993, 0.3825319997132993, 0.38922236768480456, 0.3922239462403214, 0.3922239462403214, 0.3990000249637449, 0.3990000249637449, 0.3990000249637449, 0.3990000249637449, 0.3990000249637449, 0.3990000249637449, 0.3990000249637449, 0.40819386753172354, 0.40819386753172354, 0.4127717835159954, 0.41726937896642285, 0.41726937896642285, 0.41726937896642285, 0.41726937896642285, 0.41726937896642285, 0.41726937896642285, 0.42354443700586486, 0.42354443700586486, 0.42354443700586486, 0.4435130403243544, 0.4435130403243544, 0.4435130403243544, 0.45050574043212416, 0.45050574043212416, 0.45050574043212416, 0.45050574043212416, 0.45050574043212416, 0.45776799769102333, 0.45776799769102333, 0.45776799769102333, 0.45776799769102333, 0.45776799769102333, 0.45776799769102333, 0.45776799769102333, 0.45776799769102333, 0.45776799769102333, 0.45776799769102333, 0.45776799769102333, 0.45776799769102333]
Training raw path: /home/anhnd/DTI Project/Codes/MPNN/data/KFold/ATCInchikeySideEffectByDrug.txt_train_8
('Number of substructures, proteins, pathways, drugs, se: ', 2936, 1448, 330, 969, 598)
((872, 4714), (97, 4714), (872, 598), (97, 598))
('VALIDATE SUM PROTEIN TRAIN: ', 0.0)
('VALIDATE SUM PROTEIN TEST: ', 0.0)
Train: 0.9997 0.9990
Test: 0.7740 0.4601
[0.6871629730137193, 0.6874459448566735, 0.6837944822198156, 0.6824707952348515, 0.681570851071346, 0.6855730635173596, 0.6857738207157449, 0.6834163880044057, 0.6834061864581594, 0.6845937550271916, 0.6866060135479912, 0.686868671776272, 0.6870735096635369, 0.6877553614264804, 0.6885505121509993, 0.6892941738353571, 0.6903460923461024, 0.6920506173712533, 0.6930312140855815, 0.6945855194573264, 0.6978843865928096, 0.7008687109668884, 0.7020329317326226, 0.7040958882935171, 0.7058832950449899, 0.7062010689169225, 0.7084471113900439, 0.7100767660796946, 0.7124636013167868, 0.7129837671190478, 0.7153795341086162, 0.7174328669350911, 0.7179297147897319, 0.7196054338209128, 0.7203416599343057, 0.7243586818634875, 0.7266768744562961, 0.7281674369749126, 0.7298351554514658, 0.7327342225853812, 0.7343707802279376, 0.7347421602357072, 0.7372513101864338, 0.7372513101864338, 0.7391232858725991, 0.74023551877956, 0.7415650630636421, 0.7424933656836439, 0.7465255112101521, 0.7498490486241636, 0.7498490486241636, 0.7508377878518904, 0.7508377878518904, 0.7530361842972821, 0.7542468583672748, 0.7542468583672748, 0.756534792737091, 0.756534792737091, 0.756534792737091, 0.756534792737091, 0.756534792737091, 0.756534792737091, 0.756534792737091, 0.7594916819389046, 0.7594916819389046, 0.7608952330620224, 0.7624822761002242, 0.7624822761002242, 0.7624822761002242, 0.7624822761002242, 0.7624822761002242, 0.7624822761002242, 0.764110713619671, 0.764110713619671, 0.764110713619671, 0.7699191682159775, 0.7699191682159775, 0.7699191682159775, 0.7718386570345281, 0.7718386570345281, 0.7718386570345281, 0.7718386570345281, 0.7718386570345281, 0.7740112332294411, 0.7740112332294411, 0.7740112332294411, 0.7740112332294411, 0.7740112332294411, 0.7740112332294411, 0.7740112332294411, 0.7740112332294411, 0.7740112332294411, 0.7740112332294411, 0.7740112332294411, 0.7740112332294411]
[0.15110152358775875, 0.15795366468034155, 0.1620372877332003, 0.16927754609337942, 0.173480492111724, 0.1794057880948873, 0.18685717515248068, 0.19126901485259465, 0.1964296876189426, 0.2014555766823392, 0.20497423917269675, 0.2085661292471755, 0.2106655047975155, 0.212773628671685, 0.21492298118324804, 0.2163459683537024, 0.21915378917343503, 0.2218973404956962, 0.22508154497787325, 0.2301610617448691, 0.23805540420917193, 0.24671780803083088, 0.2514828920423685, 0.2569424676129696, 0.263472833067559, 0.2637434865254364, 0.26843049467362745, 0.2730478502098552, 0.27766805422198465, 0.2794219044244174, 0.28462923500415577, 0.2897767264341419, 0.2906019529198771, 0.29600927217605066, 0.2978078942595722, 0.30790779029519455, 0.3132538877786112, 0.3177879547551893, 0.32330333445031134, 0.33131712652028866, 0.33609331674552134, 0.3363280220599513, 0.3436135200879885, 0.3436135200879885, 0.34849509489876984, 0.35191376369099037, 0.3550240696117286, 0.357710404745476, 0.36896945822680727, 0.37873981561049963, 0.37873981561049963, 0.3825056381900268, 0.3825056381900268, 0.38865491346415343, 0.39265813685876905, 0.39265813685876905, 0.3979048076163655, 0.3979048076163655, 0.3979048076163655, 0.3979048076163655, 0.3979048076163655, 0.3979048076163655, 0.3979048076163655, 0.40667488993265954, 0.40667488993265954, 0.41100822103742946, 0.41652553470444337, 0.41652553470444337, 0.41652553470444337, 0.41652553470444337, 0.41652553470444337, 0.41652553470444337, 0.4223796408372834, 0.4223796408372834, 0.4223796408372834, 0.4446253916214095, 0.4446253916214095, 0.4446253916214095, 0.4517664920376361, 0.4517664920376361, 0.4517664920376361, 0.4517664920376361, 0.4517664920376361, 0.4600968401699111, 0.4600968401699111, 0.4600968401699111, 0.4600968401699111, 0.4600968401699111, 0.4600968401699111, 0.4600968401699111, 0.4600968401699111, 0.4600968401699111, 0.4600968401699111, 0.4600968401699111, 0.4600968401699111]
Training raw path: /home/anhnd/DTI Project/Codes/MPNN/data/KFold/ATCInchikeySideEffectByDrug.txt_train_9
('Number of substructures, proteins, pathways, drugs, se: ', 2936, 1448, 330, 969, 598)
((873, 4714), (96, 4714), (873, 598), (96, 598))
('VALIDATE SUM PROTEIN TRAIN: ', 0.0)
('VALIDATE SUM PROTEIN TEST: ', 0.0)
Train: 0.9996 0.9987
Test: 0.7415 0.4501
[0.6195177343124567, 0.631789407641383, 0.6292739297806319, 0.6270317730330722, 0.6297094943094824, 0.6296442867300682, 0.6317909536136563, 0.6327068065318402, 0.6352637917113156, 0.6371829424192028, 0.6385432374298509, 0.640144039401646, 0.6464936834486933, 0.6488490242625954, 0.6503297567110796, 0.653122140444639, 0.6538296285756153, 0.6556250025635617, 0.6564872582358383, 0.6590084646247186, 0.6629567910535186, 0.6654006762140939, 0.6674503955125689, 0.6691411362607295, 0.6696618615689401, 0.6702874056320807, 0.6728207179313961, 0.6743785002567795, 0.6763054691661174, 0.6778504925505093, 0.6809504127318293, 0.6823745068031254, 0.6832387944346102, 0.6848554263766284, 0.6855705087742131, 0.6892011748001594, 0.6912997583757299, 0.6944149364279961, 0.696541998191107, 0.6998994473777018, 0.7016943962018256, 0.7023655151435686, 0.7056908184878156, 0.7056908184878156, 0.7076272474274868, 0.708452053037437, 0.7105704548864348, 0.7114870977056356, 0.7153469128726915, 0.7182699877882119, 0.7182699877882119, 0.7190404315256594, 0.7190404315256594, 0.7213010393459602, 0.722424285360568, 0.722424285360568, 0.724817844374481, 0.724817844374481, 0.724817844374481, 0.724817844374481, 0.724817844374481, 0.724817844374481, 0.724817844374481, 0.7276461493673527, 0.7276461493673527, 0.7292477936223188, 0.7308154969775347, 0.7308154969775347, 0.7308154969775347, 0.7308154969775347, 0.7308154969775347, 0.7308154969775347, 0.7324610426770208, 0.7324610426770208, 0.7324610426770208, 0.7377269948661896, 0.7377269948661896, 0.7377269948661896, 0.7395993668025522, 0.7395993668025522, 0.7395993668025522, 0.7395993668025522, 0.7395993668025522, 0.7415352029771357, 0.7415352029771357, 0.7415352029771357, 0.7415352029771357, 0.7415352029771357, 0.7415352029771357, 0.7415352029771357, 0.7415352029771357, 0.7415352029771357, 0.7415352029771357, 0.7415352029771357, 0.7415352029771357]
[0.10971406960305632, 0.1285543274254904, 0.139058710876596, 0.140869649916826, 0.14941093331216737, 0.15133604470750722, 0.15782745693029088, 0.16383377929312465, 0.17082499633181558, 0.1759283748859627, 0.17801701907427628, 0.18340529876965062, 0.19529534091902756, 0.2029291432158813, 0.20649790389602912, 0.21439976012084422, 0.21814628161649727, 0.2232174547533042, 0.22457235081568458, 0.23056834820242406, 0.2414762487172867, 0.24709431770374296, 0.2532770339228725, 0.2588877990093294, 0.26112106412864106, 0.2624283600825653, 0.26747877760736266, 0.2718228872695742, 0.27627989455123075, 0.27940445174142375, 0.28524557660603234, 0.2877283023744141, 0.2894298422418023, 0.2946152429705378, 0.29648571697897896, 0.30532676574069634, 0.3107238798589708, 0.31783706926044564, 0.322421698642546, 0.33124532365369663, 0.3355500141648941, 0.337255398579468, 0.3465225209267261, 0.3465225209267261, 0.35142993227215147, 0.35354861505579893, 0.3600987710888487, 0.36203755872104987, 0.37117436529195375, 0.37911082449874545, 0.37911082449874545, 0.38136121927213795, 0.38136121927213795, 0.38772263839540383, 0.3900718548010819, 0.3900718548010819, 0.3964867115445819, 0.3964867115445819, 0.3964867115445819, 0.3964867115445819, 0.3964867115445819, 0.3964867115445819, 0.3964867115445819, 0.40498234429318947, 0.40498234429318947, 0.4095193978110184, 0.41435618004500785, 0.41435618004500785, 0.41435618004500785, 0.41435618004500785, 0.41435618004500785, 0.41435618004500785, 0.4198554511336571, 0.4198554511336571, 0.4198554511336571, 0.43730917533338, 0.43730917533338, 0.43730917533338, 0.44348970048277797, 0.44348970048277797, 0.44348970048277797, 0.44348970048277797, 0.44348970048277797, 0.4501009604685983, 0.4501009604685983, 0.4501009604685983, 0.4501009604685983, 0.4501009604685983, 0.4501009604685983, 0.4501009604685983, 0.4501009604685983, 0.4501009604685983, 0.4501009604685983, 0.4501009604685983, 0.4501009604685983]
AUC: 0.7643 0.0037
AUPR: 0.4738 0.0063
('RARE AUC', [(0.6568944833861055, 0.008878341687900141), (0.6624662879614815, 0.007796123589806842), (0.6644132476188389, 0.008073441765024817), (0.6623391839288295, 0.008102870939458724), (0.6626498196575946, 0.007402196502134862), (0.6648753723078483, 0.007521375939813626), (0.6645886954307576, 0.0072439175968985366), (0.666001497651974, 0.006981495262564611), (0.6680229807356993, 0.00684362543577543), (0.6700020853112688, 0.006807968068867788), (0.6703452178487834, 0.006813740276800315), (0.6723654630384701, 0.006736607963711054), (0.6747518858547137, 0.0062634902358795945), (0.6767037122688058, 0.00612970659143841), (0.6774100008145678, 0.00599289993700215), (0.6787857825932649, 0.005772769063298688), (0.6801369657524223, 0.005773477059492193), (0.6813285231786813, 0.005702535240592497), (0.6820595715446495, 0.005681195540471333), (0.6840037268375696, 0.005690604297851569), (0.6872045038206439, 0.005513255896971124), (0.6899255110644116, 0.005358738292228176), (0.6920046155634326, 0.005336882045000676), (0.6943504640180719, 0.00522890584990707), (0.6953314003972028, 0.005138982004920586), (0.6956113487749125, 0.005115879172267523), (0.6979657815439728, 0.0050131525965915625), (0.6994083204045907, 0.004981762626722025), (0.7016085947958361, 0.00488752389847126), (0.7025394709594603, 0.004817954712716086), (0.7057436986989203, 0.004718527320028534), (0.7072719317312212, 0.004665737289175099), (0.7078553631747084, 0.004632175197122328), (0.7093466287532799, 0.004600458866025808), (0.7099454669630986, 0.004576502537806716), (0.7141983320700358, 0.004517997249455597), (0.7165475964852259, 0.004515222981620441), (0.7189989859231722, 0.004373810821199073), (0.7210267406206269, 0.00432642182363764), (0.7239635127369972, 0.004201291225736414), (0.7253412923749629, 0.004152621407815769), (0.7261388359171027, 0.004130007029652753), (0.7291767015927075, 0.004049457319889674), (0.7291767015927075, 0.004049457319889674), (0.7309604943826974, 0.00406468695019654), (0.731867324090165, 0.004051044669932222), (0.7337038021359461, 0.003965285361123122), (0.7347055230051611, 0.003958261971865816), (0.7384749004945792, 0.003911514601849083), (0.7413796399443211, 0.003849461624931316), (0.7413796399443211, 0.003849461624931316), (0.7422682485568621, 0.003852902825820592), (0.7422682485568621, 0.003852902825820592), (0.7443949723475243, 0.0038176169355486978), (0.7454616545895321, 0.0037951319128276444), (0.7454616545895321, 0.0037951319128276444), (0.7477737195342342, 0.0037731375121174767), (0.7477737195342342, 0.0037731375121174767), (0.7477737195342342, 0.0037731375121174767), (0.7477737195342342, 0.0037731375121174767), (0.7477737195342342, 0.0037731375121174767), (0.7477737195342342, 0.0037731375121174767), (0.7477737195342342, 0.0037731375121174767), (0.7505719750359738, 0.0037388613029720164), (0.7505719750359738, 0.0037388613029720164), (0.7519880795414989, 0.0037006138445571245), (0.7535091877736626, 0.00371168403189594), (0.7535091877736626, 0.00371168403189594), (0.7535091877736626, 0.00371168403189594), (0.7535091877736626, 0.00371168403189594), (0.7535091877736626, 0.00371168403189594), (0.7535091877736626, 0.00371168403189594), (0.755225405415117, 0.003701495581209214), (0.755225405415117, 0.003701495581209214), (0.755225405415117, 0.003701495581209214), (0.7604966517383481, 0.003695974441066454), (0.7604966517383481, 0.003695974441066454), (0.7604966517383481, 0.003695974441066454), (0.7622973084348019, 0.0036660305462795097), (0.7622973084348019, 0.0036660305462795097), (0.7622973084348019, 0.0036660305462795097), (0.7622973084348019, 0.0036660305462795097), (0.7622973084348019, 0.0036660305462795097), (0.764259255120271, 0.0036714448080023172), (0.764259255120271, 0.0036714448080023172), (0.764259255120271, 0.0036714448080023172), (0.764259255120271, 0.0036714448080023172), (0.764259255120271, 0.0036714448080023172), (0.764259255120271, 0.0036714448080023172), (0.764259255120271, 0.0036714448080023172), (0.764259255120271, 0.0036714448080023172), (0.764259255120271, 0.0036714448080023172), (0.764259255120271, 0.0036714448080023172), (0.764259255120271, 0.0036714448080023172), (0.764259255120271, 0.0036714448080023172)])
('RARE AUPR', [(0.13401660128466825, 0.006887175919902206), (0.15114311485242432, 0.006929752437936139), (0.15911437413303325, 0.007463295386423093), (0.16087934252784653, 0.006555207828693036), (0.1675092553459982, 0.006242453245688474), (0.17197153318879035, 0.006272046121279098), (0.17705870795213513, 0.00641896691921762), (0.18373935561265398, 0.006300193111311367), (0.19058413348498576, 0.0060876067710932125), (0.1960070683627507, 0.006249399801039724), (0.1973199634441532, 0.006431251093278085), (0.20281983419337452, 0.006380031863612175), (0.21172035643181988, 0.006120564662610676), (0.217740100303408, 0.005850318053210525), (0.2198484467727569, 0.0057193396536688495), (0.22404785868640925, 0.005670313429242672), (0.22842873154085352, 0.005946912356764465), (0.2328369264267483, 0.006006477064590759), (0.23486265962785388, 0.006027065835930112), (0.24296404494838075, 0.006538755532635081), (0.25255646991004327, 0.00644041853738386), (0.25950148984480303, 0.00651779993650885), (0.26551161601990536, 0.006804586109195052), (0.27236935823810376, 0.006991011756043804), (0.27628555933943755, 0.0071530275512739225), (0.2770502403545613, 0.007197304749989392), (0.2822978332681195, 0.00713612241516468), (0.2868830799101809, 0.0071421982838257275), (0.29263236345934057, 0.007114609262239799), (0.29487846796333905, 0.007193457782233071), (0.3021254867044583, 0.007092685760343762), (0.30558905970754674, 0.0070341937818459085), (0.3070525498871249, 0.007049146754347643), (0.3115796264173477, 0.0068935748512462145), (0.31289384113114627, 0.006863245433890613), (0.3237598220025672, 0.0070530181094899036), (0.32982119399341026, 0.007109028943554985), (0.336174167371348, 0.007072917692695866), (0.34155559320151285, 0.007154533635941446), (0.34980193389919373, 0.007025230393309695), (0.3531836079934606, 0.006999494710751421), (0.3551874409532664, 0.007148450455804462), (0.3634159667538724, 0.007058323265989386), (0.3634159667538724, 0.007058323265989386), (0.3687364642960526, 0.007188942157889907), (0.3710942600863789, 0.007105503735649736), (0.3764172273791359, 0.007113431293453972), (0.37918271132271847, 0.007133990688114513), (0.38952355206230427, 0.007095859791428935), (0.398121515342543, 0.007020685758778387), (0.398121515342543, 0.007020685758778387), (0.400731753784085, 0.006974507254987955), (0.400731753784085, 0.006974507254987955), (0.4067466073163993, 0.006967970793634926), (0.4098885542827193, 0.007020327288611119), (0.4098885542827193, 0.007020327288611119), (0.41637986924818315, 0.006995372799410434), (0.41637986924818315, 0.006995372799410434), (0.41637986924818315, 0.006995372799410434), (0.41637986924818315, 0.006995372799410434), (0.41637986924818315, 0.006995372799410434), (0.41637986924818315, 0.006995372799410434), (0.41637986924818315, 0.006995372799410434), (0.42524861957041526, 0.006940959082392758), (0.42524861957041526, 0.006940959082392758), (0.4295727835683337, 0.006896051563812312), (0.434802148989868, 0.006871244190012014), (0.434802148989868, 0.006871244190012014), (0.434802148989868, 0.006871244190012014), (0.434802148989868, 0.006871244190012014), (0.434802148989868, 0.006871244190012014), (0.434802148989868, 0.006871244190012014), (0.4412051270092111, 0.0068288548468547535), (0.4412051270092111, 0.0068288548468547535), (0.4412051270092111, 0.0068288548468547535), (0.4600196110972397, 0.00645841613333151), (0.4600196110972397, 0.00645841613333151), (0.4600196110972397, 0.00645841613333151), (0.4665107543897432, 0.006325533032125313), (0.4665107543897432, 0.006325533032125313), (0.4665107543897432, 0.006325533032125313), (0.4665107543897432, 0.006325533032125313), (0.4665107543897432, 0.006325533032125313), (0.4737971783161443, 0.00627655786991896), (0.4737971783161443, 0.00627655786991896), (0.4737971783161443, 0.00627655786991896), (0.4737971783161443, 0.00627655786991896), (0.4737971783161443, 0.00627655786991896), (0.4737971783161443, 0.00627655786991896), (0.4737971783161443, 0.00627655786991896), (0.4737971783161443, 0.00627655786991896), (0.4737971783161443, 0.00627655786991896), (0.4737971783161443, 0.00627655786991896), (0.4737971783161443, 0.00627655786991896), (0.4737971783161443, 0.00627655786991896)])
