CSMF_P
<models.baselines.CSMF.CSMF object at 0x7f3ff2b5d210>
('Manual torch seed: ', 1772727637)
('Config: ', 'Protein Test: ', False)
Training raw path: /home/anhnd/DTI Project/Codes/MPNN/data/KFold/ATCInchikeySideEffectByDrug.txt_train_0
('Number of substructures, proteins, pathways, drugs, se: ', 2936, 1448, 330, 969, 598)
((872, 4714), (97, 4714), (872, 598), (97, 598))
('VALIDATE SUM PROTEIN TEST: ', 0.0)
Train: 0.9997 0.9990
Test: 0.7563 0.4826
[0.5802796519018284, 0.585873619857219, 0.5966746533960225, 0.5952803227731824, 0.5983739888543314, 0.6093040051576697, 0.6127622366826618, 0.6170313104420118, 0.6180435099283259, 0.6213666770734138, 0.6223687712681876, 0.6246074112565876, 0.6300281941560191, 0.6342470493837358, 0.6359216791724618, 0.6381221911349535, 0.6396381336908152, 0.6428893643310396, 0.6445093568022557, 0.6491108518138664, 0.6540817701070492, 0.6584108206783401, 0.6627607219823652, 0.6669581084505056, 0.6703748308809787, 0.6708041570594495, 0.67361365936271, 0.6767840519964208, 0.6807157298781219, 0.6820656129684259, 0.6870643775451974, 0.6896056582371388, 0.6906160533622112, 0.6922833630985294, 0.6933865784576049, 0.6995112708813445, 0.7021917827024615, 0.7060585311127345, 0.7085674725298678, 0.7124199159214979, 0.7140800416624455, 0.715198722065044, 0.7188675979429261, 0.7188675979429261, 0.7211093522785472, 0.7220861135519563, 0.7242151535845033, 0.7253332447283298, 0.7292825283480049, 0.7326834638934009, 0.7326834638934009, 0.7339198249792162, 0.7339198249792162, 0.7363919837946004, 0.7374888291563215, 0.7374888291563215, 0.7395916814999299, 0.7395916814999299, 0.7395916814999299, 0.7395916814999299, 0.7395916814999299, 0.7395916814999299, 0.7395916814999299, 0.7425859227388483, 0.7425859227388483, 0.7441064052436385, 0.7455647299579433, 0.7455647299579433, 0.7455647299579433, 0.7455647299579433, 0.7455647299579433, 0.7455647299579433, 0.7473166684305783, 0.7473166684305783, 0.7473166684305783, 0.752443364247003, 0.752443364247003, 0.752443364247003, 0.7543157798336446, 0.7543157798336446, 0.7543157798336446, 0.7543157798336446, 0.7543157798336446, 0.7563479709903691, 0.7563479709903691, 0.7563479709903691, 0.7563479709903691, 0.7563479709903691, 0.7563479709903691, 0.7563479709903691, 0.7563479709903691, 0.7563479709903691, 0.7563479709903691, 0.7563479709903691, 0.7563479709903691]
[0.10385635802415312, 0.11379920432234454, 0.1253593233548424, 0.12459112160318209, 0.12926905874524705, 0.1394570543308935, 0.14500159632889226, 0.15241492141953208, 0.15534271385321416, 0.1592766609279171, 0.1608397099692217, 0.16361927506347262, 0.17209065470423618, 0.18120034668576823, 0.18486465328527754, 0.18845965183636434, 0.19067459196483788, 0.19351970400807902, 0.19570892664484374, 0.20501340902652082, 0.2134717104542736, 0.22194082147706357, 0.22884051243730752, 0.23696984259117246, 0.24446909111460763, 0.24533620341461804, 0.24902326032081068, 0.2551697970313382, 0.2641928941718681, 0.26578207331614284, 0.274646622391146, 0.27957163525362383, 0.28211841802924126, 0.2873921613749567, 0.2903861713495061, 0.30560329445171536, 0.3128592086400609, 0.3217001663042779, 0.3288191352986091, 0.3376945769281755, 0.341425112330607, 0.3444403956878243, 0.35320891598512766, 0.35320891598512766, 0.3605050572801566, 0.36301631507679877, 0.36971789872776684, 0.3725551977400955, 0.3828438985755442, 0.3923528418842032, 0.3923528418842032, 0.3966128681990172, 0.3966128681990172, 0.40532240208336995, 0.4089611140834677, 0.4089611140834677, 0.4155769482520083, 0.4155769482520083, 0.4155769482520083, 0.4155769482520083, 0.4155769482520083, 0.4155769482520083, 0.4155769482520083, 0.4269036674866691, 0.4269036674866691, 0.43272507469447646, 0.4380324623155073, 0.4380324623155073, 0.4380324623155073, 0.4380324623155073, 0.4380324623155073, 0.4380324623155073, 0.4448305807377923, 0.4448305807377923, 0.4448305807377923, 0.4657717860691298, 0.4657717860691298, 0.4657717860691298, 0.4735692296191055, 0.4735692296191055, 0.4735692296191055, 0.4735692296191055, 0.4735692296191055, 0.48257110726436614, 0.48257110726436614, 0.48257110726436614, 0.48257110726436614, 0.48257110726436614, 0.48257110726436614, 0.48257110726436614, 0.48257110726436614, 0.48257110726436614, 0.48257110726436614, 0.48257110726436614, 0.48257110726436614]
Training raw path: /home/anhnd/DTI Project/Codes/MPNN/data/KFold/ATCInchikeySideEffectByDrug.txt_train_1
('Number of substructures, proteins, pathways, drugs, se: ', 2936, 1448, 330, 969, 598)
((872, 4714), (97, 4714), (872, 598), (97, 598))
('VALIDATE SUM PROTEIN TEST: ', 0.0)
Train: 0.9996 0.9984
Test: 0.7694 0.4899
[0.6191050187349909, 0.6192353202180985, 0.6174227536409747, 0.6115980389105187, 0.6168532547088738, 0.6212761972640173, 0.62502067636941, 0.6266126607929425, 0.6306207746244691, 0.6340073439309212, 0.6335802868230731, 0.6375876057671767, 0.6426444435608775, 0.6480898065246314, 0.6498592229186017, 0.653903656952865, 0.6563362740777037, 0.6614076073005581, 0.6630070332821131, 0.6659359557608443, 0.6689997289605389, 0.673406514199517, 0.6768837675585084, 0.6805624129925198, 0.6826167856773764, 0.6833790779185869, 0.6862417796673792, 0.6887489873954449, 0.6931912856116161, 0.694877870775396, 0.6999800002900556, 0.7034274334811564, 0.704519533410674, 0.7068167905019044, 0.707818865006232, 0.7134997605351626, 0.7160254697485651, 0.7203688703458975, 0.7231902968101812, 0.7274985329445548, 0.7293925033119513, 0.7305007166046866, 0.734221345730768, 0.734221345730768, 0.7356318665365339, 0.7365155510579744, 0.7389355147705442, 0.7398716327639019, 0.7436186926004963, 0.7467461286620314, 0.7467461286620314, 0.7476470612452284, 0.7476470612452284, 0.7499816479418612, 0.7511669926499907, 0.7511669926499907, 0.753466115790428, 0.753466115790428, 0.753466115790428, 0.753466115790428, 0.753466115790428, 0.753466115790428, 0.753466115790428, 0.7564141136783435, 0.7564141136783435, 0.7577732532753172, 0.759067238456573, 0.759067238456573, 0.759067238456573, 0.759067238456573, 0.759067238456573, 0.759067238456573, 0.7608980086219096, 0.7608980086219096, 0.7608980086219096, 0.7655785814208973, 0.7655785814208973, 0.7655785814208973, 0.7674810712952413, 0.7674810712952413, 0.7674810712952413, 0.7674810712952413, 0.7674810712952413, 0.7694284228679557, 0.7694284228679557, 0.7694284228679557, 0.7694284228679557, 0.7694284228679557, 0.7694284228679557, 0.7694284228679557, 0.7694284228679557, 0.7694284228679557, 0.7694284228679557, 0.7694284228679557, 0.7694284228679557]
[0.10250441456389783, 0.10930717665324663, 0.11257107150548412, 0.11760339539647618, 0.12899097550702615, 0.13474814647653716, 0.14211643942710225, 0.14709836467858628, 0.15526317551515698, 0.16081591665251946, 0.15979655984381078, 0.16671557569277257, 0.17574736817986408, 0.1833418588613321, 0.18705368532166333, 0.1947886421215191, 0.19881458557936632, 0.2067929810554192, 0.20925598468134737, 0.2165207240760833, 0.22252138733923396, 0.2322542853868626, 0.23835931968741286, 0.2465275114915622, 0.2507989743805309, 0.2519638863615989, 0.25469031030268063, 0.26043159120328147, 0.2695193711419625, 0.27286924506710686, 0.2861210585985112, 0.29468981936818095, 0.2973057361117381, 0.3031201500479169, 0.3046612988856866, 0.3169663845264339, 0.3238654846645841, 0.3343177899051296, 0.3406672972464028, 0.35220416904511276, 0.356278555548767, 0.359707455506613, 0.36823603806851035, 0.36823603806851035, 0.37234847701209256, 0.37493552264051033, 0.3825894980307509, 0.38440074830706705, 0.39508471357512176, 0.4049513290842825, 0.4049513290842825, 0.4075708692880451, 0.4075708692880451, 0.41456156288366297, 0.4189240483612531, 0.4189240483612531, 0.4259452968791031, 0.4259452968791031, 0.4259452968791031, 0.4259452968791031, 0.4259452968791031, 0.4259452968791031, 0.4259452968791031, 0.43745276303229197, 0.43745276303229197, 0.44229000165270466, 0.44627585299080386, 0.44627585299080386, 0.44627585299080386, 0.44627585299080386, 0.44627585299080386, 0.44627585299080386, 0.4547959889328152, 0.4547959889328152, 0.4547959889328152, 0.4729790125671143, 0.4729790125671143, 0.4729790125671143, 0.48109529408523993, 0.48109529408523993, 0.48109529408523993, 0.48109529408523993, 0.48109529408523993, 0.48989174264053637, 0.48989174264053637, 0.48989174264053637, 0.48989174264053637, 0.48989174264053637, 0.48989174264053637, 0.48989174264053637, 0.48989174264053637, 0.48989174264053637, 0.48989174264053637, 0.48989174264053637, 0.48989174264053637]
Training raw path: /home/anhnd/DTI Project/Codes/MPNN/data/KFold/ATCInchikeySideEffectByDrug.txt_train_2
('Number of substructures, proteins, pathways, drugs, se: ', 2936, 1448, 330, 969, 598)
((872, 4714), (97, 4714), (872, 598), (97, 598))
('VALIDATE SUM PROTEIN TEST: ', 0.0)
Train: 0.9997 0.9988
Test: 0.7659 0.5099
[0.6014826256201394, 0.6001961778091229, 0.6101021376194071, 0.6147219453309215, 0.6211748897328612, 0.6263928591891506, 0.6303568304975316, 0.6333704710814795, 0.6381585220229833, 0.6410993503279647, 0.6436797073080937, 0.6479623555434443, 0.6523760946994914, 0.6558985456367461, 0.6573434207453974, 0.6605763343612456, 0.6637802204871175, 0.666843864078253, 0.6685121309179032, 0.6730140716696069, 0.6763348591863816, 0.6797675848185075, 0.6835319722839003, 0.6882416924684636, 0.6915460889066634, 0.6921953508368648, 0.6958890276743965, 0.6987575879734992, 0.701719753226079, 0.7030322989351996, 0.7065437746301189, 0.7086661206280322, 0.7094944776683736, 0.7109002833692453, 0.7116211300471347, 0.7169257725603476, 0.7198333976287823, 0.7226320026586615, 0.7252948204846864, 0.7283422536882758, 0.7296498309100037, 0.7307989001982528, 0.7337739044008679, 0.7337739044008679, 0.7357382090674682, 0.7366344023615143, 0.7383600478969733, 0.7394309757055197, 0.7429949780906366, 0.7455219330740301, 0.7455219330740301, 0.7463369744043307, 0.7463369744043307, 0.7479592648208908, 0.7491595362499255, 0.7491595362499255, 0.7509789224884004, 0.7509789224884004, 0.7509789224884004, 0.7509789224884004, 0.7509789224884004, 0.7509789224884004, 0.7509789224884004, 0.7534821944728961, 0.7534821944728961, 0.7549645895866015, 0.7563207090193702, 0.7563207090193702, 0.7563207090193702, 0.7563207090193702, 0.7563207090193702, 0.7563207090193702, 0.7579119340533194, 0.7579119340533194, 0.7579119340533194, 0.7624560803593244, 0.7624560803593244, 0.7624560803593244, 0.7640950912853908, 0.7640950912853908, 0.7640950912853908, 0.7640950912853908, 0.7640950912853908, 0.7658518410011408, 0.7658518410011408, 0.7658518410011408, 0.7658518410011408, 0.7658518410011408, 0.7658518410011408, 0.7658518410011408, 0.7658518410011408, 0.7658518410011408, 0.7658518410011408, 0.7658518410011408, 0.7658518410011408]
[0.11204047983928125, 0.1251378397128975, 0.13619586736658318, 0.14087702868239768, 0.14768144512139364, 0.15316085476049102, 0.16247837907036233, 0.1689861789668022, 0.17701464995545282, 0.18373790120472958, 0.18699693872359474, 0.1939904536633446, 0.20355373375345565, 0.20921881900061606, 0.2117011021889339, 0.2178312930543752, 0.22424220151719462, 0.2306280334095696, 0.23368112803707386, 0.2438148280388518, 0.2533843445958553, 0.26049987972215277, 0.26907589839829865, 0.2823852132272632, 0.2907737428569324, 0.29222935507606745, 0.3007467039611066, 0.3082841517171673, 0.31409649545400753, 0.3166744428255721, 0.3224545922258575, 0.3274489508959195, 0.32958478550658854, 0.3323927587401631, 0.3336560146889175, 0.3483329993760912, 0.35749396178381754, 0.364070306603309, 0.371800905677637, 0.38018563943095635, 0.38363612528005797, 0.3875512147839988, 0.39554654618029894, 0.39554654618029894, 0.402550870285601, 0.4045305956581484, 0.40956124420590045, 0.4127774873465866, 0.423672103455179, 0.4316251448791648, 0.4316251448791648, 0.43394319724361574, 0.43394319724361574, 0.4385846247696896, 0.44318002058595296, 0.44318002058595296, 0.44874075348427245, 0.44874075348427245, 0.44874075348427245, 0.44874075348427245, 0.44874075348427245, 0.44874075348427245, 0.44874075348427245, 0.4583728859475892, 0.4583728859475892, 0.46439905803990694, 0.4699875385283286, 0.4699875385283286, 0.4699875385283286, 0.4699875385283286, 0.4699875385283286, 0.4699875385283286, 0.47725437265101095, 0.47725437265101095, 0.47725437265101095, 0.49537839185532795, 0.49537839185532795, 0.49537839185532795, 0.5022528353072224, 0.5022528353072224, 0.5022528353072224, 0.5022528353072224, 0.5022528353072224, 0.5099481246993189, 0.5099481246993189, 0.5099481246993189, 0.5099481246993189, 0.5099481246993189, 0.5099481246993189, 0.5099481246993189, 0.5099481246993189, 0.5099481246993189, 0.5099481246993189, 0.5099481246993189, 0.5099481246993189]
Training raw path: /home/anhnd/DTI Project/Codes/MPNN/data/KFold/ATCInchikeySideEffectByDrug.txt_train_3
('Number of substructures, proteins, pathways, drugs, se: ', 2936, 1448, 330, 969, 598)
((872, 4714), (97, 4714), (872, 598), (97, 598))
('VALIDATE SUM PROTEIN TEST: ', 0.0)
Train: 0.9996 0.9985
Test: 0.7595 0.4766
[0.5659276839197722, 0.5822809985405621, 0.5898121663133674, 0.5998124383432212, 0.605494736888904, 0.6121335333414145, 0.6187892813691954, 0.6228241224076446, 0.6258740690150878, 0.630113951223282, 0.6317779045319785, 0.636068834938817, 0.6425365543860766, 0.6466269305140708, 0.6483117725904692, 0.6511819647290245, 0.6542935044043959, 0.6561466945977177, 0.6584207179949951, 0.6620081151170653, 0.6657964555581656, 0.6705417581035495, 0.6747239360015683, 0.678002644012994, 0.6798992491085415, 0.6806273332090048, 0.6842243870595511, 0.6863199550730692, 0.6899635353706486, 0.6907696587067766, 0.695760059869138, 0.6975550917716323, 0.6980927731793776, 0.6996822960054665, 0.70029737219427, 0.7052019454219861, 0.7079060714900276, 0.7109669823080251, 0.7133949852204582, 0.7167770611941535, 0.7181170124175389, 0.7190917238027794, 0.7228639935267887, 0.7228639935267887, 0.7245642100221735, 0.7257052462853564, 0.7275851361031688, 0.7287696657152565, 0.7326385924519689, 0.7358809788814527, 0.7358809788814527, 0.7369327380171926, 0.7369327380171926, 0.7390828026582346, 0.7403444166818804, 0.7403444166818804, 0.742824407050397, 0.742824407050397, 0.742824407050397, 0.742824407050397, 0.742824407050397, 0.742824407050397, 0.742824407050397, 0.7455735573541703, 0.7455735573541703, 0.7471385929692884, 0.7486457301579095, 0.7486457301579095, 0.7486457301579095, 0.7486457301579095, 0.7486457301579095, 0.7486457301579095, 0.7503287865810074, 0.7503287865810074, 0.7503287865810074, 0.7557108674104354, 0.7557108674104354, 0.7557108674104354, 0.7575892315217966, 0.7575892315217966, 0.7575892315217966, 0.7575892315217966, 0.7575892315217966, 0.7594752718945031, 0.7594752718945031, 0.7594752718945031, 0.7594752718945031, 0.7594752718945031, 0.7594752718945031, 0.7594752718945031, 0.7594752718945031, 0.7594752718945031, 0.7594752718945031, 0.7594752718945031, 0.7594752718945031]
[0.07699457939436835, 0.08385265078592298, 0.09532211872398223, 0.10403538900135804, 0.11308985169548291, 0.12067918826566981, 0.13011610537338528, 0.13760447438621623, 0.1453972105085472, 0.1518839685112991, 0.153574790446464, 0.15976877830554792, 0.17065853224947786, 0.17756931864552555, 0.18034093886766495, 0.18741781861917017, 0.194091469976234, 0.19614696843896387, 0.19877825401734198, 0.20718305270909665, 0.21580090469917734, 0.22794856666932198, 0.23822061282356638, 0.24510736245921655, 0.24867825526929066, 0.25014786013582574, 0.257480599117449, 0.2618501925895714, 0.268974593303855, 0.27082622794459515, 0.28123679946687363, 0.2848635669876318, 0.2857993124364032, 0.28975186237499995, 0.29061432944990057, 0.3020517643509987, 0.30902641982835477, 0.3164906262792731, 0.32314989668225513, 0.33284614521362, 0.33491882953076046, 0.3375727889483251, 0.3473256879591512, 0.3473256879591512, 0.3527640846918667, 0.3556798009769033, 0.3616331410074863, 0.3657637106136329, 0.3763479448966872, 0.3867553719281576, 0.3867553719281576, 0.3897183833476224, 0.3897183833476224, 0.3965546624138471, 0.40079089464694995, 0.40079089464694995, 0.409403165470733, 0.409403165470733, 0.409403165470733, 0.409403165470733, 0.409403165470733, 0.409403165470733, 0.409403165470733, 0.4192410612279379, 0.4192410612279379, 0.4250722946653701, 0.43120370535242636, 0.43120370535242636, 0.43120370535242636, 0.43120370535242636, 0.43120370535242636, 0.43120370535242636, 0.4385092021364803, 0.4385092021364803, 0.4385092021364803, 0.4603199519131237, 0.4603199519131237, 0.4603199519131237, 0.46850072503507867, 0.46850072503507867, 0.46850072503507867, 0.46850072503507867, 0.46850072503507867, 0.47659999041010886, 0.47659999041010886, 0.47659999041010886, 0.47659999041010886, 0.47659999041010886, 0.47659999041010886, 0.47659999041010886, 0.47659999041010886, 0.47659999041010886, 0.47659999041010886, 0.47659999041010886, 0.47659999041010886]
Training raw path: /home/anhnd/DTI Project/Codes/MPNN/data/KFold/ATCInchikeySideEffectByDrug.txt_train_4
('Number of substructures, proteins, pathways, drugs, se: ', 2936, 1448, 330, 969, 598)
((872, 4714), (97, 4714), (872, 598), (97, 598))
('VALIDATE SUM PROTEIN TEST: ', 0.0)
Train: 0.9996 0.9987
Test: 0.7653 0.4622
[0.5883616718333964, 0.5783107242968641, 0.5946598515575137, 0.5961144373673396, 0.5979122476827133, 0.6026041776928401, 0.605171075279181, 0.610028891304378, 0.6145361040752314, 0.6197083318110537, 0.6219795327262672, 0.6264402478105268, 0.6337357182590063, 0.6395582854492697, 0.6402077885464197, 0.6439431855733119, 0.6464325209869843, 0.6509080318107994, 0.6541442870805737, 0.6576645864343893, 0.6611665887102652, 0.6663647363429791, 0.6698312677028018, 0.6735923511801928, 0.6774810305806713, 0.6781173288522682, 0.6821445015950327, 0.6849206464424643, 0.6887724333610844, 0.6902641963694387, 0.6939298572211712, 0.6965799649395021, 0.6973024147309206, 0.699624101648663, 0.7008450387882725, 0.707475149106144, 0.7100783414730905, 0.7142706466266884, 0.7172679385508511, 0.7209902108823555, 0.7227091881088465, 0.7236269166323002, 0.7274469001000959, 0.7274469001000959, 0.7292866676290404, 0.7302986390794928, 0.7325954799320957, 0.7337167162458864, 0.7380887386935564, 0.741033815606697, 0.741033815606697, 0.7420975947946864, 0.7420975947946864, 0.7441136612472449, 0.7450460738172672, 0.7450460738172672, 0.7475475032429216, 0.7475475032429216, 0.7475475032429216, 0.7475475032429216, 0.7475475032429216, 0.7475475032429216, 0.7475475032429216, 0.7505188319945854, 0.7505188319945854, 0.7520269916722815, 0.7536049545620094, 0.7536049545620094, 0.7536049545620094, 0.7536049545620094, 0.7536049545620094, 0.7536049545620094, 0.7554511009877598, 0.7554511009877598, 0.7554511009877598, 0.7614198134234014, 0.7614198134234014, 0.7614198134234014, 0.7633199866302702, 0.7633199866302702, 0.7633199866302702, 0.7633199866302702, 0.7633199866302702, 0.7653479439709093, 0.7653479439709093, 0.7653479439709093, 0.7653479439709093, 0.7653479439709093, 0.7653479439709093, 0.7653479439709093, 0.7653479439709093, 0.7653479439709093, 0.7653479439709093, 0.7653479439709093, 0.7653479439709093]
[0.07638390749888985, 0.08525687874584859, 0.09925091169964949, 0.10356095776844051, 0.10566070004456188, 0.10896192588679436, 0.11217795658069582, 0.12300522599447992, 0.13040464092604365, 0.13791364342303136, 0.1398895872321462, 0.14493249044860407, 0.15664173793632868, 0.16404606883812117, 0.16629641230018755, 0.17113330235479607, 0.17445133313110334, 0.1815703975543565, 0.18669724825271386, 0.1955057949595848, 0.2021931563979878, 0.20868898333026997, 0.21385277589130863, 0.22236790739282086, 0.22920251471437916, 0.23022315871404325, 0.23795992300759067, 0.24325853952046905, 0.25262320516995973, 0.2550090595479191, 0.25920443402633386, 0.2639885348684542, 0.2654958352426938, 0.2729439100534181, 0.276190639431135, 0.2921583737131882, 0.29832327409171877, 0.3074155549952467, 0.31433561676362287, 0.3216954123487979, 0.3254572164257452, 0.3268781667798809, 0.3379080910111209, 0.3379080910111209, 0.3419191191017189, 0.34487574503023544, 0.3501887520075063, 0.35339949699156636, 0.3649226581884527, 0.3715967191722186, 0.3715967191722186, 0.37404148883800414, 0.37404148883800414, 0.3786188395352198, 0.3811474012604775, 0.3811474012604775, 0.38848191487974404, 0.38848191487974404, 0.38848191487974404, 0.38848191487974404, 0.38848191487974404, 0.38848191487974404, 0.38848191487974404, 0.3998037121657482, 0.3998037121657482, 0.4051826686688347, 0.41112252103754765, 0.41112252103754765, 0.41112252103754765, 0.41112252103754765, 0.41112252103754765, 0.41112252103754765, 0.42079674979667353, 0.42079674979667353, 0.42079674979667353, 0.44591543214431484, 0.44591543214431484, 0.44591543214431484, 0.4535011410047293, 0.4535011410047293, 0.4535011410047293, 0.4535011410047293, 0.4535011410047293, 0.46223577916251907, 0.46223577916251907, 0.46223577916251907, 0.46223577916251907, 0.46223577916251907, 0.46223577916251907, 0.46223577916251907, 0.46223577916251907, 0.46223577916251907, 0.46223577916251907, 0.46223577916251907, 0.46223577916251907]
Training raw path: /home/anhnd/DTI Project/Codes/MPNN/data/KFold/ATCInchikeySideEffectByDrug.txt_train_5
('Number of substructures, proteins, pathways, drugs, se: ', 2936, 1448, 330, 969, 598)
((872, 4714), (97, 4714), (872, 598), (97, 598))
('VALIDATE SUM PROTEIN TEST: ', 0.0)
Train: 0.9997 0.9989
Test: 0.7653 0.4611
[0.6055697669770974, 0.6183141906289611, 0.6179292359678279, 0.6172387347200701, 0.6171756289161224, 0.6251760685093478, 0.6308503911620288, 0.6298982371903491, 0.6311437339978158, 0.6323979838524976, 0.6364644128955419, 0.6403904148724576, 0.6472885660563854, 0.6518220871462856, 0.6524525895961614, 0.6561978722876323, 0.6589726462097748, 0.6636450428937906, 0.6642635536845509, 0.667814306466614, 0.6717802247185305, 0.6747427169735725, 0.6778685237309402, 0.6806223559707432, 0.6848279764708046, 0.685612750594436, 0.6893715485262657, 0.6927178618362696, 0.6957129359946226, 0.6976194883355058, 0.7015305860720712, 0.7035731948446151, 0.7039618073574514, 0.7052299234819113, 0.705631949717733, 0.7111250439088943, 0.7136144577535957, 0.7168416355713176, 0.7191832433999907, 0.7218722467925074, 0.7234087356296695, 0.7241999574262519, 0.7278183584344279, 0.7278183584344279, 0.7297556743654102, 0.7306057272882404, 0.7323185035604993, 0.7331076717251872, 0.7376815592801618, 0.7406952999041001, 0.7406952999041001, 0.7416804453870075, 0.7416804453870075, 0.7441691527851118, 0.7452785152217418, 0.7452785152217418, 0.7482323478605921, 0.7482323478605921, 0.7482323478605921, 0.7482323478605921, 0.7482323478605921, 0.7482323478605921, 0.7482323478605921, 0.7510735789208227, 0.7510735789208227, 0.7523545321419347, 0.7541284359491103, 0.7541284359491103, 0.7541284359491103, 0.7541284359491103, 0.7541284359491103, 0.7541284359491103, 0.7561976720157627, 0.7561976720157627, 0.7561976720157627, 0.7615412018528194, 0.7615412018528194, 0.7615412018528194, 0.763389398852659, 0.763389398852659, 0.763389398852659, 0.763389398852659, 0.763389398852659, 0.7653249039801491, 0.7653249039801491, 0.7653249039801491, 0.7653249039801491, 0.7653249039801491, 0.7653249039801491, 0.7653249039801491, 0.7653249039801491, 0.7653249039801491, 0.7653249039801491, 0.7653249039801491, 0.7653249039801491]
[0.08931679603820733, 0.11620430156518569, 0.11126187940130329, 0.11555119204748246, 0.11845055690226722, 0.12766604769898052, 0.13574828547166135, 0.14061204294710516, 0.14419412662292294, 0.14654093075968416, 0.15236903161763993, 0.15753245709092664, 0.17024697236365666, 0.17756908250969267, 0.17829223889585588, 0.18492286504174985, 0.18963783639034199, 0.19739620460667934, 0.19706283139499167, 0.20448329729956188, 0.21538238615847954, 0.21870087237491437, 0.22403758620377023, 0.22925963048783535, 0.23664657002808703, 0.23780939676917695, 0.24545089478527463, 0.25238648742276787, 0.25739854168717763, 0.2612745071351628, 0.2661107081927746, 0.2704237282905282, 0.2710454412274119, 0.2748519010889316, 0.27421438146362914, 0.2884534596674544, 0.29558036922372016, 0.30229055757613843, 0.30730641804122216, 0.3136922618911069, 0.31612089544159166, 0.3181534932876572, 0.32842174924156264, 0.32842174924156264, 0.33410339082627705, 0.3363926362980556, 0.3398683352974792, 0.34175368425546965, 0.3556450292257624, 0.3650405885670778, 0.3650405885670778, 0.3678554163032748, 0.3678554163032748, 0.3762375625152175, 0.38035298783071825, 0.38035298783071825, 0.39137761087743284, 0.39137761087743284, 0.39137761087743284, 0.39137761087743284, 0.39137761087743284, 0.39137761087743284, 0.39137761087743284, 0.4013128320752056, 0.4013128320752056, 0.405100473117358, 0.41311793302419264, 0.41311793302419264, 0.41311793302419264, 0.41311793302419264, 0.41311793302419264, 0.41311793302419264, 0.42348281119387104, 0.42348281119387104, 0.42348281119387104, 0.4458378063845096, 0.4458378063845096, 0.4458378063845096, 0.4534776146395579, 0.4534776146395579, 0.4534776146395579, 0.4534776146395579, 0.4534776146395579, 0.46113973124459084, 0.46113973124459084, 0.46113973124459084, 0.46113973124459084, 0.46113973124459084, 0.46113973124459084, 0.46113973124459084, 0.46113973124459084, 0.46113973124459084, 0.46113973124459084, 0.46113973124459084, 0.46113973124459084]
Training raw path: /home/anhnd/DTI Project/Codes/MPNN/data/KFold/ATCInchikeySideEffectByDrug.txt_train_6
('Number of substructures, proteins, pathways, drugs, se: ', 2936, 1448, 330, 969, 598)
((872, 4714), (97, 4714), (872, 598), (97, 598))
('VALIDATE SUM PROTEIN TEST: ', 0.0)
Train: 0.9998 0.9991
Test: 0.7726 0.4677
[0.6294117543473475, 0.6328109069662782, 0.6402117802229315, 0.6428780833352769, 0.6423615822449267, 0.6443054928011535, 0.6485177669734414, 0.6483209084292918, 0.6511658180257228, 0.6526719246303735, 0.6551679493535374, 0.6577171256550239, 0.6636143205124594, 0.6691607626338286, 0.668954464914939, 0.670208263106044, 0.6720033309140192, 0.6731262251539998, 0.6750505861611231, 0.6794773557032565, 0.6826297515398333, 0.6862219316439052, 0.6893828446849682, 0.691595504260073, 0.6932134997727587, 0.6937318818210383, 0.696923361675583, 0.6988252728131499, 0.7022235441076091, 0.7038611455740086, 0.7086986419116383, 0.7104376340403461, 0.7111898170537685, 0.7131258814922603, 0.713763049275193, 0.7182551285355114, 0.7211877508874152, 0.7238178799241834, 0.726032905528178, 0.7293111827863279, 0.7307139176376269, 0.7315862007463705, 0.7352505077421911, 0.7352505077421911, 0.7375751695585699, 0.7384113461377874, 0.7399896824748937, 0.7411749179830116, 0.7455690952638714, 0.7485146370568047, 0.7485146370568047, 0.749676886279626, 0.749676886279626, 0.7519337450826747, 0.7530194360709002, 0.7530194360709002, 0.755501475347196, 0.755501475347196, 0.755501475347196, 0.755501475347196, 0.755501475347196, 0.755501475347196, 0.755501475347196, 0.758187835093723, 0.758187835093723, 0.7594270319303278, 0.7612934910319887, 0.7612934910319887, 0.7612934910319887, 0.7612934910319887, 0.7612934910319887, 0.7612934910319887, 0.7630215494102078, 0.7630215494102078, 0.7630215494102078, 0.7687559600975878, 0.7687559600975878, 0.7687559600975878, 0.7703896406553415, 0.7703896406553415, 0.7703896406553415, 0.7703896406553415, 0.7703896406553415, 0.7725899963997638, 0.7725899963997638, 0.7725899963997638, 0.7725899963997638, 0.7725899963997638, 0.7725899963997638, 0.7725899963997638, 0.7725899963997638, 0.7725899963997638, 0.7725899963997638, 0.7725899963997638, 0.7725899963997638]
[0.09219348186376553, 0.10371882946191423, 0.10752005796536744, 0.10997387261225851, 0.11362282227452346, 0.11845257741464335, 0.12535189639684435, 0.13375633924829214, 0.1429636116688906, 0.1489648493625362, 0.15254893356663526, 0.158098794510935, 0.17108337663114564, 0.18191069968391776, 0.1817208297209145, 0.185865997877535, 0.19303712547327243, 0.19712450190667097, 0.19948131033733774, 0.20823153300786346, 0.2153750255498123, 0.2249699002226771, 0.23360559352495736, 0.2369379188220609, 0.2402932694474197, 0.2410632057408882, 0.2464519589318166, 0.2504389156613049, 0.25810532853315354, 0.26228580170647375, 0.27480788420321056, 0.277475262981123, 0.27925346370952486, 0.28590070254792976, 0.2869826946499511, 0.2973007503945385, 0.30403618864198545, 0.30815844749974114, 0.3128924504440074, 0.32295115826877724, 0.325893814906939, 0.3278683592760586, 0.33859677596219184, 0.33859677596219184, 0.3461795268609157, 0.34817644456998365, 0.350580357468867, 0.35473383740770786, 0.36704423234889505, 0.37721413389549674, 0.37721413389549674, 0.381046177854266, 0.381046177854266, 0.3877680998331675, 0.39087854376874154, 0.39087854376874154, 0.3995310849377919, 0.3995310849377919, 0.3995310849377919, 0.3995310849377919, 0.3995310849377919, 0.3995310849377919, 0.3995310849377919, 0.408942676066203, 0.408942676066203, 0.4126929056309574, 0.42040414289587896, 0.42040414289587896, 0.42040414289587896, 0.42040414289587896, 0.42040414289587896, 0.42040414289587896, 0.42692289295473407, 0.42692289295473407, 0.42692289295473407, 0.4516340000820322, 0.4516340000820322, 0.4516340000820322, 0.4573354079921407, 0.4573354079921407, 0.4573354079921407, 0.4573354079921407, 0.4573354079921407, 0.4677047999393818, 0.4677047999393818, 0.4677047999393818, 0.4677047999393818, 0.4677047999393818, 0.4677047999393818, 0.4677047999393818, 0.4677047999393818, 0.4677047999393818, 0.4677047999393818, 0.4677047999393818, 0.4677047999393818]
Training raw path: /home/anhnd/DTI Project/Codes/MPNN/data/KFold/ATCInchikeySideEffectByDrug.txt_train_7
('Number of substructures, proteins, pathways, drugs, se: ', 2936, 1448, 330, 969, 598)
((872, 4714), (97, 4714), (872, 598), (97, 598))
('VALIDATE SUM PROTEIN TEST: ', 0.0)
Train: 0.9998 0.9991
Test: 0.7842 0.5052
[0.6171216212820616, 0.6275217282433188, 0.6325670707702628, 0.627108768214657, 0.6316120857111338, 0.6380817575598344, 0.6387158606025124, 0.6428118543780116, 0.6483217999277957, 0.6504682775317181, 0.6527653079531152, 0.6554031299749854, 0.6605071888799071, 0.6635616247430141, 0.6658135554891184, 0.6682106599403637, 0.6711165277930171, 0.6741580140715139, 0.6767286689760503, 0.6806958885428659, 0.6839828237633429, 0.6888102414844208, 0.6925787742678042, 0.6965336779430742, 0.6995127794045117, 0.700252615013059, 0.7045098232585464, 0.707252311464227, 0.7104796022815849, 0.7116514654549304, 0.7169793008672174, 0.7192497079445609, 0.7203224052132051, 0.7212803636366034, 0.7221189071573128, 0.7266605168800547, 0.7294935045784541, 0.7328285987836766, 0.7356188308908105, 0.7394016452685073, 0.7412493679809005, 0.7421571537182967, 0.7458379257899947, 0.7458379257899947, 0.7480261416144953, 0.7490476770417495, 0.7516365404987682, 0.7529215611653166, 0.757749457538373, 0.7608797347129665, 0.7608797347129665, 0.7620066922639033, 0.7620066922639033, 0.7645264019478717, 0.7655781222692757, 0.7655781222692757, 0.7680295179575473, 0.7680295179575473, 0.7680295179575473, 0.7680295179575473, 0.7680295179575473, 0.7680295179575473, 0.7680295179575473, 0.7709560346037111, 0.7709560346037111, 0.7724176227378223, 0.7737820408495844, 0.7737820408495844, 0.7737820408495844, 0.7737820408495844, 0.7737820408495844, 0.7737820408495844, 0.7753548443201289, 0.7753548443201289, 0.7753548443201289, 0.7806606201125009, 0.7806606201125009, 0.7806606201125009, 0.7823777487976705, 0.7823777487976705, 0.7823777487976705, 0.7823777487976705, 0.7823777487976705, 0.7842499793968052, 0.7842499793968052, 0.7842499793968052, 0.7842499793968052, 0.7842499793968052, 0.7842499793968052, 0.7842499793968052, 0.7842499793968052, 0.7842499793968052, 0.7842499793968052, 0.7842499793968052, 0.7842499793968052]
[0.08399245178634604, 0.10570974188985903, 0.10540885927338708, 0.10827595735727423, 0.11534376790646768, 0.1258337748138572, 0.12901317030406392, 0.13482966771194627, 0.14361624627794012, 0.1466632520330673, 0.14995589356709843, 0.154036874994466, 0.1653838804544043, 0.17177145092922347, 0.17431946988628788, 0.18017925390966363, 0.18486314261334674, 0.18951849535151388, 0.19363595017686228, 0.2017844349365263, 0.21382177835627633, 0.2233509622372229, 0.23078381591775365, 0.23925446635531675, 0.24699190807204513, 0.24857349985132846, 0.2567205979843141, 0.26258497183368373, 0.267472261820973, 0.26918022939326947, 0.28239932855370675, 0.28680306643759157, 0.29079127855406917, 0.29196183702509354, 0.2937892429892206, 0.30741444149027947, 0.31584335310795225, 0.32373661609957516, 0.331960105349392, 0.34391750809712135, 0.3482574218600779, 0.3513008918958097, 0.3607178808343509, 0.3607178808343509, 0.3670814952311325, 0.3688531008649879, 0.37884072020572224, 0.38364594798779894, 0.4001617804602916, 0.41079062804112576, 0.41079062804112576, 0.4148098115547004, 0.4148098115547004, 0.4238253795882951, 0.42664088398151734, 0.42664088398151734, 0.43515058968220643, 0.43515058968220643, 0.43515058968220643, 0.43515058968220643, 0.43515058968220643, 0.43515058968220643, 0.43515058968220643, 0.4474603106185383, 0.4474603106185383, 0.4531026913681988, 0.45877544171132506, 0.45877544171132506, 0.45877544171132506, 0.45877544171132506, 0.45877544171132506, 0.45877544171132506, 0.4656183000794457, 0.4656183000794457, 0.4656183000794457, 0.4894719716391438, 0.4894719716391438, 0.4894719716391438, 0.496851392025812, 0.496851392025812, 0.496851392025812, 0.496851392025812, 0.496851392025812, 0.5052365701110767, 0.5052365701110767, 0.5052365701110767, 0.5052365701110767, 0.5052365701110767, 0.5052365701110767, 0.5052365701110767, 0.5052365701110767, 0.5052365701110767, 0.5052365701110767, 0.5052365701110767, 0.5052365701110767]
Training raw path: /home/anhnd/DTI Project/Codes/MPNN/data/KFold/ATCInchikeySideEffectByDrug.txt_train_8
('Number of substructures, proteins, pathways, drugs, se: ', 2936, 1448, 330, 969, 598)
((872, 4714), (97, 4714), (872, 598), (97, 598))
('VALIDATE SUM PROTEIN TEST: ', 0.0)
