CSMF_P
<models.baselines.CSMF.CSMF object at 0x7f6fc8267d90>
Training raw path: /home/anhnd/DTI Project/Codes/MPNN/data/KFold/ATCInchikeySideEffectByDrug.txt_train_0
('Number of substructures, proteins, pathways, drugs, se: ', 888, 1448, 330, 969, 598)
Train: 0.9822 0.9384
Test: 0.7254 0.4369
[0.4898353528743672, 0.4972608101235661, 0.5200142857680624, 0.5222719479488814, 0.5260604552713779, 0.5385941028756038, 0.5419595705495973, 0.5498444979341651, 0.552689969718167, 0.5573262150857314, 0.5616829890431072, 0.5670962304618442, 0.5791596178376197, 0.5859788685908113, 0.5881891659795505, 0.5917707217433688, 0.5929995654576419, 0.5971103476866592, 0.599853939101431, 0.6006963722671509, 0.6076498170613511, 0.6124128077418511, 0.6159015589793724, 0.6196344933385669, 0.6215292432611905, 0.6222897504663094, 0.6260781709428993, 0.6290529925405739, 0.6339609372863703, 0.6357589123150129, 0.6423065082597464, 0.6456158120582629, 0.6468740551957992, 0.6489498243319483, 0.6502888010820648, 0.6576721747767296, 0.6608680093238787, 0.6656569201440976, 0.6687112372611621, 0.6735260830783365, 0.6755778890993218, 0.6770245979699059, 0.6815678140347402, 0.6815678140347402, 0.6842441453808398, 0.6854957583064656, 0.6880570015763974, 0.6894110899403905, 0.6941261055800333, 0.6980226354254064, 0.6980226354254064, 0.6994547234630147, 0.6994547234630147, 0.7023413199604518, 0.7035948674424359, 0.7035948674424359, 0.7061125747426287, 0.7061125747426287, 0.7061125747426287, 0.7061125747426287, 0.7061125747426287, 0.7061125747426287, 0.7061125747426287, 0.7095995652519922, 0.7095995652519922, 0.7113677297502738, 0.713063180651411, 0.713063180651411, 0.713063180651411, 0.713063180651411, 0.713063180651411, 0.713063180651411, 0.7150788746314558, 0.7150788746314558, 0.7150788746314558, 0.7209586613764374, 0.7209586613764374, 0.7209586613764374, 0.7230888604416685, 0.7230888604416685, 0.7230888604416685, 0.7230888604416685, 0.7230888604416685, 0.7253896952706467, 0.7253896952706467, 0.7253896952706467, 0.7253896952706467, 0.7253896952706467, 0.7253896952706467, 0.7253896952706467, 0.7253896952706467, 0.7253896952706467, 0.7253896952706467, 0.7253896952706467, 0.7253896952706467]
[0.0676464705159651, 0.07437669700917111, 0.08476169910021855, 0.09027388309549841, 0.09422159736129963, 0.10267312551613456, 0.1054039517026506, 0.11140494757417688, 0.11438963140002736, 0.12036975582102774, 0.12451183966649065, 0.1292086545018935, 0.13875759122081238, 0.14592716318374369, 0.14817396402512534, 0.15202561498501527, 0.1532412641453869, 0.15771142166859362, 0.16130108497634627, 0.16616770325128882, 0.17572997227708767, 0.18207288262582988, 0.18713501113249703, 0.19285658931527155, 0.19538271381332728, 0.1962455135888347, 0.20196952650271066, 0.20726005410374795, 0.21574041720153697, 0.21844920497520692, 0.22877586007999023, 0.23471999353685097, 0.23751173733308084, 0.24259819002329214, 0.24464715809401566, 0.25873269958507394, 0.2649576038063415, 0.27357908007467757, 0.2788731125152532, 0.2883324754797896, 0.2918930646907363, 0.2961818127505717, 0.30612150299295715, 0.30612150299295715, 0.3119205686314144, 0.31520590354457734, 0.32081248889283653, 0.32458924992193267, 0.3345648131818136, 0.34409581150065843, 0.34409581150065843, 0.3476476320358073, 0.3476476320358073, 0.35531385246529584, 0.35793959098169315, 0.35793959098169315, 0.365003266074449, 0.365003266074449, 0.365003266074449, 0.365003266074449, 0.365003266074449, 0.365003266074449, 0.365003266074449, 0.37680856201061974, 0.37680856201061974, 0.3831483799700657, 0.38877340010161837, 0.38877340010161837, 0.38877340010161837, 0.38877340010161837, 0.38877340010161837, 0.38877340010161837, 0.3973138229579278, 0.3973138229579278, 0.3973138229579278, 0.41858202801193706, 0.41858202801193706, 0.41858202801193706, 0.4267999907159, 0.4267999907159, 0.4267999907159, 0.4267999907159, 0.4267999907159, 0.43685294304069944, 0.43685294304069944, 0.43685294304069944, 0.43685294304069944, 0.43685294304069944, 0.43685294304069944, 0.43685294304069944, 0.43685294304069944, 0.43685294304069944, 0.43685294304069944, 0.43685294304069944, 0.43685294304069944]
Training raw path: /home/anhnd/DTI Project/Codes/MPNN/data/KFold/ATCInchikeySideEffectByDrug.txt_train_1
('Number of substructures, proteins, pathways, drugs, se: ', 888, 1448, 330, 969, 598)
Train: 0.9808 0.9334
Test: 0.7415 0.4595
[0.551397576517995, 0.5525793593626613, 0.5571730906034618, 0.5542079355353059, 0.5548993403538742, 0.5578767823244992, 0.5665103402618152, 0.5760052661897731, 0.5790662245546162, 0.5826425330701949, 0.5848380215472102, 0.5918284159065839, 0.6009511706382761, 0.6092853868352848, 0.6121456181043741, 0.6133473949880783, 0.6157591341862012, 0.6227793466280038, 0.6254711408203243, 0.624776674228452, 0.6291230253787004, 0.6349277958738038, 0.6384677191838692, 0.6399701047736398, 0.6396453196883513, 0.6406974715816918, 0.6445432077276638, 0.6449527217566168, 0.6497899328543176, 0.6518119162392737, 0.6582558487258388, 0.662150200635776, 0.6632473611988129, 0.6661808213876946, 0.6674765835799115, 0.6749922077928605, 0.6783253890518215, 0.6831083476921125, 0.6866941588932177, 0.6918506176880614, 0.693946022001424, 0.6953975594707311, 0.6997102159130952, 0.6997102159130952, 0.7015468567116003, 0.7026217198189104, 0.7055499218013108, 0.7067222861649798, 0.7113802237350457, 0.7150814724320889, 0.7150814724320889, 0.7161410945265254, 0.7161410945265254, 0.7189386426913921, 0.7203393290486817, 0.7203393290486817, 0.7230878604784041, 0.7230878604784041, 0.7230878604784041, 0.7230878604784041, 0.7230878604784041, 0.7230878604784041, 0.7230878604784041, 0.7265362803500969, 0.7265362803500969, 0.7281227611523478, 0.7296426395443574, 0.7296426395443574, 0.7296426395443574, 0.7296426395443574, 0.7296426395443574, 0.7296426395443574, 0.7317323775597724, 0.7317323775597724, 0.7317323775597724, 0.7371189254998013, 0.7371189254998013, 0.7371189254998013, 0.7392781630732919, 0.7392781630732919, 0.7392781630732919, 0.7392781630732919, 0.7392781630732919, 0.7414797613697979, 0.7414797613697979, 0.7414797613697979, 0.7414797613697979, 0.7414797613697979, 0.7414797613697979, 0.7414797613697979, 0.7414797613697979, 0.7414797613697979, 0.7414797613697979, 0.7414797613697979, 0.7414797613697979]
[0.07083735763207619, 0.07693729758625836, 0.08315007640411698, 0.09544129910886104, 0.10006720665113215, 0.10381368527725987, 0.11357988914521075, 0.12384662687301232, 0.12856029481060677, 0.1354593354656393, 0.13781138094266399, 0.1439653683311447, 0.1516281276569328, 0.1604271711196317, 0.16347463546734048, 0.16784503680808086, 0.17219059120536878, 0.17912630690417314, 0.18154932626679351, 0.1860406256659048, 0.19066442224673472, 0.19752283010360633, 0.20236441772525932, 0.20680170374015666, 0.20853728471258923, 0.21002637738039048, 0.21454525785457523, 0.2186104861690331, 0.2275847512389223, 0.2307346511946764, 0.24262797269017927, 0.24885039018156152, 0.25016724493280135, 0.2575130708120999, 0.26005815583449776, 0.27549994162425473, 0.2827366212466777, 0.29435665409499073, 0.30239791091934953, 0.31455849202427005, 0.3180217284146122, 0.3219023666365052, 0.33071881229898903, 0.33071881229898903, 0.3348480934235384, 0.33729964230259113, 0.34606648454180966, 0.3491814006009848, 0.35935510068526044, 0.36837092331820603, 0.36837092331820603, 0.37005968613690465, 0.37005968613690465, 0.37850694556494013, 0.3824526625656158, 0.3824526625656158, 0.3906143180871115, 0.3906143180871115, 0.3906143180871115, 0.3906143180871115, 0.3906143180871115, 0.3906143180871115, 0.3906143180871115, 0.40357424996243224, 0.40357424996243224, 0.4085459789971128, 0.41279501153790793, 0.41279501153790793, 0.41279501153790793, 0.41279501153790793, 0.41279501153790793, 0.41279501153790793, 0.4220556364871282, 0.4220556364871282, 0.4220556364871282, 0.44107025675809497, 0.44107025675809497, 0.44107025675809497, 0.4501693187037583, 0.4501693187037583, 0.4501693187037583, 0.4501693187037583, 0.4501693187037583, 0.4595000544184422, 0.4595000544184422, 0.4595000544184422, 0.4595000544184422, 0.4595000544184422, 0.4595000544184422, 0.4595000544184422, 0.4595000544184422, 0.4595000544184422, 0.4595000544184422, 0.4595000544184422, 0.4595000544184422]
Training raw path: /home/anhnd/DTI Project/Codes/MPNN/data/KFold/ATCInchikeySideEffectByDrug.txt_train_2
('Number of substructures, proteins, pathways, drugs, se: ', 888, 1448, 330, 969, 598)
Train: 0.9816 0.9358
Test: 0.7183 0.4604
[0.5209579897425582, 0.5164091159537669, 0.5304714991802576, 0.5308394731407163, 0.535213167735409, 0.5421158528289141, 0.544408610647581, 0.5516708986023382, 0.5576548006602514, 0.5595683354141584, 0.5640302054409371, 0.571138554136261, 0.5745706911933148, 0.5793827358328744, 0.5802873172614348, 0.5842752368288684, 0.5875283827780131, 0.5929800171107376, 0.5955700952915993, 0.5976050220989757, 0.6031681298733896, 0.6081145247481801, 0.6126184981129447, 0.616911448709808, 0.6187377919657543, 0.6196900943796211, 0.625006136314162, 0.6275204622744257, 0.6308470203270332, 0.6326606776460943, 0.6388233080756307, 0.6420621179618936, 0.6426904883558688, 0.6447543402837795, 0.6458191393115039, 0.6533970833546308, 0.6572555456948052, 0.6612031981570572, 0.6649988058017029, 0.6693807091899957, 0.6711927491756684, 0.6727341872665059, 0.6768543178597786, 0.6768543178597786, 0.6792866964750286, 0.6804719267734585, 0.6828793128675208, 0.68432998615116, 0.6890438370636641, 0.6924096655808096, 0.6924096655808096, 0.6935307637195509, 0.6935307637195509, 0.6957394872246891, 0.6972893464363469, 0.6972893464363469, 0.6997258096428316, 0.6997258096428316, 0.6997258096428316, 0.6997258096428316, 0.6997258096428316, 0.6997258096428316, 0.6997258096428316, 0.7029421279551273, 0.7029421279551273, 0.7048060507804934, 0.7065101984316059, 0.7065101984316059, 0.7065101984316059, 0.7065101984316059, 0.7065101984316059, 0.7065101984316059, 0.7084838908780088, 0.7084838908780088, 0.7084838908780088, 0.7141301847338668, 0.7141301847338668, 0.7141301847338668, 0.716143230933219, 0.716143230933219, 0.716143230933219, 0.716143230933219, 0.716143230933219, 0.7182810004818971, 0.7182810004818971, 0.7182810004818971, 0.7182810004818971, 0.7182810004818971, 0.7182810004818971, 0.7182810004818971, 0.7182810004818971, 0.7182810004818971, 0.7182810004818971, 0.7182810004818971, 0.7182810004818971]
[0.08815097753216194, 0.0916271699110822, 0.10235834848207193, 0.1032186278587877, 0.1062381020877799, 0.11282043651341017, 0.11802421131272472, 0.12685632994183432, 0.13368990517599733, 0.13717431531256008, 0.14200061291923116, 0.15007395144578886, 0.1572865616412858, 0.16344105861488667, 0.16576109063616581, 0.16973247879256406, 0.17375053206338154, 0.18024555734660885, 0.18319302616135835, 0.1896247230812522, 0.19753142615974056, 0.20447218338788664, 0.21121828125225817, 0.21847111082945558, 0.22134013289665694, 0.2234014628396439, 0.23239829959689648, 0.23841372119147342, 0.24378599447315047, 0.24711082295557313, 0.2580474462977662, 0.2634735274116966, 0.26456707219730186, 0.26911290589193104, 0.27159398700135196, 0.2892894235370875, 0.2975734009772926, 0.3055977581383694, 0.3140616740430854, 0.3239497676694423, 0.32707049444570147, 0.3315400427444578, 0.34016801754096504, 0.34016801754096504, 0.34509548536519863, 0.3473031390562759, 0.3527339041009429, 0.3565065835539383, 0.36648120505838533, 0.3742341486698871, 0.3742341486698871, 0.3766572667337439, 0.3766572667337439, 0.3825332650218383, 0.38730888090729937, 0.38730888090729937, 0.39350408933926423, 0.39350408933926423, 0.39350408933926423, 0.39350408933926423, 0.39350408933926423, 0.39350408933926423, 0.39350408933926423, 0.4039999490233179, 0.4039999490233179, 0.4115048365336248, 0.41678197687902, 0.41678197687902, 0.41678197687902, 0.41678197687902, 0.41678197687902, 0.41678197687902, 0.42495644916278874, 0.42495644916278874, 0.42495644916278874, 0.4448774433454974, 0.4448774433454974, 0.4448774433454974, 0.45240869848080356, 0.45240869848080356, 0.45240869848080356, 0.45240869848080356, 0.45240869848080356, 0.4604364298765135, 0.4604364298765135, 0.4604364298765135, 0.4604364298765135, 0.4604364298765135, 0.4604364298765135, 0.4604364298765135, 0.4604364298765135, 0.4604364298765135, 0.4604364298765135, 0.4604364298765135, 0.4604364298765135]
Training raw path: /home/anhnd/DTI Project/Codes/MPNN/data/KFold/ATCInchikeySideEffectByDrug.txt_train_3
('Number of substructures, proteins, pathways, drugs, se: ', 888, 1448, 330, 969, 598)
Train: 0.9816 0.9368
Test: 0.7246 0.4449
[0.5034763127110692, 0.519134735414198, 0.5276270037675389, 0.5337271670312033, 0.5398779515442206, 0.5455268642110516, 0.5490080818753184, 0.5574117700465018, 0.5630116132450071, 0.5680640304149931, 0.5709363105936929, 0.577755694231122, 0.5882415401268941, 0.5945555332989516, 0.5964573437901853, 0.5994480806358511, 0.6024089768530752, 0.6057364383350626, 0.6096292586932468, 0.610104151247296, 0.61612720639438, 0.6217483171528512, 0.6260438171421941, 0.6296538185042266, 0.6277096470887208, 0.6287302452603483, 0.6337195226960208, 0.6342797455678414, 0.6384102759431566, 0.6392553117057246, 0.6449487835644239, 0.6476297090270404, 0.6483973611352631, 0.6502977378916299, 0.6510914650397207, 0.6573794080662585, 0.6610520388516614, 0.6650170657164808, 0.6682362626042031, 0.6727523360565791, 0.6743246744782171, 0.6755668558623882, 0.6801474190788834, 0.6801474190788834, 0.6824428318825053, 0.6838571640827464, 0.6862516249544461, 0.6877231226284479, 0.692659363394338, 0.6964397169491252, 0.6964397169491252, 0.69774865622497, 0.69774865622497, 0.7004274393922862, 0.7019620329411098, 0.7019620329411098, 0.7049701124377826, 0.7049701124377826, 0.7049701124377826, 0.7049701124377826, 0.7049701124377826, 0.7049701124377826, 0.7049701124377826, 0.7083018852946075, 0.7083018852946075, 0.7101648706490271, 0.7119604627464903, 0.7119604627464903, 0.7119604627464903, 0.7119604627464903, 0.7119604627464903, 0.7119604627464903, 0.7139423533936833, 0.7139423533936833, 0.7139423533936833, 0.7202358507774692, 0.7202358507774692, 0.7202358507774692, 0.7224177209083208, 0.7224177209083208, 0.7224177209083208, 0.7224177209083208, 0.7224177209083208, 0.7246017644507207, 0.7246017644507207, 0.7246017644507207, 0.7246017644507207, 0.7246017644507207, 0.7246017644507207, 0.7246017644507207, 0.7246017644507207, 0.7246017644507207, 0.7246017644507207, 0.7246017644507207, 0.7246017644507207]
[0.08366061012566847, 0.09172278780975382, 0.09400533320546722, 0.10067501594212486, 0.10737922899230615, 0.11211842456229945, 0.11991508564997054, 0.12675305683456373, 0.1308136677744952, 0.13782503934862378, 0.14084944072326921, 0.1480161818988187, 0.1605153006905819, 0.16844368166556012, 0.1705900447913182, 0.17513183369657653, 0.17912053347789914, 0.1826214841089348, 0.18797581356867415, 0.1921764181104768, 0.20095098857369578, 0.21006910407729038, 0.21538065510615617, 0.22241844143041417, 0.2223356942849366, 0.2241260618480031, 0.2322960288918893, 0.23401057160564565, 0.23970877208917743, 0.2408270996116631, 0.25025633729924784, 0.2543780140666676, 0.25553012535799224, 0.25928166501286487, 0.2606625055380453, 0.273022140008669, 0.2811266159779037, 0.28848269904716417, 0.29478384218145126, 0.30412890184392904, 0.3059017528880586, 0.30914376130312893, 0.31822387670955554, 0.31822387670955554, 0.32345585180125497, 0.3271018877791133, 0.3316765888881402, 0.3359076160396369, 0.34777396902090163, 0.3563781681464331, 0.3563781681464331, 0.3591138553716856, 0.3591138553716856, 0.3664108303887924, 0.3702336946514951, 0.3702336946514951, 0.3783197578477453, 0.3783197578477453, 0.3783197578477453, 0.3783197578477453, 0.3783197578477453, 0.3783197578477453, 0.3783197578477453, 0.38833064935934775, 0.38833064935934775, 0.39442120490962457, 0.4001932747330199, 0.4001932747330199, 0.4001932747330199, 0.4001932747330199, 0.4001932747330199, 0.4001932747330199, 0.40693055167511405, 0.40693055167511405, 0.40693055167511405, 0.4291968440773393, 0.4291968440773393, 0.4291968440773393, 0.4371305173694101, 0.4371305173694101, 0.4371305173694101, 0.4371305173694101, 0.4371305173694101, 0.44486739500278705, 0.44486739500278705, 0.44486739500278705, 0.44486739500278705, 0.44486739500278705, 0.44486739500278705, 0.44486739500278705, 0.44486739500278705, 0.44486739500278705, 0.44486739500278705, 0.44486739500278705, 0.44486739500278705]
Training raw path: /home/anhnd/DTI Project/Codes/MPNN/data/KFold/ATCInchikeySideEffectByDrug.txt_train_4
('Number of substructures, proteins, pathways, drugs, se: ', 888, 1448, 330, 969, 598)
Train: 0.9820 0.9382
Test: 0.7116 0.4136
[0.45697387424509184, 0.4739561280104555, 0.481836090514518, 0.49194417196941376, 0.4943288159388656, 0.49948689200476526, 0.5072868004764971, 0.5117958711701365, 0.5136734840875151, 0.5196423136094342, 0.5237827839282463, 0.5288201237035345, 0.5371832932671565, 0.5445146845366524, 0.545544329916718, 0.548663391892344, 0.5526678428327749, 0.5584404908021516, 0.5623064555434253, 0.5667443143342903, 0.5700742425566881, 0.5760443158008168, 0.581465527479391, 0.584753610539693, 0.588793091394008, 0.5896191429587396, 0.5953894994741536, 0.5991929275153632, 0.6039946127094664, 0.6060944521945983, 0.6121220014203053, 0.6155487258723886, 0.6167190152936334, 0.6199499191804673, 0.6217474641465833, 0.6313762652907842, 0.635399338572841, 0.6414151470469199, 0.6456736586992124, 0.6511872246566967, 0.6537162852170602, 0.6550532685407371, 0.6605195890260762, 0.6605195890260762, 0.6631938706766415, 0.6645175030990054, 0.6677433617847729, 0.6693374268127353, 0.6754079271367196, 0.6796193069186056, 0.6796193069186056, 0.6811176780258761, 0.6811176780258761, 0.6840076292099209, 0.6853428518373326, 0.6853428518373326, 0.6887381005522185, 0.6887381005522185, 0.6887381005522185, 0.6887381005522185, 0.6887381005522185, 0.6887381005522185, 0.6887381005522185, 0.6926666655792385, 0.6926666655792385, 0.6946498628303104, 0.6967058255158693, 0.6967058255158693, 0.6967058255158693, 0.6967058255158693, 0.6967058255158693, 0.6967058255158693, 0.6990636604618142, 0.6990636604618142, 0.6990636604618142, 0.7066056399367617, 0.7066056399367617, 0.7066056399367617, 0.7090136378277703, 0.7090136378277703, 0.7090136378277703, 0.7090136378277703, 0.7090136378277703, 0.7115580519886129, 0.7115580519886129, 0.7115580519886129, 0.7115580519886129, 0.7115580519886129, 0.7115580519886129, 0.7115580519886129, 0.7115580519886129, 0.7115580519886129, 0.7115580519886129, 0.7115580519886129, 0.7115580519886129]
[0.0471694238535056, 0.05206915712415966, 0.0563827936664242, 0.06432835162219025, 0.06690837822776406, 0.07111649011244668, 0.07747569796740529, 0.08485975173911328, 0.0888943888697671, 0.09400316221764579, 0.0977378212168431, 0.10224178925650963, 0.11088129386696245, 0.11592537563236671, 0.11659564386551635, 0.11865104679236912, 0.12127099480599825, 0.12709276958636767, 0.13194954461461544, 0.13806115722860113, 0.14246202946904404, 0.14930741177464535, 0.1545191760533626, 0.15993500852091844, 0.16393117275650626, 0.1644907974331568, 0.17036494254951215, 0.17550774289379456, 0.18170709232491766, 0.18395602379449644, 0.19212701474820013, 0.1957680244447532, 0.19765397358935818, 0.20221122703108912, 0.2047809157824493, 0.2220964209853976, 0.23057180513912362, 0.24067149247725939, 0.24715945423325913, 0.25683202825989654, 0.2610875340904372, 0.26397074988905833, 0.27424460232068787, 0.27424460232068787, 0.27998920929081844, 0.28221794669333944, 0.2890758767815781, 0.2926380783651539, 0.3057258301073604, 0.3144162360284759, 0.3144162360284759, 0.31789481440134004, 0.31789481440134004, 0.3244391057836101, 0.3272771854242684, 0.3272771854242684, 0.33600225195517364, 0.33600225195517364, 0.33600225195517364, 0.33600225195517364, 0.33600225195517364, 0.33600225195517364, 0.33600225195517364, 0.3478908279649001, 0.3478908279649001, 0.3539123106461677, 0.3603821572318152, 0.3603821572318152, 0.3603821572318152, 0.3603821572318152, 0.3603821572318152, 0.3603821572318152, 0.36889144460206647, 0.36889144460206647, 0.36889144460206647, 0.3963600954678851, 0.3963600954678851, 0.3963600954678851, 0.40454704244295725, 0.40454704244295725, 0.40454704244295725, 0.40454704244295725, 0.40454704244295725, 0.4135510200027471, 0.4135510200027471, 0.4135510200027471, 0.4135510200027471, 0.4135510200027471, 0.4135510200027471, 0.4135510200027471, 0.4135510200027471, 0.4135510200027471, 0.4135510200027471, 0.4135510200027471, 0.4135510200027471]
Training raw path: /home/anhnd/DTI Project/Codes/MPNN/data/KFold/ATCInchikeySideEffectByDrug.txt_train_5
('Number of substructures, proteins, pathways, drugs, se: ', 888, 1448, 330, 969, 598)
Train: 0.9824 0.9395
Test: 0.7330 0.4215
[0.5240670538666476, 0.5269391190667372, 0.5329815477019768, 0.5397018684491993, 0.5428039834910892, 0.5480802080317158, 0.5564499367028584, 0.5567901169958978, 0.5590859473661608, 0.5637310415951535, 0.5693841912623068, 0.5746033709260372, 0.5801802897849136, 0.5862133749179412, 0.5862646084540716, 0.5910980787837412, 0.5948440185484924, 0.6003154419379991, 0.6025272653502806, 0.606334670705119, 0.6109101758266586, 0.6151130992100142, 0.6210643904860581, 0.6251352359752465, 0.6304295520229155, 0.6315334691024745, 0.636565636546111, 0.6410916909632292, 0.6454226751659116, 0.6476118358873821, 0.6529272481402787, 0.6550397344819046, 0.6556183664222984, 0.6572995717263945, 0.6579942949703803, 0.665324878856797, 0.6687538373629208, 0.6729053042084332, 0.6760051386317434, 0.6798844135951145, 0.6818773146881449, 0.6829725209029165, 0.6876506283804541, 0.6876506283804541, 0.6900974322131066, 0.6911794915000425, 0.6934580961775142, 0.6944943363806875, 0.7002183782115039, 0.7038668700350837, 0.7038668700350837, 0.705051454809134, 0.705051454809134, 0.7081167552473112, 0.709464733048505, 0.709464733048505, 0.7129635005009366, 0.7129635005009366, 0.7129635005009366, 0.7129635005009366, 0.7129635005009366, 0.7129635005009366, 0.7129635005009366, 0.716376476740227, 0.716376476740227, 0.7179271180107664, 0.7200010362449841, 0.7200010362449841, 0.7200010362449841, 0.7200010362449841, 0.7200010362449841, 0.7200010362449841, 0.7223986932136645, 0.7223986932136645, 0.7223986932136645, 0.7286195045461062, 0.7286195045461062, 0.7286195045461062, 0.7307625749912493, 0.7307625749912493, 0.7307625749912493, 0.7307625749912493, 0.7307625749912493, 0.7329978838707538, 0.7329978838707538, 0.7329978838707538, 0.7329978838707538, 0.7329978838707538, 0.7329978838707538, 0.7329978838707538, 0.7329978838707538, 0.7329978838707538, 0.7329978838707538, 0.7329978838707538, 0.7329978838707538]
[0.05449592378182913, 0.060526818614195954, 0.06403787382899251, 0.0701591870007636, 0.07428851731274624, 0.07964833691105236, 0.08684457732532913, 0.08986146170926262, 0.09303099423594685, 0.09719076590085922, 0.10164565491468297, 0.1073852705957125, 0.11460228255145133, 0.12009294942106115, 0.12088296677650301, 0.12633018669254345, 0.1305347844856822, 0.13565512801062662, 0.13844537122201828, 0.14500869932960764, 0.15045030681310556, 0.1556050800292589, 0.16204400173867398, 0.16775098453401982, 0.17448521120953403, 0.17594927164690197, 0.18263116795166062, 0.1891258579260851, 0.1954471893042174, 0.19835761896220958, 0.20736083842189487, 0.21001411959335967, 0.21128263628750973, 0.21446523280493485, 0.21585076090966157, 0.23266589191111467, 0.2402079946042979, 0.24732730362309624, 0.2535510927689735, 0.2619640384707776, 0.26526391774640556, 0.268055928973895, 0.27824007079707147, 0.27824007079707147, 0.28491815402844656, 0.28741843430427205, 0.2928710477242603, 0.2950155961245825, 0.31103746367031865, 0.31977457462649256, 0.31977457462649256, 0.3223904032255165, 0.3223904032255165, 0.33171572899703966, 0.3350448775610252, 0.3350448775610252, 0.3453731863494812, 0.3453731863494812, 0.3453731863494812, 0.3453731863494812, 0.3453731863494812, 0.3453731863494812, 0.3453731863494812, 0.35619703805755315, 0.35619703805755315, 0.3608969171565355, 0.3702010809280519, 0.3702010809280519, 0.3702010809280519, 0.3702010809280519, 0.3702010809280519, 0.3702010809280519, 0.3809472579961172, 0.3809472579961172, 0.3809472579961172, 0.4040203432765448, 0.4040203432765448, 0.4040203432765448, 0.4119000974242504, 0.4119000974242504, 0.4119000974242504, 0.4119000974242504, 0.4119000974242504, 0.421450397357035, 0.421450397357035, 0.421450397357035, 0.421450397357035, 0.421450397357035, 0.421450397357035, 0.421450397357035, 0.421450397357035, 0.421450397357035, 0.421450397357035, 0.421450397357035, 0.421450397357035]
Training raw path: /home/anhnd/DTI Project/Codes/MPNN/data/KFold/ATCInchikeySideEffectByDrug.txt_train_6
('Number of substructures, proteins, pathways, drugs, se: ', 888, 1448, 330, 969, 598)
Train: 0.9828 0.9408
Test: 0.7397 0.4369
[0.5529787365177197, 0.532098053728271, 0.5397673905380622, 0.5481891227562985, 0.5522139012357866, 0.5554008939382209, 0.5590123201908601, 0.5612857041817053, 0.5652357362877864, 0.5700126009319662, 0.5738069342532974, 0.5798084353232001, 0.5893663169237415, 0.5960343096417882, 0.596120495633844, 0.598935574522642, 0.6036088486044043, 0.6069928083353823, 0.6085592059769428, 0.6148922450856928, 0.6192074718469217, 0.6244182434039449, 0.6301556434473171, 0.6336113085581738, 0.6372466924597191, 0.6379538562318765, 0.6423819099536202, 0.645290445087177, 0.6501805920526381, 0.65236835659922, 0.6588909565945403, 0.6611760353895165, 0.6622045608645791, 0.6645775509667295, 0.665469365546734, 0.6718760838680017, 0.6755741692841142, 0.6795007179362729, 0.6824368579642055, 0.6867079498810965, 0.6886214175816278, 0.6898111055680716, 0.694465860928487, 0.694465860928487, 0.6972071318446659, 0.6984688629498407, 0.7005046571962531, 0.7019214386999348, 0.7072447807507227, 0.7109475322550578, 0.7109475322550578, 0.7123581718978342, 0.7123581718978342, 0.7151751067130272, 0.7165215809032457, 0.7165215809032457, 0.7195296195233487, 0.7195296195233487, 0.7195296195233487, 0.7195296195233487, 0.7195296195233487, 0.7195296195233487, 0.7195296195233487, 0.7227576735397077, 0.7227576735397077, 0.7242719955530276, 0.7264724329515564, 0.7264724329515564, 0.7264724329515564, 0.7264724329515564, 0.7264724329515564, 0.7264724329515564, 0.7285169311125756, 0.7285169311125756, 0.7285169311125756, 0.7352055852184993, 0.7352055852184993, 0.7352055852184993, 0.7371400521989232, 0.7371400521989232, 0.7371400521989232, 0.7371400521989232, 0.7371400521989232, 0.7396802693464902, 0.7396802693464902, 0.7396802693464902, 0.7396802693464902, 0.7396802693464902, 0.7396802693464902, 0.7396802693464902, 0.7396802693464902, 0.7396802693464902, 0.7396802693464902, 0.7396802693464902, 0.7396802693464902]
[0.08169502033612594, 0.08500168646712591, 0.08904447505929168, 0.0951605786372371, 0.10168689992136448, 0.1022237543129933, 0.10707579005159448, 0.11389070844480709, 0.12140487095589111, 0.12658707669862887, 0.13050955363688316, 0.13697594777869077, 0.14731452349432542, 0.15649659845758418, 0.15598956779040046, 0.1604617476235519, 0.1661496074768113, 0.1702102542777037, 0.17147696972299245, 0.1791674560880283, 0.18315455715139156, 0.19067279904605514, 0.199215126213263, 0.20172746398274666, 0.20613633126012385, 0.2071686599894201, 0.21213741117972743, 0.21609353059609251, 0.22362369281559796, 0.22774246496917055, 0.23869159163416584, 0.24197100796168575, 0.24333883284637248, 0.248191746594933, 0.2498772478756576, 0.26076838082493653, 0.2683304827212561, 0.2744135405148445, 0.2796618628532627, 0.28733686941047554, 0.29105162699879483, 0.29333045728655693, 0.3043185730127265, 0.3043185730127265, 0.3110391187863535, 0.3138424956152005, 0.3176846767828209, 0.3209486007513208, 0.3327551633834946, 0.3414463115734998, 0.3414463115734998, 0.34459704151049103, 0.34459704151049103, 0.35195761884906507, 0.3553274860671548, 0.3553274860671548, 0.36375273805830977, 0.36375273805830977, 0.36375273805830977, 0.36375273805830977, 0.36375273805830977, 0.36375273805830977, 0.36375273805830977, 0.3732985594585823, 0.3732985594585823, 0.3776166999138252, 0.3861612167289219, 0.3861612167289219, 0.3861612167289219, 0.3861612167289219, 0.3861612167289219, 0.3861612167289219, 0.3933778035451097, 0.3933778035451097, 0.3933778035451097, 0.4189807813087222, 0.4189807813087222, 0.4189807813087222, 0.42551207128501983, 0.42551207128501983, 0.42551207128501983, 0.42551207128501983, 0.42551207128501983, 0.4369030493767726, 0.4369030493767726, 0.4369030493767726, 0.4369030493767726, 0.4369030493767726, 0.4369030493767726, 0.4369030493767726, 0.4369030493767726, 0.4369030493767726, 0.4369030493767726, 0.4369030493767726, 0.4369030493767726]
Training raw path: /home/anhnd/DTI Project/Codes/MPNN/data/KFold/ATCInchikeySideEffectByDrug.txt_train_7
('Number of substructures, proteins, pathways, drugs, se: ', 888, 1448, 330, 969, 598)
Train: 0.9815 0.9358
Test: 0.7432 0.4515
[0.5040538333399847, 0.5169516775982071, 0.5256489127500175, 0.5338866269449061, 0.5342440301234073, 0.5443927085288194, 0.5515283684746772, 0.5516945183819589, 0.5550491057450372, 0.5587779829097299, 0.5625617251770135, 0.5682029137776756, 0.5775448203469662, 0.5831006429955263, 0.5834028751977146, 0.5859654346920239, 0.5904119780448362, 0.5955548647412864, 0.5986171292379768, 0.6045521673642757, 0.610391232663119, 0.6151280446790295, 0.6217767303946219, 0.6268424533734915, 0.6313791960588512, 0.632374265165675, 0.6378188530336708, 0.6420582554010517, 0.6467160853510356, 0.6487074919789181, 0.6562730810411567, 0.6576568617928912, 0.6591031451462388, 0.6606983210274244, 0.6619491458446316, 0.6684763618369602, 0.6725317149271629, 0.6771810137961742, 0.6808694219548221, 0.6859995059325805, 0.688551218557595, 0.6898138412744524, 0.6947822504554135, 0.6947822504554135, 0.697710935541421, 0.6989868512019219, 0.702295581648358, 0.7039241954971419, 0.7101844228276712, 0.7142311103406819, 0.7142311103406819, 0.7156567713401132, 0.7156567713401132, 0.7188454206695103, 0.7202106712603082, 0.7202106712603082, 0.7233319254154428, 0.7233319254154428, 0.7233319254154428, 0.7233319254154428, 0.7233319254154428, 0.7233319254154428, 0.7233319254154428, 0.726975991492351, 0.726975991492351, 0.7287846872630498, 0.7304887727669535, 0.7304887727669535, 0.7304887727669535, 0.7304887727669535, 0.7304887727669535, 0.7304887727669535, 0.7324247362689509, 0.7324247362689509, 0.7324247362689509, 0.738874282369552, 0.738874282369552, 0.738874282369552, 0.7409534293558137, 0.7409534293558137, 0.7409534293558137, 0.7409534293558137, 0.7409534293558137, 0.743208997154041, 0.743208997154041, 0.743208997154041, 0.743208997154041, 0.743208997154041, 0.743208997154041, 0.743208997154041, 0.743208997154041, 0.743208997154041, 0.743208997154041, 0.743208997154041, 0.743208997154041]
[0.04942975968292907, 0.05374457467050626, 0.061032299864672936, 0.07198058443063121, 0.0765870690326048, 0.0819142090452816, 0.09126585604148947, 0.09604237596363654, 0.10160765242215497, 0.10642247379015554, 0.10982800551330688, 0.11523597828021538, 0.1243425748414321, 0.13147555818312245, 0.13205428803667743, 0.13558587436761216, 0.13996109177690766, 0.14536330543317671, 0.1493209656195832, 0.1574997047638551, 0.16428442716633762, 0.17010160611884312, 0.1776895044024992, 0.1859930192829744, 0.19178167088703307, 0.19283650902963154, 0.19933903010081308, 0.20509633387164394, 0.21116819129440606, 0.21331597402536046, 0.22772099367199733, 0.229162747534283, 0.23120595114171927, 0.23411789443911663, 0.23705680173821153, 0.2497055483843359, 0.25891418187306436, 0.26693437935256525, 0.2729954334575395, 0.28321546054290236, 0.2886443809838099, 0.2916228384833262, 0.30169684411048137, 0.30169684411048137, 0.30988303744912343, 0.31324112401297105, 0.3215621944962671, 0.32548205375227035, 0.3428399416839261, 0.3529742608921941, 0.3529742608921941, 0.356229853719223, 0.356229853719223, 0.36589650400823276, 0.36928712214683046, 0.36928712214683046, 0.378210587464605, 0.378210587464605, 0.378210587464605, 0.378210587464605, 0.378210587464605, 0.378210587464605, 0.378210587464605, 0.3904376005916349, 0.3904376005916349, 0.39581263281327167, 0.4014602657270638, 0.4014602657270638, 0.4014602657270638, 0.4014602657270638, 0.4014602657270638, 0.4014602657270638, 0.4085059977934447, 0.4085059977934447, 0.4085059977934447, 0.4344849803623642, 0.4344849803623642, 0.4344849803623642, 0.44174757025028355, 0.44174757025028355, 0.44174757025028355, 0.44174757025028355, 0.44174757025028355, 0.45149895848154875, 0.45149895848154875, 0.45149895848154875, 0.45149895848154875, 0.45149895848154875, 0.45149895848154875, 0.45149895848154875, 0.45149895848154875, 0.45149895848154875, 0.45149895848154875, 0.45149895848154875, 0.45149895848154875]
Training raw path: /home/anhnd/DTI Project/Codes/MPNN/data/KFold/ATCInchikeySideEffectByDrug.txt_train_8
('Number of substructures, proteins, pathways, drugs, se: ', 888, 1448, 330, 969, 598)
Train: 0.9824 0.9398
Test: 0.7374 0.4329
[0.5321047288808483, 0.5245693561528642, 0.5218632591552785, 0.529584186751049, 0.534657053483888, 0.5478568357944889, 0.5521427563011572, 0.5506826224420998, 0.5514806457647707, 0.5567434418053613, 0.5602394042670908, 0.5659310315468867, 0.5730702127859865, 0.5798202550461111, 0.5821168683594483, 0.5853136535156617, 0.5888006085538959, 0.5939825017006678, 0.5975139650593759, 0.6012019268053899, 0.6042288808986269, 0.6111120154675591, 0.6156619756997481, 0.6201610063371406, 0.6254937655051094, 0.6262654098212224, 0.6313846922235837, 0.6345023184784719, 0.6398237639077973, 0.6419098202105339, 0.6492189888966647, 0.6517675025254657, 0.6531441705622574, 0.6561911080151794, 0.6577355548999066, 0.6643851984982244, 0.6677727140030459, 0.6720535131484637, 0.6754988538734286, 0.68000128690009, 0.6831607602587368, 0.6837105488919384, 0.688498338818694, 0.688498338818694, 0.6908296479940305, 0.6924341354198524, 0.6947840444927986, 0.6961483786977423, 0.7018896837235394, 0.7066589199164682, 0.7066589199164682, 0.7078830840013213, 0.7078830840013213, 0.7110808203914147, 0.7126877147921866, 0.7126877147921866, 0.7159145037110386, 0.7159145037110386, 0.7159145037110386, 0.7159145037110386, 0.7159145037110386, 0.7159145037110386, 0.7159145037110386, 0.7196912014759351, 0.7196912014759351, 0.7214314157308149, 0.7233795054557789, 0.7233795054557789, 0.7233795054557789, 0.7233795054557789, 0.7233795054557789, 0.7233795054557789, 0.7253870797317796, 0.7253870797317796, 0.7253870797317796, 0.7324390096658024, 0.7324390096658024, 0.7324390096658024, 0.73476903732691, 0.73476903732691, 0.73476903732691, 0.73476903732691, 0.73476903732691, 0.737366326566318, 0.737366326566318, 0.737366326566318, 0.737366326566318, 0.737366326566318, 0.737366326566318, 0.737366326566318, 0.737366326566318, 0.737366326566318, 0.737366326566318, 0.737366326566318, 0.737366326566318]
[0.06586582181023763, 0.060880865931739546, 0.06526985378856232, 0.07876427370658107, 0.08421454169561968, 0.09056702920521743, 0.09735019877674675, 0.09998210105341565, 0.10525465156678171, 0.10992612577299156, 0.11259677890910869, 0.11936223722610419, 0.1269767151293777, 0.13244629532740587, 0.13427759078926504, 0.13749050055630532, 0.14078369787432432, 0.1455476819336462, 0.1498874689555145, 0.15519102422689818, 0.16015542536962482, 0.16873671321121558, 0.1739522466053927, 0.18078912750210896, 0.18589712939285613, 0.18640708304426343, 0.19261741617247716, 0.19658950754990792, 0.20397949537166887, 0.2067706025091558, 0.21888437364162952, 0.22202301523017326, 0.22471855873817653, 0.229541665027733, 0.23199661481628386, 0.2438454093284355, 0.2495004644887293, 0.2558992314878985, 0.26137757009829143, 0.2703591007219569, 0.27559733695193833, 0.2762090014006392, 0.2871370412007518, 0.2871370412007518, 0.2929761241756416, 0.2972471477803883, 0.30213067831422014, 0.30539657309775436, 0.31908929081418846, 0.33182917635478504, 0.33182917635478504, 0.3343442422353636, 0.3343442422353636, 0.34309827912700697, 0.34746226046836887, 0.34746226046836887, 0.3562994627813584, 0.3562994627813584, 0.3562994627813584, 0.3562994627813584, 0.3562994627813584, 0.3562994627813584, 0.3562994627813584, 0.3669536522343514, 0.3669536522343514, 0.37195278863405784, 0.3784903518818655, 0.3784903518818655, 0.3784903518818655, 0.3784903518818655, 0.3784903518818655, 0.3784903518818655, 0.3857732288590995, 0.3857732288590995, 0.3857732288590995, 0.41303142623229505, 0.41303142623229505, 0.41303142623229505, 0.4212727494021137, 0.4212727494021137, 0.4212727494021137, 0.4212727494021137, 0.4212727494021137, 0.43285071433224404, 0.43285071433224404, 0.43285071433224404, 0.43285071433224404, 0.43285071433224404, 0.43285071433224404, 0.43285071433224404, 0.43285071433224404, 0.43285071433224404, 0.43285071433224404, 0.43285071433224404, 0.43285071433224404]
Training raw path: /home/anhnd/DTI Project/Codes/MPNN/data/KFold/ATCInchikeySideEffectByDrug.txt_train_9
('Number of substructures, proteins, pathways, drugs, se: ', 888, 1448, 330, 969, 598)
Train: 0.9824 0.9395
Test: 0.7296 0.4411
[0.5138503811450416, 0.52502298688936, 0.530948994610841, 0.5301169631986271, 0.5372742579042808, 0.5420190948050723, 0.5454330373029561, 0.5496470244831545, 0.555713863097009, 0.5602603587977857, 0.5642754634977188, 0.570893306922162, 0.5800135881647274, 0.5881859174633419, 0.5899431408769931, 0.5951734614153559, 0.5993300886053368, 0.6042557423292197, 0.6069237408770424, 0.612201868698152, 0.6166850400117982, 0.6221037608807118, 0.6282380846074883, 0.6326429879648519, 0.6365319986675401, 0.6376366203933334, 0.6417683153682542, 0.6451897529329131, 0.648362912754402, 0.6504421855166584, 0.6557752308980069, 0.6577632120682322, 0.6587431841684305, 0.6608324986593038, 0.6621937136470836, 0.6677048554843726, 0.6704046455702019, 0.6749713169867275, 0.6779080184433799, 0.6822838842858752, 0.6847139830070581, 0.6854276644955539, 0.6892182101196095, 0.6892182101196095, 0.6914759516821902, 0.6925010682052747, 0.6949462679019583, 0.6959636475616708, 0.7003664263677636, 0.7035210983264364, 0.7035210983264364, 0.704692917178805, 0.704692917178805, 0.7074708327980289, 0.7087663660477539, 0.7087663660477539, 0.7115878504288577, 0.7115878504288577, 0.7115878504288577, 0.7115878504288577, 0.7115878504288577, 0.7115878504288577, 0.7115878504288577, 0.7145904405823398, 0.7145904405823398, 0.7163485998183761, 0.718006461378583, 0.718006461378583, 0.718006461378583, 0.718006461378583, 0.718006461378583, 0.718006461378583, 0.7197666141865997, 0.7197666141865997, 0.7197666141865997, 0.7254694802878052, 0.7254694802878052, 0.7254694802878052, 0.7274870558140071, 0.7274870558140071, 0.7274870558140071, 0.7274870558140071, 0.7274870558140071, 0.7295546216047591, 0.7295546216047591, 0.7295546216047591, 0.7295546216047591, 0.7295546216047591, 0.7295546216047591, 0.7295546216047591, 0.7295546216047591, 0.7295546216047591, 0.7295546216047591, 0.7295546216047591, 0.7295546216047591]
[0.07210627956954438, 0.07794396477714907, 0.08313783978971984, 0.08991855622770162, 0.09754289964652355, 0.10094278862821432, 0.1085255048015006, 0.11569402953622838, 0.12253865919081221, 0.12808589897210743, 0.13191190186025264, 0.13867890267957614, 0.1513318589935792, 0.16025408912752526, 0.16188456714131644, 0.1682382255200895, 0.17362034464606235, 0.18057262210375252, 0.18157477734599595, 0.18879800885329842, 0.1926455176675566, 0.2012143563663528, 0.21034309452806296, 0.21739376625223783, 0.22338702889213952, 0.22484874733818308, 0.23118067750232235, 0.23670461313817245, 0.24106116093951815, 0.2444462467592619, 0.2536765374907442, 0.25681744565441983, 0.2588563825111358, 0.2622224088568277, 0.2656080075742424, 0.2759715179696924, 0.28118961169097345, 0.2899699589516075, 0.2954238533842033, 0.3044408185814621, 0.310088495367841, 0.3109313418166398, 0.3184966525939944, 0.3184966525939944, 0.32414996984579403, 0.3267588538202244, 0.33309974510481677, 0.3352140537227902, 0.3464536312831829, 0.35339329646339757, 0.35339329646339757, 0.3560887566602547, 0.3560887566602547, 0.3652969070093946, 0.3686899113525811, 0.3686899113525811, 0.3775035169816626, 0.3775035169816626, 0.3775035169816626, 0.3775035169816626, 0.3775035169816626, 0.3775035169816626, 0.3775035169816626, 0.38708446408335917, 0.38708446408335917, 0.39238414290291385, 0.39807648918779404, 0.39807648918779404, 0.39807648918779404, 0.39807648918779404, 0.39807648918779404, 0.39807648918779404, 0.40421094235598487, 0.40421094235598487, 0.40421094235598487, 0.4256283068393754, 0.4256283068393754, 0.4256283068393754, 0.4331434017162424, 0.4331434017162424, 0.4331434017162424, 0.4331434017162424, 0.4331434017162424, 0.441067514649677, 0.441067514649677, 0.441067514649677, 0.441067514649677, 0.441067514649677, 0.441067514649677, 0.441067514649677, 0.441067514649677, 0.441067514649677, 0.441067514649677, 0.441067514649677, 0.441067514649677]
AUC: 0.7304 0.0031
AUPR: 0.4399 0.0045
('RARE AUC', [(0.5149695839841323, 0.008620711050766935), (0.5184921342300088, 0.006276421002118552), (0.5268332074590014, 0.005704166756359163), (0.5314469463725601, 0.005027838320558521), (0.5351572957082199, 0.005016690899017995), (0.5421350235343151, 0.00483723827757164), (0.5473739822783317, 0.0047702758434747155), (0.5516828290427731, 0.004839623308675421), (0.555266139052632, 0.004997288329105684), (0.5596768853634508, 0.004836410138855177), (0.563553802901062, 0.004737711070461453), (0.5696078076935308, 0.00487707210176476), (0.5780281541069596, 0.004973185321283326), (0.5847071709159283, 0.005015594683697527), (0.5860471763574333, 0.005105763548015821), (0.5893991029017934, 0.005021388631230643), (0.5928359444464671, 0.004942884006410705), (0.5978147999607171, 0.004911168036763307), (0.6006972195951645, 0.00480912376151017), (0.6039109412834796, 0.004591452706627437), (0.6087565222511634, 0.004688058128793784), (0.6141122924958763, 0.00464837346753371), (0.6191393945533006, 0.004604865477040684), (0.6229316468074838, 0.00455671491932446), (0.6257496298112161, 0.004395220371675955), (0.6266790325361292, 0.004410933313819797), (0.631465594428014, 0.004289557778390999), (0.6343131312517662, 0.004201445051634399), (0.6387508808352129, 0.004180343624778166), (0.6406620960293417, 0.004191126605621595), (0.6469541955616592, 0.004219820280163937), (0.6496409911813373, 0.004115094039785302), (0.6506741708343182, 0.0041158888201428745), (0.6529731693470552, 0.00405099135899368), (0.6541765528068519, 0.0040030896710032396), (0.6612584517825619, 0.003746960677230103), (0.6647937402642454, 0.0036952743519337804), (0.669301254483274, 0.0035837384750985), (0.6727032414127078, 0.0035054670338636107), (0.6773574011264426, 0.0034557337818566796), (0.6795682314064855, 0.0034582965959116183), (0.6807512150243202, 0.0034346931382488893), (0.6853414644615231, 0.0033742362432224726), (0.6853414644615231, 0.0033742362432224726), (0.6878035500402031, 0.0033510410147888896), (0.6890534481357519, 0.0033385166657162743), (0.691646987040133, 0.003315723633060851), (0.6929975908534891, 0.0032923729314813903), (0.6982521148791001, 0.003274317916902537), (0.7020798328179764, 0.0032677670879358582), (0.7020798328179764, 0.0032677670879358582), (0.7033635315187144, 0.003253771731979717), (0.7033635315187144, 0.003253771731979717), (0.7062143454298031, 0.003289341962947186), (0.7076179493757906, 0.0032880866469269976), (0.7076179493757906, 0.0032880866469269976), (0.710596185743349, 0.0032872720590690833), (0.710596185743349, 0.0032872720590690833), (0.710596185743349, 0.0032872720590690833), (0.710596185743349, 0.0032872720590690833), (0.710596185743349, 0.0032872720590690833), (0.710596185743349, 0.0032872720590690833), (0.710596185743349, 0.0032872720590690833), (0.7140438308261622, 0.0032708078199346633), (0.7140438308261622, 0.0032708078199346633), (0.7157875091538488, 0.0032378373248319004), (0.717623051568759, 0.0032266555270366475), (0.717623051568759, 0.0032266555270366475), (0.717623051568759, 0.0032266555270366475), (0.717623051568759, 0.0032266555270366475), (0.717623051568759, 0.0032266555270366475), (0.717623051568759, 0.0032266555270366475), (0.7196795211438305, 0.0032097138020972566), (0.7196795211438305, 0.0032097138020972566), (0.7196795211438305, 0.0032097138020972566), (0.7259657124412102, 0.0031597262894898772), (0.7259657124412102, 0.0031597262894898772), (0.7259657124412102, 0.0031597262894898772), (0.7281053762871174, 0.0031440080446369294), (0.7281053762871174, 0.0031440080446369294), (0.7281053762871174, 0.0031440080446369294), (0.7281053762871174, 0.0031440080446369294), (0.7281053762871174, 0.0031440080446369294), (0.7304118372104036, 0.0031457252458963253), (0.7304118372104036, 0.0031457252458963253), (0.7304118372104036, 0.0031457252458963253), (0.7304118372104036, 0.0031457252458963253), (0.7304118372104036, 0.0031457252458963253), (0.7304118372104036, 0.0031457252458963253), (0.7304118372104036, 0.0031457252458963253), (0.7304118372104036, 0.0031457252458963253), (0.7304118372104036, 0.0031457252458963253), (0.7304118372104036, 0.0031457252458963253), (0.7304118372104036, 0.0031457252458963253), (0.7304118372104036, 0.0031457252458963253)])
('RARE AUPR', [(0.06810576448400435, 0.004277238546268088), (0.07248310199011418, 0.004463237089837733), (0.07831805931895382, 0.0046704538864537765), (0.08599203576303768, 0.00410853202639836), (0.09091344409291406, 0.004316794165570248), (0.09578382800843097, 0.004272594737493922), (0.10254607627746223, 0.0041913493662254385), (0.10891913896700507, 0.004612100475751954), (0.11401847164024806, 0.004806584547024763), (0.11930439493002394, 0.004937285163853314), (0.12294029903027323, 0.004912211739428994), (0.12911442819944544, 0.005150176197043601), (0.13836368300867413, 0.005403056234482407), (0.1454929940732888, 0.005742095132410762), (0.14696843593196285, 0.005895228192473364), (0.1511492545834708, 0.006066030773732551), (0.15506234419578227, 0.006218881609712863), (0.16041465313735837, 0.00625866676980136), (0.1636674348453892, 0.006096765608605063), (0.16977355205992112, 0.0060050178841053676), (0.1758029072894319, 0.00616038335697113), (0.1829774966740984, 0.00636527675057258), (0.1893861514757425, 0.006480723295589547), (0.19541372153903042, 0.0065166734981410524), (0.1993214370105703, 0.00620232933354401), (0.20055004841384294, 0.006313135614063201), (0.20694797583025845, 0.006465127191264833), (0.21174124190455967, 0.006336225988312025), (0.21838067570531136, 0.006216275388185027), (0.22117107097567743, 0.006258999290656536), (0.2318168965975816, 0.006353502487338709), (0.23571782856154516, 0.006529564907716673), (0.23748325149354485, 0.006470233040677137), (0.24192560064948224, 0.006542671135930538), (0.24421321551644168, 0.006573544936634486), (0.25815973741589976, 0.00635759084462449), (0.26551087825256603, 0.006311486605421515), (0.2737232097762473, 0.006385111485755018), (0.28002858064546693, 0.006552558528160548), (0.2895117953004902, 0.006700211352282064), (0.29346203325783354, 0.006601336182435677), (0.29628883012847795, 0.006748068677567678), (0.30593659935781803, 0.006511690772517369), (0.30593659935781803, 0.006511690772517369), (0.3118275612797584, 0.006341406443524887), (0.31476365749089535, 0.006308708265127085), (0.3207713685627692, 0.006382022772364727), (0.32408798059303645, 0.00643417271348437), (0.33660764088888323, 0.006003146062539235), (0.3456912907574029, 0.0058465042602072964), (0.3456912907574029, 0.0058465042602072964), (0.348502355203033, 0.0057640081506276945), (0.348502355203033, 0.0057640081506276945), (0.35651690372152156, 0.0057181687845816245), (0.3601023672126332, 0.005825031553200773), (0.3601023672126332, 0.005825031553200773), (0.3684583174939161, 0.005621909404365497), (0.3684583174939161, 0.005621909404365497), (0.3684583174939161, 0.005621909404365497), (0.3684583174939161, 0.005621909404365497), (0.3684583174939161, 0.005621909404365497), (0.3684583174939161, 0.005621909404365497), (0.3684583174939161, 0.005621909404365497), (0.3794575552746099, 0.005639339416656028), (0.3794575552746099, 0.005639339416656028), (0.38501958924771995, 0.005738194593406047), (0.39133152249370784, 0.0054199207962315), (0.39133152249370784, 0.0054199207962315), (0.39133152249370784, 0.0054199207962315), (0.39133152249370784, 0.0054199207962315), (0.39133152249370784, 0.0054199207962315), (0.39133152249370784, 0.0054199207962315), (0.3992963135434781, 0.005316633838042745), (0.3992963135434781, 0.005316633838042745), (0.3992963135434781, 0.005316633838042745), (0.42262325056800554, 0.004675369390472473), (0.42262325056800554, 0.004675369390472473), (0.42262325056800554, 0.004675369390472473), (0.4304631457790739, 0.00467711747956015), (0.4304631457790739, 0.00467711747956015), (0.4304631457790739, 0.00467711747956015), (0.4304631457790739, 0.00467711747956015), (0.4304631457790739, 0.00467711747956015), (0.4398978476538467, 0.004548731979943836), (0.4398978476538467, 0.004548731979943836), (0.4398978476538467, 0.004548731979943836), (0.4398978476538467, 0.004548731979943836), (0.4398978476538467, 0.004548731979943836), (0.4398978476538467, 0.004548731979943836), (0.4398978476538467, 0.004548731979943836), (0.4398978476538467, 0.004548731979943836), (0.4398978476538467, 0.004548731979943836), (0.4398978476538467, 0.004548731979943836), (0.4398978476538467, 0.004548731979943836), (0.4398978476538467, 0.004548731979943836)])
