CSMF_P
<models.baselines.CSMF.CSMF object at 0x7f4a09534650>
('Manual torch seed: ', 1772727637)
('Config: ', 'Protein Test: ', False, 'KNN: ', 1)
Training raw path: /home/anhnd/DTI Project/Codes/MPNN/data/KFold/ATCInchikeySideEffectByDrug.txt_train_0
('Number of substructures, proteins, pathways, drugs, se: ', 2936, 1448, 330, 969, 598)
((872, 4714), (97, 4714), (872, 598), (97, 598))
('VALIDATE SUM PROTEIN TRAIN: ', 22497.0)
('VALIDATE SUM PROTEIN TEST: ', 0.0)
Train: 0.9997 0.9990
Test: 0.6852 0.3929
[0.5931001647223413, 0.6075334983244068, 0.6128989992433624, 0.607980772031321, 0.6062531558984475, 0.6067495361935963, 0.6073716932851576, 0.6090914273720907, 0.6106814856620559, 0.6111334793545333, 0.609399925940501, 0.6109750634309382, 0.609689504672857, 0.6112778417182603, 0.6109691124006829, 0.6121723129889554, 0.6128973309387171, 0.614391034364631, 0.6157071910938207, 0.6165920607966104, 0.6190315353848638, 0.6198924968330688, 0.6209905804253392, 0.6231509607927851, 0.6239240010142985, 0.6239648157467956, 0.6241590576096893, 0.6254322170118296, 0.6268320217872, 0.6275374572949441, 0.6309249692992627, 0.6315808094812506, 0.6321413090094303, 0.6337216971959779, 0.6344213613282822, 0.6374891753914179, 0.639038625017923, 0.640573826875311, 0.6421630359170362, 0.6443796808951147, 0.6458325869343737, 0.6463434417593051, 0.6490980337226149, 0.6490980337226149, 0.6506470643405388, 0.651622549401917, 0.6532402895039373, 0.6539625789153198, 0.6574323368800612, 0.6602298552260653, 0.6602298552260653, 0.6612247696591731, 0.6612247696591731, 0.66361523066031, 0.6645130133101387, 0.6645130133101387, 0.6667694562648903, 0.6667694562648903, 0.6667694562648903, 0.6667694562648903, 0.6667694562648903, 0.6667694562648903, 0.6667694562648903, 0.6698656649620746, 0.6698656649620746, 0.6714268152290443, 0.6729515505475783, 0.6729515505475783, 0.6729515505475783, 0.6729515505475783, 0.6729515505475783, 0.6729515505475783, 0.6748818226176587, 0.6748818226176587, 0.6748818226176587, 0.6806654434018088, 0.6806654434018088, 0.6806654434018088, 0.6827783128856966, 0.6827783128856966, 0.6827783128856966, 0.6827783128856966, 0.6827783128856966, 0.6851634224522455, 0.6851634224522455, 0.6851634224522455, 0.6851634224522455, 0.6851634224522455, 0.6851634224522455, 0.6851634224522455, 0.6851634224522455, 0.6851634224522455, 0.6851634224522455, 0.6851634224522455, 0.6851634224522455]
[0.11667923418430215, 0.13807423425388726, 0.14111204463845162, 0.1405437234469958, 0.14016299805813984, 0.14493275257095617, 0.1496976264726245, 0.15497054026567952, 0.1589422426435453, 0.16021396816789812, 0.16137816068995964, 0.16498358317692738, 0.17365056791559252, 0.17872838991286832, 0.18133723265099017, 0.1854795545808249, 0.18771741047219292, 0.19175252738707854, 0.19452013322591874, 0.20231967191133618, 0.2099707773579603, 0.21423115864019918, 0.21757130618293888, 0.2226927581239792, 0.22759583534814257, 0.22784276969149986, 0.23098982411758529, 0.23468039723242112, 0.23938286724247967, 0.2416459390403617, 0.251392130175524, 0.25483499927812714, 0.25611484279729874, 0.2601383299685821, 0.26218392724142703, 0.27191659721748695, 0.27589724706902774, 0.28207130831682853, 0.28502236158114563, 0.2919602631887503, 0.29497670388646446, 0.29639698893494243, 0.3024191904098915, 0.3024191904098915, 0.3063664278728905, 0.30829584767617285, 0.3134963866093289, 0.31570005225401504, 0.3246392956160167, 0.33155108234994213, 0.33155108234994213, 0.3339868881383233, 0.3339868881383233, 0.34085186084980174, 0.3428803351693329, 0.3428803351693329, 0.3482702778582861, 0.3482702778582861, 0.3482702778582861, 0.3482702778582861, 0.3482702778582861, 0.3482702778582861, 0.3482702778582861, 0.3557775076837386, 0.3557775076837386, 0.35957399182249145, 0.36337181310399846, 0.36337181310399846, 0.36337181310399846, 0.36337181310399846, 0.36337181310399846, 0.36337181310399846, 0.3681915239371709, 0.3681915239371709, 0.3681915239371709, 0.38207805505217185, 0.38207805505217185, 0.38207805505217185, 0.38721330352831884, 0.38721330352831884, 0.38721330352831884, 0.38721330352831884, 0.38721330352831884, 0.3929386359759551, 0.3929386359759551, 0.3929386359759551, 0.3929386359759551, 0.3929386359759551, 0.3929386359759551, 0.3929386359759551, 0.3929386359759551, 0.3929386359759551, 0.3929386359759551, 0.3929386359759551, 0.3929386359759551]
Training raw path: /home/anhnd/DTI Project/Codes/MPNN/data/KFold/ATCInchikeySideEffectByDrug.txt_train_1
('Number of substructures, proteins, pathways, drugs, se: ', 2936, 1448, 330, 969, 598)
((872, 4714), (97, 4714), (872, 598), (97, 598))
('VALIDATE SUM PROTEIN TRAIN: ', 22668.0)
('VALIDATE SUM PROTEIN TEST: ', 0.0)
