CSMF_P
<models.baselines.CSMF.CSMF object at 0x7fd5e3d67710>
Training raw path: /home/anhnd/DTI Project/Codes/MPNN/data/KFold/ATCInchikeySideEffectByDrug.txt_train_0
('Number of substructures, proteins, pathways, drugs, se: ', 888, 1448, 330, 969, 598)
Train: 0.9813 0.9349
Test: 0.7806 0.5156
[0.6584886161066859, 0.6733193483131573, 0.6812596697145482, 0.6725008057696248, 0.6704713800901183, 0.6723045270958946, 0.6719324232200795, 0.6744208008367503, 0.674879016195564, 0.6768460335672319, 0.6780094308499499, 0.6791436933415428, 0.6825979054596032, 0.685148697172328, 0.6868841409668072, 0.6885718005101976, 0.6897781803830777, 0.6913687523299654, 0.6922667915997381, 0.6946960068597945, 0.6988123669073658, 0.7017234660774885, 0.704770331476353, 0.7079066309608554, 0.7099830063676692, 0.7103892073518091, 0.7123957275160562, 0.7148432823296083, 0.7177301713005153, 0.7187984926905311, 0.7224024049688982, 0.7242596917328351, 0.7249514286729517, 0.7263454052667051, 0.7272684062903702, 0.7322963699562972, 0.734704203208592, 0.7378310931336456, 0.7399901376946796, 0.7431598246630691, 0.744490260471617, 0.745439075857117, 0.7483245400901083, 0.7483245400901083, 0.7502696340301956, 0.7510600064215202, 0.7528652169630033, 0.7538383199252764, 0.7572179831961072, 0.7599972881621867, 0.7599972881621867, 0.7610061708969444, 0.7610061708969444, 0.7631391975761526, 0.7640909078569513, 0.7640909078569513, 0.765899563049153, 0.765899563049153, 0.765899563049153, 0.765899563049153, 0.765899563049153, 0.765899563049153, 0.765899563049153, 0.7684968633622224, 0.7684968633622224, 0.7698141180857853, 0.7710877755167962, 0.7710877755167962, 0.7710877755167962, 0.7710877755167962, 0.7710877755167962, 0.7710877755167962, 0.7726201891711197, 0.7726201891711197, 0.7726201891711197, 0.7771336012499194, 0.7771336012499194, 0.7771336012499194, 0.7787953961216434, 0.7787953961216434, 0.7787953961216434, 0.7787953961216434, 0.7787953961216434, 0.7806091682163901, 0.7806091682163901, 0.7806091682163901, 0.7806091682163901, 0.7806091682163901, 0.7806091682163901, 0.7806091682163901, 0.7806091682163901, 0.7806091682163901, 0.7806091682163901, 0.7806091682163901, 0.7806091682163901]
[0.16782093478953128, 0.18686759119376503, 0.19726174138110694, 0.19238784890939897, 0.1937217533220868, 0.20006735844110007, 0.2031149487473774, 0.21045894024928385, 0.21305820304701853, 0.2181194430928342, 0.2194126412791375, 0.22090312878631674, 0.23256733407830504, 0.2406292710366573, 0.24473075881876477, 0.24862459016715724, 0.2511384654290705, 0.2541027120486, 0.25569791749141, 0.2646539291297329, 0.2764218002669069, 0.2826506168520486, 0.28952796027185645, 0.2982509740009382, 0.30445405024388117, 0.3050796778029905, 0.3088612524172293, 0.31426234280671034, 0.32197321466053985, 0.32414000244279745, 0.3333419192116642, 0.33825323559095516, 0.34001517156004457, 0.34604057845831193, 0.3478631077885559, 0.36155963701538274, 0.3682261353591132, 0.3764158291709021, 0.3822099727656054, 0.39115246976403406, 0.3936574811898638, 0.3964741610575675, 0.40368066750966136, 0.40368066750966136, 0.4106744112695872, 0.4122908329980629, 0.41768439090992693, 0.42091807298004635, 0.4308625913278078, 0.44013922863818455, 0.44013922863818455, 0.44316794974417817, 0.44316794974417817, 0.4500364089849348, 0.4532089358672447, 0.4532089358672447, 0.45842457739693176, 0.45842457739693176, 0.45842457739693176, 0.45842457739693176, 0.45842457739693176, 0.45842457739693176, 0.45842457739693176, 0.46764369564533154, 0.46764369564533154, 0.47224635014617683, 0.4773047856629306, 0.4773047856629306, 0.4773047856629306, 0.4773047856629306, 0.4773047856629306, 0.4773047856629306, 0.48357758679738816, 0.48357758679738816, 0.48357758679738816, 0.5005584657256787, 0.5005584657256787, 0.5005584657256787, 0.5074362172054481, 0.5074362172054481, 0.5074362172054481, 0.5074362172054481, 0.5074362172054481, 0.515643144803921, 0.515643144803921, 0.515643144803921, 0.515643144803921, 0.515643144803921, 0.515643144803921, 0.515643144803921, 0.515643144803921, 0.515643144803921, 0.515643144803921, 0.515643144803921, 0.515643144803921]
Training raw path: /home/anhnd/DTI Project/Codes/MPNN/data/KFold/ATCInchikeySideEffectByDrug.txt_train_1
('Number of substructures, proteins, pathways, drugs, se: ', 888, 1448, 330, 969, 598)
Train: 0.9818 0.9366
Test: 0.7845 0.5193
[0.6492195552771647, 0.6672673010928951, 0.6609291398570971, 0.6552303134486065, 0.6583801101839051, 0.6614183163957907, 0.6637418568506703, 0.6642773968284607, 0.6682083052234872, 0.6697547537360595, 0.6698563784885464, 0.6734414528003239, 0.6780648698403806, 0.6830951575081328, 0.6845203513102983, 0.6882132735769495, 0.6903421785474216, 0.6938391629770163, 0.6949038397165709, 0.6972571091676488, 0.7005464071349445, 0.7036782463749529, 0.706237477131284, 0.7095476194817425, 0.7105618871828168, 0.710792053011523, 0.7130513179046993, 0.714691318865328, 0.718181706353906, 0.7194236367280351, 0.7230723017193812, 0.7260392118899254, 0.7269961281361974, 0.7289678636397356, 0.7296809599205347, 0.7344174967307076, 0.7366641658410661, 0.7403239562933086, 0.7428141610272132, 0.7467112629708683, 0.7481435301213957, 0.7490725875958568, 0.7520071063604334, 0.7520071063604334, 0.7532932600057296, 0.7541003613545025, 0.7563102804271783, 0.7571560658748634, 0.7605945410598409, 0.7634443167165266, 0.7634443167165266, 0.7642522608175701, 0.7642522608175701, 0.7664688495291341, 0.7675674328573432, 0.7675674328573432, 0.7697486093054031, 0.7697486093054031, 0.7697486093054031, 0.7697486093054031, 0.7697486093054031, 0.7697486093054031, 0.7697486093054031, 0.7724844486546658, 0.7724844486546658, 0.7737310839897824, 0.7749227308594377, 0.7749227308594377, 0.7749227308594377, 0.7749227308594377, 0.7749227308594377, 0.7749227308594377, 0.7766182630383476, 0.7766182630383476, 0.7766182630383476, 0.7809641102522632, 0.7809641102522632, 0.7809641102522632, 0.7827267095770474, 0.7827267095770474, 0.7827267095770474, 0.7827267095770474, 0.7827267095770474, 0.7845437740201877, 0.7845437740201877, 0.7845437740201877, 0.7845437740201877, 0.7845437740201877, 0.7845437740201877, 0.7845437740201877, 0.7845437740201877, 0.7845437740201877, 0.7845437740201877, 0.7845437740201877, 0.7845437740201877]
[0.12885264807839147, 0.15111766406059784, 0.14704182659877502, 0.1540862866727356, 0.16408683477290467, 0.16733212892779292, 0.17546115196211537, 0.18011267308285528, 0.18901358478290647, 0.1926536224314255, 0.19389319403991057, 0.2005469026443071, 0.21235645115986304, 0.2202697091718351, 0.22463181906383844, 0.2327598407116438, 0.23732977992300058, 0.2446189229179056, 0.24611322341014907, 0.25558081147532963, 0.2655869771765758, 0.2728214589505076, 0.27900928558851473, 0.28915133503022283, 0.29320990709897327, 0.2937657768862593, 0.2981246913671659, 0.3032294216372368, 0.31349566322214795, 0.31698437758405473, 0.32823270622030865, 0.33516657805467426, 0.33736266323302394, 0.34258884759655905, 0.3440119797916442, 0.35622043053447056, 0.36145369768336394, 0.37154526294584866, 0.3778596165426394, 0.38917613007220125, 0.393351011393668, 0.395432565365759, 0.40362623157016564, 0.40362623157016564, 0.4077917440962078, 0.41025419340563907, 0.41745269346249975, 0.4196938468639936, 0.42988089536332824, 0.4401485372769459, 0.4401485372769459, 0.4423794482120211, 0.4423794482120211, 0.44993185990813045, 0.45348921115111185, 0.45348921115111185, 0.46068636775389743, 0.46068636775389743, 0.46068636775389743, 0.46068636775389743, 0.46068636775389743, 0.46068636775389743, 0.46068636775389743, 0.4712923409810164, 0.4712923409810164, 0.4754849070129743, 0.4793956135022966, 0.4793956135022966, 0.4793956135022966, 0.4793956135022966, 0.4793956135022966, 0.4793956135022966, 0.4866989142395519, 0.4866989142395519, 0.4866989142395519, 0.5040302618484042, 0.5040302618484042, 0.5040302618484042, 0.5111177153876277, 0.5111177153876277, 0.5111177153876277, 0.5111177153876277, 0.5111177153876277, 0.5192852585057409, 0.5192852585057409, 0.5192852585057409, 0.5192852585057409, 0.5192852585057409, 0.5192852585057409, 0.5192852585057409, 0.5192852585057409, 0.5192852585057409, 0.5192852585057409, 0.5192852585057409, 0.5192852585057409]
Training raw path: /home/anhnd/DTI Project/Codes/MPNN/data/KFold/ATCInchikeySideEffectByDrug.txt_train_2
('Number of substructures, proteins, pathways, drugs, se: ', 888, 1448, 330, 969, 598)
Train: 0.9831 0.9411
Test: 0.7997 0.5638
[0.7071760714165995, 0.6989795733631619, 0.7036004367325362, 0.7038704237282335, 0.7071609408429245, 0.7068066344234206, 0.7063340583334302, 0.7093975935559345, 0.7087966847989342, 0.7101863411171517, 0.7111472115673234, 0.7145968378388879, 0.7153080288796687, 0.7174731849082062, 0.7177886732670258, 0.7201840385214379, 0.7221442313834341, 0.7242156238188855, 0.7251080442667464, 0.7292184916321125, 0.7309717981275232, 0.7335061252393014, 0.7363838132168121, 0.7399294696962344, 0.7418887855191509, 0.7423149268081295, 0.7445869404781329, 0.7469192007926322, 0.7490870537716021, 0.7500024960902714, 0.752522995737279, 0.7538594663512205, 0.754400171569264, 0.7553637132190093, 0.7560302753726177, 0.7603028470025891, 0.7624681876700138, 0.7645943802161977, 0.7666301387944763, 0.7689204141442236, 0.7700729575638994, 0.7709339770156208, 0.7731577552286554, 0.7731577552286554, 0.7747981174363396, 0.7754844313469924, 0.7769256643183666, 0.7777972443965364, 0.7807681721414403, 0.7828575241336103, 0.7828575241336103, 0.7834492237246213, 0.7834492237246213, 0.7848442502083817, 0.785798869279208, 0.785798869279208, 0.7873265387468631, 0.7873265387468631, 0.7873265387468631, 0.7873265387468631, 0.7873265387468631, 0.7873265387468631, 0.7873265387468631, 0.789420183628601, 0.789420183628601, 0.790619499691372, 0.7917519658414531, 0.7917519658414531, 0.7917519658414531, 0.7917519658414531, 0.7917519658414531, 0.7917519658414531, 0.7930877245232617, 0.7930877245232617, 0.7930877245232617, 0.7968656944116128, 0.7968656944116128, 0.7968656944116128, 0.7982402842002915, 0.7982402842002915, 0.7982402842002915, 0.7982402842002915, 0.7982402842002915, 0.7997275000945385, 0.7997275000945385, 0.7997275000945385, 0.7997275000945385, 0.7997275000945385, 0.7997275000945385, 0.7997275000945385, 0.7997275000945385, 0.7997275000945385, 0.7997275000945385, 0.7997275000945385, 0.7997275000945385]
[0.20733953428791677, 0.22181782691974117, 0.23600634594346262, 0.23800890402609132, 0.24129626489457726, 0.244402599572038, 0.25265431613359385, 0.25730785964409053, 0.2625712969404084, 0.2704938445885975, 0.2722860918461719, 0.2797663757479738, 0.2826041590998425, 0.28667193483980347, 0.28839506498982337, 0.29604975190027594, 0.30157063782408755, 0.3072527981838058, 0.30983657878700693, 0.32296474894794425, 0.3315608383042281, 0.3380724209518787, 0.34819848121902386, 0.3585296044827205, 0.36626652088604433, 0.36686747459462193, 0.37322985603976133, 0.3815604751856736, 0.389020987249966, 0.3918383492274846, 0.39849189811663027, 0.40200499226595054, 0.40352966495302156, 0.4063241157879193, 0.4076127581799156, 0.42102313169328914, 0.4291427304165268, 0.4361229301437194, 0.44304225549708554, 0.4499275101622694, 0.4541535485764998, 0.45719457102726013, 0.4644619152201675, 0.4644619152201675, 0.4710173951285185, 0.47292331389722, 0.47817437544402774, 0.48104660057775983, 0.4906517946637682, 0.49859864938828086, 0.49859864938828086, 0.5005781675393254, 0.5005781675393254, 0.5044664403658786, 0.5079183361628911, 0.5079183361628911, 0.5125652882739147, 0.5125652882739147, 0.5125652882739147, 0.5125652882739147, 0.5125652882739147, 0.5125652882739147, 0.5125652882739147, 0.521008421193845, 0.521008421193845, 0.5253807449491041, 0.530217881302238, 0.530217881302238, 0.530217881302238, 0.530217881302238, 0.530217881302238, 0.530217881302238, 0.5361562148135605, 0.5361562148135605, 0.5361562148135605, 0.5515927503048776, 0.5515927503048776, 0.5515927503048776, 0.5571801079278473, 0.5571801079278473, 0.5571801079278473, 0.5571801079278473, 0.5571801079278473, 0.5638438639214337, 0.5638438639214337, 0.5638438639214337, 0.5638438639214337, 0.5638438639214337, 0.5638438639214337, 0.5638438639214337, 0.5638438639214337, 0.5638438639214337, 0.5638438639214337, 0.5638438639214337, 0.5638438639214337]
Training raw path: /home/anhnd/DTI Project/Codes/MPNN/data/KFold/ATCInchikeySideEffectByDrug.txt_train_3
('Number of substructures, proteins, pathways, drugs, se: ', 888, 1448, 330, 969, 598)
Train: 0.9825 0.9398
Test: 0.7983 0.5293
[0.68484791251126, 0.7053019558579411, 0.7040039849410293, 0.7038298101523738, 0.70571960669338, 0.7062130282496778, 0.7102534792258023, 0.7097650825123425, 0.7119358107582356, 0.7156084741640979, 0.7163706129649966, 0.7180064143021094, 0.7208572479302675, 0.7240548101332, 0.7249465736756738, 0.7263697867195796, 0.7279750500250468, 0.7282637468757481, 0.7287471449364025, 0.7305634298094995, 0.7337040224762926, 0.7368228329664123, 0.7389804858191885, 0.7409050163657385, 0.7411573699963494, 0.7415356735669099, 0.7437524094856869, 0.7447099748243661, 0.7469301848463233, 0.7474896302644709, 0.7509218225072135, 0.7518556628155632, 0.7521320123688723, 0.7533044563256235, 0.7537679057014537, 0.757523249951585, 0.7594850306043553, 0.7612922130445572, 0.7630788756816704, 0.7655941413671932, 0.76649900255121, 0.7671764700111565, 0.769687983665537, 0.769687983665537, 0.7709234032001665, 0.7717021239159769, 0.7731611736059927, 0.774112504629759, 0.7769716483414258, 0.7794287154048427, 0.7794287154048427, 0.7802172346009203, 0.7802172346009203, 0.7818874623611038, 0.7828878971511541, 0.7828878971511541, 0.7848216461345725, 0.7848216461345725, 0.7848216461345725, 0.7848216461345725, 0.7848216461345725, 0.7848216461345725, 0.7848216461345725, 0.7870040570350321, 0.7870040570350321, 0.7882314338485938, 0.7894373615678959, 0.7894373615678959, 0.7894373615678959, 0.7894373615678959, 0.7894373615678959, 0.7894373615678959, 0.7908222244326004, 0.7908222244326004, 0.7908222244326004, 0.7951844747884743, 0.7951844747884743, 0.7951844747884743, 0.7967311714955785, 0.7967311714955785, 0.7967311714955785, 0.7967311714955785, 0.7967311714955785, 0.7982927635023542, 0.7982927635023542, 0.7982927635023542, 0.7982927635023542, 0.7982927635023542, 0.7982927635023542, 0.7982927635023542, 0.7982927635023542, 0.7982927635023542, 0.7982927635023542, 0.7982927635023542, 0.7982927635023542]
[0.1481711123236789, 0.1638058411367296, 0.16875079779719682, 0.17659772413623626, 0.18700007672271088, 0.1917398984366871, 0.20287113538932097, 0.21246845562865693, 0.22270894717539436, 0.23264967504400247, 0.23414527882671227, 0.24037505021694672, 0.25060329528242775, 0.25800755211803234, 0.2605129081169769, 0.26668594887362496, 0.27318855398795494, 0.2742413909735937, 0.27597292803044093, 0.28506226015182407, 0.29635304862629186, 0.30528418944585034, 0.31381559755157246, 0.3205804281042959, 0.32321564259755614, 0.32418480600642685, 0.3309833028386264, 0.3340893298557703, 0.3395550759164746, 0.3410491625079661, 0.35096348680985345, 0.3535462608227835, 0.35456524789900346, 0.3598427497175408, 0.36109821339013637, 0.374434814422894, 0.38199125955945257, 0.38758751265444114, 0.3936152884959757, 0.40367206354164975, 0.40579432508318036, 0.40848844610094287, 0.41685568168583653, 0.41685568168583653, 0.42186541833820457, 0.4243807724447394, 0.43020463930843145, 0.433773727335507, 0.4430591417510247, 0.4522682555819806, 0.4522682555819806, 0.45471923027265776, 0.45471923027265776, 0.4616217074229728, 0.4655124789271872, 0.4655124789271872, 0.47260455417273317, 0.47260455417273317, 0.47260455417273317, 0.47260455417273317, 0.47260455417273317, 0.47260455417273317, 0.47260455417273317, 0.48104062833697564, 0.48104062833697564, 0.4854525520783462, 0.4904595629027597, 0.4904595629027597, 0.4904595629027597, 0.4904595629027597, 0.4904595629027597, 0.4904595629027597, 0.4969627599220375, 0.4969627599220375, 0.4969627599220375, 0.5150201590130932, 0.5150201590130932, 0.5150201590130932, 0.5221406267135785, 0.5221406267135785, 0.5221406267135785, 0.5221406267135785, 0.5221406267135785, 0.529309537988701, 0.529309537988701, 0.529309537988701, 0.529309537988701, 0.529309537988701, 0.529309537988701, 0.529309537988701, 0.529309537988701, 0.529309537988701, 0.529309537988701, 0.529309537988701, 0.529309537988701]
Training raw path: /home/anhnd/DTI Project/Codes/MPNN/data/KFold/ATCInchikeySideEffectByDrug.txt_train_4
('Number of substructures, proteins, pathways, drugs, se: ', 888, 1448, 330, 969, 598)
Train: 0.9816 0.9366
Test: 0.7956 0.4975
[0.6870895325575861, 0.6813686423176027, 0.6885379341981778, 0.6881201808831443, 0.6846627074720208, 0.6867390336485135, 0.6867386594350873, 0.6893791722322883, 0.692320550326865, 0.6960490268401968, 0.6978035700910916, 0.7002391832534067, 0.7059265029541496, 0.7100272317331351, 0.7105508705901342, 0.7125859773395558, 0.7140485990200923, 0.7163722413124889, 0.7179098527866472, 0.7201973335912424, 0.7228720332226393, 0.7250020529438426, 0.7274588281930542, 0.729640479704385, 0.732163919727496, 0.7324765972839784, 0.7349898618291044, 0.7366707621449478, 0.7394781808158086, 0.7405367751322876, 0.7430445796430014, 0.7448197003614729, 0.7453226902271507, 0.7470217905700121, 0.7475202803696148, 0.751768026256284, 0.7536765881929753, 0.7563370774714506, 0.758482892808549, 0.7611420018971087, 0.76229827433046, 0.7629168773491172, 0.7659698036162188, 0.7659698036162188, 0.7672062459650333, 0.7680057596694235, 0.7696016042509497, 0.77050636112175, 0.7735688203396646, 0.7758812614505732, 0.7758812614505732, 0.7766911422018252, 0.7766911422018252, 0.7780623223716412, 0.7787809905431885, 0.7787809905431885, 0.7807160343169179, 0.7807160343169179, 0.7807160343169179, 0.7807160343169179, 0.7807160343169179, 0.7807160343169179, 0.7807160343169179, 0.7831313669274987, 0.7831313669274987, 0.7843690536682784, 0.785657093426115, 0.785657093426115, 0.785657093426115, 0.785657093426115, 0.785657093426115, 0.785657093426115, 0.787212886439965, 0.787212886439965, 0.787212886439965, 0.7922313067889852, 0.7922313067889852, 0.7922313067889852, 0.7938451718673617, 0.7938451718673617, 0.7938451718673617, 0.7938451718673617, 0.7938451718673617, 0.7955780490290438, 0.7955780490290438, 0.7955780490290438, 0.7955780490290438, 0.7955780490290438, 0.7955780490290438, 0.7955780490290438, 0.7955780490290438, 0.7955780490290438, 0.7955780490290438, 0.7955780490290438, 0.7955780490290438]
[0.12843829094776105, 0.1351354656905875, 0.15671002359757585, 0.1644655815809999, 0.1694391380015931, 0.1762899832721172, 0.1846173576932905, 0.19506630288701593, 0.20370133006444235, 0.2126414379050816, 0.21392358848771298, 0.21855925809467397, 0.23133136220039435, 0.24092098244645682, 0.24150637578101963, 0.2450107021986819, 0.2490072851803272, 0.253524658178509, 0.2562694472223611, 0.26514357189632287, 0.2704111371212448, 0.27782827417388223, 0.28152726285121776, 0.2891230228298781, 0.2977912430609414, 0.298479523339422, 0.3044011918318743, 0.30829943471003324, 0.31545918193619205, 0.3182895666333597, 0.3213738364147856, 0.32616969525986284, 0.3272970559117126, 0.3337644891752277, 0.33602878772391953, 0.3501883545371363, 0.35560935054732945, 0.361882145102671, 0.36835929910899823, 0.37531659155585506, 0.37819552177639215, 0.3790528755538521, 0.3880526112376441, 0.3880526112376441, 0.3918338730856788, 0.3940858575767197, 0.398780893057952, 0.40176805718520603, 0.4105473571751598, 0.4178973533070834, 0.4178973533070834, 0.41998010148351156, 0.41998010148351156, 0.423114674490082, 0.42526558805254366, 0.42526558805254366, 0.4314818743674582, 0.4314818743674582, 0.4314818743674582, 0.4314818743674582, 0.4314818743674582, 0.4314818743674582, 0.4314818743674582, 0.44146736858942054, 0.44146736858942054, 0.44615641223555025, 0.45155384006379506, 0.45155384006379506, 0.45155384006379506, 0.45155384006379506, 0.45155384006379506, 0.45155384006379506, 0.4600063279712732, 0.4600063279712732, 0.4600063279712732, 0.48230569164663484, 0.48230569164663484, 0.48230569164663484, 0.4895132506691508, 0.4895132506691508, 0.4895132506691508, 0.4895132506691508, 0.4895132506691508, 0.49752697690616604, 0.49752697690616604, 0.49752697690616604, 0.49752697690616604, 0.49752697690616604, 0.49752697690616604, 0.49752697690616604, 0.49752697690616604, 0.49752697690616604, 0.49752697690616604, 0.49752697690616604, 0.49752697690616604]
Training raw path: /home/anhnd/DTI Project/Codes/MPNN/data/KFold/ATCInchikeySideEffectByDrug.txt_train_5
('Number of substructures, proteins, pathways, drugs, se: ', 888, 1448, 330, 969, 598)
Train: 0.9826 0.9400
Test: 0.7834 0.4857
[0.6672749400111088, 0.6846576307736768, 0.6775635624611615, 0.6745208154801386, 0.6733771106007377, 0.6774375887802256, 0.6818716189717087, 0.6801610559934406, 0.6818765480381668, 0.6828814928041993, 0.6852375029133573, 0.6882255097394886, 0.6922080806681316, 0.6946676189453921, 0.6956544045530106, 0.696928784645737, 0.6990747733943407, 0.7020732113192265, 0.7021676150229671, 0.7044096604809108, 0.7079914646236926, 0.7101669973618041, 0.7126722561907821, 0.7148295866784177, 0.7168700947103744, 0.7173602801049541, 0.7207060589670372, 0.7229465873961848, 0.724750378322234, 0.7259376817794436, 0.7287912562672183, 0.7302873251379178, 0.7305647912732305, 0.731708574235363, 0.7319342792123507, 0.7362030595646942, 0.7381399144440601, 0.7408452395176722, 0.7427538539147238, 0.7451909888765338, 0.7464051333115485, 0.7469336848610995, 0.7497558061098049, 0.7497558061098049, 0.7516150104278647, 0.752362012815234, 0.7538830406206631, 0.754520087616899, 0.7585349073660598, 0.7612556277765441, 0.7612556277765441, 0.762061720303055, 0.762061720303055, 0.7642791121724155, 0.7652815430808468, 0.7652815430808468, 0.7679572232928862, 0.7679572232928862, 0.7679572232928862, 0.7679572232928862, 0.7679572232928862, 0.7679572232928862, 0.7679572232928862, 0.7704215669848088, 0.7704215669848088, 0.7715642470700956, 0.7731905212954638, 0.7731905212954638, 0.7731905212954638, 0.7731905212954638, 0.7731905212954638, 0.7731905212954638, 0.7750693303230896, 0.7750693303230896, 0.7750693303230896, 0.7799417583866273, 0.7799417583866273, 0.7799417583866273, 0.7816083033971901, 0.7816083033971901, 0.7816083033971901, 0.7816083033971901, 0.7816083033971901, 0.783383596433711, 0.783383596433711, 0.783383596433711, 0.783383596433711, 0.783383596433711, 0.783383596433711, 0.783383596433711, 0.783383596433711, 0.783383596433711, 0.783383596433711, 0.783383596433711, 0.783383596433711]
[0.13484804145803145, 0.154484959403209, 0.1515968596443576, 0.1532978164194764, 0.1617605120700107, 0.16684652675830924, 0.17693829118165016, 0.1801054846013961, 0.18683360812145688, 0.190499678012814, 0.195903048400484, 0.20158872132204622, 0.21109142052466, 0.21651533882403237, 0.21744858293739358, 0.22569040944368096, 0.22992742056915183, 0.23776911992355343, 0.23858798665526007, 0.24561328905225735, 0.25656460183714425, 0.2603793051808625, 0.26874150637452154, 0.2743738658264118, 0.2785861382598072, 0.2798200883561804, 0.2886209890905582, 0.2961813509364779, 0.3006649311180575, 0.3041269938206872, 0.30913518272517987, 0.3122818779392719, 0.31287804691703996, 0.3154101899903715, 0.3149266603795204, 0.32735805777733357, 0.3339056971592208, 0.34098908418172846, 0.3463717985983847, 0.35307958225992564, 0.35571835828815646, 0.3580271522931594, 0.36759469105097886, 0.36759469105097886, 0.37280628081919376, 0.3751460140916688, 0.3793133485401624, 0.3811072357952641, 0.3926527689915055, 0.40164466604711374, 0.40164466604711374, 0.4036187965259738, 0.4036187965259738, 0.41113617056602825, 0.4143161100822779, 0.4143161100822779, 0.4242294799507915, 0.4242294799507915, 0.4242294799507915, 0.4242294799507915, 0.4242294799507915, 0.4242294799507915, 0.4242294799507915, 0.43196567306731837, 0.43196567306731837, 0.4356303578145676, 0.4424503798031513, 0.4424503798031513, 0.4424503798031513, 0.4424503798031513, 0.4424503798031513, 0.4424503798031513, 0.45099169893809704, 0.45099169893809704, 0.45099169893809704, 0.47152516488457225, 0.47152516488457225, 0.47152516488457225, 0.4780268188322062, 0.4780268188322062, 0.4780268188322062, 0.4780268188322062, 0.4780268188322062, 0.4856817140191652, 0.4856817140191652, 0.4856817140191652, 0.4856817140191652, 0.4856817140191652, 0.4856817140191652, 0.4856817140191652, 0.4856817140191652, 0.4856817140191652, 0.4856817140191652, 0.4856817140191652, 0.4856817140191652]
Training raw path: /home/anhnd/DTI Project/Codes/MPNN/data/KFold/ATCInchikeySideEffectByDrug.txt_train_6
('Number of substructures, proteins, pathways, drugs, se: ', 888, 1448, 330, 969, 598)
Train: 0.9827 0.9405
Test: 0.7986 0.5056
[0.6977739819502531, 0.7010506338198634, 0.7063475074860871, 0.7073145835921029, 0.70671259692645, 0.708125093602774, 0.7075093640780158, 0.7084629427058652, 0.7103307385031756, 0.7136923486812297, 0.7152351578093874, 0.7173305352377367, 0.7203185317555401, 0.7238570919226593, 0.7233387361944773, 0.7239270113142607, 0.7251664674203466, 0.7256560804169232, 0.7267512772145841, 0.7296004346345796, 0.7321646495970147, 0.7344314320528912, 0.7356952393103733, 0.7368861065819288, 0.7372100744069497, 0.7375122027102319, 0.7393490201888885, 0.7404201379916051, 0.7430217993282038, 0.7440120583258136, 0.7469897581428575, 0.7479996162009224, 0.7483958127625835, 0.7499274344082908, 0.7504038058216815, 0.7539984079030597, 0.7564608732626492, 0.758212361955429, 0.7599779473299058, 0.7626550504697804, 0.7636266704030433, 0.7643651870225704, 0.7671174458840221, 0.7671174458840221, 0.7691149288349647, 0.7698252926895692, 0.7710629246452115, 0.7720113925196318, 0.7756953045482253, 0.7779559057978129, 0.7779559057978129, 0.7789014270038481, 0.7789014270038481, 0.7808009642963221, 0.7816998818994476, 0.7816998818994476, 0.7838351889693458, 0.7838351889693458, 0.7838351889693458, 0.7838351889693458, 0.7838351889693458, 0.7838351889693458, 0.7838351889693458, 0.7861307586005325, 0.7861307586005325, 0.7871704384697847, 0.788769018881489, 0.788769018881489, 0.788769018881489, 0.788769018881489, 0.788769018881489, 0.788769018881489, 0.7902490067792524, 0.7902490067792524, 0.7902490067792524, 0.7952474452679595, 0.7952474452679595, 0.7952474452679595, 0.796651123976458, 0.796651123976458, 0.796651123976458, 0.796651123976458, 0.796651123976458, 0.7985868300076631, 0.7985868300076631, 0.7985868300076631, 0.7985868300076631, 0.7985868300076631, 0.7985868300076631, 0.7985868300076631, 0.7985868300076631, 0.7985868300076631, 0.7985868300076631, 0.7985868300076631, 0.7985868300076631]
[0.16135295607143546, 0.17428862785226268, 0.1746471100429232, 0.17520049633165935, 0.18222348160669127, 0.18618386372224355, 0.19445283194402735, 0.20172248759371791, 0.20788460248641372, 0.21700935580673683, 0.22039141288231354, 0.22670152803768437, 0.2370508469450387, 0.24695776050951054, 0.24679290678700572, 0.25050858347454497, 0.2562041412106144, 0.25899956816394937, 0.26144672898119814, 0.2731518871538224, 0.28024837597526325, 0.2892286663819673, 0.29711568523203336, 0.3019885585985648, 0.30225862366901574, 0.30333280414595865, 0.30747587223365813, 0.3120280687317113, 0.3195694950578978, 0.32274297397494733, 0.33216225490155155, 0.3339529747866487, 0.3354727352257493, 0.3417417721930066, 0.34263567389910227, 0.35245208060894695, 0.3591537830419892, 0.36472023710642615, 0.3706013800321901, 0.37895864981743144, 0.3809172271630217, 0.38237355888395563, 0.39138336574441923, 0.39138336574441923, 0.398135134129995, 0.3995733530409664, 0.4034663489380501, 0.4068254800613369, 0.41812543036671135, 0.4261061597032174, 0.4261061597032174, 0.4290439080107862, 0.4290439080107862, 0.43434981492934427, 0.43742834596411806, 0.43742834596411806, 0.44467592546972073, 0.44467592546972073, 0.44467592546972073, 0.44467592546972073, 0.44467592546972073, 0.44467592546972073, 0.44467592546972073, 0.45358661270844297, 0.45358661270844297, 0.45700795171147607, 0.46361219820190597, 0.46361219820190597, 0.46361219820190597, 0.46361219820190597, 0.46361219820190597, 0.46361219820190597, 0.4689373689381172, 0.4689373689381172, 0.4689373689381172, 0.4910117883024415, 0.4910117883024415, 0.4910117883024415, 0.4964875365070038, 0.4964875365070038, 0.4964875365070038, 0.4964875365070038, 0.4964875365070038, 0.5056432750790462, 0.5056432750790462, 0.5056432750790462, 0.5056432750790462, 0.5056432750790462, 0.5056432750790462, 0.5056432750790462, 0.5056432750790462, 0.5056432750790462, 0.5056432750790462, 0.5056432750790462, 0.5056432750790462]
Training raw path: /home/anhnd/DTI Project/Codes/MPNN/data/KFold/ATCInchikeySideEffectByDrug.txt_train_7
('Number of substructures, proteins, pathways, drugs, se: ', 888, 1448, 330, 969, 598)
Train: 0.9836 0.9436
Test: 0.7905 0.5111
[0.6671182216861701, 0.6914799057000559, 0.6882521340023858, 0.6843113385265802, 0.6874500243823234, 0.6896590524090129, 0.6840873615295688, 0.6848610071265506, 0.6877819250410256, 0.6891081671803035, 0.6895848038038581, 0.6910254023414748, 0.6955501100767142, 0.697965720491731, 0.6993532402190383, 0.7010161421051548, 0.703108518825037, 0.7046001759227865, 0.7055882334010549, 0.7076973016553094, 0.7108862364680095, 0.713824881416654, 0.7163149152595828, 0.718230650413431, 0.719288709392859, 0.7195065304175055, 0.7220326789201633, 0.7236145335991524, 0.7257489011648202, 0.7263819416773288, 0.7302709715230765, 0.7318988609429785, 0.7327583011341949, 0.7337625765776854, 0.7344112544807608, 0.7382772545704168, 0.7409195098335394, 0.7434364849236427, 0.7458513035083968, 0.7491711941894106, 0.750655371645809, 0.7514780857466186, 0.7545223706814452, 0.7545223706814452, 0.7565896601223163, 0.7575297865051023, 0.7599190540535777, 0.761120424457693, 0.7655600955055848, 0.7684360420397645, 0.7684360420397645, 0.7694832762122517, 0.7694832762122517, 0.7717560972869835, 0.7727803700188979, 0.7727803700188979, 0.7749694988730432, 0.7749694988730432, 0.7749694988730432, 0.7749694988730432, 0.7749694988730432, 0.7749694988730432, 0.7749694988730432, 0.7777534796104576, 0.7777534796104576, 0.77913958066671, 0.7804327487877679, 0.7804327487877679, 0.7804327487877679, 0.7804327487877679, 0.7804327487877679, 0.7804327487877679, 0.781928229779367, 0.781928229779367, 0.781928229779367, 0.7869948165554393, 0.7869948165554393, 0.7869948165554393, 0.7886460769904848, 0.7886460769904848, 0.7886460769904848, 0.7886460769904848, 0.7886460769904848, 0.7904569213708024, 0.7904569213708024, 0.7904569213708024, 0.7904569213708024, 0.7904569213708024, 0.7904569213708024, 0.7904569213708024, 0.7904569213708024, 0.7904569213708024, 0.7904569213708024, 0.7904569213708024, 0.7904569213708024]
[0.11270984882183702, 0.1344367580749704, 0.13932407513137163, 0.14939949970315763, 0.16110284416150428, 0.16735251566397752, 0.1715767043350761, 0.17726254381150777, 0.18449805349694048, 0.18935651899348802, 0.18995367781845532, 0.19520291395061362, 0.20631522356594045, 0.21093750816519263, 0.21407248726667394, 0.21883315629474254, 0.22441448296694036, 0.22851007404288595, 0.23071443663754754, 0.2390772834362019, 0.2503835557981699, 0.25749111222995474, 0.263371360706689, 0.2714475680206523, 0.2775103405442406, 0.27804482989831697, 0.2835639309689537, 0.2885324911723806, 0.29465581393533397, 0.29545026769487065, 0.3060221558121808, 0.30949347854640336, 0.31229579049802664, 0.3168211669510477, 0.31872156617739644, 0.33072899293236047, 0.3403484644934296, 0.34677517468038643, 0.353257881816052, 0.36353231866354285, 0.36795915644879196, 0.3708406619414319, 0.3788163114288939, 0.3788163114288939, 0.38619487238199046, 0.38948788892570724, 0.397174649823518, 0.4010486650188332, 0.41589846574728506, 0.4260232595884108, 0.4260232595884108, 0.4293278810287764, 0.4293278810287764, 0.4378346850493886, 0.44085056461935634, 0.44085056461935634, 0.4476217090453827, 0.4476217090453827, 0.4476217090453827, 0.4476217090453827, 0.4476217090453827, 0.4476217090453827, 0.4476217090453827, 0.45797696625589124, 0.45797696625589124, 0.4627009809573382, 0.46782761831239617, 0.46782761831239617, 0.46782761831239617, 0.46782761831239617, 0.46782761831239617, 0.46782761831239617, 0.4741364772861089, 0.4741364772861089, 0.4741364772861089, 0.49593697442937734, 0.49593697442937734, 0.49593697442937734, 0.5029514533861037, 0.5029514533861037, 0.5029514533861037, 0.5029514533861037, 0.5029514533861037, 0.5111113985099169, 0.5111113985099169, 0.5111113985099169, 0.5111113985099169, 0.5111113985099169, 0.5111113985099169, 0.5111113985099169, 0.5111113985099169, 0.5111113985099169, 0.5111113985099169, 0.5111113985099169, 0.5111113985099169]
Training raw path: /home/anhnd/DTI Project/Codes/MPNN/data/KFold/ATCInchikeySideEffectByDrug.txt_train_8
('Number of substructures, proteins, pathways, drugs, se: ', 888, 1448, 330, 969, 598)
Train: 0.9835 0.9433
Test: 0.7860 0.4810
[0.6756982762952912, 0.6800672135540344, 0.6763847011334729, 0.6725528918696795, 0.6737801832166187, 0.6805093548205405, 0.681438649290249, 0.6805235577759174, 0.6815415349386161, 0.6837576992375753, 0.6861227648238034, 0.6876367430374313, 0.6893844958234866, 0.6918281362526866, 0.6934551442926269, 0.6942209500478002, 0.6956198263240078, 0.6982973703407716, 0.6997763775734465, 0.701236618664904, 0.7041168865684401, 0.7080978794373263, 0.7100309912923654, 0.7122454564458859, 0.7131182987858774, 0.7131988832530634, 0.7157997865437637, 0.7172861890467777, 0.7202742395959152, 0.7209541477657642, 0.7248309836141849, 0.7268677641474226, 0.7273803408276751, 0.7293671852616844, 0.7302901056664108, 0.7347438941152231, 0.7371078023524503, 0.7396080839038804, 0.7418909794541044, 0.7448667669647435, 0.7468320581163951, 0.7471470988007015, 0.7501093169234395, 0.7501093169234395, 0.7516898303182085, 0.7528192522500281, 0.7544031853960395, 0.7553673153972644, 0.7592957569167349, 0.7626126695959701, 0.7626126695959701, 0.7634451034580818, 0.7634451034580818, 0.7657538159637972, 0.7669538197278891, 0.7669538197278891, 0.7692767299019105, 0.7692767299019105, 0.7692767299019105, 0.7692767299019105, 0.7692767299019105, 0.7692767299019105, 0.7692767299019105, 0.7721302909728824, 0.7721302909728824, 0.7734343448988164, 0.7749540960148205, 0.7749540960148205, 0.7749540960148205, 0.7749540960148205, 0.7749540960148205, 0.7749540960148205, 0.7765035832448752, 0.7765035832448752, 0.7765035832448752, 0.7820567964929716, 0.7820567964929716, 0.7820567964929716, 0.7839020309158683, 0.7839020309158683, 0.7839020309158683, 0.7839020309158683, 0.7839020309158683, 0.785990912689173, 0.785990912689173, 0.785990912689173, 0.785990912689173, 0.785990912689173, 0.785990912689173, 0.785990912689173, 0.785990912689173, 0.785990912689173, 0.785990912689173, 0.785990912689173, 0.785990912689173]
[0.1319453428624922, 0.14747083295790522, 0.15193136339654767, 0.1562260711890237, 0.1658494428975423, 0.17879788370355687, 0.18529702450174618, 0.18850857352441963, 0.19321372217172283, 0.19847953090636705, 0.20270973282546645, 0.20604000972730296, 0.21092117109327113, 0.21429265099550138, 0.2176392988130241, 0.21852695297452712, 0.22102213307678137, 0.2262346194422081, 0.22857275302703003, 0.23445385821553288, 0.24351613728235244, 0.250800270009029, 0.25582082255091365, 0.26254828101218985, 0.267778434706942, 0.26757620758072576, 0.27372748840387123, 0.2784748703531338, 0.28456435325315427, 0.28460577096763257, 0.29201464742907746, 0.2967304427775149, 0.29733174617636016, 0.30338192585653184, 0.3054047070995517, 0.31506077981567837, 0.32006321934379167, 0.32635316105250206, 0.3329723700300996, 0.34051022383358076, 0.3458576212550194, 0.34576135928094553, 0.355090087569113, 0.355090087569113, 0.36060634325475294, 0.3644990401302092, 0.36863721803807936, 0.37169425250880817, 0.38393438527884644, 0.3937248580111322, 0.3937248580111322, 0.3960993542624684, 0.3960993542624684, 0.40274508284515587, 0.4070326134421921, 0.4070326134421921, 0.4132720853473783, 0.4132720853473783, 0.4132720853473783, 0.4132720853473783, 0.4132720853473783, 0.4132720853473783, 0.4132720853473783, 0.4228288977104653, 0.4228288977104653, 0.4274137702048937, 0.4334382248123699, 0.4334382248123699, 0.4334382248123699, 0.4334382248123699, 0.4334382248123699, 0.4334382248123699, 0.4393100676927832, 0.4393100676927832, 0.4393100676927832, 0.4636730170640305, 0.4636730170640305, 0.4636730170640305, 0.47119128994672455, 0.47119128994672455, 0.47119128994672455, 0.47119128994672455, 0.47119128994672455, 0.48099236819129443, 0.48099236819129443, 0.48099236819129443, 0.48099236819129443, 0.48099236819129443, 0.48099236819129443, 0.48099236819129443, 0.48099236819129443, 0.48099236819129443, 0.48099236819129443, 0.48099236819129443, 0.48099236819129443]
Training raw path: /home/anhnd/DTI Project/Codes/MPNN/data/KFold/ATCInchikeySideEffectByDrug.txt_train_9
('Number of substructures, proteins, pathways, drugs, se: ', 888, 1448, 330, 969, 598)
Train: 0.9832 0.9423
Test: 0.7937 0.5230
[0.685686589989278, 0.7000911903422613, 0.7048950355259063, 0.6993118678329873, 0.6981617387653728, 0.698673722420593, 0.6990931515559236, 0.7001962504655259, 0.7034058546292329, 0.704769180684797, 0.7056634442111638, 0.7081850373971221, 0.7138177503874533, 0.7159227030631344, 0.7169256428265056, 0.7193785185966914, 0.7206416751853275, 0.7224829021041448, 0.7235191003740091, 0.7260925311157351, 0.7296936610141324, 0.7324334465373834, 0.7349541112696263, 0.7367633000268362, 0.7373624507973573, 0.7376736758697322, 0.7398546866355777, 0.7415595360351516, 0.7433661046754452, 0.7447350989223469, 0.7471074645452012, 0.7478924257975296, 0.7485166519326609, 0.749608227698713, 0.7503585795356995, 0.7534100228296503, 0.7550534296813565, 0.7574940474179738, 0.7591898763842531, 0.7618975612522942, 0.7634070275619356, 0.7638287026134929, 0.7660938483231363, 0.7660938483231363, 0.7677077823575296, 0.7682300789460701, 0.7699083718977789, 0.770565977012027, 0.7735284167703225, 0.7756109944005849, 0.7756109944005849, 0.7763303179001955, 0.7763303179001955, 0.7780824684032299, 0.7789291517540344, 0.7789291517540344, 0.7807884927467348, 0.7807884927467348, 0.7807884927467348, 0.7807884927467348, 0.7807884927467348, 0.7807884927467348, 0.7807884927467348, 0.7828650268808643, 0.7828650268808643, 0.7841110387016914, 0.7853049664295646, 0.7853049664295646, 0.7853049664295646, 0.7853049664295646, 0.7853049664295646, 0.7853049664295646, 0.7865571792605733, 0.7865571792605733, 0.7865571792605733, 0.7906774706833497, 0.7906774706833497, 0.7906774706833497, 0.792154385439058, 0.792154385439058, 0.792154385439058, 0.792154385439058, 0.792154385439058, 0.7936902941403763, 0.7936902941403763, 0.7936902941403763, 0.7936902941403763, 0.7936902941403763, 0.7936902941403763, 0.7936902941403763, 0.7936902941403763, 0.7936902941403763, 0.7936902941403763, 0.7936902941403763, 0.7936902941403763]
[0.130413432775753, 0.16131751105333803, 0.177903534157622, 0.18273919116926868, 0.19106077725030263, 0.19664520095860327, 0.20302016176030357, 0.21370441527807318, 0.22213788111190555, 0.2286970077370336, 0.23165065586818692, 0.23734847026095568, 0.24988221041913716, 0.25811365511642254, 0.26090653134998687, 0.2685668056606998, 0.2733623974354425, 0.2783142656095134, 0.28070162890084294, 0.2908758406916679, 0.3029901730563083, 0.31052557889788635, 0.3184980092388169, 0.3248954191551505, 0.3276575821381733, 0.3285883216670543, 0.3347088282460342, 0.3394177772149269, 0.3442411129069187, 0.34733917497232564, 0.3544384948553908, 0.35547387636403693, 0.35788948490078226, 0.3628011913068065, 0.36555482365936354, 0.3761255813987336, 0.3815806966068045, 0.38903024858209534, 0.393568373762897, 0.40322902985650333, 0.4083042192987507, 0.4092904197407693, 0.41749121637987974, 0.41749121637987974, 0.4229072243931165, 0.4248312485211302, 0.4316392181118451, 0.4338269378659371, 0.4430655707812618, 0.4509034449687055, 0.4509034449687055, 0.4531083644671403, 0.4531083644671403, 0.46002227052476313, 0.4627552276526778, 0.4627552276526778, 0.47033738290818206, 0.47033738290818206, 0.47033738290818206, 0.47033738290818206, 0.47033738290818206, 0.47033738290818206, 0.47033738290818206, 0.47833102609685973, 0.47833102609685973, 0.4829715926486532, 0.4882005836079786, 0.4882005836079786, 0.4882005836079786, 0.4882005836079786, 0.4882005836079786, 0.4882005836079786, 0.4930586054517254, 0.4930586054517254, 0.4930586054517254, 0.5101218488678356, 0.5101218488678356, 0.5101218488678356, 0.5163809328401198, 0.5163809328401198, 0.5163809328401198, 0.5163809328401198, 0.5163809328401198, 0.5230044253757755, 0.5230044253757755, 0.5230044253757755, 0.5230044253757755, 0.5230044253757755, 0.5230044253757755, 0.5230044253757755, 0.5230044253757755, 0.5230044253757755, 0.5230044253757755, 0.5230044253757755, 0.5230044253757755]
AUC: 0.7911 0.0021
AUPR: 0.5132 0.0071
('RARE AUC', [(0.6780373697801397, 0.0053652425452511135), (0.688358339513465, 0.003886762253894173), (0.6891774106052402, 0.004615368155987162), (0.6861563031283472, 0.005212937905561195), (0.6865876399173853, 0.005221746059306212), (0.6887886351846444, 0.004819836869211286), (0.6893000622490535, 0.004756321416705592), (0.6901444860033076, 0.004826309510480048), (0.6921076968453304, 0.0047270394385056785), (0.6942653518012841, 0.0048690127594371345), (0.6955030877523478, 0.004868523772810217), (0.6977830809289525, 0.004866132889908072), (0.7014033523775396, 0.004759989749804082), (0.7044040352130605, 0.00471053748224433), (0.7053417777895599, 0.004549395908965), (0.7071396283377365, 0.004486476127116365), (0.7087899500508132, 0.004454879489158337), (0.7107169267417957, 0.004253574252436439), (0.7116738276892166, 0.0042489077629341634), (0.7140968917611736, 0.004337553105026831), (0.7171759526140055, 0.004225540746003667), (0.7199687360408057, 0.004159570349326083), (0.7223498449159422, 0.004107404554699155), (0.7246884316355455, 0.004023649814103176), (0.72596045968869, 0.003954949973908038), (0.7262760030377837, 0.003966334631441089), (0.728651848846911, 0.0039266016781469735), (0.7303661523025755, 0.0038784673061763994), (0.7328568720174774, 0.00379186902781226), (0.7338271959376292, 0.0037851693782504593), (0.7369954538668312, 0.0036620925712692078), (0.7385779725377788, 0.003517122001999647), (0.7391418328904781, 0.0034854290511306205), (0.7405377227202822, 0.0034339543567565188), (0.7411665852371494, 0.0034119756007367687), (0.7452940628880507, 0.0032996832588734672), (0.7474679705091057, 0.0032607340813892525), (0.7499974937877758, 0.0031318709087820914), (0.7520660166597972, 0.003079310220339536), (0.7549309206795225, 0.0029860230736713108), (0.7562430286077314, 0.0029313151975945964), (0.7569291746873351, 0.002930790722551659), (0.75967459768828, 0.0028676340735928306), (0.75967459768828, 0.0028676340735928306), (0.7613207872698349, 0.0028389079168951205), (0.7621119105914419, 0.0028128305692405845), (0.7638040516178762, 0.002758638601320423), (0.76469956929517, 0.002757069175602201), (0.7681735646185406, 0.0026578299037309863), (0.7707480345478416, 0.002558327312262625), (0.7707480345478416, 0.002558327312262625), (0.7715837877119314, 0.0025385917400148166), (0.7715837877119314, 0.0025385917400148166), (0.7735074540169162, 0.00244747115142388), (0.7744770864168962, 0.0024271179994233842), (0.7744770864168962, 0.0024271179994233842), (0.7765339525336831, 0.0023703817389490772), (0.7765339525336831, 0.0023703817389490772), (0.7765339525336831, 0.0023703817389490772), (0.7765339525336831, 0.0023703817389490772), (0.7765339525336831, 0.0023703817389490772), (0.7765339525336831, 0.0023703817389490772), (0.7765339525336831, 0.0023703817389490772), (0.7789838042657566, 0.0023034786591472375), (0.7789838042657566, 0.0023034786591472375), (0.7802184839090909, 0.002292420022313227), (0.7815508278620803, 0.0022746136306009486), (0.7815508278620803, 0.0022746136306009486), (0.7815508278620803, 0.0022746136306009486), (0.7815508278620803, 0.0022746136306009486), (0.7815508278620803, 0.0022746136306009486), (0.7815508278620803, 0.0022746136306009486), (0.7830668616992453, 0.0022373408213186845), (0.7830668616992453, 0.0022373408213186845), (0.7830668616992453, 0.0022373408213186845), (0.7877297474877603, 0.0021815930106647142), (0.7877297474877603, 0.0021815930106647142), (0.7877297474877603, 0.0021815930106647142), (0.7893300653980981, 0.0021453899672176785), (0.7893300653980981, 0.0021453899672176785), (0.7893300653980981, 0.0021453899672176785), (0.7893300653980981, 0.0021453899672176785), (0.7893300653980981, 0.0021453899672176785), (0.791085980950424, 0.0021167986858215146), (0.791085980950424, 0.0021167986858215146), (0.791085980950424, 0.0021167986858215146), (0.791085980950424, 0.0021167986858215146), (0.791085980950424, 0.0021167986858215146), (0.791085980950424, 0.0021167986858215146), (0.791085980950424, 0.0021167986858215146), (0.791085980950424, 0.0021167986858215146), (0.791085980950424, 0.0021167986858215146), (0.791085980950424, 0.0021167986858215146), (0.791085980950424, 0.0021167986858215146), (0.791085980950424, 0.0021167986858215146)])
('RARE AUPR', [(0.14518921424168285, 0.008214660691578585), (0.16307430783431065, 0.00787857768794747), (0.17011736776909395, 0.008657591613712184), (0.17424094201380477, 0.007972686971355867), (0.18175411256999238, 0.00731150842977907), (0.18756579594564257, 0.007028346966309612), (0.19500039236485014, 0.007053395921828725), (0.2016717736301017, 0.007194828672897386), (0.20856212293986096, 0.0070814210045523004), (0.2150600114518381, 0.00750208068460232), (0.21742693222745518, 0.007419460559082965), (0.22270323587888213, 0.007609227136011722), (0.23247234743688802, 0.007195657243514464), (0.23933163632234447, 0.007295302166331694), (0.24166367339245073, 0.007183344469566665), (0.24712567416995795, 0.007441946617242265), (0.2517165297603371, 0.007623731317976481), (0.2563568129484525, 0.007468964588129722), (0.2583913629143247, 0.007531699833001733), (0.26765774801506365, 0.008060733600167048), (0.27740366454444854, 0.008035577975710929), (0.28450818930738675, 0.00814429701865637), (0.29156259715851596, 0.008552560063246924), (0.29908890570610247, 0.00870536420239714), (0.3038728483205575, 0.008731358199283747), (0.30457395102779566, 0.008765212259884131), (0.31036974034377324, 0.008774470543992111), (0.3156075562604055, 0.008926820399751019), (0.3223199829256683, 0.00895486910836685), (0.3246566639826126, 0.00909861372586132), (0.3326176582496623, 0.009058625165026932), (0.3363073412408102, 0.008920009827085993), (0.3378637607274765, 0.008963862672358538), (0.3428717027033323, 0.00883060423167826), (0.3443858278089105, 0.008863539913510998), (0.35651518607362254, 0.009045750608930283), (0.36314750342110214, 0.009155768519349905), (0.37014215856207205, 0.009201580965469271), (0.37618582366499276, 0.009213698174442715), (0.38485545695269935, 0.00924174766322016), (0.38839084704733445, 0.009235971779084416), (0.3902935771245643, 0.009393626380075362), (0.398705277939676, 0.009213071373987452), (0.398705277939676, 0.009213071373987452), (0.4043832696897246, 0.00926333369598453), (0.4067472515032063, 0.009139739636478102), (0.41225277756344925, 0.009259410341177549), (0.4151702876192692, 0.009266325997205137), (0.4258678401446699, 0.008991674942317155), (0.4347454412511055, 0.008897510864902723), (0.4347454412511055, 0.008897510864902723), (0.43720232015468385, 0.008877619032975702), (0.43720232015468385, 0.008877619032975702), (0.44352591150866794, 0.00874193297201967), (0.44677774119216007, 0.008746196281277352), (0.44677774119216007, 0.008746196281277352), (0.4535899244686391, 0.008535378799814038), (0.4535899244686391, 0.008535378799814038), (0.4535899244686391, 0.008535378799814038), (0.4535899244686391, 0.008535378799814038), (0.4535899244686391, 0.008535378799814038), (0.4535899244686391, 0.008535378799814038), (0.4535899244686391, 0.008535378799814038), (0.46271416305855667, 0.00846719269479501), (0.46271416305855667, 0.00846719269479501), (0.46704456197590805, 0.008489581612061802), (0.4724460688171822, 0.00833029540575678), (0.4724460688171822, 0.00833029540575678), (0.4724460688171822, 0.00833029540575678), (0.4724460688171822, 0.00833029540575678), (0.4724460688171822, 0.00833029540575678), (0.4724460688171822, 0.00833029540575678), (0.4789836022050643, 0.008193160894730009), (0.4789836022050643, 0.008193160894730009), (0.4789836022050643, 0.008193160894730009), (0.49857761220869456, 0.007434408186292248), (0.49857761220869456, 0.007434408186292248), (0.49857761220869456, 0.007434408186292248), (0.5052425949415811, 0.007332082114344613), (0.5052425949415811, 0.007332082114344613), (0.5052425949415811, 0.007332082114344613), (0.5052425949415811, 0.007332082114344613), (0.5052425949415811, 0.007332082114344613), (0.513204196330116, 0.007116980881130245), (0.513204196330116, 0.007116980881130245), (0.513204196330116, 0.007116980881130245), (0.513204196330116, 0.007116980881130245), (0.513204196330116, 0.007116980881130245), (0.513204196330116, 0.007116980881130245), (0.513204196330116, 0.007116980881130245), (0.513204196330116, 0.007116980881130245), (0.513204196330116, 0.007116980881130245), (0.513204196330116, 0.007116980881130245), (0.513204196330116, 0.007116980881130245), (0.513204196330116, 0.007116980881130245)])
