CSMF_P
<models.baselines.CSMF.CSMF object at 0x7ff9ceed6150>
('Manual torch seed: ', 1772727637)
('Config: ', 'Protein Test: ', False)
Training raw path: /home/anhnd/DTI Project/Codes/MPNN/data/KFold/ATCInchikeySideEffectByDrug.txt_train_0
('Number of substructures, proteins, pathways, drugs, se: ', 2936, 1448, 330, 969, 598)
((872, 4714), (97, 4714), (872, 598), (97, 598))
Train: 0.9391 0.8188
Test: 0.7569 0.4827
[0.5531731239328775, 0.5585009213670005, 0.5713801858843812, 0.5704635240891789, 0.5708811016832577, 0.5858107119861062, 0.5940742037760867, 0.6015691524648281, 0.6047490124843866, 0.6093504131413198, 0.6117148659447388, 0.6153729265678773, 0.6246492325056785, 0.6298249201928985, 0.6322738549789849, 0.6352113691182044, 0.6367783410091942, 0.6399815001654532, 0.6419049895835786, 0.6479027881926347, 0.6537791824615103, 0.6581473053854834, 0.6628608359261103, 0.6670683642210026, 0.6707759455423569, 0.6712650463679442, 0.6741327739463996, 0.6772493558581234, 0.681252908015821, 0.682621186617514, 0.687739414888551, 0.6903243957142711, 0.6913192542472675, 0.6929556939308864, 0.694061874681351, 0.7001554923000011, 0.7027707569627173, 0.7066555043092617, 0.7091377506966946, 0.7130568574371434, 0.7147017817006448, 0.715831755406384, 0.7194720140763495, 0.7194720140763495, 0.7217971345403028, 0.7228129158710173, 0.7249316029598984, 0.7260423229421339, 0.7299779828885509, 0.733348323283687, 0.733348323283687, 0.7345727508833266, 0.7345727508833266, 0.737037427973395, 0.7381246765928817, 0.7381246765928817, 0.7402193127794745, 0.7402193127794745, 0.7402193127794745, 0.7402193127794745, 0.7402193127794745, 0.7402193127794745, 0.7402193127794745, 0.7432058247932583, 0.7432058247932583, 0.7447214146805964, 0.746173629092104, 0.746173629092104, 0.746173629092104, 0.746173629092104, 0.746173629092104, 0.746173629092104, 0.7479216285167767, 0.7479216285167767, 0.7479216285167767, 0.7530305213525518, 0.7530305213525518, 0.7530305213525518, 0.754896356670161, 0.754896356670161, 0.754896356670161, 0.754896356670161, 0.754896356670161, 0.7569253143042048, 0.7569253143042048, 0.7569253143042048, 0.7569253143042048, 0.7569253143042048, 0.7569253143042048, 0.7569253143042048, 0.7569253143042048, 0.7569253143042048, 0.7569253143042048, 0.7569253143042048, 0.7569253143042048]
[0.08650996295303441, 0.0929368899983585, 0.10584923668238781, 0.10121943166941741, 0.10850966096416302, 0.11867790149248736, 0.12655274588725104, 0.1353156888057787, 0.1394447311573881, 0.1458680952816305, 0.14814801662463992, 0.15052102145241472, 0.16140254545877047, 0.17171029039074448, 0.17574660224472938, 0.17979901309454716, 0.18229237144200638, 0.185768245324228, 0.1879033165638081, 0.19992779972816027, 0.2114897373150694, 0.2200204762046175, 0.22853907081126024, 0.23757852253568673, 0.24494459001254845, 0.24551170084078916, 0.24914854759130148, 0.2555644978090912, 0.263991751263946, 0.2663516585835743, 0.2751465022663213, 0.28063832650379084, 0.28311934316958365, 0.28791037930084495, 0.29090264639016145, 0.30557336499235976, 0.3124698092419642, 0.32109060884797147, 0.32772976244549135, 0.33698261732290574, 0.34071583083288015, 0.34378588090634055, 0.3520599851087924, 0.3520599851087924, 0.3596221733260072, 0.3621483153614835, 0.36865385121746036, 0.37160565116423655, 0.3819516831641762, 0.39206523836512885, 0.39206523836512885, 0.3961815413362153, 0.3961815413362153, 0.4048895592860833, 0.4084124553103663, 0.4084124553103663, 0.41515650665975384, 0.41515650665975384, 0.41515650665975384, 0.41515650665975384, 0.41515650665975384, 0.41515650665975384, 0.41515650665975384, 0.4265412554159569, 0.4265412554159569, 0.4324066183087908, 0.43761091174158134, 0.43761091174158134, 0.43761091174158134, 0.43761091174158134, 0.43761091174158134, 0.43761091174158134, 0.44432802482811873, 0.44432802482811873, 0.44432802482811873, 0.46493299006856137, 0.46493299006856137, 0.46493299006856137, 0.4726422944370761, 0.4726422944370761, 0.4726422944370761, 0.4726422944370761, 0.4726422944370761, 0.4826528778561277, 0.4826528778561277, 0.4826528778561277, 0.4826528778561277, 0.4826528778561277, 0.4826528778561277, 0.4826528778561277, 0.4826528778561277, 0.4826528778561277, 0.4826528778561277, 0.4826528778561277, 0.4826528778561277]
Training raw path: /home/anhnd/DTI Project/Codes/MPNN/data/KFold/ATCInchikeySideEffectByDrug.txt_train_1
('Number of substructures, proteins, pathways, drugs, se: ', 2936, 1448, 330, 969, 598)
((872, 4714), (97, 4714), (872, 598), (97, 598))
Train: 0.9395 0.8203
Test: 0.7725 0.4902
[0.5802089284178027, 0.5853032623984548, 0.5840370895154062, 0.587404652680963, 0.5943850874956096, 0.5989064573427679, 0.6094164137013041, 0.6151705167055868, 0.6226186888885118, 0.6256748564268191, 0.6256990781559825, 0.6306346748935926, 0.638630552450347, 0.6458149329248458, 0.648713278557407, 0.6542013354806165, 0.6563747398567027, 0.6619366371632381, 0.6636571613695854, 0.669021553324098, 0.6722974977439304, 0.6767664677751339, 0.6808466336012445, 0.6846570985628411, 0.6867839728423907, 0.6875290202292008, 0.6902552935754344, 0.6931855623305726, 0.6977930978687268, 0.6994779079670981, 0.7045466953011363, 0.7079241867506743, 0.7089852892466638, 0.7112411378954272, 0.7122320391619815, 0.7178948044063038, 0.7203756259974298, 0.7246603256695653, 0.7274271096506839, 0.731543666612954, 0.733375746846353, 0.7345021995898651, 0.738133956009058, 0.738133956009058, 0.7394744028507672, 0.7403134393439412, 0.7426695269489668, 0.7435761906667301, 0.7472278396954759, 0.7502521131986829, 0.7502521131986829, 0.7511252255018612, 0.7511252255018612, 0.7534056307235981, 0.7545577055944215, 0.7545577055944215, 0.7568040777443478, 0.7568040777443478, 0.7568040777443478, 0.7568040777443478, 0.7568040777443478, 0.7568040777443478, 0.7568040777443478, 0.7596989533593853, 0.7596989533593853, 0.7610295657499838, 0.7622938189195567, 0.7622938189195567, 0.7622938189195567, 0.7622938189195567, 0.7622938189195567, 0.7622938189195567, 0.7640966995533376, 0.7640966995533376, 0.7640966995533376, 0.7686962234741757, 0.7686962234741757, 0.7686962234741757, 0.7705730394136736, 0.7705730394136736, 0.7705730394136736, 0.7705730394136736, 0.7705730394136736, 0.7724945642340754, 0.7724945642340754, 0.7724945642340754, 0.7724945642340754, 0.7724945642340754, 0.7724945642340754, 0.7724945642340754, 0.7724945642340754, 0.7724945642340754, 0.7724945642340754, 0.7724945642340754, 0.7724945642340754]
[0.08894976257369039, 0.1007278752381062, 0.0986834438612222, 0.10453421015469355, 0.11831361788222094, 0.12143584784399118, 0.13177671800500337, 0.13688539768022082, 0.14698628975358535, 0.1520808112734539, 0.1508580775064648, 0.15667594093580167, 0.1673014587531535, 0.17662931318464953, 0.18175761613060662, 0.19070537643017374, 0.19393365636665102, 0.20294659515556898, 0.20461619110795898, 0.21307870394478934, 0.21951721484708894, 0.23012895818822213, 0.23692929259775297, 0.24537316892279626, 0.24942589461480094, 0.2504422972253875, 0.2524793587128651, 0.25905610878629665, 0.2697935574678954, 0.27334492004326505, 0.285906997245195, 0.2949279712372409, 0.297230462074655, 0.302802650918751, 0.3044604209718369, 0.31688805700480616, 0.3235030792064261, 0.33418437593278144, 0.3411116071754702, 0.35224233232476354, 0.3565593920659494, 0.3597476939337144, 0.3688960587327872, 0.3688960587327872, 0.3727151806916876, 0.3747653920244646, 0.3824865889293701, 0.38433989001139723, 0.3949055113626864, 0.4042811760248725, 0.4042811760248725, 0.40669866335183974, 0.40669866335183974, 0.4137842633223189, 0.41822530570725835, 0.41822530570725835, 0.4253803326402521, 0.4253803326402521, 0.4253803326402521, 0.4253803326402521, 0.4253803326402521, 0.4253803326402521, 0.4253803326402521, 0.43708114429747413, 0.43708114429747413, 0.4418459679158831, 0.4455573537782679, 0.4455573537782679, 0.4455573537782679, 0.4455573537782679, 0.4455573537782679, 0.4455573537782679, 0.4542321748200145, 0.4542321748200145, 0.4542321748200145, 0.47271744051473435, 0.47271744051473435, 0.47271744051473435, 0.4809316784306839, 0.4809316784306839, 0.4809316784306839, 0.4809316784306839, 0.4809316784306839, 0.49018719391751786, 0.49018719391751786, 0.49018719391751786, 0.49018719391751786, 0.49018719391751786, 0.49018719391751786, 0.49018719391751786, 0.49018719391751786, 0.49018719391751786, 0.49018719391751786, 0.49018719391751786, 0.49018719391751786]
Training raw path: /home/anhnd/DTI Project/Codes/MPNN/data/KFold/ATCInchikeySideEffectByDrug.txt_train_2
('Number of substructures, proteins, pathways, drugs, se: ', 2936, 1448, 330, 969, 598)
((872, 4714), (97, 4714), (872, 598), (97, 598))
Train: 0.9384 0.8150
Test: 0.7575 0.5057
[0.5480746869971842, 0.5512354459583301, 0.565239198284317, 0.572984406345275, 0.5782606450486045, 0.5861671724118589, 0.598033890504688, 0.6044834597240434, 0.6097627968748184, 0.6134709381691019, 0.6161263134802717, 0.6211524848290222, 0.6292883192454166, 0.6344683803922566, 0.6364727134583504, 0.6401422241066828, 0.6436342052699404, 0.6476561236460932, 0.6498727789145948, 0.6569343322675141, 0.6607311506003207, 0.6644039535509547, 0.6691652327382331, 0.6743791945480178, 0.6780250475941004, 0.6787226680978924, 0.6826930076826907, 0.6858019997948794, 0.6889665984318236, 0.6903741300888948, 0.6943824923334263, 0.6966943067328772, 0.6975795237687701, 0.6990563745171685, 0.699819242844369, 0.7055210886545151, 0.7086105799547728, 0.7116530304287344, 0.7145237418313678, 0.7178093825880989, 0.7192307181577916, 0.7204485603244858, 0.7236775909342807, 0.7236775909342807, 0.7257418534960386, 0.7266881018030034, 0.7285421539077568, 0.7296813628416386, 0.733483215014912, 0.7361726177920407, 0.7361726177920407, 0.7370471694079684, 0.7370471694079684, 0.7387826679556132, 0.7400454174995699, 0.7400454174995699, 0.7419790764957123, 0.7419790764957123, 0.7419790764957123, 0.7419790764957123, 0.7419790764957123, 0.7419790764957123, 0.7419790764957123, 0.7446097680314968, 0.7446097680314968, 0.7461600134988534, 0.747579505041164, 0.747579505041164, 0.747579505041164, 0.747579505041164, 0.747579505041164, 0.747579505041164, 0.7492383601639947, 0.7492383601639947, 0.7492383601639947, 0.7539813198607661, 0.7539813198607661, 0.7539813198607661, 0.7556870462555965, 0.7556870462555965, 0.7556870462555965, 0.7556870462555965, 0.7556870462555965, 0.7575134470692367, 0.7575134470692367, 0.7575134470692367, 0.7575134470692367, 0.7575134470692367, 0.7575134470692367, 0.7575134470692367, 0.7575134470692367, 0.7575134470692367, 0.7575134470692367, 0.7575134470692367, 0.7575134470692367]
[0.09051513706017889, 0.09867967033494177, 0.10866663511233215, 0.11506728133512892, 0.11884231620914988, 0.1267940974445445, 0.13882057437013426, 0.14676246250450384, 0.1528544504511292, 0.16080378030757433, 0.16337342284747752, 0.17055826206032382, 0.18179650650061782, 0.18880353780642414, 0.1919103628248454, 0.1987533833025284, 0.20593919671893146, 0.2128551396894203, 0.21692907985279103, 0.22997980605905544, 0.2399413948227644, 0.24684268313072547, 0.2570926480585401, 0.27107330881500713, 0.279361494156749, 0.28064136146444035, 0.2893521416229114, 0.29764367820842846, 0.30267655219245887, 0.305819945448624, 0.31286111175830644, 0.3183004302553762, 0.320898573945236, 0.3241226565028433, 0.32546622593052277, 0.34019491200113655, 0.34966678108549776, 0.3572890804090127, 0.365131131868757, 0.37314827983172427, 0.37716410313344384, 0.3812389397567475, 0.3892061021930274, 0.3892061021930274, 0.39625238859253936, 0.3982056444650026, 0.403586367655223, 0.4068630431045095, 0.41736311869142945, 0.4251881162088591, 0.4251881162088591, 0.4277981376045594, 0.4277981376045594, 0.4322944193959758, 0.4369444064005632, 0.4369444064005632, 0.44282396789416845, 0.44282396789416845, 0.44282396789416845, 0.44282396789416845, 0.44282396789416845, 0.44282396789416845, 0.44282396789416845, 0.4528637716799738, 0.4528637716799738, 0.4590116334744411, 0.4646904501833273, 0.4646904501833273, 0.4646904501833273, 0.4646904501833273, 0.4646904501833273, 0.4646904501833273, 0.47199371301437654, 0.47199371301437654, 0.47199371301437654, 0.49033348594244514, 0.49033348594244514, 0.49033348594244514, 0.4974462724643482, 0.4974462724643482, 0.4974462724643482, 0.4974462724643482, 0.4974462724643482, 0.5056611995467563, 0.5056611995467563, 0.5056611995467563, 0.5056611995467563, 0.5056611995467563, 0.5056611995467563, 0.5056611995467563, 0.5056611995467563, 0.5056611995467563, 0.5056611995467563, 0.5056611995467563, 0.5056611995467563]
Training raw path: /home/anhnd/DTI Project/Codes/MPNN/data/KFold/ATCInchikeySideEffectByDrug.txt_train_3
('Number of substructures, proteins, pathways, drugs, se: ', 2936, 1448, 330, 969, 598)
((872, 4714), (97, 4714), (872, 598), (97, 598))
Train: 0.9384 0.8176
Test: 0.7631 0.4784
