CSMF_P
<models.baselines.CSMF.CSMF object at 0x7fbd47400d10>
('Manual torch seed: ', 443181909)
Training raw path: /home/anhnd/DTI Project/Codes/MPNN/data/KFold/ATCInchikeySideEffectByDrug.txt_train_0
('Number of substructures, proteins, pathways, drugs, se: ', 2936, 1448, 330, 969, 598)
((872, 2936), (97, 2936), (872, 598), (97, 598))
Train: 0.9325 0.8025
Test: 0.7663 0.4891
[0.5851136132860979, 0.5975924825511355, 0.6090148090149031, 0.607132488452947, 0.6059297968817626, 0.6161506200604834, 0.622626423412493, 0.6278844820062456, 0.630336306427096, 0.6341774397736066, 0.6357506711930513, 0.6387489979058312, 0.6467286788147251, 0.6509813017203115, 0.6530116697145318, 0.6556178146758262, 0.6569245439307327, 0.6595711787234768, 0.6610412744178797, 0.6664755249928543, 0.6718015966845338, 0.6755425921243912, 0.6796534690661142, 0.6834282105599123, 0.6866362074327593, 0.6870481482975266, 0.6894840083769755, 0.6922734119402327, 0.6958701175868125, 0.6971427402427898, 0.7017602801178464, 0.7041178802482335, 0.7050160401662853, 0.7065156005284431, 0.7075188368258538, 0.7131933086385711, 0.7156152997871855, 0.7191639256609429, 0.7214676812282542, 0.7250851254878509, 0.7265737847801325, 0.7276185180281377, 0.7309523827282485, 0.7309523827282485, 0.7331230770527429, 0.7340550846631321, 0.7360422333274934, 0.7370704970704971, 0.7407478765787618, 0.7439653584155814, 0.7439653584155814, 0.74510584571212, 0.74510584571212, 0.7474168274827421, 0.7484415487587671, 0.7484415487587671, 0.7503971834449817, 0.7503971834449817, 0.7503971834449817, 0.7503971834449817, 0.7503971834449817, 0.7503971834449817, 0.7503971834449817, 0.7532319220816562, 0.7532319220816562, 0.7546659722022824, 0.75604938475979, 0.75604938475979, 0.75604938475979, 0.75604938475979, 0.75604938475979, 0.75604938475979, 0.7577164597939782, 0.7577164597939782, 0.7577164597939782, 0.7625876375666558, 0.7625876375666558, 0.7625876375666558, 0.7643730869962625, 0.7643730869962625, 0.7643730869962625, 0.7643730869962625, 0.7643730869962625, 0.7663191741439809, 0.7663191741439809, 0.7663191741439809, 0.7663191741439809, 0.7663191741439809, 0.7663191741439809, 0.7663191741439809, 0.7663191741439809, 0.7663191741439809, 0.7663191741439809, 0.7663191741439809, 0.7663191741439809]
[0.09653242214949403, 0.10551260752503869, 0.11853374991311036, 0.11399331572748708, 0.11982718720852836, 0.12977753404752687, 0.13693351570200712, 0.14452495245176428, 0.14876721589109224, 0.15490273991102405, 0.15738736102512388, 0.1610690790571298, 0.17224191146497622, 0.18141344255131028, 0.1856146095026642, 0.18928180075740458, 0.1918394170056117, 0.1956279929865683, 0.19738779093480968, 0.20824638742507418, 0.21998498234729547, 0.22881121138326832, 0.2371745609505501, 0.2453280799675649, 0.25241844592488166, 0.2527695808173219, 0.25653205594409273, 0.2628177340694451, 0.2711402242729664, 0.27354928593840333, 0.2826436435370777, 0.28814835142885614, 0.29087755918164493, 0.29536288608492484, 0.29836635371925996, 0.3143855568321803, 0.32149642620709906, 0.3298638569447985, 0.3366714851273037, 0.34584671086917196, 0.34964679529534, 0.35267622704858526, 0.360373846880172, 0.360373846880172, 0.3678734422625213, 0.3703481877620072, 0.37713514996693254, 0.37994050656810496, 0.3901506762676026, 0.40153207953895587, 0.40153207953895587, 0.40516794903992903, 0.40516794903992903, 0.4135341687900627, 0.4170962325371415, 0.4170962325371415, 0.4232544951259598, 0.4232544951259598, 0.4232544951259598, 0.4232544951259598, 0.4232544951259598, 0.4232544951259598, 0.4232544951259598, 0.43446329314923077, 0.43446329314923077, 0.4398855871479035, 0.4450941218906813, 0.4450941218906813, 0.4450941218906813, 0.4450941218906813, 0.4450941218906813, 0.4450941218906813, 0.45208520296471766, 0.45208520296471766, 0.45208520296471766, 0.4715958586599614, 0.4715958586599614, 0.4715958586599614, 0.47924373924779606, 0.47924373924779606, 0.47924373924779606, 0.47924373924779606, 0.47924373924779606, 0.4891206804503115, 0.4891206804503115, 0.4891206804503115, 0.4891206804503115, 0.4891206804503115, 0.4891206804503115, 0.4891206804503115, 0.4891206804503115, 0.4891206804503115, 0.4891206804503115, 0.4891206804503115, 0.4891206804503115]
Training raw path: /home/anhnd/DTI Project/Codes/MPNN/data/KFold/ATCInchikeySideEffectByDrug.txt_train_1
('Number of substructures, proteins, pathways, drugs, se: ', 2936, 1448, 330, 969, 598)
((872, 2936), (97, 2936), (872, 598), (97, 598))
Train: 0.9274 0.7920
Test: 0.7749 0.4906
[0.5843454803868213, 0.5962929914519135, 0.5990901348753119, 0.600944338511335, 0.6041497690813629, 0.6081267480056962, 0.6191516610187513, 0.624990690676076, 0.6322124891778311, 0.6345144213854136, 0.6346215363670864, 0.6394810303062861, 0.6465873100070718, 0.6533903738019521, 0.6559447395668614, 0.6609390447602355, 0.6628853602145109, 0.6681384984566064, 0.6697013539262135, 0.6747259150193117, 0.6779490090771683, 0.6822541212699901, 0.6861090406410078, 0.6897393950037234, 0.6918429436245823, 0.6925238834134618, 0.6950541222171377, 0.6978339504032188, 0.7022212037845609, 0.7038052909379605, 0.7086764397689643, 0.711939207197869, 0.7129568250441676, 0.7151178778281239, 0.7160658272105223, 0.7215243643942388, 0.7239397243607366, 0.7280750249668867, 0.7307832029625777, 0.7348016732822655, 0.736550351828974, 0.7376295240497106, 0.7411395306795618, 0.7411395306795618, 0.7424663437649408, 0.74329656373139, 0.7456062291186906, 0.7464763224243485, 0.7499970482033204, 0.7529530527317438, 0.7529530527317438, 0.7538149824104785, 0.7538149824104785, 0.7560483797327404, 0.7571762551625774, 0.7571762551625774, 0.7593880137998155, 0.7593880137998155, 0.7593880137998155, 0.7593880137998155, 0.7593880137998155, 0.7593880137998155, 0.7593880137998155, 0.7622366704824469, 0.7622366704824469, 0.7635455694289955, 0.7647931977668672, 0.7647931977668672, 0.7647931977668672, 0.7647931977668672, 0.7647931977668672, 0.7647931977668672, 0.7665746316441209, 0.7665746316441209, 0.7665746316441209, 0.77110789198701, 0.77110789198701, 0.77110789198701, 0.772961527777247, 0.772961527777247, 0.772961527777247, 0.772961527777247, 0.772961527777247, 0.7748615112274732, 0.7748615112274732, 0.7748615112274732, 0.7748615112274732, 0.7748615112274732, 0.7748615112274732, 0.7748615112274732, 0.7748615112274732, 0.7748615112274732, 0.7748615112274732, 0.7748615112274732, 0.7748615112274732]
[0.102480469800764, 0.11873535968632289, 0.11361547086308076, 0.11449795569549104, 0.12283624475770874, 0.1252253726763113, 0.13710855112996084, 0.1439890745231332, 0.15633019279739546, 0.1585429473742016, 0.15845086553266677, 0.16436023509276293, 0.17462763188276154, 0.18221682502191036, 0.18650474179386395, 0.19547582113409315, 0.1974629673278924, 0.20581188964382488, 0.20746775792942967, 0.2165320288421802, 0.2241438257012272, 0.23493729998284313, 0.24152045070866096, 0.24937863904155938, 0.25398560851044166, 0.25486397084003337, 0.2567393515118759, 0.26295335487509375, 0.27373256297024007, 0.2769791060090117, 0.2889768869325885, 0.2971118630045665, 0.3005562811423642, 0.3065293765838507, 0.30830927401467373, 0.32130230623992756, 0.32697706140185495, 0.3373915795986767, 0.34369125318121985, 0.35525629424364424, 0.3590072794635686, 0.36198138758163617, 0.37142943046873855, 0.37142943046873855, 0.37481956992065135, 0.3773896750210468, 0.3846989710510271, 0.3864645981591114, 0.3962892734978758, 0.4059486167155103, 0.4059486167155103, 0.40834360983631224, 0.40834360983631224, 0.41537265310591076, 0.4193673532986725, 0.4193673532986725, 0.4264022678230524, 0.4264022678230524, 0.4264022678230524, 0.4264022678230524, 0.4264022678230524, 0.4264022678230524, 0.4264022678230524, 0.43825851373032665, 0.43825851373032665, 0.44286097148148296, 0.44682227613514647, 0.44682227613514647, 0.44682227613514647, 0.44682227613514647, 0.44682227613514647, 0.44682227613514647, 0.4556126368582781, 0.4556126368582781, 0.4556126368582781, 0.4732574930991523, 0.4732574930991523, 0.4732574930991523, 0.48135676207302425, 0.48135676207302425, 0.48135676207302425, 0.48135676207302425, 0.48135676207302425, 0.490634942800955, 0.490634942800955, 0.490634942800955, 0.490634942800955, 0.490634942800955, 0.490634942800955, 0.490634942800955, 0.490634942800955, 0.490634942800955, 0.490634942800955, 0.490634942800955, 0.490634942800955]
Training raw path: /home/anhnd/DTI Project/Codes/MPNN/data/KFold/ATCInchikeySideEffectByDrug.txt_train_2
('Number of substructures, proteins, pathways, drugs, se: ', 2936, 1448, 330, 969, 598)
((872, 2936), (97, 2936), (872, 598), (97, 598))
Train: 0.9279 0.7897
Test: 0.7579 0.5057
[0.5544583521889246, 0.5613249058299711, 0.5744415639354388, 0.5799262367613863, 0.5855930409349056, 0.5928313744152893, 0.6033877961433826, 0.6090871380098246, 0.6139579418402806, 0.6173891996617165, 0.6195326903148785, 0.6240766437059515, 0.631498900537291, 0.63664380575278, 0.6386300165507015, 0.6421369394515961, 0.6454070924553612, 0.6492596169208245, 0.6513825330133494, 0.6583087133313097, 0.6620502194128697, 0.6657126691347265, 0.6704006711515538, 0.6754993186214135, 0.6791608827195124, 0.6798030615387436, 0.683649014367216, 0.6867050789288099, 0.6897859302586808, 0.6911266222406933, 0.6950152410616285, 0.6973370971530595, 0.6982111239609777, 0.6996600911366243, 0.700410621438481, 0.706105407152384, 0.7091575799074338, 0.7121985958329191, 0.7150293758801292, 0.7182864774777366, 0.719700453634603, 0.720912153238737, 0.7241671770877269, 0.7241671770877269, 0.7262134956055586, 0.727146523782126, 0.7289867176033233, 0.7301368541580084, 0.7339547132356493, 0.7366389291101821, 0.7366389291101821, 0.7375177834945955, 0.7375177834945955, 0.7392496620353414, 0.7405000444187892, 0.7405000444187892, 0.7424391093479802, 0.7424391093479802, 0.7424391093479802, 0.7424391093479802, 0.7424391093479802, 0.7424391093479802, 0.7424391093479802, 0.7450616915579905, 0.7450616915579905, 0.7466059473770743, 0.7480200337588971, 0.7480200337588971, 0.7480200337588971, 0.7480200337588971, 0.7480200337588971, 0.7480200337588971, 0.749675308961478, 0.749675308961478, 0.749675308961478, 0.7544068117129558, 0.7544068117129558, 0.7544068117129558, 0.7561078943864131, 0.7561078943864131, 0.7561078943864131, 0.7561078943864131, 0.7561078943864131, 0.757929857780504, 0.757929857780504, 0.757929857780504, 0.757929857780504, 0.757929857780504, 0.757929857780504, 0.757929857780504, 0.757929857780504, 0.757929857780504, 0.757929857780504, 0.757929857780504, 0.757929857780504]
[0.10021119447943869, 0.10904867955558671, 0.11934223757122925, 0.12275075629153445, 0.1281586599704442, 0.13344836557863268, 0.14580631883540163, 0.15269960636376936, 0.15773488055330265, 0.16465036232464128, 0.1667783839448653, 0.1733837333891663, 0.18479817214742128, 0.1904999155156108, 0.19411360691218738, 0.20047145725121138, 0.20660198772729602, 0.21387472275154798, 0.21828298861679146, 0.23163223395860147, 0.2411980633828986, 0.24866398209989451, 0.25937139656469443, 0.2726902385574125, 0.28124897526110154, 0.2823309538595993, 0.29007370921818254, 0.29830577930416535, 0.3033578974748324, 0.3063105631412184, 0.3123450487481012, 0.318209724424535, 0.3207504010620592, 0.32380040935028437, 0.32557118723490497, 0.3408256759714565, 0.3500420927781623, 0.3583241527897088, 0.3660564377415484, 0.3738715282816216, 0.3780212108322616, 0.3819338762718434, 0.3908537686833919, 0.3908537686833919, 0.3976587474948513, 0.3996655234962529, 0.40499077818437623, 0.4085247839041778, 0.4197600072049279, 0.42738987827745384, 0.42738987827745384, 0.43010545832245584, 0.43010545832245584, 0.43433765888873566, 0.4386824666811197, 0.4386824666811197, 0.44459806422991544, 0.44459806422991544, 0.44459806422991544, 0.44459806422991544, 0.44459806422991544, 0.44459806422991544, 0.44459806422991544, 0.45396620237191937, 0.45396620237191937, 0.4598923555244103, 0.46547145590420935, 0.46547145590420935, 0.46547145590420935, 0.46547145590420935, 0.46547145590420935, 0.46547145590420935, 0.47261411619839094, 0.47261411619839094, 0.47261411619839094, 0.4909519520174991, 0.4909519520174991, 0.4909519520174991, 0.49774819958304606, 0.49774819958304606, 0.49774819958304606, 0.49774819958304606, 0.49774819958304606, 0.5057464963131344, 0.5057464963131344, 0.5057464963131344, 0.5057464963131344, 0.5057464963131344, 0.5057464963131344, 0.5057464963131344, 0.5057464963131344, 0.5057464963131344, 0.5057464963131344, 0.5057464963131344, 0.5057464963131344]
Training raw path: /home/anhnd/DTI Project/Codes/MPNN/data/KFold/ATCInchikeySideEffectByDrug.txt_train_3
('Number of substructures, proteins, pathways, drugs, se: ', 2936, 1448, 330, 969, 598)
((872, 2936), (97, 2936), (872, 598), (97, 598))
Train: 0.9263 0.7889
Test: 0.7669 0.4869
