CSMF_P
<models.baselines.CSMF.CSMF object at 0x7fd47d839650>
('Manual torch seed: ', 443181909)
Training raw path: /home/anhnd/DTI Project/Codes/MPNN/data/KFold/ATCInchikeySideEffectByDrug.txt_train_0
('Number of substructures, proteins, pathways, drugs, se: ', 2936, 1448, 330, 969, 598)
((872, 2936), (97, 2936), (872, 598), (97, 598))
Train: 0.9325 0.8025
Test: 0.7822 0.5126
[0.6399392257297802, 0.6571248524902017, 0.6622543751341056, 0.658362566865717, 0.6556488485269398, 0.6603456349079356, 0.6639855527118105, 0.6683212204572456, 0.6694985544354464, 0.6725707393315732, 0.6737713057187444, 0.6759008010977674, 0.6814337380899622, 0.6846366904809666, 0.6859153095730199, 0.6879552345851282, 0.6893474534690524, 0.6912469264385552, 0.6923268881701612, 0.6963310007790127, 0.7008661828071406, 0.7038097924093205, 0.7069062761860399, 0.710311656487546, 0.7128011497351145, 0.71325155322624, 0.7152862862273365, 0.7174780899603557, 0.7203169676574932, 0.7213665781538323, 0.7249222637337569, 0.7268462994726148, 0.7275837939455694, 0.7288739476674337, 0.7297237373355006, 0.7346303042935508, 0.7368735119887784, 0.7398486748724264, 0.7419110012815484, 0.7449260496970604, 0.7462251979347089, 0.7470996504654005, 0.7500037939632327, 0.7500037939632327, 0.7519663994704686, 0.7528136315494813, 0.7546708694589056, 0.7554957741725228, 0.7588263599920471, 0.7616944529362972, 0.7616944529362972, 0.7627213139950748, 0.7627213139950748, 0.7648566332850874, 0.7657823224580637, 0.7657823224580637, 0.7676199598855342, 0.7676199598855342, 0.7676199598855342, 0.7676199598855342, 0.7676199598855342, 0.7676199598855342, 0.7676199598855342, 0.7701902134847614, 0.7701902134847614, 0.7715005095989569, 0.7727793468732967, 0.7727793468732967, 0.7727793468732967, 0.7727793468732967, 0.7727793468732967, 0.7727793468732967, 0.7743081910230494, 0.7743081910230494, 0.7743081910230494, 0.7787817535377823, 0.7787817535377823, 0.7787817535377823, 0.7804276662177887, 0.7804276662177887, 0.7804276662177887, 0.7804276662177887, 0.7804276662177887, 0.7822313770705343, 0.7822313770705343, 0.7822313770705343, 0.7822313770705343, 0.7822313770705343, 0.7822313770705343, 0.7822313770705343, 0.7822313770705343, 0.7822313770705343, 0.7822313770705343, 0.7822313770705343, 0.7822313770705343]
[0.1178819594397911, 0.13748288554423346, 0.14466830405235098, 0.14219461131293798, 0.14555370306296422, 0.15273120521550074, 0.1592999200869838, 0.16721216966414262, 0.1711687401291767, 0.17671685208292587, 0.17947305305117395, 0.18371184237842053, 0.19558681270833803, 0.20488426984294603, 0.20814733466250634, 0.21327234504103582, 0.21652207288724418, 0.22129435768025082, 0.22452439660636908, 0.23782211731702807, 0.25048829546666734, 0.25933509794549175, 0.2664537205401624, 0.2752065417080226, 0.280849431685368, 0.28245370215905186, 0.2865961559101741, 0.29248463201801306, 0.3004379687802475, 0.30407315443566574, 0.31435786152237893, 0.3195292573624988, 0.32149863400419953, 0.32672142463994897, 0.32925148969646545, 0.3445993876546913, 0.35114897693270897, 0.36096804630777424, 0.3674735807892885, 0.37707268595760196, 0.3809385957985853, 0.38402742797794776, 0.39151730019575887, 0.39151730019575887, 0.39843264312352233, 0.4012367811742102, 0.40867054004468195, 0.41164901996931236, 0.42228401778915436, 0.43228362834961553, 0.43228362834961553, 0.43565397591881166, 0.43565397591881166, 0.44351426076621586, 0.4466761357658293, 0.4466761357658293, 0.4535648454432807, 0.4535648454432807, 0.4535648454432807, 0.4535648454432807, 0.4535648454432807, 0.4535648454432807, 0.4535648454432807, 0.4629275236761875, 0.4629275236761875, 0.46772812224029786, 0.47289925575363595, 0.47289925575363595, 0.47289925575363595, 0.47289925575363595, 0.47289925575363595, 0.47289925575363595, 0.47942147271466823, 0.47942147271466823, 0.47942147271466823, 0.4972632427445228, 0.4972632427445228, 0.4972632427445228, 0.5044084973922075, 0.5044084973922075, 0.5044084973922075, 0.5044084973922075, 0.5044084973922075, 0.5125830474984717, 0.5125830474984717, 0.5125830474984717, 0.5125830474984717, 0.5125830474984717, 0.5125830474984717, 0.5125830474984717, 0.5125830474984717, 0.5125830474984717, 0.5125830474984717, 0.5125830474984717, 0.5125830474984717]
Training raw path: /home/anhnd/DTI Project/Codes/MPNN/data/KFold/ATCInchikeySideEffectByDrug.txt_train_1
('Number of substructures, proteins, pathways, drugs, se: ', 2936, 1448, 330, 969, 598)
((872, 2936), (97, 2936), (872, 598), (97, 598))
Train: 0.9274 0.7920
Test: 0.7750 0.4999
[0.5911538105866474, 0.6113302347366898, 0.6083719704588694, 0.611188605164356, 0.6159364951572497, 0.6188489496597469, 0.6274802976970545, 0.6323263977833021, 0.6386551586468032, 0.6411438962346829, 0.6422781275447225, 0.6466619547985473, 0.654318357613881, 0.6603336727923159, 0.6628524543389183, 0.666723062036413, 0.6685136095263812, 0.6727012549736243, 0.6741495630225652, 0.6777934763878093, 0.681625638319892, 0.6858889764906956, 0.688820975638144, 0.6922786699243291, 0.6943037292393615, 0.6948854297529339, 0.6974889032585199, 0.6999963106392488, 0.7042132542056214, 0.7056396764466522, 0.7102298005007983, 0.7132061300917494, 0.7142554083830757, 0.7164281312240344, 0.7173593370356821, 0.7226153107912107, 0.7249728559639299, 0.7286774522965804, 0.731096208457839, 0.7349277749344838, 0.7366087282046937, 0.7376592474519426, 0.7412042705404797, 0.7412042705404797, 0.7425734981889592, 0.7434595924905462, 0.7456829760135852, 0.7465208817058231, 0.7501428949350092, 0.7531192475865256, 0.7531192475865256, 0.7539845879871132, 0.7539845879871132, 0.7562235035437941, 0.7573539824793577, 0.7573539824793577, 0.7595695337877917, 0.7595695337877917, 0.7595695337877917, 0.7595695337877917, 0.7595695337877917, 0.7595695337877917, 0.7595695337877917, 0.7624183398077783, 0.7624183398077783, 0.7637267478517241, 0.7649853693184034, 0.7649853693184034, 0.7649853693184034, 0.7649853693184034, 0.7649853693184034, 0.7649853693184034, 0.7667633100568662, 0.7667633100568662, 0.7667633100568662, 0.7713007413125559, 0.7713007413125559, 0.7713007413125559, 0.7731496912808501, 0.7731496912808501, 0.7731496912808501, 0.7731496912808501, 0.7731496912808501, 0.7750480167075453, 0.7750480167075453, 0.7750480167075453, 0.7750480167075453, 0.7750480167075453, 0.7750480167075453, 0.7750480167075453, 0.7750480167075453, 0.7750480167075453, 0.7750480167075453, 0.7750480167075453, 0.7750480167075453]
[0.10561253499811285, 0.12717167429352494, 0.12817082789310857, 0.12782764605571073, 0.1332912224262577, 0.13490571658078906, 0.1461703357563162, 0.15718738906719545, 0.1691684606872815, 0.17158070120141988, 0.17252630854498038, 0.1789802351634162, 0.18905975544633769, 0.19748931440977452, 0.2015100302638295, 0.20874550485093774, 0.21258247675959296, 0.2181937707966382, 0.2192827892772249, 0.22880493436057409, 0.2416437808069805, 0.2528459470713359, 0.25862047967231444, 0.26456970483136166, 0.2689957106513198, 0.2696153159825953, 0.2737437570864624, 0.27875510927515385, 0.28896808083796044, 0.29268921330612563, 0.3042101437757598, 0.31055767036719023, 0.3136330213715691, 0.3200298193274308, 0.3224193472911589, 0.33588362188713206, 0.3418911420826421, 0.3527908700767377, 0.3584199098708555, 0.36920388826829365, 0.3731011046786998, 0.3758731292660491, 0.3852993139920672, 0.3852993139920672, 0.38963784952229774, 0.3925461407426792, 0.39904189793715983, 0.40141891031845384, 0.41199273699624184, 0.42121469738237505, 0.42121469738237505, 0.4235620298119723, 0.4235620298119723, 0.43011634027556844, 0.4335834355580178, 0.4335834355580178, 0.43958588686478084, 0.43958588686478084, 0.43958588686478084, 0.43958588686478084, 0.43958588686478084, 0.43958588686478084, 0.43958588686478084, 0.45001866044776867, 0.45001866044776867, 0.45415604407994636, 0.4583119445243087, 0.4583119445243087, 0.4583119445243087, 0.4583119445243087, 0.4583119445243087, 0.4583119445243087, 0.46618402410756316, 0.46618402410756316, 0.46618402410756316, 0.48338726420370853, 0.48338726420370853, 0.48338726420370853, 0.49130316519230544, 0.49130316519230544, 0.49130316519230544, 0.49130316519230544, 0.49130316519230544, 0.49988650724734657, 0.49988650724734657, 0.49988650724734657, 0.49988650724734657, 0.49988650724734657, 0.49988650724734657, 0.49988650724734657, 0.49988650724734657, 0.49988650724734657, 0.49988650724734657, 0.49988650724734657, 0.49988650724734657]
Training raw path: /home/anhnd/DTI Project/Codes/MPNN/data/KFold/ATCInchikeySideEffectByDrug.txt_train_2
('Number of substructures, proteins, pathways, drugs, se: ', 2936, 1448, 330, 969, 598)
((872, 2936), (97, 2936), (872, 598), (97, 598))
Train: 0.9279 0.7897
Test: 0.7746 0.5223
[0.633796657113167, 0.6320485338283083, 0.6406556648287975, 0.643958034998613, 0.644822638161044, 0.6471075133848014, 0.6529852146960416, 0.6560608328429554, 0.65815486235829, 0.6607976455206075, 0.6607219532104169, 0.6633429725621641, 0.66815460619958, 0.6711413885165995, 0.6724248182221615, 0.6756573751707334, 0.6780351809029216, 0.6806105256325157, 0.6818612082775822, 0.687966483031202, 0.6912142996473264, 0.6939359644827994, 0.6978684222116017, 0.7022866326343478, 0.7052292783967922, 0.7056905185008643, 0.7088433193605403, 0.711653986555385, 0.7141251777134894, 0.71526087128595, 0.7184373961473102, 0.7203449720808528, 0.7211575344359953, 0.7223120334702101, 0.7230132535992112, 0.7280511311602891, 0.7307978234266255, 0.7333826286586317, 0.7356782698299045, 0.7384119767682172, 0.7397312873938172, 0.7408120633264955, 0.7436498619731828, 0.7436498619731828, 0.7455547495820654, 0.746360869732861, 0.7480271670950822, 0.7490777604597276, 0.7526331828475191, 0.7550710485938175, 0.7550710485938175, 0.755828086701037, 0.755828086701037, 0.7574616705079575, 0.7585591587024307, 0.7585591587024307, 0.7603682893230563, 0.7603682893230563, 0.7603682893230563, 0.7603682893230563, 0.7603682893230563, 0.7603682893230563, 0.7603682893230563, 0.7627776590277355, 0.7627776590277355, 0.7641811735609979, 0.7654871648190178, 0.7654871648190178, 0.7654871648190178, 0.7654871648190178, 0.7654871648190178, 0.7654871648190178, 0.767009578828, 0.767009578828, 0.767009578828, 0.771366412155344, 0.771366412155344, 0.771366412155344, 0.7729310528066996, 0.7729310528066996, 0.7729310528066996, 0.7729310528066996, 0.7729310528066996, 0.7746183636672975, 0.7746183636672975, 0.7746183636672975, 0.7746183636672975, 0.7746183636672975, 0.7746183636672975, 0.7746183636672975, 0.7746183636672975, 0.7746183636672975, 0.7746183636672975, 0.7746183636672975, 0.7746183636672975]
[0.11619536937010765, 0.12851308523153632, 0.14622996680447975, 0.15488028301019274, 0.16082597453962108, 0.16454014005285592, 0.17586499346920328, 0.18244352385535667, 0.1878405493619514, 0.19644878476149236, 0.19722238569698983, 0.20332529643246106, 0.21152033511059548, 0.21677251906980527, 0.22063032154689133, 0.22692636426814855, 0.2327086231811466, 0.23872311689051312, 0.24205145020502025, 0.25659646495887356, 0.26613507342909043, 0.2737574473641351, 0.28534897159705863, 0.29722325630066265, 0.3065522564039953, 0.3077037129759179, 0.3149990929336668, 0.32300174402174275, 0.32863495777423357, 0.33108658920263156, 0.3389609648538191, 0.34354482767258715, 0.345917929442671, 0.3482163004512102, 0.35013839627425797, 0.36413079407992166, 0.3732346432589461, 0.3807673122270401, 0.38764069439227156, 0.3943732052736513, 0.398688400456983, 0.4022091496574226, 0.41088619435408213, 0.41088619435408213, 0.41811294941839106, 0.4200464268523618, 0.42576389085627375, 0.429210867858902, 0.44002802484050707, 0.4471015092356755, 0.4471015092356755, 0.4496344990231316, 0.4496344990231316, 0.4546822835206597, 0.45854101110416845, 0.45854101110416845, 0.464528472927441, 0.464528472927441, 0.464528472927441, 0.464528472927441, 0.464528472927441, 0.464528472927441, 0.464528472927441, 0.4733868810065378, 0.4733868810065378, 0.47853420208567105, 0.48404464639930733, 0.48404464639930733, 0.48404464639930733, 0.48404464639930733, 0.48404464639930733, 0.48404464639930733, 0.4906006494082891, 0.4906006494082891, 0.4906006494082891, 0.5084647231590599, 0.5084647231590599, 0.5084647231590599, 0.5146611456754355, 0.5146611456754355, 0.5146611456754355, 0.5146611456754355, 0.5146611456754355, 0.5222950405015806, 0.5222950405015806, 0.5222950405015806, 0.5222950405015806, 0.5222950405015806, 0.5222950405015806, 0.5222950405015806, 0.5222950405015806, 0.5222950405015806, 0.5222950405015806, 0.5222950405015806, 0.5222950405015806]
Training raw path: /home/anhnd/DTI Project/Codes/MPNN/data/KFold/ATCInchikeySideEffectByDrug.txt_train_3
('Number of substructures, proteins, pathways, drugs, se: ', 2936, 1448, 330, 969, 598)
((872, 2936), (97, 2936), (872, 598), (97, 598))
Train: 0.9263 0.7889
Test: 0.7662 0.4762
[0.5890625084459487, 0.6097033355941865, 0.6166092070472661, 0.6138296329245108, 0.6193360572025614, 0.6229683521194868, 0.6288957350256359, 0.6366616825015611, 0.6414497353758194, 0.645789365588503, 0.6477059016187375, 0.6519970326920398, 0.6585818066117088, 0.6632619047039447, 0.6651413986081068, 0.6676115009317425, 0.6698646291748006, 0.6718825397392094, 0.673724921195678, 0.6772509955146075, 0.6816866538251034, 0.6859504187306011, 0.689843088423413, 0.6928877759353712, 0.6939420423110254, 0.6944597250709643, 0.6976644142936974, 0.6993676418450128, 0.7020885018944862, 0.7028458717220019, 0.7072042127497117, 0.7088526142406025, 0.7093618700414285, 0.7107607803171245, 0.7113204781696995, 0.7156477528883524, 0.7181756749830162, 0.7208501054595233, 0.723026226614022, 0.7261295999530015, 0.7273600631349406, 0.7282211117356139, 0.7315614855582414, 0.7315614855582414, 0.7332895455638764, 0.7342355887048309, 0.735964128464463, 0.7370674884431969, 0.7407537960080872, 0.7437739957010533, 0.7437739957010533, 0.7447521877176007, 0.7447521877176007, 0.7467362053340918, 0.7479050148099454, 0.7479050148099454, 0.7502137563279372, 0.7502137563279372, 0.7502137563279372, 0.7502137563279372, 0.7502137563279372, 0.7502137563279372, 0.7502137563279372, 0.7528658918916074, 0.7528658918916074, 0.7543481444525515, 0.7557984290357187, 0.7557984290357187, 0.7557984290357187, 0.7557984290357187, 0.7557984290357187, 0.7557984290357187, 0.7574306459035429, 0.7574306459035429, 0.7574306459035429, 0.7626013200328227, 0.7626013200328227, 0.7626013200328227, 0.7644136787116788, 0.7644136787116788, 0.7644136787116788, 0.7644136787116788, 0.7644136787116788, 0.7662353165578245, 0.7662353165578245, 0.7662353165578245, 0.7662353165578245, 0.7662353165578245, 0.7662353165578245, 0.7662353165578245, 0.7662353165578245, 0.7662353165578245, 0.7662353165578245, 0.7662353165578245, 0.7662353165578245]
[0.0808111034636835, 0.09722621996528766, 0.10203887998628637, 0.10721044716302591, 0.11870399324216717, 0.1250492084782276, 0.1338513093722583, 0.14701302051499102, 0.15756251075036873, 0.16601087339429169, 0.1684425033346873, 0.1757572287827165, 0.1877396820709361, 0.19670365676832283, 0.20079203081058933, 0.20521786073029294, 0.2110997139133794, 0.215171535754281, 0.21704295854884909, 0.2274592240925732, 0.23847004189781806, 0.24738110153594328, 0.25719039961393475, 0.2647028506964352, 0.26816063189050315, 0.26878238922052533, 0.27631844282918117, 0.28035818304073246, 0.28599776342369465, 0.28705186408317734, 0.29665090472146166, 0.29955594851451317, 0.3004593102515552, 0.3032677713281612, 0.3043164353986795, 0.3153283010104794, 0.32203518808909465, 0.32905542072768246, 0.33415857092962453, 0.3430626780048217, 0.34561790834052997, 0.3477369336047363, 0.3562006829800996, 0.3562006829800996, 0.3616602575395511, 0.36434926333701123, 0.3695056369963946, 0.37253726646674645, 0.3826449361849508, 0.39252512322789146, 0.39252512322789146, 0.39523814426043546, 0.39523814426043546, 0.40050431816221926, 0.4039116811332564, 0.4039116811332564, 0.41080019080382585, 0.41080019080382585, 0.41080019080382585, 0.41080019080382585, 0.41080019080382585, 0.41080019080382585, 0.41080019080382585, 0.42038545782042486, 0.42038545782042486, 0.4256133433118553, 0.43165428696225827, 0.43165428696225827, 0.43165428696225827, 0.43165428696225827, 0.43165428696225827, 0.43165428696225827, 0.43907330965298386, 0.43907330965298386, 0.43907330965298386, 0.46041626779077754, 0.46041626779077754, 0.46041626779077754, 0.4681963095552247, 0.4681963095552247, 0.4681963095552247, 0.4681963095552247, 0.4681963095552247, 0.47617422891475153, 0.47617422891475153, 0.47617422891475153, 0.47617422891475153, 0.47617422891475153, 0.47617422891475153, 0.47617422891475153, 0.47617422891475153, 0.47617422891475153, 0.47617422891475153, 0.47617422891475153, 0.47617422891475153]
Training raw path: /home/anhnd/DTI Project/Codes/MPNN/data/KFold/ATCInchikeySideEffectByDrug.txt_train_4
('Number of substructures, proteins, pathways, drugs, se: ', 2936, 1448, 330, 969, 598)
((872, 2936), (97, 2936), (872, 598), (97, 598))
Train: 0.9287 0.7957
Test: 0.7747 0.4738
[0.6197313451924062, 0.6138152066625939, 0.6189938089047345, 0.6240620925754877, 0.6236740528884422, 0.6272544916220327, 0.6297572948427589, 0.6384066300811984, 0.6413913176893411, 0.6449555244428307, 0.6460728871966575, 0.6493671595744663, 0.6591966961347036, 0.6641481780169212, 0.6650781223682612, 0.6677134883618606, 0.6698734505657722, 0.6740142490976255, 0.6762814946172059, 0.6802525511013147, 0.6837371697927721, 0.687470973028454, 0.6906993318617773, 0.6935656047422939, 0.6964747183757438, 0.69687863452121, 0.7003169081162662, 0.7025533947271171, 0.7056603206035312, 0.7069633025929204, 0.7102713852364473, 0.7125021897365817, 0.7131565125442416, 0.7151746080846342, 0.7160968347697079, 0.7215972768044906, 0.7239214605563229, 0.7273838752024241, 0.7300143629774204, 0.733269349350242, 0.7347420456641276, 0.735551701493498, 0.7390550047991189, 0.7390550047991189, 0.7407752694088587, 0.7416786857829463, 0.743754668074568, 0.744815041726103, 0.7488779806010625, 0.7517179170785221, 0.7517179170785221, 0.7527211070215589, 0.7527211070215589, 0.7545808034873904, 0.7554192386325949, 0.7554192386325949, 0.7577721443201738, 0.7577721443201738, 0.7577721443201738, 0.7577721443201738, 0.7577721443201738, 0.7577721443201738, 0.7577721443201738, 0.7605694437616223, 0.7605694437616223, 0.7620016502623809, 0.7635054242123717, 0.7635054242123717, 0.7635054242123717, 0.7635054242123717, 0.7635054242123717, 0.7635054242123717, 0.7652630983304879, 0.7652630983304879, 0.7652630983304879, 0.7709437106840277, 0.7709437106840277, 0.7709437106840277, 0.7727583361019903, 0.7727583361019903, 0.7727583361019903, 0.7727583361019903, 0.7727583361019903, 0.7746977113134534, 0.7746977113134534, 0.7746977113134534, 0.7746977113134534, 0.7746977113134534, 0.7746977113134534, 0.7746977113134534, 0.7746977113134534, 0.7746977113134534, 0.7746977113134534, 0.7746977113134534, 0.7746977113134534]
[0.07681464157843002, 0.0908170725160168, 0.10033880999372873, 0.1082567807350518, 0.11289888972985748, 0.11904373469156707, 0.12404600534865624, 0.13360480356034424, 0.14084184226128849, 0.15044637227472377, 0.15239881255534954, 0.15909242649541702, 0.17503761763722064, 0.18510352169845157, 0.18735776904847673, 0.19137603684618265, 0.19577154851251127, 0.20312512646183856, 0.20717754737784444, 0.2165445363018301, 0.22308730881849714, 0.23071590214633292, 0.23822536999869473, 0.2460634819520318, 0.2523496245777094, 0.2534012597820984, 0.2612867047439777, 0.2667798930267431, 0.2734162778707552, 0.2765389319936877, 0.2827542040100133, 0.2880504945913797, 0.28924710639062146, 0.2948903527161532, 0.29705382632209815, 0.30941024505847176, 0.3147622056832211, 0.3227077706921627, 0.32864386209920193, 0.336091923290172, 0.33933539170112004, 0.34080748705779007, 0.3510464455715042, 0.3510464455715042, 0.35647766243428713, 0.358743280640091, 0.3645482860194392, 0.36793089454660344, 0.37972745407968156, 0.387424876504319, 0.387424876504319, 0.3904278138923415, 0.3904278138923415, 0.3947589843974001, 0.3968668284947545, 0.3968668284947545, 0.404002659925326, 0.404002659925326, 0.404002659925326, 0.404002659925326, 0.404002659925326, 0.404002659925326, 0.404002659925326, 0.4140985637804766, 0.4140985637804766, 0.4193920278464897, 0.42517369426849083, 0.42517369426849083, 0.42517369426849083, 0.42517369426849083, 0.42517369426849083, 0.42517369426849083, 0.43351591464881906, 0.43351591464881906, 0.43351591464881906, 0.45756821972861705, 0.45756821972861705, 0.45756821972861705, 0.46505995708266734, 0.46505995708266734, 0.46505995708266734, 0.46505995708266734, 0.46505995708266734, 0.47378618042255616, 0.47378618042255616, 0.47378618042255616, 0.47378618042255616, 0.47378618042255616, 0.47378618042255616, 0.47378618042255616, 0.47378618042255616, 0.47378618042255616, 0.47378618042255616, 0.47378618042255616, 0.47378618042255616]
Training raw path: /home/anhnd/DTI Project/Codes/MPNN/data/KFold/ATCInchikeySideEffectByDrug.txt_train_5
('Number of substructures, proteins, pathways, drugs, se: ', 2936, 1448, 330, 969, 598)
((872, 2936), (97, 2936), (872, 598), (97, 598))
Train: 0.9275 0.7942
Test: 0.7852 0.4932
[0.6397289783902166, 0.6532877697644345, 0.6578357581828997, 0.661185905585922, 0.6636434413545659, 0.6661572105198871, 0.6720514837401641, 0.6717093608287267, 0.6762695243713358, 0.6780119261771368, 0.6797326345632404, 0.6837465726738086, 0.6900253158935066, 0.6930751238000323, 0.6942996070455227, 0.6964989059067946, 0.698952737479221, 0.7017949635279181, 0.702329190075907, 0.7046427101878279, 0.7081215929044452, 0.7109520484685647, 0.7140920994897975, 0.7162173330757611, 0.71873342625414, 0.7192201134612676, 0.7221680520103001, 0.7245943013610416, 0.7261124993874715, 0.7274467048900892, 0.7303213165358604, 0.7318025326524527, 0.7320977033080056, 0.7332649593078289, 0.7336300602583624, 0.7383563045617911, 0.7405345151343106, 0.7429591137815392, 0.744879202686089, 0.7473620203148108, 0.7484263124446369, 0.7490440412281124, 0.7518477729067269, 0.7518477729067269, 0.7536463725650687, 0.754366212765889, 0.755934319713692, 0.7566154064086252, 0.7606217826598237, 0.7632088210075775, 0.7632088210075775, 0.7640346698279297, 0.7640346698279297, 0.766236673298311, 0.7672451331354816, 0.7672451331354816, 0.7698474028843633, 0.7698474028843633, 0.7698474028843633, 0.7698474028843633, 0.7698474028843633, 0.7698474028843633, 0.7698474028843633, 0.772373381252041, 0.772373381252041, 0.7735024500836785, 0.7750928478170855, 0.7750928478170855, 0.7750928478170855, 0.7750928478170855, 0.7750928478170855, 0.7750928478170855, 0.776956202377892, 0.776956202377892, 0.776956202377892, 0.7817595114911262, 0.7817595114911262, 0.7817595114911262, 0.7834225262690935, 0.7834225262690935, 0.7834225262690935, 0.7834225262690935, 0.7834225262690935, 0.7851754451104757, 0.7851754451104757, 0.7851754451104757, 0.7851754451104757, 0.7851754451104757, 0.7851754451104757, 0.7851754451104757, 0.7851754451104757, 0.7851754451104757, 0.7851754451104757, 0.7851754451104757, 0.7851754451104757]
[0.10107310344491195, 0.12264127652073535, 0.13425591373972454, 0.14000943026198728, 0.15313331231916358, 0.15849867624627187, 0.16714591525310368, 0.16890851202328555, 0.1791026898550739, 0.18424488210939727, 0.18812502069006176, 0.19778597551365049, 0.21133051939371678, 0.22081161979356267, 0.2236065725595377, 0.22981379073794905, 0.23512962716329286, 0.24412986914926688, 0.24436936325318218, 0.25327688863148634, 0.26427908650002124, 0.26662363697917485, 0.27443676690502594, 0.27948539132908934, 0.2818369581235469, 0.2825553102328558, 0.2918488161336123, 0.2989609534937294, 0.3032200013037384, 0.3080019791850485, 0.31328083872341966, 0.3167069860611632, 0.31655436928814634, 0.31914966827225855, 0.31963403290418924, 0.334130368826981, 0.3412105479540942, 0.347184735298262, 0.3527214283061877, 0.3607171620881332, 0.36380612859071565, 0.36597221134976243, 0.374658953376501, 0.374658953376501, 0.3793749609547167, 0.3819381618312943, 0.3869903913021393, 0.3885934738047325, 0.4004142611684709, 0.4084205936202374, 0.4084205936202374, 0.41048922643369623, 0.41048922643369623, 0.41858389126091267, 0.42218536115249916, 0.42218536115249916, 0.4317365403564787, 0.4317365403564787, 0.4317365403564787, 0.4317365403564787, 0.4317365403564787, 0.4317365403564787, 0.4317365403564787, 0.4402082277324922, 0.4402082277324922, 0.4438827035453477, 0.45088576336587116, 0.45088576336587116, 0.45088576336587116, 0.45088576336587116, 0.45088576336587116, 0.45088576336587116, 0.45938434149475543, 0.45938434149475543, 0.45938434149475543, 0.47904429595968245, 0.47904429595968245, 0.47904429595968245, 0.4857889538452576, 0.4857889538452576, 0.4857889538452576, 0.4857889538452576, 0.4857889538452576, 0.49323819239053635, 0.49323819239053635, 0.49323819239053635, 0.49323819239053635, 0.49323819239053635, 0.49323819239053635, 0.49323819239053635, 0.49323819239053635, 0.49323819239053635, 0.49323819239053635, 0.49323819239053635, 0.49323819239053635]
Training raw path: /home/anhnd/DTI Project/Codes/MPNN/data/KFold/ATCInchikeySideEffectByDrug.txt_train_6
('Number of substructures, proteins, pathways, drugs, se: ', 2936, 1448, 330, 969, 598)
((872, 2936), (97, 2936), (872, 598), (97, 598))
Train: 0.9302 0.7992
Test: 0.8049 0.5066
[0.7318860664758969, 0.7285823277210274, 0.7287013811660845, 0.7265794457332448, 0.7223706536594099, 0.7193236937812222, 0.7180986403065963, 0.7197228902198783, 0.7212399416376826, 0.7253602797929115, 0.726348079283456, 0.7290287125081198, 0.732671971380212, 0.7358217644596163, 0.7353399823401179, 0.7356178083285894, 0.7370863836925823, 0.737973170361336, 0.7389092847741405, 0.7416635443482782, 0.7435797069883936, 0.7455147859412953, 0.7477889774237169, 0.7491843322590597, 0.7495878634691793, 0.7499481815591181, 0.75175781703937, 0.7526035507193151, 0.7545190406907414, 0.7553547796523097, 0.7585804679046775, 0.759528055086165, 0.7600465526931011, 0.7612921226734898, 0.7616441100810867, 0.764352875571356, 0.7665013959950266, 0.7681662314028272, 0.7695317336852653, 0.7717922152784934, 0.7726641044409062, 0.7732364877796247, 0.7758116255101266, 0.7758116255101266, 0.7775877907699252, 0.7783022563767517, 0.7793120632272199, 0.7801804848380848, 0.7833518052891439, 0.785530007865187, 0.785530007865187, 0.7864372436879605, 0.7864372436879605, 0.7880757250091288, 0.7888902754314036, 0.7888902754314036, 0.7908019107240036, 0.7908019107240036, 0.7908019107240036, 0.7908019107240036, 0.7908019107240036, 0.7908019107240036, 0.7908019107240036, 0.7929354881916315, 0.7929354881916315, 0.7939141245344439, 0.7954691215982603, 0.7954691215982603, 0.7954691215982603, 0.7954691215982603, 0.7954691215982603, 0.7954691215982603, 0.7968815948933616, 0.7968815948933616, 0.7968815948933616, 0.8016780012453572, 0.8016780012453572, 0.8016780012453572, 0.8030260977116566, 0.8030260977116566, 0.8030260977116566, 0.8030260977116566, 0.8030260977116566, 0.8048996045070183, 0.8048996045070183, 0.8048996045070183, 0.8048996045070183, 0.8048996045070183, 0.8048996045070183, 0.8048996045070183, 0.8048996045070183, 0.8048996045070183, 0.8048996045070183, 0.8048996045070183, 0.8048996045070183]
[0.13720928161827328, 0.1523741941515144, 0.15848345440583883, 0.16197594515691524, 0.16651825243332918, 0.16601918196900345, 0.17618944401298825, 0.18355457282166826, 0.19439119357534126, 0.20618514272368124, 0.21084955021455892, 0.21794390576328496, 0.23075464906438936, 0.24050466311244367, 0.2421231853358416, 0.24525922089320001, 0.25377645170585184, 0.256770207329564, 0.2607004969182499, 0.27071776004432074, 0.27663319605224335, 0.28702814015860767, 0.29542452517039786, 0.30089000181252734, 0.302169624532198, 0.30390725778797295, 0.30938036429581217, 0.313229442868056, 0.3205499977620637, 0.3236465125224901, 0.3330160763375495, 0.3355689441873285, 0.3370208304473171, 0.3427820198759429, 0.34328998108262015, 0.35273283527542, 0.3596000926323172, 0.36488534356297275, 0.36956784168420065, 0.37825429857202153, 0.3800523567681255, 0.3817230136437316, 0.3904596908877933, 0.3904596908877933, 0.3973671924503972, 0.3994439686439139, 0.4025740066893541, 0.40627704785120156, 0.4172487672022662, 0.42566290549916663, 0.42566290549916663, 0.428846814247878, 0.428846814247878, 0.4344007309357547, 0.4371821474130114, 0.4371821474130114, 0.4448348703565342, 0.4448348703565342, 0.4448348703565342, 0.4448348703565342, 0.4448348703565342, 0.4448348703565342, 0.4448348703565342, 0.4528534558358035, 0.4528534558358035, 0.4562022936510828, 0.4634169422256659, 0.4634169422256659, 0.4634169422256659, 0.4634169422256659, 0.4634169422256659, 0.4634169422256659, 0.4692911400805506, 0.4692911400805506, 0.4692911400805506, 0.4917040642128715, 0.4917040642128715, 0.4917040642128715, 0.49719960055403, 0.49719960055403, 0.49719960055403, 0.49719960055403, 0.49719960055403, 0.5066045388397584, 0.5066045388397584, 0.5066045388397584, 0.5066045388397584, 0.5066045388397584, 0.5066045388397584, 0.5066045388397584, 0.5066045388397584, 0.5066045388397584, 0.5066045388397584, 0.5066045388397584, 0.5066045388397584]
Training raw path: /home/anhnd/DTI Project/Codes/MPNN/data/KFold/ATCInchikeySideEffectByDrug.txt_train_7
('Number of substructures, proteins, pathways, drugs, se: ', 2936, 1448, 330, 969, 598)
((872, 2936), (97, 2936), (872, 598), (97, 598))
Train: 0.9262 0.7897
Test: 0.7787 0.4773
[0.6260972934782448, 0.6392861956249561, 0.6431748793695461, 0.6447291005311799, 0.6477476399239661, 0.6503783107507913, 0.6498540898988326, 0.6521515358077271, 0.6566394193803187, 0.6592838324004006, 0.6577821122730549, 0.6615353614523498, 0.6663474456847195, 0.6692033155713191, 0.6706394005831142, 0.6723510432759672, 0.6749705385522873, 0.6778907371183681, 0.6797255985882065, 0.6835472774060606, 0.6873989124305164, 0.6915574113033532, 0.6951792995148304, 0.6986711650607209, 0.7009878808400324, 0.7014356706909664, 0.704196111022718, 0.7065844522802874, 0.7089691154650313, 0.710075143562694, 0.7151135089220118, 0.7168955159763983, 0.7177026967632834, 0.7186814731321463, 0.7193877891826828, 0.7236416436921417, 0.7265703682480026, 0.7294810815068415, 0.7319531948425824, 0.7353684928075075, 0.7369657633543714, 0.7379109883883035, 0.7413702256723071, 0.7413702256723071, 0.7435164652735842, 0.7445261045334931, 0.7468502068891681, 0.7480457024852452, 0.752515337608924, 0.7555763109449252, 0.7555763109449252, 0.7566833890754787, 0.7566833890754787, 0.7589673287644139, 0.7600275565367267, 0.7600275565367267, 0.7622927828082604, 0.7622927828082604, 0.7622927828082604, 0.7622927828082604, 0.7622927828082604, 0.7622927828082604, 0.7622927828082604, 0.7652196133943816, 0.7652196133943816, 0.7666884626477743, 0.7680707850095468, 0.7680707850095468, 0.7680707850095468, 0.7680707850095468, 0.7680707850095468, 0.7680707850095468, 0.7696667736096459, 0.7696667736096459, 0.7696667736096459, 0.7750673360048232, 0.7750673360048232, 0.7750673360048232, 0.7768132533965376, 0.7768132533965376, 0.7768132533965376, 0.7768132533965376, 0.7768132533965376, 0.778725326206822, 0.778725326206822, 0.778725326206822, 0.778725326206822, 0.778725326206822, 0.778725326206822, 0.778725326206822, 0.778725326206822, 0.778725326206822, 0.778725326206822, 0.778725326206822, 0.778725326206822]
[0.09350043580016096, 0.0993943774677674, 0.10836538050230672, 0.1156815624934296, 0.12410099581353629, 0.12761355384206383, 0.12973949377438448, 0.13579825911492507, 0.14184938894767082, 0.14708159475748356, 0.14660411610874907, 0.15289739790453788, 0.1626670320477265, 0.16970805058715857, 0.17290475632701557, 0.17716596524743514, 0.18079442214570185, 0.18652365420945513, 0.18917553538546633, 0.19932955297737925, 0.20862342141160248, 0.21839413267356783, 0.22782426536953876, 0.23859383959816166, 0.2457337424412641, 0.24590429867579183, 0.2517691114644716, 0.2584329518951487, 0.2639712494891346, 0.26500193127504423, 0.2758468366031263, 0.2796627667847665, 0.28203183977339935, 0.2855617998583636, 0.28720366270019265, 0.2984500526968873, 0.3082494448495501, 0.3149838631317886, 0.32074080353041035, 0.33022336732068236, 0.3347826134272547, 0.3377543636253778, 0.3473310840498138, 0.3473310840498138, 0.3549750818653543, 0.3582709253348241, 0.3644204208941517, 0.3675592888864745, 0.38034498590205457, 0.38945103159083644, 0.38945103159083644, 0.3926634792355134, 0.3926634792355134, 0.4001707648364595, 0.40360391860675804, 0.40360391860675804, 0.41070920487111295, 0.41070920487111295, 0.41070920487111295, 0.41070920487111295, 0.41070920487111295, 0.41070920487111295, 0.41070920487111295, 0.420919202067224, 0.420919202067224, 0.4259227402936586, 0.43095219923109873, 0.43095219923109873, 0.43095219923109873, 0.43095219923109873, 0.43095219923109873, 0.43095219923109873, 0.4377746877937364, 0.4377746877937364, 0.4377746877937364, 0.4609575368012059, 0.4609575368012059, 0.4609575368012059, 0.46863640070620816, 0.46863640070620816, 0.46863640070620816, 0.46863640070620816, 0.46863640070620816, 0.47733947336599203, 0.47733947336599203, 0.47733947336599203, 0.47733947336599203, 0.47733947336599203, 0.47733947336599203, 0.47733947336599203, 0.47733947336599203, 0.47733947336599203, 0.47733947336599203, 0.47733947336599203, 0.47733947336599203]
Training raw path: /home/anhnd/DTI Project/Codes/MPNN/data/KFold/ATCInchikeySideEffectByDrug.txt_train_8
('Number of substructures, proteins, pathways, drugs, se: ', 2936, 1448, 330, 969, 598)
((872, 2936), (97, 2936), (872, 598), (97, 598))
