CSMF_P
<models.baselines.CSMF.CSMF object at 0x7ff8f38ac590>
('Manual torch seed: ', 1772727637)
('Config: ', 'Protein Test: ', False)
Training raw path: /home/anhnd/DTI Project/Codes/MPNN/data/KFold/ATCInchikeySideEffectByDrug.txt_train_0
('Number of substructures, proteins, pathways, drugs, se: ', 2936, 1448, 330, 969, 598)
((872, 4714), (97, 4714), (872, 598), (97, 598))
('VALIDATE SUM PROTEIN TRAIN: ', 22497.0)
('VALIDATE SUM PROTEIN TEST: ', 0.0)
Train: 0.9997 0.9990
Test: 0.7534 0.4879
[0.6375690291912058, 0.648425454443411, 0.6533436978870615, 0.6457099387292409, 0.644669362495932, 0.6477071835707564, 0.6466725674454503, 0.6482419936618854, 0.6507527288404292, 0.6546371778339884, 0.655042864619211, 0.6563489066730165, 0.6580287656303733, 0.6593860253839682, 0.6605757131790839, 0.660947828276148, 0.6618548118437709, 0.6624868090332117, 0.6637091089090207, 0.6664761033676884, 0.6700207524271072, 0.6726894708715431, 0.674606097972778, 0.6772972622112337, 0.6794315523234591, 0.6797421383295605, 0.6811890815313116, 0.6826418146853348, 0.6850319593640701, 0.6859830300848169, 0.6900162639797323, 0.6917541223154646, 0.6924430049597949, 0.6940681949090322, 0.6949420795606573, 0.6999064018851255, 0.702449786930957, 0.7053648718943722, 0.7075793406147064, 0.7105333047446563, 0.7120671143413199, 0.7129778638817788, 0.7161764597658902, 0.7161764597658902, 0.7185218911932079, 0.7194826375832846, 0.7215808614336554, 0.7226258616806821, 0.7266346797899594, 0.729754881850781, 0.729754881850781, 0.7308763389917002, 0.7308763389917002, 0.7333493793615986, 0.7343988071224186, 0.7343988071224186, 0.7365578702692664, 0.7365578702692664, 0.7365578702692664, 0.7365578702692664, 0.7365578702692664, 0.7365578702692664, 0.7365578702692664, 0.7395779465826009, 0.7395779465826009, 0.74108783819247, 0.7425811629536228, 0.7425811629536228, 0.7425811629536228, 0.7425811629536228, 0.7425811629536228, 0.7425811629536228, 0.74433168498973, 0.74433168498973, 0.74433168498973, 0.7494568035125195, 0.7494568035125195, 0.7494568035125195, 0.7513358350997472, 0.7513358350997472, 0.7513358350997472, 0.7513358350997472, 0.7513358350997472, 0.7533787619267753, 0.7533787619267753, 0.7533787619267753, 0.7533787619267753, 0.7533787619267753, 0.7533787619267753, 0.7533787619267753, 0.7533787619267753, 0.7533787619267753, 0.7533787619267753, 0.7533787619267753, 0.7533787619267753]
[0.13783784922547776, 0.1564594146093965, 0.16302873523773714, 0.1606036037593147, 0.164942674748489, 0.1708926352698163, 0.17583145146988732, 0.18327022460895037, 0.18715807560671432, 0.19288260513220856, 0.19376251601769612, 0.1979124189039801, 0.21069712550546688, 0.21651984234059965, 0.2197268636736398, 0.22237842689632217, 0.22538228328751636, 0.2302572275332058, 0.23349868244661964, 0.24221612280529317, 0.2530964352681621, 0.2587456711567182, 0.26259981320474046, 0.2696171908742728, 0.2742548893078693, 0.27538300103271485, 0.27908025615397364, 0.2829940595062193, 0.2891521909465717, 0.29118156028698206, 0.30233298539092124, 0.30638072645601866, 0.30806669095767536, 0.31382230381368675, 0.31598099262437757, 0.3300749472849709, 0.33666730307704373, 0.34495726951978156, 0.35021153932108373, 0.3580297152332292, 0.36093432579801743, 0.36355569593033754, 0.37183112322332584, 0.37183112322332584, 0.3775283630807813, 0.3798614931070333, 0.38685913737821565, 0.38974175837520736, 0.400258159554209, 0.40961946867540666, 0.40961946867540666, 0.41317051647697756, 0.41317051647697756, 0.42069761794698385, 0.4241618808405969, 0.4241618808405969, 0.43065725960709256, 0.43065725960709256, 0.43065725960709256, 0.43065725960709256, 0.43065725960709256, 0.43065725960709256, 0.43065725960709256, 0.4401858265566062, 0.4401858265566062, 0.44471061611261004, 0.4497012810730843, 0.4497012810730843, 0.4497012810730843, 0.4497012810730843, 0.4497012810730843, 0.4497012810730843, 0.4561200965804769, 0.4561200965804769, 0.4561200965804769, 0.4734428398531524, 0.4734428398531524, 0.4734428398531524, 0.4802106014969644, 0.4802106014969644, 0.4802106014969644, 0.4802106014969644, 0.4802106014969644, 0.4878529037865708, 0.4878529037865708, 0.4878529037865708, 0.4878529037865708, 0.4878529037865708, 0.4878529037865708, 0.4878529037865708, 0.4878529037865708, 0.4878529037865708, 0.4878529037865708, 0.4878529037865708, 0.4878529037865708]
Training raw path: /home/anhnd/DTI Project/Codes/MPNN/data/KFold/ATCInchikeySideEffectByDrug.txt_train_1
('Number of substructures, proteins, pathways, drugs, se: ', 2936, 1448, 330, 969, 598)
((872, 4714), (97, 4714), (872, 598), (97, 598))
('VALIDATE SUM PROTEIN TRAIN: ', 22668.0)
('VALIDATE SUM PROTEIN TEST: ', 0.0)
Train: 0.9996 0.9984
Test: 0.7519 0.4873
[0.6165833910897549, 0.6279061575122014, 0.626054677974368, 0.6224656391515684, 0.6276905270904177, 0.6301266860700787, 0.631766428728074, 0.632760834811422, 0.6373723062088189, 0.6399123074999628, 0.6405780225369956, 0.6436187006612439, 0.6480429423834093, 0.6511191936984374, 0.6519948843596859, 0.6550486386762914, 0.6556833462054166, 0.657439379136067, 0.6580624463348352, 0.6582500485516665, 0.6620994778875906, 0.6653994690069862, 0.666843346504678, 0.6688804192544994, 0.6699513575284639, 0.6701920333822424, 0.6726303999325511, 0.674129450775895, 0.6772739590308277, 0.6787800233389809, 0.6836567999891368, 0.6866994452977239, 0.6877307818275245, 0.6898233241274957, 0.6905925436109925, 0.6956034629235399, 0.6978057276875145, 0.7013983218516809, 0.7036075302238536, 0.7077327536296488, 0.709484900380229, 0.7104816103858864, 0.7142888498105087, 0.7142888498105087, 0.715257533423164, 0.7163432277977982, 0.7188380255519742, 0.7198517286342021, 0.7236564269154677, 0.7271118385250539, 0.7271118385250539, 0.7280787127116557, 0.7280787127116557, 0.7305592773583369, 0.7319133347663058, 0.7319133347663058, 0.7344917847476142, 0.7344917847476142, 0.7344917847476142, 0.7344917847476142, 0.7344917847476142, 0.7344917847476142, 0.7344917847476142, 0.7376558581794772, 0.7376558581794772, 0.7391534102597477, 0.7405766282219532, 0.7405766282219532, 0.7405766282219532, 0.7405766282219532, 0.7405766282219532, 0.7405766282219532, 0.7425741747085283, 0.7425741747085283, 0.7425741747085283, 0.7477223474142105, 0.7477223474142105, 0.7477223474142105, 0.7497762672953086, 0.7497762672953086, 0.7497762672953086, 0.7497762672953086, 0.7497762672953086, 0.7518703132011115, 0.7518703132011115, 0.7518703132011115, 0.7518703132011115, 0.7518703132011115, 0.7518703132011115, 0.7518703132011115, 0.7518703132011115, 0.7518703132011115, 0.7518703132011115, 0.7518703132011115, 0.7518703132011115]
[0.12251487955245052, 0.1478404950990731, 0.14521568985213668, 0.15209481082574197, 0.1607744820198807, 0.16083143006748624, 0.16595667536645586, 0.17242380579969185, 0.181373736909966, 0.1838687368741648, 0.18459495043264162, 0.19186163630048064, 0.20188962024640578, 0.2096055390961448, 0.21275968737103118, 0.21845824512753556, 0.22076159842174786, 0.22621197156038997, 0.22727251949797395, 0.2334109221495111, 0.24395461400036061, 0.2522798104969044, 0.25546234263765366, 0.2612238677900868, 0.26448402843648827, 0.2653739955422857, 0.2702892750693084, 0.2744924476966532, 0.28366217260398285, 0.28707363657863105, 0.2983071609727729, 0.30395689226448863, 0.30694156751690144, 0.3124038879067099, 0.31471891536311497, 0.32710260213552844, 0.3313699444627256, 0.3408245099054621, 0.3454369285396123, 0.35635070299416405, 0.361021972306348, 0.3631088390064342, 0.3721474107633254, 0.3721474107633254, 0.3760431013577069, 0.3789895160238246, 0.3861804475296762, 0.3888901902692361, 0.39885934979325677, 0.4089070317585468, 0.4089070317585468, 0.41118658720706847, 0.41118658720706847, 0.41816732885368124, 0.4222227958189885, 0.4222227958189885, 0.42928111692342086, 0.42928111692342086, 0.42928111692342086, 0.42928111692342086, 0.42928111692342086, 0.42928111692342086, 0.42928111692342086, 0.4389542345547672, 0.4389542345547672, 0.4429455568549717, 0.4473568979376637, 0.4473568979376637, 0.4473568979376637, 0.4473568979376637, 0.4473568979376637, 0.4473568979376637, 0.4549608040849618, 0.4549608040849618, 0.4549608040849618, 0.4719751966537059, 0.4719751966537059, 0.4719751966537059, 0.4795867290967141, 0.4795867290967141, 0.4795867290967141, 0.4795867290967141, 0.4795867290967141, 0.48733680404865987, 0.48733680404865987, 0.48733680404865987, 0.48733680404865987, 0.48733680404865987, 0.48733680404865987, 0.48733680404865987, 0.48733680404865987, 0.48733680404865987, 0.48733680404865987, 0.48733680404865987, 0.48733680404865987]
Training raw path: /home/anhnd/DTI Project/Codes/MPNN/data/KFold/ATCInchikeySideEffectByDrug.txt_train_2
('Number of substructures, proteins, pathways, drugs, se: ', 2936, 1448, 330, 969, 598)
((872, 4714), (97, 4714), (872, 598), (97, 598))
('VALIDATE SUM PROTEIN TRAIN: ', 22376.0)
('VALIDATE SUM PROTEIN TEST: ', 0.0)
