CSMF_P
<models.baselines.CSMF.CSMF object at 0x7f11232ee690>
('Manual torch seed: ', 443181909)
Training raw path: /home/anhnd/DTI Project/Codes/MPNN/data/KFold/ATCInchikeySideEffectByDrug.txt_train_0
('Number of substructures, proteins, pathways, drugs, se: ', 2936, 1448, 330, 969, 598)
Train: 0.9827 0.9401
Test: 0.7725 0.5034
[0.6418111935976413, 0.6601089689403565, 0.6633510760439528, 0.6575109291571761, 0.6542157560903599, 0.6589255569748732, 0.658131070937411, 0.6611469489070133, 0.6623249953046664, 0.6647871297456686, 0.6655755934173491, 0.6669387096075061, 0.6713853720353176, 0.6736192770116517, 0.6752041371242932, 0.6765810823961101, 0.6774617992685671, 0.6787424526022454, 0.6796261400114215, 0.6832203327897057, 0.6871863348177969, 0.6903066481488873, 0.6927237383535054, 0.6958829500354118, 0.6979290969810406, 0.698349127849275, 0.7004589436921053, 0.7024672336473786, 0.7055926473584097, 0.706667335490919, 0.7109183097811368, 0.7130964329023639, 0.71384014304814, 0.7152277289393665, 0.7162659186721586, 0.7216013995190982, 0.7240169234345339, 0.727295542083095, 0.7295179577027695, 0.7329003036550651, 0.7343769251945578, 0.7353365620494163, 0.7384612152536615, 0.7384612152536615, 0.740576955719561, 0.7413985661297424, 0.7433581037149728, 0.7443589564950623, 0.7479209116425318, 0.750969770446495, 0.750969770446495, 0.7520697244052623, 0.7520697244052623, 0.7542513712523834, 0.7552429236310216, 0.7552429236310216, 0.7571427420002366, 0.7571427420002366, 0.7571427420002366, 0.7571427420002366, 0.7571427420002366, 0.7571427420002366, 0.7571427420002366, 0.759869368085791, 0.759869368085791, 0.7612670777373286, 0.7626036951238544, 0.7626036951238544, 0.7626036951238544, 0.7626036951238544, 0.7626036951238544, 0.7626036951238544, 0.7642014283110267, 0.7642014283110267, 0.7642014283110267, 0.7689041336055864, 0.7689041336055864, 0.7689041336055864, 0.7706291578787472, 0.7706291578787472, 0.7706291578787472, 0.7706291578787472, 0.7706291578787472, 0.7725154904703634, 0.7725154904703634, 0.7725154904703634, 0.7725154904703634, 0.7725154904703634, 0.7725154904703634, 0.7725154904703634, 0.7725154904703634, 0.7725154904703634, 0.7725154904703634, 0.7725154904703634, 0.7725154904703634]
[0.14088743973828133, 0.15648715251340325, 0.16450277294895244, 0.16013010173242304, 0.16502474806567236, 0.17214882683139324, 0.17594074665735637, 0.183849569161279, 0.18852510020980562, 0.19377464077493295, 0.19472234909096248, 0.19870594317984086, 0.20893749417990454, 0.21496435701279293, 0.217629320957545, 0.22069530942090396, 0.2237203833480667, 0.227043117786029, 0.22946548710274328, 0.2388012577908561, 0.251460362958092, 0.25972300100588497, 0.26523328080381875, 0.2733767999793177, 0.27835223400899883, 0.2793650280404982, 0.2843353742086854, 0.2890726943753401, 0.29638174706812254, 0.2981419774003672, 0.3083262245479623, 0.31347093979047, 0.31575489036697635, 0.320704920966596, 0.3237464697084157, 0.3389184415310107, 0.3451136701161352, 0.3539197962304216, 0.35994722513926214, 0.36914359758430637, 0.3733017301157374, 0.37607394707721953, 0.3836737706652513, 0.3836737706652513, 0.39057206597334815, 0.3921543291872967, 0.3988724030920276, 0.4017607850779306, 0.4123959789833938, 0.4225531873459474, 0.4225531873459474, 0.4259759678917663, 0.4259759678917663, 0.4335487596029789, 0.43682802710431123, 0.43682802710431123, 0.4433007402429711, 0.4433007402429711, 0.4433007402429711, 0.4433007402429711, 0.4433007402429711, 0.4433007402429711, 0.4433007402429711, 0.4535247678583573, 0.4535247678583573, 0.4583549961983945, 0.46332257802654614, 0.46332257802654614, 0.46332257802654614, 0.46332257802654614, 0.46332257802654614, 0.46332257802654614, 0.46992808691796334, 0.46992808691796334, 0.46992808691796334, 0.4880752189658717, 0.4880752189658717, 0.4880752189658717, 0.4950996221070857, 0.4950996221070857, 0.4950996221070857, 0.4950996221070857, 0.4950996221070857, 0.5033764906014304, 0.5033764906014304, 0.5033764906014304, 0.5033764906014304, 0.5033764906014304, 0.5033764906014304, 0.5033764906014304, 0.5033764906014304, 0.5033764906014304, 0.5033764906014304, 0.5033764906014304, 0.5033764906014304]
Training raw path: /home/anhnd/DTI Project/Codes/MPNN/data/KFold/ATCInchikeySideEffectByDrug.txt_train_1
('Number of substructures, proteins, pathways, drugs, se: ', 2936, 1448, 330, 969, 598)
Train: 0.9825 0.9386
Test: 0.7673 0.4923
[0.6316239043598768, 0.6411958601345562, 0.6360594754063871, 0.6259616270333429, 0.6277134687189734, 0.6281855683540424, 0.6326787573008672, 0.6347804462550091, 0.6393523705986516, 0.6422416300356171, 0.642055493339507, 0.645424488201174, 0.6502061340567399, 0.6553140943996212, 0.6564251116852532, 0.6592099187764326, 0.6610877279665089, 0.6646846993089912, 0.6656045529636296, 0.6678443859382195, 0.6718044886770108, 0.6759574845885868, 0.6782070911792579, 0.6812090193169401, 0.6830297592467464, 0.68371664998896, 0.6866858876618595, 0.6886293122845009, 0.6925356197015898, 0.6940892841175766, 0.6988866177111561, 0.7018204485293111, 0.702832371982002, 0.7051012324334878, 0.7059650614351984, 0.7114708861328086, 0.7140843064169966, 0.7181813254115117, 0.7209453356045343, 0.7252105263169262, 0.7269986487552316, 0.7281192184615504, 0.7316338635202425, 0.7316338635202425, 0.7330439695209314, 0.7339833445945196, 0.7364114392661473, 0.737347325114992, 0.7411351663637631, 0.744300336143523, 0.744300336143523, 0.7452325945256612, 0.7452325945256612, 0.7475931180775219, 0.7488126593473079, 0.7488126593473079, 0.7511737090567576, 0.7511737090567576, 0.7511737090567576, 0.7511737090567576, 0.7511737090567576, 0.7511737090567576, 0.7511737090567576, 0.7541513607106437, 0.7541513607106437, 0.7555309021849345, 0.7568404385745443, 0.7568404385745443, 0.7568404385745443, 0.7568404385745443, 0.7568404385745443, 0.7568404385745443, 0.7586937601219697, 0.7586937601219697, 0.7586937601219697, 0.7634304142803335, 0.7634304142803335, 0.7634304142803335, 0.7653516750815472, 0.7653516750815472, 0.7653516750815472, 0.7653516750815472, 0.7653516750815472, 0.7673207016361638, 0.7673207016361638, 0.7673207016361638, 0.7673207016361638, 0.7673207016361638, 0.7673207016361638, 0.7673207016361638, 0.7673207016361638, 0.7673207016361638, 0.7673207016361638, 0.7673207016361638, 0.7673207016361638]
[0.11372306226116266, 0.1352665556519198, 0.13277229103796787, 0.13808667880643644, 0.14773495683081728, 0.1504364949878417, 0.15664321308475385, 0.162210747486052, 0.1713829678437362, 0.1751960649992905, 0.1758012313789822, 0.18196044821942592, 0.19229606429209972, 0.20141285722941632, 0.20420539147392508, 0.2111628608913506, 0.21389900676578044, 0.21975056776833923, 0.2204159880929937, 0.22646122863268583, 0.23577485723818004, 0.24544476358847997, 0.2502810919189161, 0.25671485932362803, 0.25998165516715016, 0.26100149769863923, 0.26552314772214525, 0.2701498156082828, 0.2797203606211057, 0.283043306203284, 0.29663852053205264, 0.3022074945919675, 0.30546681860174485, 0.31092727116313723, 0.31259506247125246, 0.3260585230064378, 0.3316344402490625, 0.3412837256780423, 0.3469961621594293, 0.3581777979831704, 0.3624667845045021, 0.36568779228273207, 0.37415778885917494, 0.37415778885917494, 0.3775104826134078, 0.3805936573755938, 0.38749726418755914, 0.38965333021901316, 0.39971265486976837, 0.41014853945447116, 0.41014853945447116, 0.41264021205390755, 0.41264021205390755, 0.4198043236133403, 0.4236936933401887, 0.4236936933401887, 0.4306122597776244, 0.4306122597776244, 0.4306122597776244, 0.4306122597776244, 0.4306122597776244, 0.4306122597776244, 0.4306122597776244, 0.4414905785414274, 0.4414905785414274, 0.4457778955642989, 0.4497791530641953, 0.4497791530641953, 0.4497791530641953, 0.4497791530641953, 0.4497791530641953, 0.4497791530641953, 0.45824967289014806, 0.45824967289014806, 0.45824967289014806, 0.47573730955425164, 0.47573730955425164, 0.47573730955425164, 0.4836763990144711, 0.4836763990144711, 0.4836763990144711, 0.4836763990144711, 0.4836763990144711, 0.492314502082808, 0.492314502082808, 0.492314502082808, 0.492314502082808, 0.492314502082808, 0.492314502082808, 0.492314502082808, 0.492314502082808, 0.492314502082808, 0.492314502082808, 0.492314502082808, 0.492314502082808]
Training raw path: /home/anhnd/DTI Project/Codes/MPNN/data/KFold/ATCInchikeySideEffectByDrug.txt_train_2
('Number of substructures, proteins, pathways, drugs, se: ', 2936, 1448, 330, 969, 598)
Train: 0.9820 0.9366
Test: 0.7761 0.5263
[0.6645998843523733, 0.6625754929989673, 0.6698027371749953, 0.6666722693541316, 0.6709734908796752, 0.671186600760817, 0.670506647126557, 0.6732034702106566, 0.6743326389137672, 0.6763154390639681, 0.6777821515726677, 0.6808762692015832, 0.6821468998738027, 0.6839758179946933, 0.6849567064170754, 0.6870250334715371, 0.6891058975868758, 0.690951719908672, 0.6917574118326542, 0.6944941935679287, 0.6974787760279066, 0.7001901665957242, 0.7031329400765545, 0.706903602170944, 0.7093663681462009, 0.7097435736469315, 0.712610956033943, 0.7148576308136105, 0.7172444852522726, 0.7183663179322642, 0.7212888190796961, 0.7230426160414707, 0.7237867998074199, 0.7249599155890507, 0.7256168000083374, 0.7303122867731242, 0.7328654598647301, 0.7354867015374489, 0.7378727136828954, 0.7406562984170604, 0.7419441540930184, 0.7429722523715874, 0.7456625754469546, 0.7456625754469546, 0.7474901801723501, 0.7483042856378392, 0.7499180012691871, 0.7509310814408253, 0.7543010211093686, 0.7567148989687685, 0.7567148989687685, 0.7574538012256686, 0.7574538012256686, 0.7590977612708616, 0.7602107213521813, 0.7602107213521813, 0.762010677690278, 0.762010677690278, 0.762010677690278, 0.762010677690278, 0.762010677690278, 0.762010677690278, 0.762010677690278, 0.7643837474081555, 0.7643837474081555, 0.7657809704885541, 0.7670357172645139, 0.7670357172645139, 0.7670357172645139, 0.7670357172645139, 0.7670357172645139, 0.7670357172645139, 0.7685504078495946, 0.7685504078495946, 0.7685504078495946, 0.7728719581009476, 0.7728719581009476, 0.7728719581009476, 0.7744245852191134, 0.7744245852191134, 0.7744245852191134, 0.7744245852191134, 0.7744245852191134, 0.7760959314985085, 0.7760959314985085, 0.7760959314985085, 0.7760959314985085, 0.7760959314985085, 0.7760959314985085, 0.7760959314985085, 0.7760959314985085, 0.7760959314985085, 0.7760959314985085, 0.7760959314985085, 0.7760959314985085]
[0.14893759654109365, 0.16506348094759926, 0.17894582397688824, 0.17874483443367278, 0.18546191789746688, 0.19069867763221082, 0.1986657157926195, 0.20450094986552192, 0.21095271714548286, 0.21861057294007435, 0.22060047588668397, 0.22766504315248476, 0.23444170924262503, 0.23901526073027204, 0.24099337363638484, 0.24595794374414715, 0.2503308410620534, 0.25565596228542026, 0.2583352981354684, 0.2686519792260269, 0.2783821038060881, 0.2860489777177125, 0.29490130294485206, 0.3063772425738722, 0.31403181861962676, 0.31524399655740826, 0.32198299991394524, 0.3284466408330738, 0.3348439435803304, 0.33780058126163914, 0.3446240934414416, 0.34919455549178813, 0.35126370476409413, 0.35428804608739217, 0.35604000258624546, 0.3691060300125527, 0.3772895394791645, 0.3851072536030634, 0.3920767863115428, 0.4002730589033411, 0.4043495319547493, 0.40748326540596935, 0.4157838302527919, 0.4157838302527919, 0.42243654682779075, 0.4245604701644297, 0.4302565168165858, 0.4336546806644485, 0.4441770293448241, 0.4521012799149959, 0.4521012799149959, 0.4544688959630515, 0.4544688959630515, 0.4599052544203306, 0.46386581882244715, 0.46386581882244715, 0.4702994937339394, 0.4702994937339394, 0.4702994937339394, 0.4702994937339394, 0.4702994937339394, 0.4702994937339394, 0.4702994937339394, 0.4791606713852071, 0.4791606713852071, 0.48445283009279416, 0.4893609603577878, 0.4893609603577878, 0.4893609603577878, 0.4893609603577878, 0.4893609603577878, 0.4893609603577878, 0.49587959069711945, 0.49587959069711945, 0.49587959069711945, 0.512928613260676, 0.512928613260676, 0.512928613260676, 0.5190498686144615, 0.5190498686144615, 0.5190498686144615, 0.5190498686144615, 0.5190498686144615, 0.5262697753319482, 0.5262697753319482, 0.5262697753319482, 0.5262697753319482, 0.5262697753319482, 0.5262697753319482, 0.5262697753319482, 0.5262697753319482, 0.5262697753319482, 0.5262697753319482, 0.5262697753319482, 0.5262697753319482]
Training raw path: /home/anhnd/DTI Project/Codes/MPNN/data/KFold/ATCInchikeySideEffectByDrug.txt_train_3
('Number of substructures, proteins, pathways, drugs, se: ', 2936, 1448, 330, 969, 598)
Train: 0.9828 0.9407
Test: 0.7602 0.4690
[0.6033718929640359, 0.6246046981760984, 0.6310016907837953, 0.6346239790018269, 0.6386982404660255, 0.638089988870056, 0.6424093927136938, 0.6450947987257343, 0.6477080636799483, 0.6513425798563671, 0.6518633104386189, 0.6551381910261379, 0.6588168634393017, 0.6618036972160581, 0.6627705069228267, 0.6646328613295885, 0.6672504923404889, 0.6685150862676097, 0.6693491922756124, 0.6721620598258236, 0.6759442283909914, 0.6800373727040833, 0.683932064926583, 0.6864117107267503, 0.6871875765955944, 0.6876655742895764, 0.6909298874527012, 0.6922621134670628, 0.6948803369769956, 0.6956432765769464, 0.6998222062650186, 0.7010765272454573, 0.7013557548625835, 0.7028892413720326, 0.7034850936105874, 0.7079862120417275, 0.7103369007257929, 0.7130901010087913, 0.7154229319848369, 0.7187486022911784, 0.7199721508888957, 0.7208767137412855, 0.7242270210796292, 0.7242270210796292, 0.7259401236677658, 0.7268998503329974, 0.7286890150811343, 0.7298570443705183, 0.7335546249938757, 0.7367943908459993, 0.7367943908459993, 0.7378035644621421, 0.7378035644621421, 0.7399501658083081, 0.7412082840190489, 0.7412082840190489, 0.7436225997103587, 0.7436225997103587, 0.7436225997103587, 0.7436225997103587, 0.7436225997103587, 0.7436225997103587, 0.7436225997103587, 0.7463581118814506, 0.7463581118814506, 0.7478886938503003, 0.7493850708994283, 0.7493850708994283, 0.7493850708994283, 0.7493850708994283, 0.7493850708994283, 0.7493850708994283, 0.751071818196141, 0.751071818196141, 0.751071818196141, 0.75641057263622, 0.75641057263622, 0.75641057263622, 0.7582736259547518, 0.7582736259547518, 0.7582736259547518, 0.7582736259547518, 0.7582736259547518, 0.7601524898412473, 0.7601524898412473, 0.7601524898412473, 0.7601524898412473, 0.7601524898412473, 0.7601524898412473, 0.7601524898412473, 0.7601524898412473, 0.7601524898412473, 0.7601524898412473, 0.7601524898412473, 0.7601524898412473]
[0.09644762040953134, 0.11401748028833932, 0.12428885959382333, 0.12875403952859277, 0.14015091844434052, 0.14337693347589234, 0.15083351155822394, 0.15796975269897406, 0.1666025374997371, 0.17380317973780876, 0.1745178248263018, 0.18034046665891348, 0.1889960476861383, 0.1952448552952622, 0.19762133930495693, 0.2022889491650813, 0.20768585721789565, 0.20922234350694696, 0.2112093016146666, 0.21877790754445445, 0.230399212592791, 0.2390799987288855, 0.2471397322111223, 0.2534420695258506, 0.25619235463454926, 0.25710077754107685, 0.2636917975875361, 0.2677987110793299, 0.27286254320261555, 0.2742466809530734, 0.28281383702942203, 0.2850865123995604, 0.2860268195004261, 0.2903827741105809, 0.2914971999060134, 0.30264520552518864, 0.30948624802974956, 0.3160356037808172, 0.32222467309038816, 0.3308382484441347, 0.33327627424026834, 0.3356221618436315, 0.34406299198846224, 0.34406299198846224, 0.3500180198200633, 0.35246326601179223, 0.357853394939661, 0.360902053962341, 0.37178038145287834, 0.38141162740127765, 0.38141162740127765, 0.3837250889021805, 0.3837250889021805, 0.39017734606726406, 0.3941659485107084, 0.3941659485107084, 0.401677362530833, 0.401677362530833, 0.401677362530833, 0.401677362530833, 0.401677362530833, 0.401677362530833, 0.401677362530833, 0.4117038019626895, 0.4117038019626895, 0.4168101141927735, 0.4225398813697518, 0.4225398813697518, 0.4225398813697518, 0.4225398813697518, 0.4225398813697518, 0.4225398813697518, 0.43075170847494915, 0.43075170847494915, 0.43075170847494915, 0.45320944122217544, 0.45320944122217544, 0.45320944122217544, 0.46095777649850656, 0.46095777649850656, 0.46095777649850656, 0.46095777649850656, 0.46095777649850656, 0.4689944988704304, 0.4689944988704304, 0.4689944988704304, 0.4689944988704304, 0.4689944988704304, 0.4689944988704304, 0.4689944988704304, 0.4689944988704304, 0.4689944988704304, 0.4689944988704304, 0.4689944988704304, 0.4689944988704304]
Training raw path: /home/anhnd/DTI Project/Codes/MPNN/data/KFold/ATCInchikeySideEffectByDrug.txt_train_4
('Number of substructures, proteins, pathways, drugs, se: ', 2936, 1448, 330, 969, 598)
Train: 0.9823 0.9392
Test: 0.7850 0.4792
[0.6588456265932011, 0.6649907834085083, 0.6705028072585001, 0.6671006881954219, 0.6694271575936355, 0.6706926634167122, 0.6710906711093106, 0.6749446049957772, 0.6778913928220353, 0.6815272612722559, 0.6825258875499904, 0.6849046755215574, 0.6900969434350062, 0.6940992337703636, 0.6950484376505078, 0.6975762646948152, 0.6993605038312759, 0.7017728849124952, 0.7035154518314032, 0.703422231991625, 0.7055913176826323, 0.7087158727225954, 0.7105400869438007, 0.7129867141350864, 0.7156474799054652, 0.7160707960835487, 0.7190895603160181, 0.7207435042525506, 0.723419821134336, 0.7245632011065386, 0.7273111754003341, 0.7289991554454894, 0.7294635260014976, 0.7313577877905568, 0.7320369533813758, 0.736745301703883, 0.7389216761170747, 0.7419808434152784, 0.7443272533702309, 0.7473623003898502, 0.7486270194867964, 0.7493868684902458, 0.7523978035541523, 0.7523978035541523, 0.753867735534971, 0.7546860345866944, 0.756561294005695, 0.7575182935956588, 0.7610075289677615, 0.7635784743520858, 0.7635784743520858, 0.7644834729702601, 0.7644834729702601, 0.766155213580862, 0.76694431077739, 0.76694431077739, 0.7690850858540741, 0.7690850858540741, 0.7690850858540741, 0.7690850858540741, 0.7690850858540741, 0.7690850858540741, 0.7690850858540741, 0.7716979638976531, 0.7716979638976531, 0.7730338995401547, 0.7744360295866964, 0.7744360295866964, 0.7744360295866964, 0.7744360295866964, 0.7744360295866964, 0.7744360295866964, 0.7760946781076672, 0.7760946781076672, 0.7760946781076672, 0.7814579056526398, 0.7814579056526398, 0.7814579056526398, 0.7831707049150061, 0.7831707049150061, 0.7831707049150061, 0.7831707049150061, 0.7831707049150061, 0.7850056869242381, 0.7850056869242381, 0.7850056869242381, 0.7850056869242381, 0.7850056869242381, 0.7850056869242381, 0.7850056869242381, 0.7850056869242381, 0.7850056869242381, 0.7850056869242381, 0.7850056869242381, 0.7850056869242381]
[0.10337124608122704, 0.11766834364892242, 0.13243342605608482, 0.13451756297686746, 0.14139393002061618, 0.14980110577082906, 0.15466120676519873, 0.1678177917656607, 0.17620043629915952, 0.18417932984747226, 0.18589732839660392, 0.19078485981498522, 0.20503202680342833, 0.21314848497487626, 0.21525544703812644, 0.2196859078986978, 0.22367276498791722, 0.22869455711359632, 0.23228857079278453, 0.2393250506241399, 0.2456963189167801, 0.25254325655296234, 0.2583184918120564, 0.26562338289965315, 0.27129538414194204, 0.27264247664415203, 0.280135178223008, 0.28478641660691095, 0.29130702963218064, 0.2935503822675228, 0.29741748717904004, 0.3020621334190553, 0.3034799002626494, 0.30947328758536974, 0.3114189864168675, 0.32370239860721284, 0.3291502306426487, 0.33680667379288165, 0.34254626647288167, 0.3497743236275628, 0.3526530566306723, 0.35375479513847724, 0.36353645650755473, 0.36353645650755473, 0.367808369902054, 0.369951901041625, 0.37533603835396956, 0.37858584539545703, 0.38832466007309685, 0.39517500571193526, 0.39517500571193526, 0.39811364936430704, 0.39811364936430704, 0.40202750104049334, 0.40419961962131823, 0.40419961962131823, 0.4105173945795473, 0.4105173945795473, 0.4105173945795473, 0.4105173945795473, 0.4105173945795473, 0.4105173945795473, 0.4105173945795473, 0.4203950906476912, 0.4203950906476912, 0.4254300938361866, 0.43117794698461215, 0.43117794698461215, 0.43117794698461215, 0.43117794698461215, 0.43117794698461215, 0.43117794698461215, 0.4397001340837334, 0.4397001340837334, 0.4397001340837334, 0.4632561412945078, 0.4632561412945078, 0.4632561412945078, 0.4705970410181597, 0.4705970410181597, 0.4705970410181597, 0.4705970410181597, 0.4705970410181597, 0.47916249343624556, 0.47916249343624556, 0.47916249343624556, 0.47916249343624556, 0.47916249343624556, 0.47916249343624556, 0.47916249343624556, 0.47916249343624556, 0.47916249343624556, 0.47916249343624556, 0.47916249343624556, 0.47916249343624556]
Training raw path: /home/anhnd/DTI Project/Codes/MPNN/data/KFold/ATCInchikeySideEffectByDrug.txt_train_5
('Number of substructures, proteins, pathways, drugs, se: ', 2936, 1448, 330, 969, 598)
Train: 0.9828 0.9406
Test: 0.7844 0.4840
[0.6642699823995832, 0.686617475449356, 0.6804027262695354, 0.6785710084328914, 0.6775861289365824, 0.6817559852830208, 0.6853614353074893, 0.6854361363385738, 0.6884079773587373, 0.6892537826328486, 0.6913239447852962, 0.6944691305288505, 0.6984263933585999, 0.699454549012201, 0.7002311184053349, 0.7015225180355047, 0.7037844252735005, 0.7062636267756354, 0.706353412406251, 0.707423054381743, 0.7112350136278051, 0.7142564680728207, 0.7161727818701975, 0.7181194475227366, 0.7199322902081668, 0.7204085533185424, 0.7235257601953262, 0.7251988586102077, 0.7268251076632379, 0.728035887512005, 0.7306935666592632, 0.7321428175566302, 0.7324941985564677, 0.7335504295243092, 0.73393635457749, 0.7382288521957939, 0.7403561324649709, 0.7426389482572784, 0.7446675115248759, 0.7469812101067056, 0.7481483147230563, 0.7486361587629337, 0.7514449021151516, 0.7514449021151516, 0.7532603175089254, 0.7539823049151317, 0.7555267675270902, 0.7561810705525899, 0.7600814018316371, 0.7626647080029197, 0.7626647080029197, 0.7634620052806159, 0.7634620052806159, 0.765569878659629, 0.7665487690103329, 0.7665487690103329, 0.769179558651029, 0.769179558651029, 0.769179558651029, 0.769179558651029, 0.769179558651029, 0.769179558651029, 0.769179558651029, 0.7716532492490553, 0.7716532492490553, 0.772773478590306, 0.774366798578374, 0.774366798578374, 0.774366798578374, 0.774366798578374, 0.774366798578374, 0.774366798578374, 0.7762201309694512, 0.7762201309694512, 0.7762201309694512, 0.7810329955436374, 0.7810329955436374, 0.7810329955436374, 0.782688642881312, 0.782688642881312, 0.782688642881312, 0.782688642881312, 0.782688642881312, 0.7844407921121854, 0.7844407921121854, 0.7844407921121854, 0.7844407921121854, 0.7844407921121854, 0.7844407921121854, 0.7844407921121854, 0.7844407921121854, 0.7844407921121854, 0.7844407921121854, 0.7844407921121854, 0.7844407921121854]
[0.10303431257963065, 0.137960958289705, 0.1378939130032753, 0.14098007454451827, 0.1501172343334961, 0.1554032432611039, 0.16354061806055714, 0.16803562727392315, 0.17463715981719907, 0.17887795041611784, 0.18412566425049468, 0.1904896263966867, 0.200601344033733, 0.20605546614020429, 0.20775751765848216, 0.21517160213996286, 0.22080837178671892, 0.22861434516243295, 0.22956368867032598, 0.23936535620344332, 0.2505895281288659, 0.2548123360169279, 0.26109085936700627, 0.26714634808846177, 0.2702108940064283, 0.2714982546746534, 0.2798299635597416, 0.2852873196045926, 0.29008553072808035, 0.29401634390536396, 0.29939369661067156, 0.3032963597632965, 0.30440750771309333, 0.30781454965495325, 0.30796264546951824, 0.3208276544124102, 0.3281591706499333, 0.3347272854033598, 0.34087166020041193, 0.34788949174448014, 0.3503913059898768, 0.3526869576867711, 0.36259391125992707, 0.36259391125992707, 0.36822922812585945, 0.3706137551774441, 0.3753053757879729, 0.37697390559195687, 0.3898189216619013, 0.39839064413452596, 0.39839064413452596, 0.4003585142566209, 0.4003585142566209, 0.40807367350060325, 0.4115375065358543, 0.4115375065358543, 0.42165492149830963, 0.42165492149830963, 0.42165492149830963, 0.42165492149830963, 0.42165492149830963, 0.42165492149830963, 0.42165492149830963, 0.43018673797006074, 0.43018673797006074, 0.4336118167443136, 0.44090239534715053, 0.44090239534715053, 0.44090239534715053, 0.44090239534715053, 0.44090239534715053, 0.44090239534715053, 0.44977053731339645, 0.44977053731339645, 0.44977053731339645, 0.46971590036867883, 0.46971590036867883, 0.46971590036867883, 0.47637712594313414, 0.47637712594313414, 0.47637712594313414, 0.47637712594313414, 0.47637712594313414, 0.48399363317307537, 0.48399363317307537, 0.48399363317307537, 0.48399363317307537, 0.48399363317307537, 0.48399363317307537, 0.48399363317307537, 0.48399363317307537, 0.48399363317307537, 0.48399363317307537, 0.48399363317307537, 0.48399363317307537]
Training raw path: /home/anhnd/DTI Project/Codes/MPNN/data/KFold/ATCInchikeySideEffectByDrug.txt_train_6
('Number of substructures, proteins, pathways, drugs, se: ', 2936, 1448, 330, 969, 598)
Train: 0.9831 0.9420
Test: 0.7934 0.4929
[0.704450099053489, 0.7134276243541207, 0.7220446656102039, 0.7173524579627166, 0.7136826435734439, 0.7113813794256661, 0.7085801254132851, 0.7077130929920816, 0.7079377334283339, 0.7101340988665448, 0.7118640214870988, 0.7137703181123332, 0.7162003611206844, 0.7194459560965141, 0.7188444652357551, 0.7191752542247263, 0.7207076331280018, 0.7215421514393201, 0.722812512416103, 0.7257956653012995, 0.7283137825458201, 0.730151220267125, 0.731904941356639, 0.7326360960307088, 0.7323168286348505, 0.7326224383498402, 0.7345055149784476, 0.7354210290058563, 0.7378402358249199, 0.7389342725679152, 0.7422199869848334, 0.7433364244004863, 0.7437975362326239, 0.7453286510146513, 0.7456251930073448, 0.7488293796590524, 0.7512920998836858, 0.7531784987201993, 0.7547727589335098, 0.7572715403921475, 0.7582566127800883, 0.7589159648512745, 0.7617631130516826, 0.7617631130516826, 0.7637313480203375, 0.7642876752803065, 0.7654451897495318, 0.7664431909362627, 0.7699958055259276, 0.77246292423272, 0.77246292423272, 0.7734366115990836, 0.7734366115990836, 0.7752892242017774, 0.7761723282558639, 0.7761723282558639, 0.7783112317706291, 0.7783112317706291, 0.7783112317706291, 0.7783112317706291, 0.7783112317706291, 0.7783112317706291, 0.7783112317706291, 0.7806425019965603, 0.7806425019965603, 0.7817185559589979, 0.7833444165163278, 0.7833444165163278, 0.7833444165163278, 0.7833444165163278, 0.7833444165163278, 0.7833444165163278, 0.7848450435724976, 0.7848450435724976, 0.7848450435724976, 0.7899705808703733, 0.7899705808703733, 0.7899705808703733, 0.7914245485336961, 0.7914245485336961, 0.7914245485336961, 0.7914245485336961, 0.7914245485336961, 0.7933977812744935, 0.7933977812744935, 0.7933977812744935, 0.7933977812744935, 0.7933977812744935, 0.7933977812744935, 0.7933977812744935, 0.7933977812744935, 0.7933977812744935, 0.7933977812744935, 0.7933977812744935, 0.7933977812744935]
[0.15353214457805853, 0.16854666065457102, 0.171071623441363, 0.16894614845957226, 0.17411388707894238, 0.1744823634974838, 0.18052373177784545, 0.18814819271832825, 0.1955425109940595, 0.20410011899018166, 0.20843939794028576, 0.213315621338844, 0.22431445121779384, 0.23384207210114033, 0.23495737387758292, 0.23713037714904886, 0.24448658652349364, 0.24648149608643521, 0.24982853568914185, 0.2607084513346793, 0.2677442901865913, 0.27652564503746246, 0.28378938865505376, 0.28792806929425074, 0.28888618045526465, 0.29015070552904837, 0.29367701144828756, 0.29714008868713815, 0.30526293470156657, 0.30857528087733915, 0.31733492802024676, 0.3192281117841983, 0.32063839106855646, 0.32739893625466954, 0.32814232957595507, 0.3372233453267126, 0.34467488849605454, 0.3493929592926442, 0.3534717666717976, 0.3616805054156832, 0.3636240917145745, 0.3656654858996248, 0.374755621224504, 0.374755621224504, 0.38226043300636925, 0.38354704563563846, 0.3869389808915996, 0.39049831198641144, 0.4020915556942447, 0.4112874359858005, 0.4112874359858005, 0.4143039255690553, 0.4143039255690553, 0.41955665433685696, 0.4223600768373771, 0.4223600768373771, 0.43014971732398155, 0.43014971732398155, 0.43014971732398155, 0.43014971732398155, 0.43014971732398155, 0.43014971732398155, 0.43014971732398155, 0.43862087721780174, 0.43862087721780174, 0.4422268470445595, 0.4491861456004793, 0.4491861456004793, 0.4491861456004793, 0.4491861456004793, 0.4491861456004793, 0.4491861456004793, 0.4548026929714124, 0.4548026929714124, 0.4548026929714124, 0.47781121412723254, 0.47781121412723254, 0.47781121412723254, 0.4837322395580292, 0.4837322395580292, 0.4837322395580292, 0.4837322395580292, 0.4837322395580292, 0.4928773193657333, 0.4928773193657333, 0.4928773193657333, 0.4928773193657333, 0.4928773193657333, 0.4928773193657333, 0.4928773193657333, 0.4928773193657333, 0.4928773193657333, 0.4928773193657333, 0.4928773193657333, 0.4928773193657333]
Training raw path: /home/anhnd/DTI Project/Codes/MPNN/data/KFold/ATCInchikeySideEffectByDrug.txt_train_7
('Number of substructures, proteins, pathways, drugs, se: ', 2936, 1448, 330, 969, 598)
Train: 0.9826 0.9400
Test: 0.7811 0.4981
[0.6514401722856075, 0.6639689144056192, 0.6660548221852993, 0.6652103876913817, 0.6665076220023601, 0.6708808267337263, 0.6665501510393381, 0.6683284586415741, 0.6734464987141647, 0.675886733088458, 0.6743621573952332, 0.6769668150945215, 0.6808920701865366, 0.6825458876153575, 0.6839367428394749, 0.6855796995094707, 0.6879584663877002, 0.6901036249000393, 0.691244071342954, 0.6945636248996275, 0.6974297063446192, 0.700776729420159, 0.7032179469357227, 0.705082118886182, 0.7062790183909962, 0.7065267449116456, 0.7097115418109856, 0.7113110224695436, 0.713428075760719, 0.7141084800250441, 0.7186017488892937, 0.7204590582347936, 0.721336709032901, 0.7222677231680482, 0.7227432871258317, 0.7265860759321128, 0.72935929398316, 0.7320881851439247, 0.7347318433425433, 0.7382750675499765, 0.7397460618897649, 0.7405074002768355, 0.7433484138385812, 0.7433484138385812, 0.7454263511732268, 0.7464390439729374, 0.7489020392143463, 0.7501752110612555, 0.7548378972594163, 0.7579180955779038, 0.7579180955779038, 0.7590521069793488, 0.7590521069793488, 0.7613252487512394, 0.7624013547333883, 0.7624013547333883, 0.7647426089562719, 0.7647426089562719, 0.7647426089562719, 0.7647426089562719, 0.7647426089562719, 0.7647426089562719, 0.7647426089562719, 0.7676925766407199, 0.7676925766407199, 0.7691678328540379, 0.7705263417351988, 0.7705263417351988, 0.7705263417351988, 0.7705263417351988, 0.7705263417351988, 0.7705263417351988, 0.7721080639718229, 0.7721080639718229, 0.7721080639718229, 0.7774718566806362, 0.7774718566806362, 0.7774718566806362, 0.7792019279533835, 0.7792019279533835, 0.7792019279533835, 0.7792019279533835, 0.7792019279533835, 0.7810931241277553, 0.7810931241277553, 0.7810931241277553, 0.7810931241277553, 0.7810931241277553, 0.7810931241277553, 0.7810931241277553, 0.7810931241277553, 0.7810931241277553, 0.7810931241277553, 0.7810931241277553, 0.7810931241277553]
[0.11387182020523033, 0.1303200323072728, 0.13699289736337333, 0.14749572903178154, 0.15503771962886884, 0.1634573697275006, 0.16437969447471304, 0.1715600702311236, 0.18018013993472617, 0.18469832019941823, 0.18375656526167772, 0.18971050701506192, 0.20186831149388323, 0.20867041918400137, 0.21034312930626567, 0.2155508852422195, 0.21956902652599158, 0.2244779615450039, 0.22687652934143798, 0.23449964427835632, 0.24327405969719113, 0.25218605884336637, 0.25898419754168256, 0.2664174342162136, 0.27172913854882685, 0.2713636134203672, 0.2783488870639116, 0.283771709890752, 0.28776701055979537, 0.28904400550991216, 0.3010693558846361, 0.30486253690691606, 0.3074441917765781, 0.31066158611056194, 0.31174357349539566, 0.32153024724492024, 0.33105859981972097, 0.33705410404928243, 0.34408562770948137, 0.35486607027603734, 0.358686519794542, 0.361009244463735, 0.3685288065468366, 0.3685288065468366, 0.37549052645202613, 0.37815096040679286, 0.3854664411758414, 0.38901946398154363, 0.4027568236331985, 0.4126019265624082, 0.4126019265624082, 0.4161561226256607, 0.4161561226256607, 0.4238671901686245, 0.42730132745958677, 0.42730132745958677, 0.4347403153826884, 0.4347403153826884, 0.4347403153826884, 0.4347403153826884, 0.4347403153826884, 0.4347403153826884, 0.4347403153826884, 0.44534058093156603, 0.44534058093156603, 0.45036835833620503, 0.4551739011554446, 0.4551739011554446, 0.4551739011554446, 0.4551739011554446, 0.4551739011554446, 0.4551739011554446, 0.4612979092357815, 0.4612979092357815, 0.4612979092357815, 0.48322831017063544, 0.48322831017063544, 0.48322831017063544, 0.49025679933923977, 0.49025679933923977, 0.49025679933923977, 0.49025679933923977, 0.49025679933923977, 0.4981245905352271, 0.4981245905352271, 0.4981245905352271, 0.4981245905352271, 0.4981245905352271, 0.4981245905352271, 0.4981245905352271, 0.4981245905352271, 0.4981245905352271, 0.4981245905352271, 0.4981245905352271, 0.4981245905352271]
Training raw path: /home/anhnd/DTI Project/Codes/MPNN/data/KFold/ATCInchikeySideEffectByDrug.txt_train_8
('Number of substructures, proteins, pathways, drugs, se: ', 2936, 1448, 330, 969, 598)
Train: 0.9831 0.9420
Test: 0.7821 0.4729
[0.6664166038494396, 0.671198493754112, 0.6717984076119579, 0.6691758710722756, 0.6699076542589693, 0.6779797886509644, 0.6805862352231482, 0.6798466343535079, 0.680179571367787, 0.6803574915030023, 0.6825602797794872, 0.6836180325163885, 0.6854369882484098, 0.6874077657758849, 0.6888580552428679, 0.6899131377070841, 0.6911061197859621, 0.6936892791100069, 0.695562352095255, 0.6966672581682435, 0.7001753059669725, 0.7038121688226919, 0.7057222717657035, 0.7079046981201107, 0.7091904062351542, 0.7095633123887848, 0.7123572935908017, 0.7142458941171979, 0.7170459851249535, 0.7177776129951126, 0.7209197978052337, 0.7231177971507919, 0.723759405471674, 0.725775916200098, 0.7266286826436779, 0.7307320454653325, 0.7331009443521848, 0.7350303568440197, 0.7372790986350768, 0.7403441208527674, 0.7420990365118308, 0.7424147965803386, 0.7453364697935418, 0.7453364697935418, 0.7470072508412465, 0.7481427141244574, 0.7497162368374686, 0.7506957632351954, 0.7548628620884366, 0.7581821388703238, 0.7581821388703238, 0.7591022859638288, 0.7591022859638288, 0.7614727033823705, 0.7626629177575144, 0.7626629177575144, 0.7650407355244987, 0.7650407355244987, 0.7650407355244987, 0.7650407355244987, 0.7650407355244987, 0.7650407355244987, 0.7650407355244987, 0.7679665783000285, 0.7679665783000285, 0.7693061947194691, 0.7708371699065386, 0.7708371699065386, 0.7708371699065386, 0.7708371699065386, 0.7708371699065386, 0.7708371699065386, 0.7724279643133853, 0.7724279643133853, 0.7724279643133853, 0.7780984616463281, 0.7780984616463281, 0.7780984616463281, 0.7799833769538081, 0.7799833769538081, 0.7799833769538081, 0.7799833769538081, 0.7799833769538081, 0.7821096846289038, 0.7821096846289038, 0.7821096846289038, 0.7821096846289038, 0.7821096846289038, 0.7821096846289038, 0.7821096846289038, 0.7821096846289038, 0.7821096846289038, 0.7821096846289038, 0.7821096846289038, 0.7821096846289038]
[0.13349712949594783, 0.15323853022359274, 0.15943605640365238, 0.16216282096360046, 0.16955849158758465, 0.1813684164679854, 0.18525342860670163, 0.18997314606459612, 0.19418136907132116, 0.19743535274960514, 0.2012208156413855, 0.2040867693894025, 0.20732066927099735, 0.20829091164918345, 0.21065101756911195, 0.21148161181577085, 0.21308023029497875, 0.21739099589826016, 0.2211788042453321, 0.2268497543011879, 0.2352220963537589, 0.2423450075433108, 0.24812253228119122, 0.25451625822353935, 0.26211657773735864, 0.26252686532086567, 0.2673637112633238, 0.27243014951167044, 0.2789478570253708, 0.2807672068635815, 0.2869887108012375, 0.29266496985114665, 0.29333803651694823, 0.2984581011416059, 0.3004648771525423, 0.30988193175572165, 0.3156991963930055, 0.3214435628344722, 0.32683015183016784, 0.3343068823610432, 0.33893674742018354, 0.33897180841558866, 0.3469622715442472, 0.3469622715442472, 0.35207943451289664, 0.3554089012647298, 0.3590862212389939, 0.36202706035374244, 0.37399498006860665, 0.3834419070601934, 0.3834419070601934, 0.38678289746608385, 0.38678289746608385, 0.3938263086802938, 0.3977645766913693, 0.3977645766913693, 0.40417104534125564, 0.40417104534125564, 0.40417104534125564, 0.40417104534125564, 0.40417104534125564, 0.40417104534125564, 0.40417104534125564, 0.4139672736765183, 0.4139672736765183, 0.4185814704043864, 0.4247792430488684, 0.4247792430488684, 0.4247792430488684, 0.4247792430488684, 0.4247792430488684, 0.4247792430488684, 0.4312941530616464, 0.4312941530616464, 0.4312941530616464, 0.4554042285513836, 0.4554042285513836, 0.4554042285513836, 0.4631475511161999, 0.4631475511161999, 0.4631475511161999, 0.4631475511161999, 0.4631475511161999, 0.4729183118045555, 0.4729183118045555, 0.4729183118045555, 0.4729183118045555, 0.4729183118045555, 0.4729183118045555, 0.4729183118045555, 0.4729183118045555, 0.4729183118045555, 0.4729183118045555, 0.4729183118045555, 0.4729183118045555]
Training raw path: /home/anhnd/DTI Project/Codes/MPNN/data/KFold/ATCInchikeySideEffectByDrug.txt_train_9
('Number of substructures, proteins, pathways, drugs, se: ', 2936, 1448, 330, 969, 598)
Train: 0.9819 0.9379
Test: 0.7622 0.4724
[0.6207868029916981, 0.640974644108866, 0.6462749250838133, 0.6396831830744645, 0.6419651865911223, 0.6436138656754795, 0.6462496993327044, 0.646847329101414, 0.6494998088352983, 0.6516883378638193, 0.6530263834250114, 0.6558257294703147, 0.6622939115673278, 0.6644408680706503, 0.6663799558775028, 0.6695295932357822, 0.6706998723612467, 0.6735500483827241, 0.6746810187029915, 0.6778280515207522, 0.682095814415705, 0.6857795275870187, 0.6891205153027107, 0.6915900976964959, 0.6921708188991794, 0.6928051238143071, 0.6956985145486261, 0.6977370363892899, 0.699947189499188, 0.7016197099902208, 0.7049748870407722, 0.7063654979285845, 0.7070981564117764, 0.7084964463925544, 0.7092750331970954, 0.7129595763490646, 0.7149546123300199, 0.7182312041596524, 0.7203107748675712, 0.7236326887735934, 0.7254406709185685, 0.725981044241223, 0.7289974972697382, 0.7289974972697382, 0.7308882152996463, 0.7315937571249256, 0.7336027759099714, 0.7343821072281564, 0.7379715569374785, 0.7405380781302062, 0.7405380781302062, 0.7414014045920174, 0.7414014045920174, 0.7435650345094614, 0.7446041911787039, 0.7446041911787039, 0.7468913970707151, 0.7468913970707151, 0.7468913970707151, 0.7468913970707151, 0.7468913970707151, 0.7468913970707151, 0.7468913970707151, 0.7494362306231418, 0.7494362306231418, 0.7508989509604026, 0.7523118059684302, 0.7523118059684302, 0.7523118059684302, 0.7523118059684302, 0.7523118059684302, 0.7523118059684302, 0.7538004776989813, 0.7538004776989813, 0.7538004776989813, 0.7586728725838224, 0.7586728725838224, 0.7586728725838224, 0.7604020430696754, 0.7604020430696754, 0.7604020430696754, 0.7604020430696754, 0.7604020430696754, 0.762190957825139, 0.762190957825139, 0.762190957825139, 0.762190957825139, 0.762190957825139, 0.762190957825139, 0.762190957825139, 0.762190957825139, 0.762190957825139, 0.762190957825139, 0.762190957825139, 0.762190957825139]
[0.10040963073179757, 0.12176558101460003, 0.1382219702544792, 0.13624063069587405, 0.14764704746301055, 0.15221091185300906, 0.15735949353318485, 0.16352170456952836, 0.17198066404769732, 0.17815727590778316, 0.1801202738644419, 0.1854563947627556, 0.19844666953778445, 0.20442427314729483, 0.20809993652662856, 0.21569565894820855, 0.21899347892872761, 0.2252553010394836, 0.22714767954616852, 0.23533646473472986, 0.24709461050978831, 0.253073012177197, 0.2617458549513604, 0.268627066633637, 0.27240455552962706, 0.27370129273679966, 0.2795327823446989, 0.28528682530492544, 0.29003287174074166, 0.2935398478803841, 0.30077584217397635, 0.30327357778904307, 0.3050125581460851, 0.3094382791359103, 0.3109171131324905, 0.32031661168288317, 0.32601264050783185, 0.33410105408212704, 0.33886891165427335, 0.3475995644113329, 0.351733035129998, 0.35341122924323093, 0.3626872971816142, 0.3626872971816142, 0.36744111770441334, 0.3694574943221555, 0.3761202868023725, 0.37833808331193675, 0.3871794151081521, 0.3947361562688486, 0.3947361562688486, 0.3972071394197968, 0.3972071394197968, 0.4033367554801515, 0.40581353594392033, 0.40581353594392033, 0.41328495992884173, 0.41328495992884173, 0.41328495992884173, 0.41328495992884173, 0.41328495992884173, 0.41328495992884173, 0.41328495992884173, 0.4224731297607941, 0.4224731297607941, 0.4274198203500662, 0.43275051773251316, 0.43275051773251316, 0.43275051773251316, 0.43275051773251316, 0.43275051773251316, 0.43275051773251316, 0.4388379617738493, 0.4388379617738493, 0.4388379617738493, 0.4581379000027035, 0.4581379000027035, 0.4581379000027035, 0.4648622795171454, 0.4648622795171454, 0.4648622795171454, 0.4648622795171454, 0.4648622795171454, 0.47238927952269255, 0.47238927952269255, 0.47238927952269255, 0.47238927952269255, 0.47238927952269255, 0.47238927952269255, 0.47238927952269255, 0.47238927952269255, 0.47238927952269255, 0.47238927952269255, 0.47238927952269255, 0.47238927952269255]
AUC: 0.7764 0.0032
AUPR: 0.4890 0.0053
('RARE AUC', [(0.6507616162446946, 0.0084604695432), (0.662966295573056, 0.007494071446544729), (0.665729333342844, 0.007702910568093979), (0.662186240097563, 0.007755124648587729), (0.6630677349111147, 0.007281266902321635), (0.6652692224145358, 0.007265484671536791), (0.6662144185503804, 0.006756903593539829), (0.6677341920521341, 0.006495216031809114), (0.670108105102339, 0.006236928247075877), (0.672353448392855, 0.006100719662299716), (0.673293922319026, 0.006253455408910504), (0.6757932359280366, 0.006155082264037079), (0.6795901937321726, 0.005923976609407618), (0.6822107146962996, 0.00581793947776637), (0.6832655237400891, 0.005672458349673677), (0.6850745363381051, 0.005493436539176213), (0.6868522937930128, 0.005487129812300563), (0.6889815573607739, 0.00538699171749033), (0.6900506115878275, 0.0054094313164756965), (0.6923420858384969, 0.005290421032534505), (0.695725476849726, 0.0051457300360175), (0.6989983658929693, 0.004966065584203837), (0.7014674378710676, 0.004823251313693395), (0.7038726454641366, 0.004662082241896203), (0.7053049643243395, 0.004620001342246557), (0.7057471894641412, 0.004592897657917496), (0.7085573860280814, 0.004539288061049619), (0.7102873635057199, 0.004487355408223218), (0.7128759504296622, 0.0043857911384235955), (0.7139805378314543, 0.004363592359570513), (0.7175637115616739, 0.004204509530059444), (0.719345677543538, 0.004135313586732656), (0.7199764601407086, 0.004109716558248405), (0.7214955072424154, 0.004080135804551648), (0.7221578377659097, 0.004038442167560294), (0.7265452015771997, 0.0039364172299301645), (0.728928834957315, 0.003935822972740889), (0.73172017065812, 0.0037975648197171963), (0.7339848179648845, 0.003743333371848018), (0.737138265874527, 0.0036214930445285154), (0.7385609595241809, 0.00357128704404787), (0.7393146979826691, 0.0035438237527354428), (0.7423272874923336, 0.0034901551693341127), (0.7423272874923336, 0.0034901551693341127), (0.7441232447458962, 0.003500555880249823), (0.744971757669955, 0.0034800188224611366), (0.7468130862575545, 0.003411259299832436), (0.7477890044030516, 0.0034046649943497024), (0.7515668776720197, 0.003408334908237121), (0.7544123815570944, 0.0033566916051216253), (0.7544123815570944, 0.0033566916051216253), (0.7553497572003889, 0.003352796620442736), (0.7553497572003889, 0.003352796620442736), (0.7574269719494414, 0.003317056546468355), (0.7584808460062753, 0.0032869798670360087), (0.7584808460062753, 0.0032869798670360087), (0.7607200346284849, 0.0032786979389844875), (0.7607200346284849, 0.0032786979389844875), (0.7607200346284849, 0.0032786979389844875), (0.7607200346284849, 0.0032786979389844875), (0.7607200346284849, 0.0032786979389844875), (0.7607200346284849, 0.0032786979389844875), (0.7607200346284849, 0.0032786979389844875), (0.7633851688793201, 0.0032525945187143386), (0.7633851688793201, 0.0032525945187143386), (0.7647366556884485, 0.0032179901881245723), (0.7661687484153907, 0.003233461933122898), (0.7661687484153907, 0.003233461933122898), (0.7661687484153907, 0.003233461933122898), (0.7661687484153907, 0.003233461933122898), (0.7661687484153907, 0.003233461933122898), (0.7661687484153907, 0.003233461933122898), (0.7678013773112538, 0.003228724789633849), (0.7678013773112538, 0.003228724789633849), (0.7678013773112538, 0.003228724789633849), (0.7728321751600525, 0.0032536458464705303), (0.7728321751600525, 0.0032536458464705303), (0.7728321751600525, 0.0032536458464705303), (0.7745550288441041, 0.0032273040851239217), (0.7745550288441041, 0.0032273040851239217), (0.7745550288441041, 0.0032273040851239217), (0.7745550288441041, 0.0032273040851239217), (0.7745550288441041, 0.0032273040851239217), (0.7764322640338998, 0.0032338000139941828), (0.7764322640338998, 0.0032338000139941828), (0.7764322640338998, 0.0032338000139941828), (0.7764322640338998, 0.0032338000139941828), (0.7764322640338998, 0.0032338000139941828), (0.7764322640338998, 0.0032338000139941828), (0.7764322640338998, 0.0032338000139941828), (0.7764322640338998, 0.0032338000139941828), (0.7764322640338998, 0.0032338000139941828), (0.7764322640338998, 0.0032338000139941828), (0.7764322640338998, 0.0032338000139941828), (0.7764322640338998, 0.0032338000139941828)])
('RARE AUPR', [(0.1207712002621961, 0.006445231611458695), (0.1400334775539926, 0.005930191217374361), (0.14765596340798598, 0.005698424178334216), (0.1496058621173339, 0.0050440027385090045), (0.15762408513508158, 0.004553203371582696), (0.16333843435052497, 0.004701550086760291), (0.16878013603111544, 0.004690076260871302), (0.17575875518349873, 0.004513534298358899), (0.18301856028629243, 0.004175638909527717), (0.18888328065626847, 0.004338054391976768), (0.190920192653782, 0.004522579174958354), (0.19625156799284013, 0.004500231149355043), (0.2062254787758388, 0.004165756759774281), (0.21250689574644444, 0.0041531102252866815), (0.21475138473490096, 0.004049097024655913), (0.21948211064153916, 0.003861527374405818), (0.2236246547441624, 0.0040670601240867955), (0.2282586648191948, 0.004075128141030178), (0.2306309883231063, 0.004169461642419116), (0.238877709467056, 0.004580483376938353), (0.24856374403881265, 0.0044490322137250736), (0.25617820572121897, 0.004425401262426738), (0.262960673248706, 0.004618205859786778), (0.2700169530758424, 0.004887272719837812), (0.27452007928497724, 0.005024538250157018), (0.2754594508163509, 0.005070221948649317), (0.2814420853335283, 0.00508511204892673), (0.2864170371502016, 0.005203490985581164), (0.2927211828859909, 0.005233384205389244), (0.2952725613122468, 0.005331244879449025), (0.30353826962206876, 0.005216015489635732), (0.3075347191787442, 0.005228898193060447), (0.30928328187171517, 0.005312183314060289), (0.31395477522107773, 0.005241244632522606), (0.3154528259914696, 0.005282528075008774), (0.32702103891050505, 0.00550464161241282), (0.3338278624383307, 0.005641524121210522), (0.3409872018747112, 0.005752098207600633), (0.34679192312396356, 0.005825494120620841), (0.3554549540751092, 0.005871112072478023), (0.3589419077495104, 0.0059380393453612595), (0.361036668745698, 0.006115645214939604), (0.3696742746030364, 0.00606440943744015), (0.3696742746030364, 0.00606440943744015), (0.3753846224938229, 0.0062085780564824136), (0.37769017805874977, 0.006131531228626584), (0.3832732923286583, 0.006241541096991001), (0.38614135205447814, 0.006294143065829108), (0.3972232400890065, 0.0062587273129041795), (0.40618477098404043, 0.006247527518105451), (0.40618477098404043, 0.006247527518105451), (0.408973241351243, 0.006255293701871115), (0.408973241351243, 0.006255293701871115), (0.41541237669109377, 0.006243468467727687), (0.41875301308670815, 0.0062838677211024445), (0.41875301308670815, 0.0062838677211024445), (0.42604082103399926, 0.006216902185442941), (0.42604082103399926, 0.006216902185442941), (0.42604082103399926, 0.006216902185442941), (0.42604082103399926, 0.006216902185442941), (0.42604082103399926, 0.006216902185442941), (0.42604082103399926, 0.006216902185442941), (0.42604082103399926, 0.006216902185442941), (0.4356863509952113, 0.006188108666049011), (0.4356863509952113, 0.006188108666049011), (0.44030342427639785, 0.006217524660210152), (0.44589727226873493, 0.006091517337836397), (0.44589727226873493, 0.006091517337836397), (0.44589727226873493, 0.006091517337836397), (0.44589727226873493, 0.006091517337836397), (0.44589727226873493, 0.006091517337836397), (0.44589727226873493, 0.006091517337836397), (0.453051244742, 0.00598236298326628), (0.453051244742, 0.00598236298326628), (0.453051244742, 0.00598236298326628), (0.47375042775181164, 0.0054580870627028944), (0.47375042775181164, 0.0054580870627028944), (0.47375042775181164, 0.0054580870627028944), (0.4807756702726433, 0.005344926923829233), (0.4807756702726433, 0.005344926923829233), (0.4807756702726433, 0.005344926923829233), (0.4807756702726433, 0.005344926923829233), (0.4807756702726433, 0.005344926923829233), (0.4890420894724146, 0.005255070552961216), (0.4890420894724146, 0.005255070552961216), (0.4890420894724146, 0.005255070552961216), (0.4890420894724146, 0.005255070552961216), (0.4890420894724146, 0.005255070552961216), (0.4890420894724146, 0.005255070552961216), (0.4890420894724146, 0.005255070552961216), (0.4890420894724146, 0.005255070552961216), (0.4890420894724146, 0.005255070552961216), (0.4890420894724146, 0.005255070552961216), (0.4890420894724146, 0.005255070552961216), (0.4890420894724146, 0.005255070552961216)])
