CSMF_P
<models.baselines.CSMF.CSMF object at 0x7f579c78f590>
('Manual torch seed: ', 1772727637)
('Config: ', 'Protein Test: ', False, 'KNN: ', 2)
Training raw path: /home/anhnd/DTI Project/Codes/MPNN/data/KFold/ATCInchikeySideEffectByDrug.txt_train_0
('Number of substructures, proteins, pathways, drugs, se: ', 888, 1448, 330, 969, 598)
((872, 888), (97, 888), (872, 598), (97, 598))
('VALIDATE SUM PROTEIN TRAIN: ', 0.0)
('VALIDATE SUM PROTEIN TEST: ', 0.0)
Train: 0.9997 0.9989
Test: 0.7489 0.4593
[0.6672328903129725, 0.6723767625482406, 0.6775430643443039, 0.666769064345152, 0.6665606242849427, 0.6678212930006668, 0.6653968196437308, 0.6661452860709967, 0.6674727774442197, 0.6699269681617257, 0.669517768188661, 0.6701893718517202, 0.6699329006147688, 0.6697410818911174, 0.6707548420623201, 0.6714275682190944, 0.672512056267803, 0.673763882861851, 0.6747117111862136, 0.6773196473706924, 0.6803857821048946, 0.6825746477440985, 0.684452286478741, 0.6865039099002641, 0.6881392811732219, 0.6885166609967026, 0.6898744189458281, 0.6912822121337434, 0.6935848776467137, 0.694511694741192, 0.6969622480739711, 0.6979234644650508, 0.6984278271629134, 0.7000454472040474, 0.7005902028739741, 0.7046634622576347, 0.7065724098157564, 0.708387870080227, 0.7101188912073307, 0.712327648741345, 0.7134464969386318, 0.7142768000504531, 0.716936969143493, 0.716936969143493, 0.718630899039156, 0.7193738442379776, 0.7210224672843482, 0.7218320954237778, 0.725057216204412, 0.7277630926890164, 0.7277630926890164, 0.7286818158825151, 0.7286818158825151, 0.7307186474959235, 0.7316534713683186, 0.7316534713683186, 0.7334862299224949, 0.7334862299224949, 0.7334862299224949, 0.7334862299224949, 0.7334862299224949, 0.7334862299224949, 0.7334862299224949, 0.7360785449440701, 0.7360785449440701, 0.7373787808132558, 0.7387264996744374, 0.7387264996744374, 0.7387264996744374, 0.7387264996744374, 0.7387264996744374, 0.7387264996744374, 0.7403032209068878, 0.7403032209068878, 0.7403032209068878, 0.7450747906812685, 0.7450747906812685, 0.7450747906812685, 0.7468749822821146, 0.7468749822821146, 0.7468749822821146, 0.7468749822821146, 0.7468749822821146, 0.7488624891276212, 0.7488624891276212, 0.7488624891276212, 0.7488624891276212, 0.7488624891276212, 0.7488624891276212, 0.7488624891276212, 0.7488624891276212, 0.7488624891276212, 0.7488624891276212, 0.7488624891276212, 0.7488624891276212]
[0.1357229135522905, 0.1607765896478585, 0.1736095064880166, 0.1705711928171446, 0.17093119461092965, 0.17428789155520671, 0.1809418220100437, 0.18747868347708493, 0.19085925981317242, 0.1943009840758111, 0.19569962714087974, 0.19915732277749904, 0.2063937901046788, 0.2115227764144547, 0.21495590560458802, 0.21881262875217844, 0.22215134383942103, 0.2260843875195887, 0.2286513994757409, 0.23849340909009922, 0.24722722695781324, 0.25338793942932475, 0.25785145681417465, 0.263354206433456, 0.2695223188888704, 0.2704450768879447, 0.27485659966454085, 0.27955800040934803, 0.2850574487416547, 0.2875930898376509, 0.29811631074378403, 0.30213454328574246, 0.3034053530075488, 0.30805987230963233, 0.3101274286067932, 0.3226795808424727, 0.3267567052650815, 0.3341990043224744, 0.3389132192815225, 0.34685409891504637, 0.3501623408026383, 0.3522589736722659, 0.35922999216072315, 0.35922999216072315, 0.3651884912465323, 0.36682908536784953, 0.37293864318189945, 0.3758397216591133, 0.3856627483134628, 0.39439519228693853, 0.39439519228693853, 0.39709745787588874, 0.39709745787588874, 0.40382408359272964, 0.40681441573562394, 0.40681441573562394, 0.4125117959189366, 0.4125117959189366, 0.4125117959189366, 0.4125117959189366, 0.4125117959189366, 0.4125117959189366, 0.4125117959189366, 0.41994843267229026, 0.41994843267229026, 0.42344505982619235, 0.42755606846125993, 0.42755606846125993, 0.42755606846125993, 0.42755606846125993, 0.42755606846125993, 0.42755606846125993, 0.4328578411663401, 0.4328578411663401, 0.4328578411663401, 0.447330848640654, 0.447330848640654, 0.447330848640654, 0.4529714251767328, 0.4529714251767328, 0.4529714251767328, 0.4529714251767328, 0.4529714251767328, 0.45925555351407193, 0.45925555351407193, 0.45925555351407193, 0.45925555351407193, 0.45925555351407193, 0.45925555351407193, 0.45925555351407193, 0.45925555351407193, 0.45925555351407193, 0.45925555351407193, 0.45925555351407193, 0.45925555351407193]
Training raw path: /home/anhnd/DTI Project/Codes/MPNN/data/KFold/ATCInchikeySideEffectByDrug.txt_train_1
('Number of substructures, proteins, pathways, drugs, se: ', 888, 1448, 330, 969, 598)
((872, 888), (97, 888), (872, 598), (97, 598))
('VALIDATE SUM PROTEIN TRAIN: ', 0.0)
('VALIDATE SUM PROTEIN TEST: ', 0.0)
Train: 0.9996 0.9984
Test: 0.7155 0.4145
[0.6070533398677838, 0.6197621483323126, 0.6124009101838909, 0.6073194087650043, 0.6102873281078742, 0.6114066641799979, 0.6101469600410863, 0.6109091432122076, 0.612091066344698, 0.6118154901262501, 0.6110387634339235, 0.6119968407267812, 0.6170238397685744, 0.6192354503347961, 0.620743719794175, 0.6232261555816276, 0.6233313690069237, 0.6260148555939186, 0.6267563830160388, 0.62854059161954, 0.6326491417053233, 0.6352623333171914, 0.6355229650367211, 0.6379845508942578, 0.6370934180457253, 0.6371940374386782, 0.6387749205598734, 0.6401992982897431, 0.6427265286811155, 0.6440851352561533, 0.648037751067422, 0.6507301176452118, 0.6518098270239463, 0.6537159900666731, 0.6541858146762791, 0.6586522962453654, 0.660527340504398, 0.6634968269428707, 0.6659653693438565, 0.6701163216605373, 0.6714304880837729, 0.6722897362036564, 0.6757788408021591, 0.6757788408021591, 0.6770631893111703, 0.67808116046125, 0.6805673061696199, 0.681574895038096, 0.6856791141593366, 0.6892458158344974, 0.6892458158344974, 0.6899032579567324, 0.6899032579567324, 0.6923196300269019, 0.6936765564667886, 0.6936765564667886, 0.6963842901551572, 0.6963842901551572, 0.6963842901551572, 0.6963842901551572, 0.6963842901551572, 0.6963842901551572, 0.6963842901551572, 0.6998481800449059, 0.6998481800449059, 0.701511851047721, 0.7030900330697705, 0.7030900330697705, 0.7030900330697705, 0.7030900330697705, 0.7030900330697705, 0.7030900330697705, 0.7052548778976557, 0.7052548778976557, 0.7052548778976557, 0.71095638731048, 0.71095638731048, 0.71095638731048, 0.7132115231667708, 0.7132115231667708, 0.7132115231667708, 0.7132115231667708, 0.7132115231667708, 0.7155452215765203, 0.7155452215765203, 0.7155452215765203, 0.7155452215765203, 0.7155452215765203, 0.7155452215765203, 0.7155452215765203, 0.7155452215765203, 0.7155452215765203, 0.7155452215765203, 0.7155452215765203, 0.7155452215765203]
[0.1013334748604254, 0.12017531310705325, 0.11397073227365388, 0.11955899666337472, 0.12438234266219486, 0.12696380640750332, 0.1303955451198474, 0.13570564251253614, 0.14020742633595118, 0.143175987747727, 0.14263690382457547, 0.14574567006490474, 0.15602400903402944, 0.16390490899175303, 0.16648954627414192, 0.17136752673460776, 0.17217294363070199, 0.1788654200352381, 0.18150016157591137, 0.18740076424464194, 0.19697412054307473, 0.20440847816236754, 0.20825838962053797, 0.21416861385774877, 0.21665247157787262, 0.2168970634433864, 0.21938865070289357, 0.2247999686303967, 0.23257982890263904, 0.2360584495717839, 0.246048969332568, 0.2510819503382267, 0.25343705856606036, 0.2584065715405429, 0.2591429430859621, 0.26758753336221364, 0.2725477076121401, 0.2814578104261413, 0.28628662100691776, 0.29563245428134155, 0.29948845239141453, 0.3017207616276283, 0.3110637336047227, 0.3110637336047227, 0.31425521101369464, 0.31732774945358816, 0.32341694033544643, 0.326196395122213, 0.33462997758845525, 0.34416624548666513, 0.34416624548666513, 0.34579821970522123, 0.34579821970522123, 0.351338995745476, 0.35439734684995394, 0.35439734684995394, 0.3608585216602635, 0.3608585216602635, 0.3608585216602635, 0.3608585216602635, 0.3608585216602635, 0.3608585216602635, 0.3608585216602635, 0.37015635250861045, 0.37015635250861045, 0.3739162772924004, 0.37846335817476684, 0.37846335817476684, 0.37846335817476684, 0.37846335817476684, 0.37846335817476684, 0.37846335817476684, 0.3847487048101512, 0.3847487048101512, 0.3847487048101512, 0.400734594370188, 0.400734594370188, 0.400734594370188, 0.40739904561721796, 0.40739904561721796, 0.40739904561721796, 0.40739904561721796, 0.40739904561721796, 0.4144699773211289, 0.4144699773211289, 0.4144699773211289, 0.4144699773211289, 0.4144699773211289, 0.4144699773211289, 0.4144699773211289, 0.4144699773211289, 0.4144699773211289, 0.4144699773211289, 0.4144699773211289, 0.4144699773211289]
Training raw path: /home/anhnd/DTI Project/Codes/MPNN/data/KFold/ATCInchikeySideEffectByDrug.txt_train_2
('Number of substructures, proteins, pathways, drugs, se: ', 888, 1448, 330, 969, 598)
((872, 888), (97, 888), (872, 598), (97, 598))
('VALIDATE SUM PROTEIN TRAIN: ', 0.0)
('VALIDATE SUM PROTEIN TEST: ', 0.0)
Train: 0.9997 0.9988
Test: 0.7289 0.4688
[0.6476535526029096, 0.6485633600717665, 0.6547861255164145, 0.6546147239834342, 0.6552546766292086, 0.6551092930881467, 0.653497361469449, 0.6558000765486819, 0.6560459353456825, 0.6551435955143392, 0.6551222580230462, 0.6572333875765111, 0.6553577288529947, 0.6554608203994133, 0.6559749725693829, 0.657294610141083, 0.6580768363935405, 0.6587444904852573, 0.6585548568591753, 0.6610341285237094, 0.6633845981438518, 0.6652335406781557, 0.66730357012543, 0.6693495597305, 0.6714127962468717, 0.6716025876112951, 0.6727882359250512, 0.6741666530982019, 0.6755488954446611, 0.6762201159693294, 0.6784317735037804, 0.6797597385355274, 0.6803499218366521, 0.6812096551127094, 0.6816979277282944, 0.685526714175611, 0.6879405090165183, 0.689359680699251, 0.691168519392175, 0.69280524217824, 0.6939958275976195, 0.6949897352005112, 0.6974087958901231, 0.6974087958901231, 0.6987395074611475, 0.6993196880337824, 0.7009322662297882, 0.701707759497925, 0.704885345231025, 0.7072960424453583, 0.7072960424453583, 0.7078952735653976, 0.7078952735653976, 0.7096134078113878, 0.7107739218794417, 0.7107739218794417, 0.712711883718701, 0.712711883718701, 0.712711883718701, 0.712711883718701, 0.712711883718701, 0.712711883718701, 0.712711883718701, 0.7154522201243312, 0.7154522201243312, 0.716987834423629, 0.7184615348715653, 0.7184615348715653, 0.7184615348715653, 0.7184615348715653, 0.7184615348715653, 0.7184615348715653, 0.7202594512104463, 0.7202594512104463, 0.7202594512104463, 0.7251687572458548, 0.7251687572458548, 0.7251687572458548, 0.7269421503770552, 0.7269421503770552, 0.7269421503770552, 0.7269421503770552, 0.7269421503770552, 0.7288875553916133, 0.7288875553916133, 0.7288875553916133, 0.7288875553916133, 0.7288875553916133, 0.7288875553916133, 0.7288875553916133, 0.7288875553916133, 0.7288875553916133, 0.7288875553916133, 0.7288875553916133, 0.7288875553916133]
[0.14739344323336603, 0.17554890230000747, 0.19923125297405872, 0.19977026320680547, 0.2078541231604502, 0.212061350313863, 0.21703155517578873, 0.22436891410193976, 0.22718280705447447, 0.2285654843877945, 0.23004018635736445, 0.2347865607467297, 0.23899342949072241, 0.24188360893219019, 0.24581953102337245, 0.2509205101166822, 0.25437049073741813, 0.2572622599592983, 0.2578114471161341, 0.2699626047642787, 0.27998327694261294, 0.28764442283192726, 0.2943779490189352, 0.3017533381292546, 0.3083695088300797, 0.3084015698543205, 0.31206035122885367, 0.3168542004813693, 0.32147078470748575, 0.3227471704239159, 0.3294353804459727, 0.33222781081380914, 0.3336107154292502, 0.3352640928154229, 0.33671750528376426, 0.34710642612540554, 0.35375467984211484, 0.35920555052229486, 0.36503716689349064, 0.37008376135522847, 0.3734423450710247, 0.37592884213370326, 0.3820470642867073, 0.3820470642867073, 0.38621771783404857, 0.3876047594679587, 0.3920412667344524, 0.3939021423345678, 0.4024377745178471, 0.4090833970946125, 0.4090833970946125, 0.41117390206654014, 0.41117390206654014, 0.41482653690811666, 0.41806486115760466, 0.41806486115760466, 0.4224934479833155, 0.4224934479833155, 0.4224934479833155, 0.4224934479833155, 0.4224934479833155, 0.4224934479833155, 0.4224934479833155, 0.43023837930919, 0.43023837930919, 0.43438798746368, 0.4380991462713908, 0.4380991462713908, 0.4380991462713908, 0.4380991462713908, 0.4380991462713908, 0.4380991462713908, 0.4436040531269653, 0.4436040531269653, 0.4436040531269653, 0.45803976241594546, 0.45803976241594546, 0.45803976241594546, 0.46306230295833756, 0.46306230295833756, 0.46306230295833756, 0.46306230295833756, 0.46306230295833756, 0.46878992177537, 0.46878992177537, 0.46878992177537, 0.46878992177537, 0.46878992177537, 0.46878992177537, 0.46878992177537, 0.46878992177537, 0.46878992177537, 0.46878992177537, 0.46878992177537, 0.46878992177537]
Training raw path: /home/anhnd/DTI Project/Codes/MPNN/data/KFold/ATCInchikeySideEffectByDrug.txt_train_3
('Number of substructures, proteins, pathways, drugs, se: ', 888, 1448, 330, 969, 598)
((872, 888), (97, 888), (872, 598), (97, 598))
('VALIDATE SUM PROTEIN TRAIN: ', 0.0)
('VALIDATE SUM PROTEIN TEST: ', 0.0)
Train: 0.9996 0.9984
Test: 0.7078 0.4034
[0.5837369105681751, 0.5903506081871037, 0.5889920897362703, 0.5951374012235799, 0.5977430683668103, 0.5992691746590582, 0.6002775920303354, 0.6018331433409659, 0.6028438419847567, 0.6045214582026947, 0.6051742322817051, 0.6076342589873228, 0.6099695452750705, 0.6135277262224411, 0.6140202666875665, 0.6147238438335656, 0.6165783676044321, 0.618306606788963, 0.6187770258509683, 0.6222008828936214, 0.6254353064644198, 0.6295647540108812, 0.6324310422598884, 0.6344613778041929, 0.6346945417729335, 0.6350846578027873, 0.6378521457233988, 0.6391501098568031, 0.6405628773991656, 0.6414288797101049, 0.6451029340987859, 0.6455860870871291, 0.6461299839950585, 0.6470564535231429, 0.6476104867918127, 0.651878957769112, 0.6541487590023441, 0.6565185666004707, 0.6588255593181613, 0.6616864813957077, 0.663105809535552, 0.6640632193942945, 0.6675199883159999, 0.6675199883159999, 0.6692920796667255, 0.6701360617772771, 0.6720517070790315, 0.6732882779695598, 0.6775475840272036, 0.6810245587090988, 0.6810245587090988, 0.6819154808199005, 0.6819154808199005, 0.684140832936267, 0.6854057512900543, 0.6854057512900543, 0.6881255241838384, 0.6881255241838384, 0.6881255241838384, 0.6881255241838384, 0.6881255241838384, 0.6881255241838384, 0.6881255241838384, 0.691385547744948, 0.691385547744948, 0.6931531637786399, 0.6949486937154626, 0.6949486937154626, 0.6949486937154626, 0.6949486937154626, 0.6949486937154626, 0.6949486937154626, 0.6969680953719173, 0.6969680953719173, 0.6969680953719173, 0.7033318264083088, 0.7033318264083088, 0.7033318264083088, 0.7055485783625534, 0.7055485783625534, 0.7055485783625534, 0.7055485783625534, 0.7055485783625534, 0.7077858577988925, 0.7077858577988925, 0.7077858577988925, 0.7077858577988925, 0.7077858577988925, 0.7077858577988925, 0.7077858577988925, 0.7077858577988925, 0.7077858577988925, 0.7077858577988925, 0.7077858577988925, 0.7077858577988925]
[0.10462451177784758, 0.10865860891075618, 0.11358076657449846, 0.12245449485805329, 0.1317445644490834, 0.1366032338492162, 0.1401166390638372, 0.1472394264245357, 0.15505582291761788, 0.16150213861989093, 0.16434595615463593, 0.16997568927596798, 0.1751643309659832, 0.18200701383653972, 0.18345127189474433, 0.1859108053999528, 0.19019282805272197, 0.1936556324613492, 0.19514127717579288, 0.2026789786511536, 0.20932132596727765, 0.21570858005276972, 0.22283567575864438, 0.2279237160742772, 0.23010864958578786, 0.231240220508061, 0.236917694002938, 0.24010732472988977, 0.24324977788509147, 0.24470351799116696, 0.2520953720820191, 0.2541415206088393, 0.2549458491953841, 0.257774506179455, 0.2587944302293902, 0.26793615124067993, 0.2726591299969682, 0.27782884428763666, 0.2827813389080829, 0.2893700992220414, 0.2918744146580614, 0.294059502611549, 0.3009796371131896, 0.3009796371131896, 0.3049511098980869, 0.3067626051941109, 0.31135439674358956, 0.3136860202973403, 0.3239778425279226, 0.33161594324003996, 0.33161594324003996, 0.33378294465261027, 0.33378294465261027, 0.3390906357995769, 0.3418838957014696, 0.3418838957014696, 0.3484950595843406, 0.3484950595843406, 0.3484950595843406, 0.3484950595843406, 0.3484950595843406, 0.3484950595843406, 0.3484950595843406, 0.35692714526653024, 0.35692714526653024, 0.36105685460799275, 0.3658876736359373, 0.3658876736359373, 0.3658876736359373, 0.3658876736359373, 0.3658876736359373, 0.3658876736359373, 0.37245493569467203, 0.37245493569467203, 0.37245493569467203, 0.3904228291439084, 0.3904228291439084, 0.3904228291439084, 0.39686604498794825, 0.39686604498794825, 0.39686604498794825, 0.39686604498794825, 0.39686604498794825, 0.4033965367505823, 0.4033965367505823, 0.4033965367505823, 0.4033965367505823, 0.4033965367505823, 0.4033965367505823, 0.4033965367505823, 0.4033965367505823, 0.4033965367505823, 0.4033965367505823, 0.4033965367505823, 0.4033965367505823]
Training raw path: /home/anhnd/DTI Project/Codes/MPNN/data/KFold/ATCInchikeySideEffectByDrug.txt_train_4
('Number of substructures, proteins, pathways, drugs, se: ', 888, 1448, 330, 969, 598)
((872, 888), (97, 888), (872, 598), (97, 598))
('VALIDATE SUM PROTEIN TRAIN: ', 0.0)
('VALIDATE SUM PROTEIN TEST: ', 0.0)
Train: 0.9996 0.9986
Test: 0.7356 0.4068
[0.6407191270402528, 0.6298754106432796, 0.6385948856589021, 0.6320772003866727, 0.6338534823214275, 0.638516685367057, 0.6343569263169002, 0.6395184359375052, 0.6423947825285252, 0.6457522821986545, 0.6457662379425041, 0.647302598587864, 0.6495370425076643, 0.6515423144804512, 0.651895633607451, 0.6519839079465857, 0.653219563639326, 0.6552440806868369, 0.6557493038952706, 0.6565098087536796, 0.6597419417645504, 0.6623367975444687, 0.6639326145057844, 0.6664238660229769, 0.6672906323280512, 0.6675483608621848, 0.6694913316793205, 0.6709227594973549, 0.6730737579486078, 0.6737510938378486, 0.6759509779805757, 0.6767936168146607, 0.6771485437785029, 0.6789468492509936, 0.6793849536739078, 0.6833668398128687, 0.6853993334760891, 0.6878779241897803, 0.6899915779299608, 0.6931970389902103, 0.6941488926650645, 0.695073671769435, 0.6985375163007697, 0.6985375163007697, 0.7001694207383489, 0.7013227582011539, 0.7031227258165154, 0.7039158443178506, 0.7075036348761818, 0.7104551945322088, 0.7104551945322088, 0.7114257627083135, 0.7114257627083135, 0.7132533689592202, 0.7142438286213515, 0.7142438286213515, 0.7165512394460225, 0.7165512394460225, 0.7165512394460225, 0.7165512394460225, 0.7165512394460225, 0.7165512394460225, 0.7165512394460225, 0.7197307439227504, 0.7197307439227504, 0.7212511144842191, 0.7229980136636898, 0.7229980136636898, 0.7229980136636898, 0.7229980136636898, 0.7229980136636898, 0.7229980136636898, 0.7249677562041056, 0.7249677562041056, 0.7249677562041056, 0.7313739105530765, 0.7313739105530765, 0.7313739105530765, 0.7333874382112395, 0.7333874382112395, 0.7333874382112395, 0.7333874382112395, 0.7333874382112395, 0.7355956711909817, 0.7355956711909817, 0.7355956711909817, 0.7355956711909817, 0.7355956711909817, 0.7355956711909817, 0.7355956711909817, 0.7355956711909817, 0.7355956711909817, 0.7355956711909817, 0.7355956711909817, 0.7355956711909817]
[0.10876694720393904, 0.11438484670914605, 0.12261415321860261, 0.12694501675217007, 0.12867288870475088, 0.13421265626824974, 0.1378547646191049, 0.15094979147662754, 0.1584909044165559, 0.16464041883199168, 0.16516868070496715, 0.16977221160199574, 0.18015744958444269, 0.18421809016614796, 0.18619023676224278, 0.1892792725337198, 0.19232234943085807, 0.19726251731666244, 0.19928219554163773, 0.20557233718044474, 0.21162397081207301, 0.21899285670922586, 0.22384790146091804, 0.23015865305205224, 0.2331837181412949, 0.23340355097694873, 0.23665980741942821, 0.24116277671350245, 0.2469301028530892, 0.24840871526242997, 0.2509839657266266, 0.25421187752908736, 0.25518516707899896, 0.25987661313577626, 0.26148591662228554, 0.27108543987011935, 0.27548122098173555, 0.28086173063966524, 0.2852311730658257, 0.29215997447537423, 0.2942678200027298, 0.2956216648937348, 0.30389550736633963, 0.30389550736633963, 0.30851001476024276, 0.3109951872773134, 0.3160706932948867, 0.3180524488133892, 0.3282783357115284, 0.3355554457446895, 0.3355554457446895, 0.3373975857727938, 0.3373975857727938, 0.3414783492603697, 0.34404766818947874, 0.34404766818947874, 0.3495189179000473, 0.3495189179000473, 0.3495189179000473, 0.3495189179000473, 0.3495189179000473, 0.3495189179000473, 0.3495189179000473, 0.3585546689222665, 0.3585546689222665, 0.3631527906175074, 0.3681087018880509, 0.3681087018880509, 0.3681087018880509, 0.3681087018880509, 0.3681087018880509, 0.3681087018880509, 0.3741897783017466, 0.3741897783017466, 0.3741897783017466, 0.39400925929965613, 0.39400925929965613, 0.39400925929965613, 0.39980658433824146, 0.39980658433824146, 0.39980658433824146, 0.39980658433824146, 0.39980658433824146, 0.40677202728191897, 0.40677202728191897, 0.40677202728191897, 0.40677202728191897, 0.40677202728191897, 0.40677202728191897, 0.40677202728191897, 0.40677202728191897, 0.40677202728191897, 0.40677202728191897, 0.40677202728191897, 0.40677202728191897]
Training raw path: /home/anhnd/DTI Project/Codes/MPNN/data/KFold/ATCInchikeySideEffectByDrug.txt_train_5
('Number of substructures, proteins, pathways, drugs, se: ', 888, 1448, 330, 969, 598)
((872, 888), (97, 888), (872, 598), (97, 598))
('VALIDATE SUM PROTEIN TRAIN: ', 0.0)
('VALIDATE SUM PROTEIN TEST: ', 0.0)
Train: 0.9997 0.9988
Test: 0.7504 0.4385
[0.6687534714995913, 0.6802758163580727, 0.6730166378073079, 0.6791504716427338, 0.6780145408577574, 0.6808793629028708, 0.6776184020860402, 0.6753116737490363, 0.6767794008054715, 0.6781299051888899, 0.6796183181690605, 0.6827950077670175, 0.6834819288072275, 0.6843298218179066, 0.6849009472882336, 0.684699632210428, 0.6858846956524742, 0.6863883594758652, 0.6868310861059915, 0.6874337862047303, 0.6910311082152458, 0.6921728985944352, 0.6934876006250772, 0.6938986520751824, 0.6932237310527778, 0.6929603123915675, 0.6951787472467583, 0.6961829119449203, 0.6972666728660608, 0.697637477447361, 0.6991758370698802, 0.6997091062431386, 0.7001065631177417, 0.7009011678575331, 0.7014682828339645, 0.7056645873086147, 0.7074714109754942, 0.7091469177118923, 0.7110523506823699, 0.7132245099410549, 0.7139486780715927, 0.7145915085376746, 0.7169714920636152, 0.7169714920636152, 0.7185252612690467, 0.7189604291675563, 0.7204726175894437, 0.7211966474731444, 0.7244802984361702, 0.727022489197557, 0.727022489197557, 0.7276460733931855, 0.7276460733931855, 0.7298827546555879, 0.7308820944709429, 0.7308820944709429, 0.733544644830517, 0.733544644830517, 0.733544644830517, 0.733544644830517, 0.733544644830517, 0.733544644830517, 0.733544644830517, 0.7362205713157502, 0.7362205713157502, 0.7374892126243235, 0.7393083487003338, 0.7393083487003338, 0.7393083487003338, 0.7393083487003338, 0.7393083487003338, 0.7393083487003338, 0.7413200044318978, 0.7413200044318978, 0.7413200044318978, 0.7466104746910543, 0.7466104746910543, 0.7466104746910543, 0.7484086401886244, 0.7484086401886244, 0.7484086401886244, 0.7484086401886244, 0.7484086401886244, 0.7503966493024846, 0.7503966493024846, 0.7503966493024846, 0.7503966493024846, 0.7503966493024846, 0.7503966493024846, 0.7503966493024846, 0.7503966493024846, 0.7503966493024846, 0.7503966493024846, 0.7503966493024846, 0.7503966493024846]
[0.1395450635005419, 0.16460995183564162, 0.15989958501945692, 0.170293519314751, 0.17602629124808628, 0.18184581004864708, 0.18588631920216947, 0.1862150378196052, 0.19394624015301448, 0.19848498150190952, 0.20325945575191973, 0.2102127468248896, 0.22025630804266344, 0.22521589734363223, 0.22756051486817044, 0.22981381033774004, 0.23368484513443094, 0.2390682522964873, 0.2405236181894675, 0.24722081689853392, 0.25520208056379673, 0.257456835316898, 0.26423168563185195, 0.26972147931709756, 0.27260753949736294, 0.2733554114198971, 0.27996511861151846, 0.28543815306856346, 0.28933093884121114, 0.29148999731579905, 0.2944407456159172, 0.29702555779881684, 0.29803277878697154, 0.2996142720653086, 0.3006680311650836, 0.31096165911184764, 0.3145697364088924, 0.31915813813307203, 0.32526125092553526, 0.33015176592307366, 0.3331965750345085, 0.33473143273373246, 0.34150592420701775, 0.34150592420701775, 0.3460540167667654, 0.3479957189240831, 0.3522291542795931, 0.35354813486250247, 0.36252168770938936, 0.3688905152089286, 0.3688905152089286, 0.37062841730755824, 0.37062841730755824, 0.3779109512953106, 0.3804514663327464, 0.3804514663327464, 0.3883252443210504, 0.3883252443210504, 0.3883252443210504, 0.3883252443210504, 0.3883252443210504, 0.3883252443210504, 0.3883252443210504, 0.3954727145808087, 0.3954727145808087, 0.3989775115913055, 0.40513494007974793, 0.40513494007974793, 0.40513494007974793, 0.40513494007974793, 0.40513494007974793, 0.40513494007974793, 0.4115005331706182, 0.4115005331706182, 0.4115005331706182, 0.42717566796142603, 0.42717566796142603, 0.42717566796142603, 0.4324519758634336, 0.4324519758634336, 0.4324519758634336, 0.4324519758634336, 0.4324519758634336, 0.4384974757151018, 0.4384974757151018, 0.4384974757151018, 0.4384974757151018, 0.4384974757151018, 0.4384974757151018, 0.4384974757151018, 0.4384974757151018, 0.4384974757151018, 0.4384974757151018, 0.4384974757151018, 0.4384974757151018]
Training raw path: /home/anhnd/DTI Project/Codes/MPNN/data/KFold/ATCInchikeySideEffectByDrug.txt_train_6
('Number of substructures, proteins, pathways, drugs, se: ', 888, 1448, 330, 969, 598)
((872, 888), (97, 888), (872, 598), (97, 598))
('VALIDATE SUM PROTEIN TRAIN: ', 0.0)
('VALIDATE SUM PROTEIN TEST: ', 0.0)
Train: 0.9997 0.9991
Test: 0.7436 0.4270
[0.6665362976007043, 0.6808293962045602, 0.6938351037119014, 0.685251349082071, 0.6808907641430236, 0.6808270542794554, 0.6799505153110326, 0.6811786099923245, 0.6809957533732559, 0.682033657930633, 0.6807207919629746, 0.6820142622653875, 0.683063528874295, 0.6834438792231257, 0.6832504242225876, 0.6826167561775542, 0.6834621507318352, 0.6839391457835966, 0.6851206770912955, 0.6861740163450873, 0.6880060207144489, 0.6887622176282533, 0.6900209871562779, 0.6906006917064387, 0.6893783069542281, 0.6895332597529573, 0.690571541290726, 0.6912270603151376, 0.6920776176921035, 0.6924237614359239, 0.6947374386792102, 0.6954503228934816, 0.6959840944918745, 0.696947994004231, 0.6968962508506651, 0.6991966264758136, 0.7014069167098276, 0.703155917491619, 0.7046915232419204, 0.70711341838928, 0.707774286526271, 0.708187136069137, 0.7107319875128533, 0.7107319875128533, 0.7125073557904014, 0.7130605542053137, 0.7141067714450662, 0.7150408631194216, 0.7182787198342351, 0.7206134063552663, 0.7206134063552663, 0.721503410751579, 0.721503410751579, 0.7230382022682906, 0.7239771426630285, 0.7239771426630285, 0.7260978754990653, 0.7260978754990653, 0.7260978754990653, 0.7260978754990653, 0.7260978754990653, 0.7260978754990653, 0.7260978754990653, 0.728857988929589, 0.728857988929589, 0.730048755239852, 0.7319204950255652, 0.7319204950255652, 0.7319204950255652, 0.7319204950255652, 0.7319204950255652, 0.7319204950255652, 0.733594019780507, 0.733594019780507, 0.733594019780507, 0.7395558409528435, 0.7395558409528435, 0.7395558409528435, 0.7412974724365968, 0.7412974724365968, 0.7412974724365968, 0.7412974724365968, 0.7412974724365968, 0.74360099279036, 0.74360099279036, 0.74360099279036, 0.74360099279036, 0.74360099279036, 0.74360099279036, 0.74360099279036, 0.74360099279036, 0.74360099279036, 0.74360099279036, 0.74360099279036, 0.74360099279036]
[0.12303180985736638, 0.13359216237949798, 0.15002002730687547, 0.14944415380791956, 0.15406028390883864, 0.1589284788106321, 0.1626455630055939, 0.17302926596924306, 0.1796515126214443, 0.1844732755103214, 0.18765375809058224, 0.19443846245553664, 0.20288486779925155, 0.20899422922015903, 0.21098286087022905, 0.21336892837471189, 0.21997401069131106, 0.2242808978899053, 0.22783264662090308, 0.2345512079709979, 0.2407575382650176, 0.2477721930799922, 0.2532621609828385, 0.2573612636432928, 0.25918126708164424, 0.2606176029993701, 0.26331250904578435, 0.2655227260684281, 0.27098380280697976, 0.2728926931074577, 0.27957863337578936, 0.2821287857045167, 0.283526281322137, 0.28772541337005375, 0.28819841958553605, 0.2968726464569455, 0.302145778898793, 0.3075560532054299, 0.31181055807061103, 0.31979642736518843, 0.32155976789962765, 0.32309329810846427, 0.3295247440281227, 0.3295247440281227, 0.3352612067918068, 0.3359898944327516, 0.33875648557662286, 0.34114417113776463, 0.3508268765613552, 0.3585554381821551, 0.3585554381821551, 0.36110081443497144, 0.36110081443497144, 0.36647654782271755, 0.3690396606738111, 0.3690396606738111, 0.3752570795083221, 0.3752570795083221, 0.3752570795083221, 0.3752570795083221, 0.3752570795083221, 0.3752570795083221, 0.3752570795083221, 0.38325228596019356, 0.38325228596019356, 0.3864596850002242, 0.3920318384685164, 0.3920318384685164, 0.3920318384685164, 0.3920318384685164, 0.3920318384685164, 0.3920318384685164, 0.3966605077068453, 0.3966605077068453, 0.3966605077068453, 0.4148099325042416, 0.4148099325042416, 0.4148099325042416, 0.4199488208900509, 0.4199488208900509, 0.4199488208900509, 0.4199488208900509, 0.4199488208900509, 0.4270434924614591, 0.4270434924614591, 0.4270434924614591, 0.4270434924614591, 0.4270434924614591, 0.4270434924614591, 0.4270434924614591, 0.4270434924614591, 0.4270434924614591, 0.4270434924614591, 0.4270434924614591, 0.4270434924614591]
Training raw path: /home/anhnd/DTI Project/Codes/MPNN/data/KFold/ATCInchikeySideEffectByDrug.txt_train_7
('Number of substructures, proteins, pathways, drugs, se: ', 888, 1448, 330, 969, 598)
((872, 888), (97, 888), (872, 598), (97, 598))
('VALIDATE SUM PROTEIN TRAIN: ', 0.0)
('VALIDATE SUM PROTEIN TEST: ', 0.0)
Train: 0.9997 0.9990
Test: 0.7313 0.4046
[0.6479651940504116, 0.662324834750473, 0.6658653577405087, 0.6625767344749269, 0.6575081036416995, 0.6586285328228803, 0.6546819918557427, 0.6533321971386075, 0.6541266823922071, 0.6533143029328713, 0.6515945136784156, 0.6532905560762614, 0.6534886064176604, 0.6541144609903229, 0.6547718648667296, 0.6561886268434578, 0.6572033151057238, 0.6573422340803932, 0.6581174383799426, 0.6582434707485478, 0.66056112852963, 0.662029868305254, 0.662389265917859, 0.6651277146705542, 0.6664158834303684, 0.6661940421081209, 0.6678779414150676, 0.6688694478148288, 0.670375008087406, 0.6705320524985143, 0.6732799942893366, 0.6742022547169606, 0.6748214464580491, 0.6754942832137301, 0.6760200658721445, 0.6788617030280725, 0.6815552848266052, 0.6840994184712212, 0.6862173663661909, 0.6891648289141556, 0.6902806201395895, 0.6910787531162909, 0.6937259178316468, 0.6937259178316468, 0.6952989363344036, 0.6963514434545975, 0.6985104474299658, 0.6995652823834133, 0.7033310013575204, 0.7060011657365732, 0.7060011657365732, 0.7070831240981641, 0.7070831240981641, 0.7094574672099144, 0.7103361372802066, 0.7103361372802066, 0.7127454048734578, 0.7127454048734578, 0.7127454048734578, 0.7127454048734578, 0.7127454048734578, 0.7127454048734578, 0.7127454048734578, 0.7159311355105189, 0.7159311355105189, 0.7174963575343577, 0.7190720712049807, 0.7190720712049807, 0.7190720712049807, 0.7190720712049807, 0.7190720712049807, 0.7190720712049807, 0.7209109005433872, 0.7209109005433872, 0.7209109005433872, 0.7270097347184307, 0.7270097347184307, 0.7270097347184307, 0.7290496185148385, 0.7290496185148385, 0.7290496185148385, 0.7290496185148385, 0.7290496185148385, 0.7312656303464853, 0.7312656303464853, 0.7312656303464853, 0.7312656303464853, 0.7312656303464853, 0.7312656303464853, 0.7312656303464853, 0.7312656303464853, 0.7312656303464853, 0.7312656303464853, 0.7312656303464853, 0.7312656303464853]
[0.11550594910030097, 0.12250808449933544, 0.12812302118357044, 0.13840617925128346, 0.14239010883505912, 0.14566274942091637, 0.14884726446810617, 0.15302244177503646, 0.15484427679525917, 0.157076533388602, 0.15766811764992517, 0.1624861081343429, 0.1712706981496119, 0.17442319851591054, 0.17700486498215318, 0.18024346273692038, 0.18347458127309663, 0.18880020966159256, 0.1904307441699365, 0.19602668186741143, 0.20432733924784743, 0.2101111369860775, 0.21593019903653676, 0.22383057491211839, 0.2263166350132596, 0.2257589416184229, 0.23103670877731278, 0.2352342514106363, 0.23821797813711104, 0.2398768750718825, 0.24768091042140633, 0.24983933784333998, 0.2511433626770727, 0.2534618097322994, 0.2548185017787786, 0.26279606730204197, 0.2691003179445104, 0.2751635715788231, 0.28023407397090544, 0.2880591921949441, 0.29154479850314435, 0.2932423005608663, 0.30117197198874357, 0.30117197198874357, 0.30661360054262443, 0.30879335906344757, 0.3147565742506698, 0.3171605845138712, 0.3280088097892905, 0.3352675149823856, 0.3352675149823856, 0.33772690634702895, 0.33772690634702895, 0.34415218417404464, 0.34666860317137727, 0.34666860317137727, 0.35279013388433966, 0.35279013388433966, 0.35279013388433966, 0.35279013388433966, 0.35279013388433966, 0.35279013388433966, 0.35279013388433966, 0.3602601593578586, 0.3602601593578586, 0.3646920905700224, 0.3692934423448874, 0.3692934423448874, 0.3692934423448874, 0.3692934423448874, 0.3692934423448874, 0.3692934423448874, 0.37417698461334487, 0.37417698461334487, 0.37417698461334487, 0.39178156277760584, 0.39178156277760584, 0.39178156277760584, 0.39806475923997964, 0.39806475923997964, 0.39806475923997964, 0.39806475923997964, 0.39806475923997964, 0.4046181484050313, 0.4046181484050313, 0.4046181484050313, 0.4046181484050313, 0.4046181484050313, 0.4046181484050313, 0.4046181484050313, 0.4046181484050313, 0.4046181484050313, 0.4046181484050313, 0.4046181484050313, 0.4046181484050313]
Training raw path: /home/anhnd/DTI Project/Codes/MPNN/data/KFold/ATCInchikeySideEffectByDrug.txt_train_8
('Number of substructures, proteins, pathways, drugs, se: ', 888, 1448, 330, 969, 598)
((872, 888), (97, 888), (872, 598), (97, 598))
('VALIDATE SUM PROTEIN TRAIN: ', 0.0)
('VALIDATE SUM PROTEIN TEST: ', 0.0)
