CSMF_P
<models.baselines.CSMF.CSMF object at 0x7f7b734d0710>
('Manual torch seed: ', 443181909)
Training raw path: /home/anhnd/DTI Project/Codes/MPNN/data/KFold/ATCInchikeySideEffectByDrug.txt_train_0
('Number of substructures, proteins, pathways, drugs, se: ', 2936, 1448, 330, 969, 598)
((872, 2936), (97, 2936), (872, 598), (97, 598))
Train: 0.9325 0.8025
Test: 0.7804 0.5095
[0.6354151529510872, 0.6556351081443133, 0.6589778241213029, 0.6534850105904183, 0.6491276928935458, 0.6544059991875868, 0.6583800691160873, 0.6625988362142646, 0.6632631602490707, 0.6661303679495718, 0.6673895573952812, 0.6694027647419998, 0.6757166638504601, 0.6788924796159456, 0.6805570384644851, 0.6827067145868521, 0.6837235500585502, 0.68571205900097, 0.6867329129591802, 0.6914407832719651, 0.6961488213913456, 0.6993676281882262, 0.7027054907098516, 0.7061679410124488, 0.7088486639710129, 0.7092264525390743, 0.7112297923941593, 0.7136271927422198, 0.716603038756685, 0.717736489245486, 0.7216803408931358, 0.7237524193401293, 0.7245223073628987, 0.7258304827584793, 0.726771493591562, 0.7318779253823628, 0.7341172931697983, 0.7371976646863765, 0.7393027139457747, 0.7425307256295299, 0.7438875021310978, 0.7448162955470474, 0.7477937606559152, 0.7477937606559152, 0.7498094742338544, 0.7506414969253867, 0.7524896708753123, 0.7533777763645438, 0.7567469136067675, 0.7596788874436526, 0.7596788874436526, 0.7607272504155176, 0.7607272504155176, 0.7628683964392835, 0.7638077850538589, 0.7638077850538589, 0.7656301305589323, 0.7656301305589323, 0.7656301305589323, 0.7656301305589323, 0.7656301305589323, 0.7656301305589323, 0.7656301305589323, 0.7682377944528875, 0.7682377944528875, 0.7695702198462351, 0.770854574726322, 0.770854574726322, 0.770854574726322, 0.770854574726322, 0.770854574726322, 0.770854574726322, 0.7723992793381694, 0.7723992793381694, 0.7723992793381694, 0.7769213565654942, 0.7769213565654942, 0.7769213565654942, 0.7785851556694867, 0.7785851556694867, 0.7785851556694867, 0.7785851556694867, 0.7785851556694867, 0.7804072390556641, 0.7804072390556641, 0.7804072390556641, 0.7804072390556641, 0.7804072390556641, 0.7804072390556641, 0.7804072390556641, 0.7804072390556641, 0.7804072390556641, 0.7804072390556641, 0.7804072390556641, 0.7804072390556641]
[0.11150837294077018, 0.1304826011861638, 0.13723513845922913, 0.13514974573200172, 0.14026953117920016, 0.1469631527272102, 0.1537099700537387, 0.1622175645803313, 0.16605987463434455, 0.17314119532253114, 0.1753467486408828, 0.17913173222974388, 0.1906266246944127, 0.19857295241285983, 0.2024422659878464, 0.20705661672084102, 0.2098452251553187, 0.21366686876536328, 0.21597944383550077, 0.22801384208378783, 0.24115082309207003, 0.25068208626832617, 0.2590140621466065, 0.2683878523134896, 0.2742518171376296, 0.27554902137961823, 0.28058030444556853, 0.28661010852496094, 0.29451996645777717, 0.29745619351630315, 0.3076037684056011, 0.3131713755045288, 0.31535363321319543, 0.3197676646130708, 0.322691174378962, 0.33869337330185584, 0.3456222899882987, 0.35494627702763915, 0.3614556092937522, 0.37104363699298193, 0.3750835596265245, 0.3781449233962292, 0.3859540908742797, 0.3859540908742797, 0.39325325130264777, 0.39545663580236423, 0.40244777408210064, 0.40532922110934605, 0.4156713136228348, 0.4262628826154373, 0.4262628826154373, 0.4297707914925369, 0.4297707914925369, 0.43766471093208004, 0.44097859720729327, 0.44097859720729327, 0.4476345784949779, 0.4476345784949779, 0.4476345784949779, 0.4476345784949779, 0.4476345784949779, 0.4476345784949779, 0.4476345784949779, 0.45776627418491755, 0.45776627418491755, 0.4630500409223687, 0.46822144769516133, 0.46822144769516133, 0.46822144769516133, 0.46822144769516133, 0.46822144769516133, 0.46822144769516133, 0.47493347119882423, 0.47493347119882423, 0.47493347119882423, 0.4935761733557626, 0.4935761733557626, 0.4935761733557626, 0.5008952277514785, 0.5008952277514785, 0.5008952277514785, 0.5008952277514785, 0.5008952277514785, 0.5094548632673278, 0.5094548632673278, 0.5094548632673278, 0.5094548632673278, 0.5094548632673278, 0.5094548632673278, 0.5094548632673278, 0.5094548632673278, 0.5094548632673278, 0.5094548632673278, 0.5094548632673278, 0.5094548632673278]
Training raw path: /home/anhnd/DTI Project/Codes/MPNN/data/KFold/ATCInchikeySideEffectByDrug.txt_train_1
('Number of substructures, proteins, pathways, drugs, se: ', 2936, 1448, 330, 969, 598)
((872, 2936), (97, 2936), (872, 598), (97, 598))
Train: 0.9274 0.7920
Test: 0.7763 0.4962
[0.5815051855116928, 0.5974576561427527, 0.59917752995473, 0.6021186502264504, 0.6062437964141306, 0.6098901567202225, 0.6210968607313578, 0.6270511008446873, 0.6339719948892253, 0.6366780162112483, 0.6370257747957284, 0.6416292142902652, 0.6494401928385463, 0.6561122712553892, 0.658791449310851, 0.6632712157663763, 0.6651398816534376, 0.6699109912375952, 0.6715136905995016, 0.6760986402393356, 0.6796302498339633, 0.6839007007896443, 0.6874380830795722, 0.6910381215916739, 0.6932209415686569, 0.6939481873944546, 0.6967809655617443, 0.6994548856291828, 0.7038574626849721, 0.7054671079127119, 0.7103245304126037, 0.71355352278248, 0.7145808412535202, 0.7167269607801356, 0.717645559887701, 0.7230877273263362, 0.7255021778511228, 0.7296250888130382, 0.7322726841006103, 0.7362075973678075, 0.7379538465808061, 0.7390318506629509, 0.7425442175559915, 0.7425442175559915, 0.7439097326288243, 0.744761065163795, 0.7470571438084892, 0.7479201425255455, 0.7514939928893191, 0.754452500579595, 0.754452500579595, 0.7553179486796322, 0.7553179486796322, 0.7575442429696604, 0.7586820073624814, 0.7586820073624814, 0.7608879988870312, 0.7608879988870312, 0.7608879988870312, 0.7608879988870312, 0.7608879988870312, 0.7608879988870312, 0.7608879988870312, 0.7637184199295404, 0.7637184199295404, 0.7650209711785514, 0.7662621501887386, 0.7662621501887386, 0.7662621501887386, 0.7662621501887386, 0.7662621501887386, 0.7662621501887386, 0.7680323641114677, 0.7680323641114677, 0.7680323641114677, 0.7725357313778505, 0.7725357313778505, 0.7725357313778505, 0.7743770831253082, 0.7743770831253082, 0.7743770831253082, 0.7743770831253082, 0.7743770831253082, 0.7762650019590476, 0.7762650019590476, 0.7762650019590476, 0.7762650019590476, 0.7762650019590476, 0.7762650019590476, 0.7762650019590476, 0.7762650019590476, 0.7762650019590476, 0.7762650019590476, 0.7762650019590476, 0.7762650019590476]
[0.09425714713945632, 0.11403866111268592, 0.11376910186014581, 0.11478845060908319, 0.12230982504766055, 0.12508987646239156, 0.13642151269417563, 0.14425955409242575, 0.15619742922622565, 0.1585236932220094, 0.15913600452896143, 0.16523735177853605, 0.17629237910675374, 0.1847294147482994, 0.18851003396365634, 0.1963646427840739, 0.19881735993319885, 0.2054372067554117, 0.20649084009961444, 0.21551255135119263, 0.22633360548532178, 0.23783082640699793, 0.24457028531434935, 0.25189408162673727, 0.2565707088712686, 0.2577302339600458, 0.26200875379043587, 0.2681223156142543, 0.27911986833926505, 0.2830069362489277, 0.2955479384223077, 0.3027634928771791, 0.30584113750213254, 0.3121380296360061, 0.31430833078737175, 0.3280815246151856, 0.3335185393111296, 0.3446945765019467, 0.35077451027609546, 0.3617317565200837, 0.36619901025714124, 0.3691064324695075, 0.37832704034792985, 0.37832704034792985, 0.3817471197882228, 0.38457636659695354, 0.39193881782943263, 0.393869486267983, 0.40439309667260126, 0.414236140929967, 0.414236140929967, 0.4167205017403843, 0.4167205017403843, 0.4236387762389284, 0.4273848400366944, 0.4273848400366944, 0.4338745025803949, 0.4338745025803949, 0.4338745025803949, 0.4338745025803949, 0.4338745025803949, 0.4338745025803949, 0.4338745025803949, 0.44510970939424926, 0.44510970939424926, 0.44937837447224, 0.45311171512996967, 0.45311171512996967, 0.45311171512996967, 0.45311171512996967, 0.45311171512996967, 0.45311171512996967, 0.4617354767207823, 0.4617354767207823, 0.4617354767207823, 0.47908179617496705, 0.47908179617496705, 0.47908179617496705, 0.487103700852606, 0.487103700852606, 0.487103700852606, 0.487103700852606, 0.487103700852606, 0.4961818678710861, 0.4961818678710861, 0.4961818678710861, 0.4961818678710861, 0.4961818678710861, 0.4961818678710861, 0.4961818678710861, 0.4961818678710861, 0.4961818678710861, 0.4961818678710861, 0.4961818678710861, 0.4961818678710861]
Training raw path: /home/anhnd/DTI Project/Codes/MPNN/data/KFold/ATCInchikeySideEffectByDrug.txt_train_2
('Number of substructures, proteins, pathways, drugs, se: ', 2936, 1448, 330, 969, 598)
((872, 2936), (97, 2936), (872, 598), (97, 598))
Train: 0.9279 0.7897
Test: 0.7768 0.5239
[0.6268598945762939, 0.6320405856862261, 0.6393185148578104, 0.6400996788552965, 0.6427848607495482, 0.644728182935868, 0.6519543872540468, 0.6562450282842615, 0.6590069265446754, 0.6615660749683216, 0.6625283179220782, 0.6654399036797614, 0.6706827988442754, 0.674156111477245, 0.6755724615826425, 0.6787188725541885, 0.6813811173821211, 0.6840801027092159, 0.6855218604647659, 0.6911072000652532, 0.6944003925905213, 0.6972987787058353, 0.7010859299653822, 0.705356420684144, 0.7084342502146774, 0.7089591825823018, 0.7122025329792021, 0.7147943552353228, 0.717302505165811, 0.718464828521554, 0.7215666360518214, 0.7235373261066101, 0.724262212467294, 0.7254002612282432, 0.7260725262895913, 0.7310022355817386, 0.7336124147747606, 0.7362432974748856, 0.7386630348100567, 0.7413988673803337, 0.7426433636072614, 0.7436880002144536, 0.7464764483853371, 0.7464764483853371, 0.7483083645196632, 0.7490864142226543, 0.7507044070694933, 0.7517320565681433, 0.7551363241483502, 0.7575216485419731, 0.7575216485419731, 0.7582811639513559, 0.7582811639513559, 0.7598343631603606, 0.7609350570429267, 0.7609350570429267, 0.7626782422868943, 0.7626782422868943, 0.7626782422868943, 0.7626782422868943, 0.7626782422868943, 0.7626782422868943, 0.7626782422868943, 0.7650424199867523, 0.7650424199867523, 0.7664380883084068, 0.7677188149999135, 0.7677188149999135, 0.7677188149999135, 0.7677188149999135, 0.7677188149999135, 0.7677188149999135, 0.769226668599515, 0.769226668599515, 0.769226668599515, 0.7735284011322228, 0.7735284011322228, 0.7735284011322228, 0.7750813100847035, 0.7750813100847035, 0.7750813100847035, 0.7750813100847035, 0.7750813100847035, 0.7767515653137915, 0.7767515653137915, 0.7767515653137915, 0.7767515653137915, 0.7767515653137915, 0.7767515653137915, 0.7767515653137915, 0.7767515653137915, 0.7767515653137915, 0.7767515653137915, 0.7767515653137915, 0.7767515653137915]
[0.10701859128898322, 0.1178047413630374, 0.13070699279531717, 0.13572086536346778, 0.14305598733382288, 0.14791921668735653, 0.16017263600691026, 0.1669219420168851, 0.1724061934527876, 0.180733449626424, 0.18237169885561866, 0.1892982962940258, 0.1986915742396326, 0.2051773381268976, 0.2087032358401198, 0.21516916286229532, 0.22112199670935867, 0.2277758155524195, 0.23179202615835684, 0.24488694537305852, 0.254732889572023, 0.26312776555509976, 0.27391912272406704, 0.286081326241298, 0.2948662608915802, 0.2960560301761383, 0.3037081908261951, 0.31164353092144603, 0.3182739928392036, 0.32117429855973756, 0.32868136107786494, 0.3344715333773347, 0.3369134261516373, 0.34073251029723955, 0.34294477163590686, 0.3577902075845996, 0.3667362078398001, 0.37596775775931657, 0.3835042901191126, 0.3915598742191373, 0.39614073752463763, 0.3995726829208382, 0.4089955682153694, 0.4089955682153694, 0.4162097730522699, 0.4181213610323737, 0.4240315250897919, 0.42780890547891076, 0.43940612503444326, 0.4474495425643505, 0.4474495425643505, 0.4501282957265108, 0.4501282957265108, 0.45512480432306224, 0.4590949181217642, 0.4590949181217642, 0.4656002300579849, 0.4656002300579849, 0.4656002300579849, 0.4656002300579849, 0.4656002300579849, 0.4656002300579849, 0.4656002300579849, 0.4749816264169721, 0.4749816264169721, 0.48056910840379385, 0.4860052672744464, 0.4860052672744464, 0.4860052672744464, 0.4860052672744464, 0.4860052672744464, 0.4860052672744464, 0.49275457020920516, 0.49275457020920516, 0.49275457020920516, 0.5100157322433434, 0.5100157322433434, 0.5100157322433434, 0.5164595559919303, 0.5164595559919303, 0.5164595559919303, 0.5164595559919303, 0.5164595559919303, 0.5239373415675826, 0.5239373415675826, 0.5239373415675826, 0.5239373415675826, 0.5239373415675826, 0.5239373415675826, 0.5239373415675826, 0.5239373415675826, 0.5239373415675826, 0.5239373415675826, 0.5239373415675826, 0.5239373415675826]
Training raw path: /home/anhnd/DTI Project/Codes/MPNN/data/KFold/ATCInchikeySideEffectByDrug.txt_train_3
('Number of substructures, proteins, pathways, drugs, se: ', 2936, 1448, 330, 969, 598)
((872, 2936), (97, 2936), (872, 598), (97, 598))
Train: 0.9263 0.7889
Test: 0.7680 0.4779
[0.572240563510513, 0.5980919102801963, 0.609050112251227, 0.6095016745334146, 0.6152096084625772, 0.6200013958255541, 0.6257691103209148, 0.6333690319519905, 0.639666250958365, 0.6440959943820296, 0.6462481756712156, 0.6506857503803494, 0.6583781330470434, 0.6634034138153001, 0.6652938552763765, 0.6679882488298962, 0.6708136452205032, 0.6726266936917962, 0.6745766273275621, 0.6780246793819515, 0.6822875882176791, 0.6864625974377209, 0.6906791687044987, 0.6938381364927446, 0.6952032056661938, 0.695708641529448, 0.6989483064823327, 0.7008736362965311, 0.703815275878078, 0.704503602931031, 0.7089195793217116, 0.7105492424743582, 0.7109995884014239, 0.712378875008246, 0.7129442020552101, 0.717354322824134, 0.7198793135213026, 0.7226221792005805, 0.7248292283695932, 0.7280166987701752, 0.7292321610552372, 0.7300926895108384, 0.7334617607932867, 0.7334617607932867, 0.735124769516728, 0.7361063084363375, 0.7378568077881934, 0.7389896052525236, 0.7425717951956827, 0.7456015835654392, 0.7456015835654392, 0.7465856006749853, 0.7465856006749853, 0.748604853746781, 0.7498030477430664, 0.7498030477430664, 0.7521285726391633, 0.7521285726391633, 0.7521285726391633, 0.7521285726391633, 0.7521285726391633, 0.7521285726391633, 0.7521285726391633, 0.7547493718091973, 0.7547493718091973, 0.75622797247812, 0.7576666745777845, 0.7576666745777845, 0.7576666745777845, 0.7576666745777845, 0.7576666745777845, 0.7576666745777845, 0.7592804011137642, 0.7592804011137642, 0.7592804011137642, 0.7644303135110668, 0.7644303135110668, 0.7644303135110668, 0.7662319934969797, 0.7662319934969797, 0.7662319934969797, 0.7662319934969797, 0.7662319934969797, 0.768041826369577, 0.768041826369577, 0.768041826369577, 0.768041826369577, 0.768041826369577, 0.768041826369577, 0.768041826369577, 0.768041826369577, 0.768041826369577, 0.768041826369577, 0.768041826369577, 0.768041826369577]
[0.07795181640846952, 0.09197756517725068, 0.10136843449431981, 0.10502307528339294, 0.11496399477396038, 0.12260793055509721, 0.1311620450353786, 0.14163571725867014, 0.15078422430715901, 0.15909266488033763, 0.16156188984244305, 0.16795759049648742, 0.17956168691455474, 0.18810365557813835, 0.19217897757805283, 0.1976911076565805, 0.20385240415514833, 0.206299430381404, 0.2088448820643128, 0.21754176738234132, 0.22818565604943847, 0.23753159072625996, 0.24759018388210935, 0.25459087391009794, 0.25803804929689106, 0.25885245267723456, 0.2659585190362484, 0.27044569654661266, 0.27627263356089815, 0.27790831884039596, 0.28737099645614556, 0.2905638793855088, 0.2914632197296313, 0.2947872763972032, 0.29587590030171573, 0.30733380845165703, 0.31455940416522665, 0.3217530465713194, 0.3275509262550887, 0.3362227103834464, 0.3389738394292303, 0.34105540414998486, 0.34972989189696163, 0.34972989189696163, 0.3558548010706516, 0.35857927162079556, 0.36395453642266995, 0.36739275412001504, 0.37842949633343864, 0.3885342482543642, 0.3885342482543642, 0.3909400219866915, 0.3909400219866915, 0.3974213039918405, 0.40131998754495535, 0.40131998754495535, 0.40933423269641894, 0.40933423269641894, 0.40933423269641894, 0.40933423269641894, 0.40933423269641894, 0.40933423269641894, 0.40933423269641894, 0.4193140924040606, 0.4193140924040606, 0.42478881835091226, 0.43098366204060023, 0.43098366204060023, 0.43098366204060023, 0.43098366204060023, 0.43098366204060023, 0.43098366204060023, 0.4389156670777607, 0.4389156670777607, 0.4389156670777607, 0.4613868991911136, 0.4613868991911136, 0.4613868991911136, 0.46957799950243845, 0.46957799950243845, 0.46957799950243845, 0.46957799950243845, 0.46957799950243845, 0.47790099902492134, 0.47790099902492134, 0.47790099902492134, 0.47790099902492134, 0.47790099902492134, 0.47790099902492134, 0.47790099902492134, 0.47790099902492134, 0.47790099902492134, 0.47790099902492134, 0.47790099902492134, 0.47790099902492134]
Training raw path: /home/anhnd/DTI Project/Codes/MPNN/data/KFold/ATCInchikeySideEffectByDrug.txt_train_4
('Number of substructures, proteins, pathways, drugs, se: ', 2936, 1448, 330, 969, 598)
((872, 2936), (97, 2936), (872, 598), (97, 598))
