CSMF_P
<models.baselines.CSMF.CSMF object at 0x7ffb5dd8de10>
('Manual torch seed: ', 1772727637)
('Config: ', 'Protein Test: ', True, 'KNN: ', 2)
Training raw path: /home/anhnd/DTI Project/Codes/MPNN/data/KFold/ATCInchikeySideEffectByDrug.txt_train_0
('Number of substructures, proteins, pathways, drugs, se: ', 2936, 1448, 330, 969, 598)
((872, 4714), (97, 4714), (872, 598), (97, 598))
('VALIDATE SUM PROTEIN TRAIN: ', 22497.0)
('VALIDATE SUM PROTEIN TEST: ', 2685.0)
Train: 0.9997 0.9990
Test: 0.7623 0.4946
[0.6625941888364887, 0.6800087238168568, 0.686954072855535, 0.6814858836266282, 0.6808646868174452, 0.6799512944960113, 0.6786393689989428, 0.6802741262457433, 0.6812320359123047, 0.6831201665602303, 0.6832403021248561, 0.6843978148156853, 0.6870574166588455, 0.6882862939642503, 0.6892713049759271, 0.6907282498280725, 0.692594656552135, 0.6930079020663238, 0.6934452137897287, 0.6961528702972017, 0.6984898648305506, 0.700698823565747, 0.7017889395663197, 0.7041222883318679, 0.7052406599724872, 0.7057339972736671, 0.7070443815562002, 0.7085136638935859, 0.7102354670952051, 0.711081094395051, 0.7133546803093891, 0.7141926416966216, 0.7146193012082318, 0.7157610408907489, 0.716472282810781, 0.720209364412782, 0.7216933381685039, 0.724001337184944, 0.7257152236329061, 0.7278612337497615, 0.7290525911677427, 0.7297614194483514, 0.7319091153372778, 0.7319091153372778, 0.7330618102895233, 0.7338438287403698, 0.7355715988590892, 0.7364138911208854, 0.7394272846233182, 0.7417265020647411, 0.7417265020647411, 0.74257086802765, 0.74257086802765, 0.7446866541500426, 0.745448908030199, 0.745448908030199, 0.7473369105215996, 0.7473369105215996, 0.7473369105215996, 0.7473369105215996, 0.7473369105215996, 0.7473369105215996, 0.7473369105215996, 0.7500008856691038, 0.7500008856691038, 0.7512428898070344, 0.7525418404907562, 0.7525418404907562, 0.7525418404907562, 0.7525418404907562, 0.7525418404907562, 0.7525418404907562, 0.7541181008730642, 0.7541181008730642, 0.7541181008730642, 0.7587365166515943, 0.7587365166515943, 0.7587365166515943, 0.7604218010648306, 0.7604218010648306, 0.7604218010648306, 0.7604218010648306, 0.7604218010648306, 0.7622891650376612, 0.7622891650376612, 0.7622891650376612, 0.7622891650376612, 0.7622891650376612, 0.7622891650376612, 0.7622891650376612, 0.7622891650376612, 0.7622891650376612, 0.7622891650376612, 0.7622891650376612, 0.7622891650376612]
[0.17866989505614925, 0.20524817032388043, 0.21595734554677004, 0.20425118354219648, 0.2048561412413061, 0.20983869576663816, 0.21672519834373077, 0.2227813538143062, 0.22641404140288224, 0.22941694829919562, 0.23180604440098693, 0.2350881478139235, 0.2462039167206534, 0.2519295930117331, 0.2558606404818309, 0.25969488391285933, 0.2627429484846652, 0.2662955379294486, 0.2678412459503752, 0.280059532328105, 0.28864879742198646, 0.29509412858317596, 0.29916960879150956, 0.3058802146030331, 0.3105876743033945, 0.3114387017614005, 0.31489747459458, 0.31964284060793396, 0.325951540963912, 0.32863520925474476, 0.338267176368212, 0.3421224580115916, 0.3436073093734564, 0.3484289091776104, 0.3504672062883611, 0.3621174762985178, 0.36692609911603247, 0.3742457289892763, 0.3790510606196629, 0.38692587479629253, 0.39014010412419803, 0.3920404866625411, 0.3985510106700667, 0.3985510106700667, 0.4028131486333635, 0.4048765763123426, 0.41120833907972193, 0.41426827996799026, 0.4235590068841159, 0.4314317597359102, 0.4314317597359102, 0.4332674046576721, 0.4332674046576721, 0.4400858436616262, 0.44262577369443346, 0.44262577369443346, 0.44831960384091274, 0.44831960384091274, 0.44831960384091274, 0.44831960384091274, 0.44831960384091274, 0.44831960384091274, 0.44831960384091274, 0.45624931362269044, 0.45624931362269044, 0.46011362230151087, 0.46441487304295337, 0.46441487304295337, 0.46441487304295337, 0.46441487304295337, 0.46441487304295337, 0.46441487304295337, 0.469516149093392, 0.469516149093392, 0.469516149093392, 0.4834515438381123, 0.4834515438381123, 0.4834515438381123, 0.4887645356732009, 0.4887645356732009, 0.4887645356732009, 0.4887645356732009, 0.4887645356732009, 0.4945722819049916, 0.4945722819049916, 0.4945722819049916, 0.4945722819049916, 0.4945722819049916, 0.4945722819049916, 0.4945722819049916, 0.4945722819049916, 0.4945722819049916, 0.4945722819049916, 0.4945722819049916, 0.4945722819049916]
Training raw path: /home/anhnd/DTI Project/Codes/MPNN/data/KFold/ATCInchikeySideEffectByDrug.txt_train_1
('Number of substructures, proteins, pathways, drugs, se: ', 2936, 1448, 330, 969, 598)
((872, 4714), (97, 4714), (872, 598), (97, 598))
('VALIDATE SUM PROTEIN TRAIN: ', 22668.0)
('VALIDATE SUM PROTEIN TEST: ', 2514.0)
Train: 0.9996 0.9984
Test: 0.7484 0.4690
[0.6541026714237981, 0.6581180727756692, 0.6535333910300241, 0.649932215440934, 0.6492866569955783, 0.6516748269153705, 0.6502374544014653, 0.6505952914784447, 0.6522355446152261, 0.6540446391903436, 0.6537620859653626, 0.6545035298409292, 0.6563453836183885, 0.6582782298059769, 0.6593109496405583, 0.6617084289151156, 0.662367637093158, 0.6643564219798295, 0.664698711238001, 0.6654949562882758, 0.6685602689458139, 0.6714728568565699, 0.6728901014780497, 0.6755546167064598, 0.6763123151886999, 0.676839099495406, 0.6787815503769272, 0.6810624677962003, 0.683848996391225, 0.685224059002938, 0.6890757441952706, 0.691645114396797, 0.6925454824261803, 0.6939080188918889, 0.6942853570648602, 0.6979400913999023, 0.6996829816825658, 0.7027787692704095, 0.7048687872838331, 0.7082608795516541, 0.7096603994329058, 0.7106085402731791, 0.7135804070946141, 0.7135804070946141, 0.7142843502409015, 0.7152376210961207, 0.7174566929297722, 0.7184096550875951, 0.7217746487611819, 0.7250640929426891, 0.7250640929426891, 0.7258977400067368, 0.7258977400067368, 0.7279519645966348, 0.729293794884015, 0.729293794884015, 0.7316474584360992, 0.7316474584360992, 0.7316474584360992, 0.7316474584360992, 0.7316474584360992, 0.7316474584360992, 0.7316474584360992, 0.73455191730155, 0.73455191730155, 0.735972607360152, 0.7372490053321169, 0.7372490053321169, 0.7372490053321169, 0.7372490053321169, 0.7372490053321169, 0.7372490053321169, 0.7391975164034752, 0.7391975164034752, 0.7391975164034752, 0.7443112634131598, 0.7443112634131598, 0.7443112634131598, 0.74632820426852, 0.74632820426852, 0.74632820426852, 0.74632820426852, 0.74632820426852, 0.7483873607664076, 0.7483873607664076, 0.7483873607664076, 0.7483873607664076, 0.7483873607664076, 0.7483873607664076, 0.7483873607664076, 0.7483873607664076, 0.7483873607664076, 0.7483873607664076, 0.7483873607664076, 0.7483873607664076]
[0.1367708737169224, 0.15171371661874788, 0.14917631758609456, 0.15495737836845636, 0.1601715730155111, 0.16210849021982207, 0.16759662051920737, 0.1730936501375206, 0.18093454510169207, 0.1841053698665702, 0.18349369201060747, 0.18737297848280993, 0.19637369636713348, 0.2024614309850811, 0.2058364763398584, 0.2121411273395562, 0.21429753978554572, 0.22237066667859273, 0.2233621189610741, 0.22946450109749505, 0.2409082412006486, 0.2470283924270816, 0.25236512690179125, 0.259572436556581, 0.2620139841358885, 0.2630487269234301, 0.26651667753413383, 0.2720526897921532, 0.27999197301106155, 0.28284586726399263, 0.2933977216962995, 0.29868608728122137, 0.301500361426299, 0.30656296663204785, 0.30839322609243913, 0.3193130880480885, 0.3244301896168418, 0.33324073816909816, 0.3381074035586902, 0.34830659751959525, 0.3529264117550175, 0.35537173887719053, 0.36407345880912256, 0.36407345880912256, 0.3675346980630818, 0.37065365951510443, 0.37738169310633757, 0.3799130968126341, 0.38942429289844166, 0.3989183046121203, 0.3989183046121203, 0.40042122475562714, 0.40042122475562714, 0.4068703806039592, 0.4100606125680415, 0.4100606125680415, 0.4165737600136473, 0.4165737600136473, 0.4165737600136473, 0.4165737600136473, 0.4165737600136473, 0.4165737600136473, 0.4165737600136473, 0.42494197459964633, 0.42494197459964633, 0.4286950626988231, 0.4326215702176737, 0.4326215702176737, 0.4326215702176737, 0.4326215702176737, 0.4326215702176737, 0.4326215702176737, 0.43927484751888984, 0.43927484751888984, 0.43927484751888984, 0.45555860263656167, 0.45555860263656167, 0.45555860263656167, 0.46218761905635464, 0.46218761905635464, 0.46218761905635464, 0.46218761905635464, 0.46218761905635464, 0.4690005607286225, 0.4690005607286225, 0.4690005607286225, 0.4690005607286225, 0.4690005607286225, 0.4690005607286225, 0.4690005607286225, 0.4690005607286225, 0.4690005607286225, 0.4690005607286225, 0.4690005607286225, 0.4690005607286225]
Training raw path: /home/anhnd/DTI Project/Codes/MPNN/data/KFold/ATCInchikeySideEffectByDrug.txt_train_2
('Number of substructures, proteins, pathways, drugs, se: ', 2936, 1448, 330, 969, 598)
((872, 4714), (97, 4714), (872, 598), (97, 598))
('VALIDATE SUM PROTEIN TRAIN: ', 22376.0)
('VALIDATE SUM PROTEIN TEST: ', 2806.0)
Train: 0.9997 0.9988
Test: 0.7755 0.5359
[0.7204781673203272, 0.724322930893289, 0.7262609435527996, 0.7199127631367589, 0.7169458640359532, 0.7122594307275608, 0.7126608073705074, 0.7153484245330615, 0.7155393858043689, 0.7151002316307209, 0.7149956356076771, 0.7168902975475033, 0.7145605791624359, 0.7146954510163431, 0.7145854969468008, 0.7165588427575822, 0.7179320364695349, 0.7189452559810614, 0.7184699043603556, 0.7200903167688024, 0.721780794736569, 0.7236987683468225, 0.7250908458051362, 0.7271940739560128, 0.728446764242613, 0.7284682061620501, 0.7293551697369157, 0.7303980486019198, 0.7317323758877083, 0.7324796556820075, 0.7338483385231506, 0.7348744401384857, 0.7353232537739882, 0.735748255102075, 0.7363255163572463, 0.7395667439973648, 0.7412531429606799, 0.7427984820466204, 0.7443261185592209, 0.7455222956452707, 0.7465994862251017, 0.7473405092512977, 0.7493203812805245, 0.7493203812805245, 0.7505084510582714, 0.750972442842752, 0.7524693609796915, 0.7533678387955542, 0.7561045782435685, 0.7580355253742384, 0.7580355253742384, 0.7584059580731372, 0.7584059580731372, 0.7598173359677144, 0.7607811343345516, 0.7607811343345516, 0.762381991384865, 0.762381991384865, 0.762381991384865, 0.762381991384865, 0.762381991384865, 0.762381991384865, 0.762381991384865, 0.764631306389733, 0.764631306389733, 0.7658532958832526, 0.7670403959359452, 0.7670403959359452, 0.7670403959359452, 0.7670403959359452, 0.7670403959359452, 0.7670403959359452, 0.7684422349364823, 0.7684422349364823, 0.7684422349364823, 0.7725132815991314, 0.7725132815991314, 0.7725132815991314, 0.7739568624986818, 0.7739568624986818, 0.7739568624986818, 0.7739568624986818, 0.7739568624986818, 0.7755478680913028, 0.7755478680913028, 0.7755478680913028, 0.7755478680913028, 0.7755478680913028, 0.7755478680913028, 0.7755478680913028, 0.7755478680913028, 0.7755478680913028, 0.7755478680913028, 0.7755478680913028, 0.7755478680913028]
[0.2021917535868071, 0.2286788291888644, 0.253963101646449, 0.2540410605270081, 0.25883020936446666, 0.2600612450268726, 0.26714007796518896, 0.2741597305507465, 0.2783025563428193, 0.28223197217481644, 0.2844700924539832, 0.289971011518287, 0.29456086887340716, 0.29869717033318477, 0.30043087842468796, 0.3073057465406339, 0.3109801557096793, 0.31617069968324585, 0.31599507793712506, 0.3297197388038797, 0.3395582711715197, 0.34524335668794026, 0.35340264018392065, 0.36189326413662204, 0.3673613795323589, 0.3683885985941452, 0.37316363184540713, 0.37916713539973323, 0.3853630482721322, 0.38776214457010383, 0.39427765945886345, 0.3972900152609331, 0.39873196591826054, 0.4002445800484489, 0.4016459628130108, 0.4127973719226853, 0.4186556483115498, 0.4247654922634437, 0.43151104366295157, 0.4371261469141838, 0.43985975968313584, 0.4422391805081689, 0.4485921048171433, 0.4485921048171433, 0.45350523666841236, 0.4553605600475875, 0.46045037741061423, 0.4625498718679766, 0.4710967791100325, 0.47768178205600365, 0.47768178205600365, 0.47967919401728554, 0.47967919401728554, 0.48449883065514066, 0.48765143324490756, 0.48765143324490756, 0.4924401966357963, 0.4924401966357963, 0.4924401966357963, 0.4924401966357963, 0.4924401966357963, 0.4924401966357963, 0.4924401966357963, 0.4998584438131204, 0.4998584438131204, 0.5034431885604433, 0.5072774248694069, 0.5072774248694069, 0.5072774248694069, 0.5072774248694069, 0.5072774248694069, 0.5072774248694069, 0.5119428605325527, 0.5119428605325527, 0.5119428605325527, 0.525919787407973, 0.525919787407973, 0.525919787407973, 0.5304227664498395, 0.5304227664498395, 0.5304227664498395, 0.5304227664498395, 0.5304227664498395, 0.5358869709793622, 0.5358869709793622, 0.5358869709793622, 0.5358869709793622, 0.5358869709793622, 0.5358869709793622, 0.5358869709793622, 0.5358869709793622, 0.5358869709793622, 0.5358869709793622, 0.5358869709793622, 0.5358869709793622]
Training raw path: /home/anhnd/DTI Project/Codes/MPNN/data/KFold/ATCInchikeySideEffectByDrug.txt_train_3
('Number of substructures, proteins, pathways, drugs, se: ', 2936, 1448, 330, 969, 598)
((872, 4714), (97, 4714), (872, 598), (97, 598))
('VALIDATE SUM PROTEIN TRAIN: ', 22809.0)
('VALIDATE SUM PROTEIN TEST: ', 2373.0)
Train: 0.9996 0.9985
Test: 0.7507 0.4660
[0.6533280296750491, 0.6686061444183757, 0.6632546574447663, 0.6655891352542775, 0.6684232599701281, 0.6680991128902819, 0.6694072961267566, 0.6708552897821363, 0.67132695081987, 0.6745766340981743, 0.6740762761300259, 0.6764767304177088, 0.6762112846793314, 0.6789532742304576, 0.6793504431337581, 0.6802783911425043, 0.6811614757194583, 0.6815455253099412, 0.6818784638564126, 0.6839779127882302, 0.6868759812485599, 0.6886388508541037, 0.6899200129621128, 0.6907652411591874, 0.6910308422138672, 0.6911719755348635, 0.6935621160675725, 0.6939677808366564, 0.6956107613336411, 0.6961073994507889, 0.6987612193228605, 0.6990785602167897, 0.6995340914520312, 0.7005801787708745, 0.701209813121777, 0.7046321446554935, 0.7067547466542744, 0.7079999589412542, 0.7095949732578447, 0.7121485850017284, 0.7131317108539457, 0.7140821237737442, 0.7167170427067718, 0.7167170427067718, 0.7185368185321663, 0.7194072691433981, 0.7209044318330975, 0.7219969592542146, 0.7255248955027293, 0.7282401097683904, 0.7282401097683904, 0.7291053971226295, 0.7291053971226295, 0.731051125582838, 0.7322184741802558, 0.7322184741802558, 0.7343795686862775, 0.7343795686862775, 0.7343795686862775, 0.7343795686862775, 0.7343795686862775, 0.7343795686862775, 0.7343795686862775, 0.7370662942059136, 0.7370662942059136, 0.7384889466698186, 0.739962845214684, 0.739962845214684, 0.739962845214684, 0.739962845214684, 0.739962845214684, 0.739962845214684, 0.7416891154880177, 0.7416891154880177, 0.7416891154880177, 0.7468870660975839, 0.7468870660975839, 0.7468870660975839, 0.7487654392066733, 0.7487654392066733, 0.7487654392066733, 0.7487654392066733, 0.7487654392066733, 0.7506688997010584, 0.7506688997010584, 0.7506688997010584, 0.7506688997010584, 0.7506688997010584, 0.7506688997010584, 0.7506688997010584, 0.7506688997010584, 0.7506688997010584, 0.7506688997010584, 0.7506688997010584, 0.7506688997010584]
[0.13885160573616187, 0.16273358856265377, 0.16763177059367446, 0.17709051756940064, 0.1840614032170806, 0.1882483801010809, 0.1907468741873758, 0.19597371128521365, 0.20488080212526222, 0.2128932734084901, 0.2149464139123719, 0.2207496469976068, 0.22754718178858244, 0.23404219249881186, 0.23665120955556856, 0.24172876834703724, 0.24591513788866226, 0.24837785858796518, 0.24981540324633197, 0.25714007901538455, 0.26674461739097266, 0.27107133303430725, 0.2768122813037478, 0.28204117547439345, 0.2838388520097666, 0.285245525935262, 0.29292017747791366, 0.29483622116192226, 0.2994883958553692, 0.3002073786124696, 0.3063184640077625, 0.3093533843153779, 0.3101246459239564, 0.3143070581217927, 0.31581061334803195, 0.3271582547434846, 0.3331745123373668, 0.3383333108687469, 0.342986873037368, 0.35096998670671936, 0.3535585247263585, 0.35616248845930343, 0.36398607467865784, 0.36398607467865784, 0.369116766569509, 0.37106363910154205, 0.37644903138504227, 0.3797093552585182, 0.3892332387482673, 0.3971316267683096, 0.3971316267683096, 0.39897327638966046, 0.39897327638966046, 0.4044888102318411, 0.40771915172476436, 0.40771915172476436, 0.413786617775975, 0.413786617775975, 0.413786617775975, 0.413786617775975, 0.413786617775975, 0.413786617775975, 0.413786617775975, 0.4216754162754766, 0.4216754162754766, 0.42568434106783126, 0.43044273180624, 0.43044273180624, 0.43044273180624, 0.43044273180624, 0.43044273180624, 0.43044273180624, 0.436445696269678, 0.436445696269678, 0.436445696269678, 0.45335579294185363, 0.45335579294185363, 0.45335579294185363, 0.45966067740499955, 0.45966067740499955, 0.45966067740499955, 0.45966067740499955, 0.45966067740499955, 0.4660247710208576, 0.4660247710208576, 0.4660247710208576, 0.4660247710208576, 0.4660247710208576, 0.4660247710208576, 0.4660247710208576, 0.4660247710208576, 0.4660247710208576, 0.4660247710208576, 0.4660247710208576, 0.4660247710208576]
Training raw path: /home/anhnd/DTI Project/Codes/MPNN/data/KFold/ATCInchikeySideEffectByDrug.txt_train_4
('Number of substructures, proteins, pathways, drugs, se: ', 2936, 1448, 330, 969, 598)
((872, 4714), (97, 4714), (872, 598), (97, 598))
('VALIDATE SUM PROTEIN TRAIN: ', 22764.0)
('VALIDATE SUM PROTEIN TEST: ', 2418.0)
Train: 0.9996 0.9987
Test: 0.7622 0.4626
[0.6809719430119745, 0.6577450909991758, 0.6732021009041828, 0.6707103222199092, 0.6706692009032639, 0.6720588063120714, 0.6696033490865614, 0.67486822545732, 0.6776554140849949, 0.6802696894632643, 0.6812395690906147, 0.6822278336482827, 0.6848330554175651, 0.6861039775629493, 0.6868673599894353, 0.6874185997872462, 0.6889221329884954, 0.6899626296988017, 0.6909446767265083, 0.6913053645564459, 0.6942979310427304, 0.6959064337380039, 0.6966648780550126, 0.6990371360273757, 0.7001470968792123, 0.7002131081323207, 0.7022710818826216, 0.7033564284074787, 0.7053783420732607, 0.7060456493380086, 0.707394141731545, 0.7087569047259725, 0.709069553131135, 0.7111206453289329, 0.7114744570802589, 0.7157956472147664, 0.7177415755771446, 0.7200835272878634, 0.7219432800435819, 0.7244816115880561, 0.7252299842352132, 0.7262042274151892, 0.7291601323759915, 0.7291601323759915, 0.7304996275690923, 0.7313453402821986, 0.7327755503232338, 0.7334601501716794, 0.7367682416223584, 0.7395931037061096, 0.7395931037061096, 0.7404611136029389, 0.7404611136029389, 0.7419701921440369, 0.7428345576879668, 0.7428345576879668, 0.744870072700203, 0.744870072700203, 0.744870072700203, 0.744870072700203, 0.744870072700203, 0.744870072700203, 0.744870072700203, 0.7477590323927099, 0.7477590323927099, 0.7492116959026272, 0.750809525989209, 0.750809525989209, 0.750809525989209, 0.750809525989209, 0.750809525989209, 0.750809525989209, 0.752621871182815, 0.752621871182815, 0.752621871182815, 0.7583188295020955, 0.7583188295020955, 0.7583188295020955, 0.7601577223124507, 0.7601577223124507, 0.7601577223124507, 0.7601577223124507, 0.7601577223124507, 0.76215666249622, 0.76215666249622, 0.76215666249622, 0.76215666249622, 0.76215666249622, 0.76215666249622, 0.76215666249622, 0.76215666249622, 0.76215666249622, 0.76215666249622, 0.76215666249622, 0.76215666249622]
[0.14300126979518196, 0.14915329872974775, 0.16775352256224604, 0.16727604330297946, 0.16999193514316366, 0.17633110525177198, 0.18082195889345332, 0.19826399241741782, 0.20656970754090787, 0.2165810989480361, 0.21742003672191348, 0.22335329824443764, 0.2336071968540327, 0.23864357617738227, 0.24202462072565362, 0.24358859769997246, 0.24821817474373653, 0.25241864970589023, 0.25556775566959267, 0.2623227773379556, 0.26841714350550533, 0.27451460658013527, 0.2784870976537652, 0.28526796464065823, 0.2883258938051051, 0.2885474979146137, 0.29311026246387895, 0.29776629272426985, 0.30353320828923747, 0.30589240248617755, 0.30733477793417285, 0.310643713056916, 0.3112283018839691, 0.3164424626713642, 0.3178090177412408, 0.329189667642197, 0.3332850012922979, 0.33854930927208515, 0.3432216017246415, 0.3492926009163374, 0.3512429565035232, 0.3529189770965385, 0.3616143694429923, 0.3616143694429923, 0.3660194944276193, 0.3684813317561033, 0.37271200459691045, 0.3748195483606085, 0.38467734524721503, 0.39193827279385285, 0.39193827279385285, 0.39397146834630437, 0.39397146834630437, 0.39809084583090437, 0.39994111253214326, 0.39994111253214326, 0.40576030392966295, 0.40576030392966295, 0.40576030392966295, 0.40576030392966295, 0.40576030392966295, 0.40576030392966295, 0.40576030392966295, 0.41486512712625406, 0.41486512712625406, 0.4195506856274046, 0.4246856932204629, 0.4246856932204629, 0.4246856932204629, 0.4246856932204629, 0.4246856932204629, 0.4246856932204629, 0.431216725707194, 0.431216725707194, 0.431216725707194, 0.4498530660877602, 0.4498530660877602, 0.4498530660877602, 0.4558022557640533, 0.4558022557640533, 0.4558022557640533, 0.4558022557640533, 0.4558022557640533, 0.4625818592599217, 0.4625818592599217, 0.4625818592599217, 0.4625818592599217, 0.4625818592599217, 0.4625818592599217, 0.4625818592599217, 0.4625818592599217, 0.4625818592599217, 0.4625818592599217, 0.4625818592599217, 0.4625818592599217]
Training raw path: /home/anhnd/DTI Project/Codes/MPNN/data/KFold/ATCInchikeySideEffectByDrug.txt_train_5
('Number of substructures, proteins, pathways, drugs, se: ', 2936, 1448, 330, 969, 598)
((872, 4714), (97, 4714), (872, 598), (97, 598))
('VALIDATE SUM PROTEIN TRAIN: ', 22673.0)
('VALIDATE SUM PROTEIN TEST: ', 2509.0)
Train: 0.9997 0.9989
Test: 0.7414 0.4271
[0.6580516049181933, 0.6623299882756841, 0.6569940821728776, 0.6608984446442628, 0.6596055729342303, 0.6622520625223597, 0.6606735441251801, 0.6614408910061554, 0.6632837893740433, 0.663494913919384, 0.6644432864357448, 0.6659463063219748, 0.6667929094254729, 0.6674470053409678, 0.6673934949946143, 0.6683486480881184, 0.6694990595138701, 0.6698495223233333, 0.6706031376721402, 0.6715507743812326, 0.6744302338878727, 0.67596697025806, 0.6769662967681618, 0.6783274607369013, 0.6782860033742184, 0.6781596937425659, 0.6810411801182568, 0.6814446494756613, 0.6829440761587149, 0.683021386258013, 0.6851238529977477, 0.6856088059877785, 0.685911291485729, 0.6868050587852412, 0.6872903991905313, 0.6921291244918593, 0.6945955761445396, 0.6961782820915974, 0.6980898519644874, 0.7005888991651672, 0.7010771606150954, 0.7019996975209954, 0.7047969009558471, 0.7047969009558471, 0.7069151405499804, 0.7077254124874996, 0.7091284539806796, 0.7099045028265631, 0.7136970446899914, 0.7162890409103628, 0.7162890409103628, 0.7171449778629424, 0.7171449778629424, 0.7196367330059327, 0.7207232782136432, 0.7207232782136432, 0.7235484865000369, 0.7235484865000369, 0.7235484865000369, 0.7235484865000369, 0.7235484865000369, 0.7235484865000369, 0.7235484865000369, 0.7262647440380492, 0.7262647440380492, 0.727693519823006, 0.7295865504737921, 0.7295865504737921, 0.7295865504737921, 0.7295865504737921, 0.7295865504737921, 0.7295865504737921, 0.7317493751345003, 0.7317493751345003, 0.7317493751345003, 0.7373504297225513, 0.7373504297225513, 0.7373504297225513, 0.7392804486932232, 0.7392804486932232, 0.7392804486932232, 0.7392804486932232, 0.7392804486932232, 0.7413955628084725, 0.7413955628084725, 0.7413955628084725, 0.7413955628084725, 0.7413955628084725, 0.7413955628084725, 0.7413955628084725, 0.7413955628084725, 0.7413955628084725, 0.7413955628084725, 0.7413955628084725, 0.7413955628084725]
[0.1348458250224021, 0.1545086505774519, 0.1460414986545392, 0.14789126666425756, 0.15405227538550464, 0.15769431013007507, 0.16585766098228244, 0.1703742332559532, 0.17530907941136062, 0.1793661721346899, 0.18362140896956466, 0.18842272921208303, 0.1960362766426173, 0.20035044062642218, 0.20135363003528295, 0.2062939802467098, 0.20999180268445053, 0.2170365357449442, 0.2173396137109793, 0.2255915843770377, 0.2334023861570727, 0.2357797449321093, 0.24118577293552249, 0.24770683514176625, 0.25099159463319115, 0.251210490988949, 0.25853151608950076, 0.26368077139149415, 0.2672524843464694, 0.26934045425297015, 0.274026230498578, 0.2766958984263758, 0.2780284084911365, 0.2798605994561529, 0.2805720886592816, 0.2926345607118469, 0.297580692440671, 0.30063394179589464, 0.3063610237316279, 0.31160232991224607, 0.3138264429362596, 0.31602804636669396, 0.32363286847701656, 0.32363286847701656, 0.3289890627463533, 0.3318248134513154, 0.33578359715206363, 0.33749890206972377, 0.34793427469064075, 0.35448487446839116, 0.35448487446839116, 0.35635711035062906, 0.35635711035062906, 0.36358184532301924, 0.36656845406800304, 0.36656845406800304, 0.3742558636234733, 0.3742558636234733, 0.3742558636234733, 0.3742558636234733, 0.3742558636234733, 0.3742558636234733, 0.3742558636234733, 0.38139550076446804, 0.38139550076446804, 0.3845748434248074, 0.3905684082716038, 0.3905684082716038, 0.3905684082716038, 0.3905684082716038, 0.3905684082716038, 0.3905684082716038, 0.39781055532952697, 0.39781055532952697, 0.39781055532952697, 0.4142599398837218, 0.4142599398837218, 0.4142599398837218, 0.42024707401492795, 0.42024707401492795, 0.42024707401492795, 0.42024707401492795, 0.42024707401492795, 0.4270672685018876, 0.4270672685018876, 0.4270672685018876, 0.4270672685018876, 0.4270672685018876, 0.4270672685018876, 0.4270672685018876, 0.4270672685018876, 0.4270672685018876, 0.4270672685018876, 0.4270672685018876, 0.4270672685018876]
Training raw path: /home/anhnd/DTI Project/Codes/MPNN/data/KFold/ATCInchikeySideEffectByDrug.txt_train_6
('Number of substructures, proteins, pathways, drugs, se: ', 2936, 1448, 330, 969, 598)
((872, 4714), (97, 4714), (872, 598), (97, 598))
('VALIDATE SUM PROTEIN TRAIN: ', 22942.0)
('VALIDATE SUM PROTEIN TEST: ', 2240.0)
Train: 0.9998 0.9991
Test: 0.7608 0.4564
[0.684172397094431, 0.6885682576982368, 0.7034766187662712, 0.7016978717887941, 0.697587227560314, 0.6970782608033465, 0.6962248858052082, 0.6994923686366592, 0.7005180393216602, 0.7035502424688156, 0.702813336665948, 0.7044564012121369, 0.7041051018613735, 0.7054283491896018, 0.7049714179506777, 0.7053665005426693, 0.706165818429738, 0.705975640218526, 0.7066628453960349, 0.707288610633661, 0.709158260838548, 0.7100787961991534, 0.7109654322307366, 0.7114929805516317, 0.710025275223551, 0.7101881780101502, 0.7101334540523028, 0.7099915805837851, 0.7110008792698626, 0.7113236339531809, 0.7138520593150917, 0.7144368250650377, 0.7150022522347237, 0.7164111356033439, 0.7164984964019951, 0.7192162301389133, 0.7211155414384878, 0.7224476864734568, 0.7239844293865374, 0.7261062433802503, 0.7266455418275082, 0.7271601297244961, 0.7298724827486426, 0.7298724827486426, 0.7314814726140844, 0.7322189054362254, 0.7332580492888494, 0.7341990299557304, 0.7367182140311185, 0.738956988113083, 0.738956988113083, 0.7398867145031528, 0.7398867145031528, 0.7413725206942257, 0.7422245554056559, 0.7422245554056559, 0.7443642534476751, 0.7443642534476751, 0.7443642534476751, 0.7443642534476751, 0.7443642534476751, 0.7443642534476751, 0.7443642534476751, 0.7468728702922176, 0.7468728702922176, 0.7480806311713704, 0.7498737357486411, 0.7498737357486411, 0.7498737357486411, 0.7498737357486411, 0.7498737357486411, 0.7498737357486411, 0.751414448602829, 0.751414448602829, 0.751414448602829, 0.7570031765556526, 0.7570031765556526, 0.7570031765556526, 0.7586451230161858, 0.7586451230161858, 0.7586451230161858, 0.7586451230161858, 0.7586451230161858, 0.7608451363481082, 0.7608451363481082, 0.7608451363481082, 0.7608451363481082, 0.7608451363481082, 0.7608451363481082, 0.7608451363481082, 0.7608451363481082, 0.7608451363481082, 0.7608451363481082, 0.7608451363481082, 0.7608451363481082]
[0.17060131182253666, 0.17225521341596314, 0.1955931640554498, 0.1895659663969166, 0.19085522000497837, 0.19440109753481435, 0.19261800254745487, 0.19798234166909415, 0.20479400672935624, 0.2122843560116742, 0.2152819980144484, 0.22371361267716994, 0.2315068048885033, 0.23778340592345507, 0.23812301766140145, 0.24170797566704674, 0.24577877012045007, 0.24915714567242578, 0.25197663829656114, 0.25808377923287024, 0.2647201038297586, 0.27055723135254645, 0.27817948150553357, 0.2821652210043227, 0.2839880454555998, 0.2849635755549885, 0.28862175270987095, 0.2904558910563822, 0.29636541220879115, 0.2981642603572705, 0.30532439703693703, 0.3065639080433715, 0.3082521954203904, 0.3131680395189296, 0.31351666471588124, 0.3227798342184921, 0.32814814818714755, 0.33333794301189235, 0.33851577013667133, 0.3468911945707649, 0.3486752503115197, 0.350307870903392, 0.3588605503343073, 0.3588605503343073, 0.36510822504476703, 0.3668253435156007, 0.3709728516504395, 0.37382147187374604, 0.3820119535942989, 0.39028850508315915, 0.39028850508315915, 0.3929853448607142, 0.3929853448607142, 0.3974391794480411, 0.40040603753847204, 0.40040603753847204, 0.40636532660920455, 0.40636532660920455, 0.40636532660920455, 0.40636532660920455, 0.40636532660920455, 0.40636532660920455, 0.40636532660920455, 0.4140866520727479, 0.4140866520727479, 0.41763618282582765, 0.423068921976387, 0.423068921976387, 0.423068921976387, 0.423068921976387, 0.423068921976387, 0.423068921976387, 0.4273163221781382, 0.4273163221781382, 0.4273163221781382, 0.44439347451375744, 0.44439347451375744, 0.44439347451375744, 0.44917442198842245, 0.44917442198842245, 0.44917442198842245, 0.44917442198842245, 0.44917442198842245, 0.45635946933204974, 0.45635946933204974, 0.45635946933204974, 0.45635946933204974, 0.45635946933204974, 0.45635946933204974, 0.45635946933204974, 0.45635946933204974, 0.45635946933204974, 0.45635946933204974, 0.45635946933204974, 0.45635946933204974]
Training raw path: /home/anhnd/DTI Project/Codes/MPNN/data/KFold/ATCInchikeySideEffectByDrug.txt_train_7
('Number of substructures, proteins, pathways, drugs, se: ', 2936, 1448, 330, 969, 598)
((872, 4714), (97, 4714), (872, 598), (97, 598))
('VALIDATE SUM PROTEIN TRAIN: ', 22445.0)
('VALIDATE SUM PROTEIN TEST: ', 2737.0)
Train: 0.9998 0.9991
Test: 0.7492 0.4493
[0.6802140562943518, 0.6962340714923121, 0.6908948835085058, 0.6855792521264176, 0.6828497857975092, 0.6835028687960565, 0.6815030151719189, 0.680630714225156, 0.6811914227331786, 0.6804188360728324, 0.6787399213762133, 0.681305158155779, 0.6826000575497186, 0.6832405840674813, 0.6838362054647155, 0.6840106028903065, 0.6850115950920883, 0.6851912179360256, 0.6854175697992511, 0.6860086169457077, 0.6881506355644696, 0.6901814194587127, 0.6907146944644662, 0.6917660564671044, 0.6924165421884527, 0.6922418612347455, 0.6930308276837515, 0.6943261683681321, 0.6951368414888397, 0.6947464653801261, 0.6970942830078082, 0.6983668020432725, 0.6989114068018436, 0.6999169350402994, 0.7001204117670401, 0.7031273471817652, 0.7053439958533212, 0.7073482809221957, 0.7094264435880359, 0.7117093892695825, 0.7124815981879145, 0.7132856609734771, 0.7152975792286156, 0.7152975792286156, 0.71634320414088, 0.7172882797532296, 0.7194042173568442, 0.7205839782809461, 0.7240012956185526, 0.726595287840595, 0.726595287840595, 0.7275816444201159, 0.7275816444201159, 0.729304593605624, 0.7301849392388042, 0.7301849392388042, 0.7320584187498715, 0.7320584187498715, 0.7320584187498715, 0.7320584187498715, 0.7320584187498715, 0.7320584187498715, 0.7320584187498715, 0.7350042308045119, 0.7350042308045119, 0.7364899306093772, 0.737864032893274, 0.737864032893274, 0.737864032893274, 0.737864032893274, 0.737864032893274, 0.737864032893274, 0.7396380573619952, 0.7396380573619952, 0.7396380573619952, 0.7452420982928379, 0.7452420982928379, 0.7452420982928379, 0.7471785946545502, 0.7471785946545502, 0.7471785946545502, 0.7471785946545502, 0.7471785946545502, 0.7492437600526487, 0.7492437600526487, 0.7492437600526487, 0.7492437600526487, 0.7492437600526487, 0.7492437600526487, 0.7492437600526487, 0.7492437600526487, 0.7492437600526487, 0.7492437600526487, 0.7492437600526487, 0.7492437600526487]
[0.13724712916463522, 0.15532469826736384, 0.15804965964736933, 0.1654910572929063, 0.17168252895963287, 0.1771350412206081, 0.18002025910417188, 0.18321557717938974, 0.1856756977177707, 0.18727837678526138, 0.18727422223835, 0.19074997370952362, 0.19977787514576872, 0.20337143762756793, 0.2063474893945286, 0.20969844302011958, 0.21374395968262275, 0.21894948620168336, 0.22029985660890947, 0.2303647260610478, 0.23851788059262502, 0.24504239140794484, 0.2511831731873436, 0.25848099228527194, 0.2622748686727019, 0.262081466175661, 0.2659523542751668, 0.2726075881631197, 0.2758326561154494, 0.277231386123452, 0.2861646614278307, 0.28903562376478664, 0.29081568995745155, 0.29481407554922734, 0.2960570351183369, 0.3054474271129642, 0.3125612882712557, 0.31904456395401776, 0.3251282214926676, 0.3328472923172443, 0.33647845369399665, 0.3388006503580987, 0.34552969671901407, 0.34552969671901407, 0.3499529207505896, 0.35266269977366405, 0.35877954851883, 0.36233435210877585, 0.3736180019516523, 0.38211252962546394, 0.38211252962546394, 0.38496463835277045, 0.38496463835277045, 0.39088787569149214, 0.39323765548301387, 0.39323765548301387, 0.3982877783990557, 0.3982877783990557, 0.3982877783990557, 0.3982877783990557, 0.3982877783990557, 0.3982877783990557, 0.3982877783990557, 0.4065216568141543, 0.4065216568141543, 0.41031333174231754, 0.41429513618992186, 0.41429513618992186, 0.41429513618992186, 0.41429513618992186, 0.41429513618992186, 0.41429513618992186, 0.42004032057472407, 0.42004032057472407, 0.42004032057472407, 0.4366938837501835, 0.4366938837501835, 0.4366938837501835, 0.44311595833331346, 0.44311595833331346, 0.44311595833331346, 0.44311595833331346, 0.44311595833331346, 0.44932023194452836, 0.44932023194452836, 0.44932023194452836, 0.44932023194452836, 0.44932023194452836, 0.44932023194452836, 0.44932023194452836, 0.44932023194452836, 0.44932023194452836, 0.44932023194452836, 0.44932023194452836, 0.44932023194452836]
Training raw path: /home/anhnd/DTI Project/Codes/MPNN/data/KFold/ATCInchikeySideEffectByDrug.txt_train_8
('Number of substructures, proteins, pathways, drugs, se: ', 2936, 1448, 330, 969, 598)
((872, 4714), (97, 4714), (872, 598), (97, 598))
('VALIDATE SUM PROTEIN TRAIN: ', 22705.0)
('VALIDATE SUM PROTEIN TEST: ', 2477.0)
Train: 0.9997 0.9990
Test: 0.7514 0.4319
[0.6945446504849491, 0.6907672725925991, 0.6831690237016194, 0.6773159592727768, 0.6794214560344429, 0.6824901515126416, 0.6830693523752206, 0.6810384279740527, 0.679497474101276, 0.6816805245597816, 0.6827452374139785, 0.6828799665646137, 0.6802913369901366, 0.6801281860325974, 0.6796719695004358, 0.6796970198529311, 0.681180081754078, 0.6827535372279144, 0.6836116794416554, 0.6841671778580056, 0.6867211618214871, 0.6887337645779295, 0.688865874253228, 0.6906964058056291, 0.6910596381447749, 0.691355271211273, 0.6923000721458135, 0.6931589936721672, 0.694572883574869, 0.69455603456243, 0.6971352465526786, 0.6986237420705865, 0.6984564810153573, 0.7003316533618603, 0.7006640309860257, 0.7045662432472957, 0.7069256553947116, 0.7081017157759917, 0.7095702819936802, 0.7122809784836257, 0.7135348389493794, 0.7138394972695937, 0.7161440649743518, 0.7161440649743518, 0.7179979622779165, 0.7187932720895771, 0.7202844359497516, 0.7211239774879067, 0.7243082873436562, 0.7269741538618886, 0.7269741538618886, 0.7278612017412707, 0.7278612017412707, 0.7297730782277263, 0.7309084781621953, 0.7309084781621953, 0.7331267679554903, 0.7331267679554903, 0.7331267679554903, 0.7331267679554903, 0.7331267679554903, 0.7331267679554903, 0.7331267679554903, 0.7360651136352501, 0.7360651136352501, 0.7375452517426508, 0.7392610711912471, 0.7392610711912471, 0.7392610711912471, 0.7392610711912471, 0.7392610711912471, 0.7392610711912471, 0.7409248888157598, 0.7409248888157598, 0.7409248888157598, 0.7470610441298358, 0.7470610441298358, 0.7470610441298358, 0.7490428102867778, 0.7490428102867778, 0.7490428102867778, 0.7490428102867778, 0.7490428102867778, 0.7513506442461366, 0.7513506442461366, 0.7513506442461366, 0.7513506442461366, 0.7513506442461366, 0.7513506442461366, 0.7513506442461366, 0.7513506442461366, 0.7513506442461366, 0.7513506442461366, 0.7513506442461366, 0.7513506442461366]
[0.13623506204542798, 0.1418005489127787, 0.1470934084803191, 0.15423811347343172, 0.16214081412385273, 0.16480044029311325, 0.16982224093743795, 0.17691048365797485, 0.18225406164444888, 0.18666317325723375, 0.1894095283531432, 0.19462606518685274, 0.19565597604307514, 0.19953437215978884, 0.20031841349253476, 0.20238243169442888, 0.20587162133323839, 0.21049703259862995, 0.21358470760841294, 0.21934910241068267, 0.22669590967502, 0.2325473888646812, 0.23701864770107597, 0.24220414856270583, 0.24795048358167918, 0.24833507443940972, 0.252522799019075, 0.2555101179162644, 0.26055549327621547, 0.26161805065731747, 0.2681033844034474, 0.27177108896238533, 0.2727064492025163, 0.2787153160016692, 0.28038909631628695, 0.29153510195377463, 0.2976267160964621, 0.30117316778917913, 0.30579412358944214, 0.3132175294899001, 0.31751738462299584, 0.3188819122172665, 0.3269846491424477, 0.3269846491424477, 0.3320456098418621, 0.3348453290684551, 0.33877198451824475, 0.34155706963104804, 0.3511030627638657, 0.35975671725976544, 0.35975671725976544, 0.36237092365180745, 0.36237092365180745, 0.3683840871339894, 0.3715860236743409, 0.3715860236743409, 0.3772500180856907, 0.3772500180856907, 0.3772500180856907, 0.3772500180856907, 0.3772500180856907, 0.3772500180856907, 0.3772500180856907, 0.38472047354460415, 0.38472047354460415, 0.38854290481971143, 0.39363958529197024, 0.39363958529197024, 0.39363958529197024, 0.39363958529197024, 0.39363958529197024, 0.39363958529197024, 0.39887531473899135, 0.39887531473899135, 0.39887531473899135, 0.4184498255646009, 0.4184498255646009, 0.4184498255646009, 0.4246995031805863, 0.4246995031805863, 0.4246995031805863, 0.4246995031805863, 0.4246995031805863, 0.4319360918131729, 0.4319360918131729, 0.4319360918131729, 0.4319360918131729, 0.4319360918131729, 0.4319360918131729, 0.4319360918131729, 0.4319360918131729, 0.4319360918131729, 0.4319360918131729, 0.4319360918131729, 0.4319360918131729]
Training raw path: /home/anhnd/DTI Project/Codes/MPNN/data/KFold/ATCInchikeySideEffectByDrug.txt_train_9
('Number of substructures, proteins, pathways, drugs, se: ', 2936, 1448, 330, 969, 598)
((873, 4714), (96, 4714), (873, 598), (96, 598))
('VALIDATE SUM PROTEIN TRAIN: ', 22759.0)
('VALIDATE SUM PROTEIN TEST: ', 2423.0)
Train: 0.9996 0.9987
Test: 0.7371 0.4472
[0.6473804359040327, 0.6535621565488295, 0.657826680210085, 0.653272429067491, 0.6537695049284893, 0.65293346635222, 0.6536715100121353, 0.6541419187622725, 0.6564042142204608, 0.6578760670690804, 0.6598956031268244, 0.6603624172031528, 0.6640338775689418, 0.6658742562193714, 0.6659858381935865, 0.6681951811158493, 0.667728858883015, 0.6696152491658706, 0.6700307487777182, 0.6717257208640213, 0.6748262439653294, 0.6760085543974718, 0.677803601817589, 0.6792309349957932, 0.6793416774705351, 0.6797830553900044, 0.6816261835943233, 0.6828625677016864, 0.6841948996533282, 0.6852364055274498, 0.687614052185904, 0.6885221691960315, 0.689299490175904, 0.6903777397507924, 0.6910066991504815, 0.6935798798525811, 0.6950202205438427, 0.6963871809775337, 0.6976127729580277, 0.6998440294070245, 0.7011279036613907, 0.7016178773473828, 0.7042549348751972, 0.7042549348751972, 0.7057281451855335, 0.7063118922534546, 0.7081100806071741, 0.708805976196246, 0.7119928615621668, 0.7146948483913397, 0.7146948483913397, 0.7153417562289188, 0.7153417562289188, 0.7174761795545275, 0.7184284339796452, 0.7184284339796452, 0.7206841417578203, 0.7206841417578203, 0.7206841417578203, 0.7206841417578203, 0.7206841417578203, 0.7206841417578203, 0.7206841417578203, 0.7233512568733067, 0.7233512568733067, 0.7249100771211805, 0.7264032113201864, 0.7264032113201864, 0.7264032113201864, 0.7264032113201864, 0.7264032113201864, 0.7264032113201864, 0.7280134883134, 0.7280134883134, 0.7280134883134, 0.733290677232473, 0.733290677232473, 0.733290677232473, 0.7351246507088797, 0.7351246507088797, 0.7351246507088797, 0.7351246507088797, 0.7351246507088797, 0.7370692707664983, 0.7370692707664983, 0.7370692707664983, 0.7370692707664983, 0.7370692707664983, 0.7370692707664983, 0.7370692707664983, 0.7370692707664983, 0.7370692707664983, 0.7370692707664983, 0.7370692707664983, 0.7370692707664983]
[0.13715581152889764, 0.1529007735166809, 0.16381979432614813, 0.16565155831753664, 0.17362433381122505, 0.17592472048314392, 0.18250640359070833, 0.18864588280546557, 0.19450576990303034, 0.20017873256899718, 0.20307305020615612, 0.20692242733213043, 0.2192484132902093, 0.22873623179819275, 0.23070584629399846, 0.23561921554435636, 0.23824411040444818, 0.24314728021884785, 0.2439425411636983, 0.2518656759659815, 0.2604494649543749, 0.265690135692193, 0.2720050017586526, 0.2779473044469333, 0.27968579843766905, 0.28077960681296027, 0.2857575806750952, 0.29088584954762775, 0.2958595571335751, 0.2981658047911613, 0.30462900233577234, 0.30646855368124615, 0.30819434805147544, 0.3126783033424526, 0.3146507658461818, 0.3219928224334663, 0.3258920372744665, 0.33132129413027145, 0.334879353554509, 0.3422102738797246, 0.3462779669527556, 0.34724714787879674, 0.3549403827400901, 0.3549403827400901, 0.3590823585388738, 0.3605564308839443, 0.36597683537387576, 0.36758734870027254, 0.37555547875603357, 0.3832182552520745, 0.3832182552520745, 0.3851064449240877, 0.3851064449240877, 0.3914646650753036, 0.39366124112750644, 0.39366124112750644, 0.39993254694929825, 0.39993254694929825, 0.39993254694929825, 0.39993254694929825, 0.39993254694929825, 0.39993254694929825, 0.39993254694929825, 0.40736806551290283, 0.40736806551290283, 0.41128664634288237, 0.41534647462275265, 0.41534647462275265, 0.41534647462275265, 0.41534647462275265, 0.41534647462275265, 0.41534647462275265, 0.4199882967144843, 0.4199882967144843, 0.4199882967144843, 0.43593180718990854, 0.43593180718990854, 0.43593180718990854, 0.4413082802768167, 0.4413082802768167, 0.4413082802768167, 0.4413082802768167, 0.4413082802768167, 0.4472305960086165, 0.4472305960086165, 0.4472305960086165, 0.4472305960086165, 0.4472305960086165, 0.4472305960086165, 0.4472305960086165, 0.4472305960086165, 0.4472305960086165, 0.4472305960086165, 0.4472305960086165, 0.4472305960086165]
AUC: 0.7539 0.0034
AUPR: 0.4640 0.0095
('RARE AUC', [(0.6735838144963595, 0.0068465683470892245), (0.6780262709511029, 0.006703408857560996), (0.6795566454146666, 0.007010270256364588), (0.6766394276578251, 0.006533534330666578), (0.6759423215977355, 0.0061540468514718755), (0.6762300281327921, 0.005712512521299835), (0.6755690583473897, 0.005761926970482909), (0.6768685678101002, 0.005933493713515509), (0.6778884270987383, 0.0057709765767441175), (0.6794131945032627, 0.00571050300718533), (0.6795951253937246, 0.00559855389441799), (0.6809446455727767, 0.0056833195468614355), (0.6816831002932211, 0.00532016125672788), (0.6828435607429997, 0.005211526801923846), (0.6831244480790509, 0.005151531606794437), (0.6842310464920395, 0.005096141004437267), (0.6852563352495571, 0.005181734510993813), (0.6861202901907627, 0.00507726597128501), (0.6865762951057806, 0.005026592645244481), (0.6877762321381585, 0.00505516808204513), (0.690329137688193, 0.004922171828364466), (0.6921385238252574, 0.004880382656704006), (0.6931670677400812, 0.004865382745611683), (0.6948187194737964, 0.004857298832690821), (0.6952306814898411, 0.004885695188914463), (0.6954154446187046, 0.0048703034817912765), (0.6969146017214685, 0.004712280092114585), (0.6979082349337273, 0.004664620521348756), (0.6994655522926655, 0.004618146817577143), (0.6999821783549993, 0.004625412711692686), (0.7023253618141444, 0.004504189948685511), (0.7034106005537373, 0.004472697889977571), (0.7038672603705125, 0.004462701615069198), (0.7050960661526057, 0.004431595057923216), (0.7055347463930997, 0.004433281237174987), (0.7090762816592723, 0.004391380436643026), (0.7110126774418072, 0.0043549027231381135), (0.7128125220971866, 0.00435020418531262), (0.7145132162668155, 0.004338280416328802), (0.716880414524212, 0.004223816589655542), (0.7178541215156197, 0.0042208830478634345), (0.7185899682997706, 0.0042199940724332325), (0.7211053041577834, 0.004169748228048701), (0.7211053041577834, 0.004169748228048701), (0.7225356982458349, 0.00413065910043075), (0.7233144264124827, 0.004109718938690323), (0.7249362872108183, 0.0040734976381087366), (0.7258265959177322, 0.00407611458791846), (0.7290317351998642, 0.003997495747189219), (0.7316169652973439, 0.003924356389903082), (0.7316169652973439, 0.003924356389903082), (0.7324257371589493, 0.0039005546381486564), (0.7324257371589493, 0.0039005546381486564), (0.7343040377529302, 0.003823900404486166), (0.7353046554116933, 0.003801522749508855), (0.7353046554116933, 0.003801522749508855), (0.7374398070139938, 0.0037248102443607285), (0.7374398070139938, 0.0037248102443607285), (0.7374398070139938, 0.0037248102443607285), (0.7374398070139938, 0.0037248102443607285), (0.7374398070139938, 0.0037248102443607285), (0.7374398070139938, 0.0037248102443607285), (0.7374398070139938, 0.0037248102443607285), (0.7401567651602347, 0.003685755451157786), (0.7401567651602347, 0.003685755451157786), (0.7415488846090469, 0.0036564487717735943), (0.7430592214589853, 0.0036265951559377014), (0.7430592214589853, 0.0036265951559377014), (0.7430592214589853, 0.0036265951559377014), (0.7430592214589853, 0.0036265951559377014), (0.7430592214589853, 0.0036265951559377014), (0.7430592214589853, 0.0036265951559377014), (0.744780909711234, 0.0035854491751662666), (0.744780909711234, 0.0035854491751662666), (0.744780909711234, 0.0035854491751662666), (0.7500714383196916, 0.0034841228603987385), (0.7500714383196916, 0.0034841228603987385), (0.7500714383196916, 0.0034841228603987385), (0.7518901656710772, 0.0034420967031510374), (0.7518901656710772, 0.0034420967031510374), (0.7518901656710772, 0.0034420967031510374), (0.7518901656710772, 0.0034420967031510374), (0.7518901656710772, 0.0034420967031510374), (0.7538954330314513, 0.0034118306676955428), (0.7538954330314513, 0.0034118306676955428), (0.7538954330314513, 0.0034118306676955428), (0.7538954330314513, 0.0034118306676955428), (0.7538954330314513, 0.0034118306676955428), (0.7538954330314513, 0.0034118306676955428), (0.7538954330314513, 0.0034118306676955428), (0.7538954330314513, 0.0034118306676955428), (0.7538954330314513, 0.0034118306676955428), (0.7538954330314513, 0.0034118306676955428), (0.7538954330314513, 0.0034118306676955428), (0.7538954330314513, 0.0034118306676955428)])
('RARE AUPR', [(0.15155705374751222, 0.007100085942863344), (0.16743174881141326, 0.008360309908599794), (0.17650795830990595, 0.01054389069541736), (0.17804541454550898, 0.009503700346984794), (0.18302664342667216, 0.009203340162421341), (0.18665435260279403, 0.009066271139710822), (0.19138552970710115, 0.00915692865972271), (0.19814009567730823, 0.009248110755202833), (0.20396402679195305, 0.009102332818791317), (0.20909994734549647, 0.009170373564795923), (0.21107964872815255, 0.009221654323531185), (0.21609698911748249, 0.009342872841361588), (0.2240518206613983, 0.009268716852388338), (0.22955498511416197, 0.009287712901617404), (0.23176522224053456, 0.009326500531633903), (0.23601611700127206, 0.009509307132058982), (0.23957842208374988, 0.009543524383823393), (0.24444208930216735, 0.009362661265281071), (0.245972495915306, 0.009256098497391611), (0.25439614966304397, 0.00983855156890156), (0.2628062815899484, 0.009926183411641795), (0.2682568709562115, 0.010012796217562627), (0.2739808831922862, 0.010208254067648354), (0.28031595568522877, 0.010376821022064248), (0.2837018574567355, 0.01050570112852034), (0.284403926510082, 0.010570115244411217), (0.2891994226684622, 0.010532010867170235), (0.2936605397760901, 0.010624044953763078), (0.29901937694722125, 0.010773330782417647), (0.30098629583696596, 0.010853476349731018), (0.30778434751678757, 0.010870708109245671), (0.31086307308042055, 0.010866086210594261), (0.3123189675648912, 0.010867451208858), (0.3165222310519696, 0.010678144307738183), (0.3179311676939053, 0.010712646353253691), (0.32849656050855175, 0.010762004913823741), (0.3338280332944092, 0.010748101379865583), (0.33946454902439055, 0.010964353245296604), (0.34455564751082324, 0.011075114317493195), (0.35193898270230084, 0.011005948008277514), (0.355050325530976, 0.010961663036785581), (0.356999849932799, 0.01100743823571316), (0.36467651658308586, 0.01086278087308533), (0.36467651658308586, 0.01086278087308533), (0.36941675212844316, 0.01083354521080143), (0.371715038342566, 0.010756527948549484), (0.376848626279208, 0.010864058878858005), (0.3794059296651294, 0.010863112687262914), (0.3888213434644564, 0.010743170918979354), (0.39669626276550507, 0.010665227239198495), (0.39669626276550507, 0.010665227239198495), (0.3988097030306558, 0.01062856319634325), (0.3988097030306558, 0.01062856319634325), (0.4045792363655317, 0.010534001183707906), (0.40734574956556263, 0.010550844046992145), (0.40734574956556263, 0.010550844046992145), (0.4132972015862717, 0.010408427206663892), (0.4132972015862717, 0.010408427206663892), (0.4132972015862717, 0.010408427206663892), (0.4132972015862717, 0.010408427206663892), (0.4132972015862717, 0.010408427206663892), (0.4132972015862717, 0.010408427206663892), (0.4132972015862717, 0.010408427206663892), (0.42116826241460653, 0.010412724909224538), (0.42116826241460653, 0.010412724909224538), (0.424984080941156, 0.010417009060281797), (0.4296360819509372, 0.010284215378807245), (0.4296360819509372, 0.010284215378807245), (0.4296360819509372, 0.010284215378807245), (0.4296360819509372, 0.010284215378807245), (0.4296360819509372, 0.010284215378807245), (0.4296360819509372, 0.010284215378807245), (0.43524270886575717, 0.010169506680088833), (0.43524270886575717, 0.010169506680088833), (0.43524270886575717, 0.010169506680088833), (0.4517867723814433, 0.009783782836690081), (0.4517867723814433, 0.009783782836690081), (0.4517867723814433, 0.009783782836690081), (0.4575383092142514, 0.00965751095981567), (0.4575383092142514, 0.00965751095981567), (0.4575383092142514, 0.00965751095981567), (0.4575383092142514, 0.00965751095981567), (0.4575383092142514, 0.00965751095981567), (0.4639980101494011, 0.009529283540601891), (0.4639980101494011, 0.009529283540601891), (0.4639980101494011, 0.009529283540601891), (0.4639980101494011, 0.009529283540601891), (0.4639980101494011, 0.009529283540601891), (0.4639980101494011, 0.009529283540601891), (0.4639980101494011, 0.009529283540601891), (0.4639980101494011, 0.009529283540601891), (0.4639980101494011, 0.009529283540601891), (0.4639980101494011, 0.009529283540601891), (0.4639980101494011, 0.009529283540601891), (0.4639980101494011, 0.009529283540601891)])
