CSMF_P
<models.baselines.CSMF.CSMF object at 0x7ff3f072d590>
('Manual torch seed: ', 1772727637)
('Config: ', 'Protein Test: ', False, 'KNN: ', 3)
Training raw path: /home/anhnd/DTI Project/Codes/MPNN/data/KFold/ATCInchikeySideEffectByDrug.txt_train_0
('Number of substructures, proteins, pathways, drugs, se: ', 2936, 1448, 330, 969, 598)
((872, 4714), (97, 4714), (872, 598), (97, 598))
('VALIDATE SUM PROTEIN TRAIN: ', 22497.0)
('VALIDATE SUM PROTEIN TEST: ', 0.0)
Train: 0.9997 0.9990
Test: 0.7481 0.4787
[0.6406324134455551, 0.6485069817612166, 0.6548607843432499, 0.6480578581509765, 0.6476629785642152, 0.6480957275791847, 0.6472158568210314, 0.6477731418098203, 0.6508265416732459, 0.6542303834861753, 0.6545378932130563, 0.6564082646156496, 0.6580366651377505, 0.6598499084158483, 0.6610826456653159, 0.6614799690990467, 0.6625885605130201, 0.6637110415286304, 0.6647057417109866, 0.667694564285354, 0.6708454762670077, 0.673421524421307, 0.6747878206988827, 0.6771520172598083, 0.6790369344224354, 0.6794331102179056, 0.6807964688928643, 0.6822094862468828, 0.6839635308459402, 0.6849091416437202, 0.6889478124724835, 0.6902484390739563, 0.6909532085333621, 0.6924522044918144, 0.693056776777055, 0.6972271925119763, 0.6995993880589235, 0.7021566538971158, 0.7041830949029287, 0.7071296753346985, 0.7084250400275746, 0.7093004262997319, 0.7121134732137245, 0.7121134732137245, 0.7142690183734627, 0.7151128944152616, 0.7170047924850942, 0.7179044940481614, 0.721683182964665, 0.7246293636590727, 0.7246293636590727, 0.725669061475916, 0.725669061475916, 0.728023058543827, 0.7290547298007894, 0.7290547298007894, 0.731233850275405, 0.731233850275405, 0.731233850275405, 0.731233850275405, 0.731233850275405, 0.731233850275405, 0.731233850275405, 0.7342578221268381, 0.7342578221268381, 0.7357382802045949, 0.737197186775891, 0.737197186775891, 0.737197186775891, 0.737197186775891, 0.737197186775891, 0.737197186775891, 0.7389475185000288, 0.7389475185000288, 0.7389475185000288, 0.7441176446133969, 0.7441176446133969, 0.7441176446133969, 0.7460046302524708, 0.7460046302524708, 0.7460046302524708, 0.7460046302524708, 0.7460046302524708, 0.7480637081034369, 0.7480637081034369, 0.7480637081034369, 0.7480637081034369, 0.7480637081034369, 0.7480637081034369, 0.7480637081034369, 0.7480637081034369, 0.7480637081034369, 0.7480637081034369, 0.7480637081034369, 0.7480637081034369]
[0.14258730879077403, 0.1584899195674715, 0.16630641790954848, 0.16348587532083336, 0.16656227878848207, 0.169549311026582, 0.17520240833185263, 0.18192906360691458, 0.18754554109595556, 0.19112654893344377, 0.19301577543343068, 0.19742576471218612, 0.20850654083756115, 0.21535508987150243, 0.21809590329418882, 0.22111338773204398, 0.22419896561723537, 0.23004155935181997, 0.23273284324077398, 0.24347741328921013, 0.25397945570850655, 0.2604887817624195, 0.2638535121420335, 0.2705313696154408, 0.2756478590980334, 0.2768445029642164, 0.28107070517647026, 0.28494604976301413, 0.29058700322354086, 0.293049651735294, 0.30336414539217527, 0.30782502983467075, 0.3094625353413609, 0.3155295609006832, 0.3179114599431325, 0.3313941891601945, 0.3367455569808897, 0.34428085335044023, 0.3486202549074034, 0.3573036948566613, 0.35990648814313825, 0.36214084017001025, 0.3693727629471065, 0.3693727629471065, 0.3750550505843301, 0.3771734776797786, 0.38377910644188895, 0.38673821840063527, 0.3969225722232294, 0.4052799633695479, 0.4052799633695479, 0.40843950343480595, 0.40843950343480595, 0.4158794291366742, 0.4190264636433182, 0.4190264636433182, 0.42538533253551714, 0.42538533253551714, 0.42538533253551714, 0.42538533253551714, 0.42538533253551714, 0.42538533253551714, 0.42538533253551714, 0.4342797188333321, 0.4342797188333321, 0.4383466606225324, 0.44307045463275035, 0.44307045463275035, 0.44307045463275035, 0.44307045463275035, 0.44307045463275035, 0.44307045463275035, 0.4491120739576122, 0.4491120739576122, 0.4491120739576122, 0.46541617858406265, 0.46541617858406265, 0.46541617858406265, 0.4716949854003328, 0.4716949854003328, 0.4716949854003328, 0.4716949854003328, 0.4716949854003328, 0.47868664036903397, 0.47868664036903397, 0.47868664036903397, 0.47868664036903397, 0.47868664036903397, 0.47868664036903397, 0.47868664036903397, 0.47868664036903397, 0.47868664036903397, 0.47868664036903397, 0.47868664036903397, 0.47868664036903397]
Training raw path: /home/anhnd/DTI Project/Codes/MPNN/data/KFold/ATCInchikeySideEffectByDrug.txt_train_1
('Number of substructures, proteins, pathways, drugs, se: ', 2936, 1448, 330, 969, 598)
((872, 4714), (97, 4714), (872, 598), (97, 598))
('VALIDATE SUM PROTEIN TRAIN: ', 22668.0)
('VALIDATE SUM PROTEIN TEST: ', 0.0)
Train: 0.9996 0.9984
Test: 0.7337 0.4615
[0.6201670280269279, 0.6310633208143477, 0.626672075067326, 0.6251818663218769, 0.6279901614779498, 0.6288307710938154, 0.6292206494287288, 0.6288819622688758, 0.6309466147943705, 0.6333177979619228, 0.6327502106332257, 0.6350475069990917, 0.6379659635503132, 0.6393161215873611, 0.6400946311358473, 0.6426070680715518, 0.6429071210115351, 0.6445284577839725, 0.6447993350787122, 0.644956854434349, 0.6478018443494129, 0.6508451113726063, 0.6517361694074664, 0.653970759888784, 0.6544550731689038, 0.6547899772785883, 0.6571495220186044, 0.6589585385581758, 0.6618497929082325, 0.6631674033219744, 0.6677571691448136, 0.6706090642049152, 0.6715631325979541, 0.6734846364108009, 0.6740571956249299, 0.6785939485668944, 0.6805027479784211, 0.6837630075375726, 0.6856379575703879, 0.6893766644419215, 0.6910935343204494, 0.6920143826723746, 0.6957092925083762, 0.6957092925083762, 0.6965597083770196, 0.6977273788457752, 0.7000371991292802, 0.7010189035408747, 0.7045321582550759, 0.7080545056517235, 0.7080545056517235, 0.7089501231265579, 0.7089501231265579, 0.7112474905694589, 0.7126288931040181, 0.7126288931040181, 0.7152205719365192, 0.7152205719365192, 0.7152205719365192, 0.7152205719365192, 0.7152205719365192, 0.7152205719365192, 0.7152205719365192, 0.7184826918772202, 0.7184826918772202, 0.7200795705927663, 0.7215797590395705, 0.7215797590395705, 0.7215797590395705, 0.7215797590395705, 0.7215797590395705, 0.7215797590395705, 0.7237243183556787, 0.7237243183556787, 0.7237243183556787, 0.729289799239221, 0.729289799239221, 0.729289799239221, 0.7314766495577847, 0.7314766495577847, 0.7314766495577847, 0.7314766495577847, 0.7314766495577847, 0.7337045753031008, 0.7337045753031008, 0.7337045753031008, 0.7337045753031008, 0.7337045753031008, 0.7337045753031008, 0.7337045753031008, 0.7337045753031008, 0.7337045753031008, 0.7337045753031008, 0.7337045753031008, 0.7337045753031008]
[0.12284129732668836, 0.14103138518358552, 0.1376568829179225, 0.1471723009070049, 0.1548162553186993, 0.1552660911253107, 0.15979996825991874, 0.1648049595056824, 0.1719495924288153, 0.17503315694818533, 0.17458727974354143, 0.17988129887890458, 0.18981920840029137, 0.19694212680882758, 0.1996851208459821, 0.20596428467322317, 0.20742982918956238, 0.21333462301448844, 0.21477266737731654, 0.2204606741737438, 0.23036318143701529, 0.23791835072101966, 0.2405015012000396, 0.2470376341156695, 0.24928846288762452, 0.2502093642229528, 0.2545106545115449, 0.2595319569620205, 0.26733748966380344, 0.27051145720453096, 0.28057122111490695, 0.2856976465899571, 0.28836017012948545, 0.2935823344043149, 0.2954950893583824, 0.3063691854086149, 0.3113641628473768, 0.32076731508935896, 0.3249955570903431, 0.3349201874557842, 0.33964344434279753, 0.3416905451251867, 0.3506465707783906, 0.3506465707783906, 0.35430211148797996, 0.3573192231538834, 0.3636704425205575, 0.36632212485938215, 0.37511467284111244, 0.3852171717886821, 0.3852171717886821, 0.38731489458939516, 0.38731489458939516, 0.3936071352144342, 0.3971580092630528, 0.3971580092630528, 0.4040518208306787, 0.4040518208306787, 0.4040518208306787, 0.4040518208306787, 0.4040518208306787, 0.4040518208306787, 0.4040518208306787, 0.41311476851560136, 0.41311476851560136, 0.41690053883065553, 0.4214115068441501, 0.4214115068441501, 0.4214115068441501, 0.4214115068441501, 0.4214115068441501, 0.4214115068441501, 0.42871987519565197, 0.42871987519565197, 0.42871987519565197, 0.4464378053228278, 0.4464378053228278, 0.4464378053228278, 0.4539528373931039, 0.4539528373931039, 0.4539528373931039, 0.4539528373931039, 0.4539528373931039, 0.46145121903690595, 0.46145121903690595, 0.46145121903690595, 0.46145121903690595, 0.46145121903690595, 0.46145121903690595, 0.46145121903690595, 0.46145121903690595, 0.46145121903690595, 0.46145121903690595, 0.46145121903690595, 0.46145121903690595]
Training raw path: /home/anhnd/DTI Project/Codes/MPNN/data/KFold/ATCInchikeySideEffectByDrug.txt_train_2
('Number of substructures, proteins, pathways, drugs, se: ', 2936, 1448, 330, 969, 598)
((872, 4714), (97, 4714), (872, 598), (97, 598))
('VALIDATE SUM PROTEIN TRAIN: ', 22376.0)
('VALIDATE SUM PROTEIN TEST: ', 0.0)
Train: 0.9997 0.9988
Test: 0.7289 0.4893
[0.6164023741284528, 0.6179263632896158, 0.6286271491136752, 0.6282000990769858, 0.6293219196884443, 0.6297535043127471, 0.6312818612912208, 0.6332854325944722, 0.6324785792813362, 0.6316250433065767, 0.6316156472918464, 0.633431031523572, 0.6338364860230382, 0.6360460317193256, 0.6357238662383679, 0.6375513380389808, 0.6390558178903274, 0.6411209045890829, 0.6412112446954015, 0.6447579429190631, 0.6478355302288754, 0.6504234552532797, 0.65288630769557, 0.6559194285785317, 0.6585535835912744, 0.6585641662794536, 0.6606124288761251, 0.6626644853104917, 0.664533802435755, 0.6653805698244529, 0.667976932187617, 0.6697284470857261, 0.6705386302850467, 0.671099720123389, 0.671888073172769, 0.6767880929337505, 0.679616090370482, 0.681633600386451, 0.6837805850602845, 0.6861208494971217, 0.687829143984811, 0.6890114013139919, 0.692243773546177, 0.692243773546177, 0.693919614630382, 0.6948998426040269, 0.6970939667422731, 0.6982407391657361, 0.7019727919371944, 0.7049404805260924, 0.7049404805260924, 0.7056832656747412, 0.7056832656747412, 0.7077009537179705, 0.7090680490152179, 0.7090680490152179, 0.7114607350429931, 0.7114607350429931, 0.7114607350429931, 0.7114607350429931, 0.7114607350429931, 0.7114607350429931, 0.7114607350429931, 0.7144909448696076, 0.7144909448696076, 0.7161765362291794, 0.7178075325021871, 0.7178075325021871, 0.7178075325021871, 0.7178075325021871, 0.7178075325021871, 0.7178075325021871, 0.7196752195207775, 0.7196752195207775, 0.7196752195207775, 0.7249869279888081, 0.7249869279888081, 0.7249869279888081, 0.7268652432333682, 0.7268652432333682, 0.7268652432333682, 0.7268652432333682, 0.7268652432333682, 0.7288897734725693, 0.7288897734725693, 0.7288897734725693, 0.7288897734725693, 0.7288897734725693, 0.7288897734725693, 0.7288897734725693, 0.7288897734725693, 0.7288897734725693, 0.7288897734725693, 0.7288897734725693, 0.7288897734725693]
[0.1418500255481624, 0.1703363761483752, 0.1963713388031985, 0.18987040043792683, 0.19513094744511975, 0.1996941597173103, 0.20759046126701222, 0.2126882112754823, 0.21548022703976416, 0.21891771128120313, 0.22033848130728256, 0.2258997849345934, 0.2328162408834018, 0.2376208882145715, 0.23851531237694124, 0.24269130047624093, 0.24660327130469234, 0.2517491498201703, 0.2535599789142471, 0.26447507874240794, 0.27464615593166863, 0.2815180014026488, 0.28780990164361175, 0.2967213295746239, 0.30368605268333604, 0.30405876466063997, 0.30872984058803266, 0.31343089387600587, 0.31847409051762227, 0.32043008560542086, 0.32613255736165025, 0.3296321494535981, 0.33105474515889616, 0.33293709685169404, 0.33492463275666434, 0.34707778214407203, 0.354422582308321, 0.36003967618044247, 0.3661822655383408, 0.3721375254807612, 0.37633279790769747, 0.3788924595953541, 0.3862372207538193, 0.3862372207538193, 0.3918060731070036, 0.3941317052569471, 0.3999769160715156, 0.402328594880361, 0.41159211612659186, 0.41913185999600716, 0.41913185999600716, 0.42151132503986505, 0.42151132503986505, 0.42659578016485455, 0.4305695963656919, 0.4305695963656919, 0.43627496722600745, 0.43627496722600745, 0.43627496722600745, 0.43627496722600745, 0.43627496722600745, 0.43627496722600745, 0.43627496722600745, 0.4447514576740137, 0.4447514576740137, 0.4492975611355647, 0.4542194770598623, 0.4542194770598623, 0.4542194770598623, 0.4542194770598623, 0.4542194770598623, 0.4542194770598623, 0.46020233084218937, 0.46020233084218937, 0.46020233084218937, 0.4769438209220792, 0.4769438209220792, 0.4769438209220792, 0.48261644773820334, 0.48261644773820334, 0.48261644773820334, 0.48261644773820334, 0.48261644773820334, 0.4893319508279532, 0.4893319508279532, 0.4893319508279532, 0.4893319508279532, 0.4893319508279532, 0.4893319508279532, 0.4893319508279532, 0.4893319508279532, 0.4893319508279532, 0.4893319508279532, 0.4893319508279532, 0.4893319508279532]
Training raw path: /home/anhnd/DTI Project/Codes/MPNN/data/KFold/ATCInchikeySideEffectByDrug.txt_train_3
('Number of substructures, proteins, pathways, drugs, se: ', 2936, 1448, 330, 969, 598)
((872, 4714), (97, 4714), (872, 598), (97, 598))
('VALIDATE SUM PROTEIN TRAIN: ', 22809.0)
('VALIDATE SUM PROTEIN TEST: ', 0.0)
Train: 0.9996 0.9985
Test: 0.7355 0.4479
[0.6074148195277645, 0.6214202204727735, 0.6258152956265213, 0.6265794233773028, 0.6271384174310778, 0.6281977871509944, 0.6291799496869714, 0.6309132491325679, 0.6328222075017315, 0.6361053890263935, 0.6354540790270331, 0.637938804375586, 0.6404571146314464, 0.6427827918892761, 0.6435212407920292, 0.6450321061773804, 0.6468702605929129, 0.6478430086396135, 0.6487520355630526, 0.6526517626414055, 0.655889002028029, 0.6597009823229086, 0.6622740426689551, 0.6643732104243453, 0.6648714847270588, 0.6652088031659299, 0.6681905653406609, 0.6691771455629203, 0.6714874471257937, 0.672551230872587, 0.6760912402407261, 0.6766872471307622, 0.6772618086930146, 0.6784998590155338, 0.6789517393884894, 0.6837105804270576, 0.6857566266058072, 0.6877640610277926, 0.6894804362387722, 0.6922845726893725, 0.6936233945337661, 0.6946287968071676, 0.6979490212502598, 0.6979490212502598, 0.699632183645472, 0.7005466226723778, 0.7022275567608074, 0.7034329705623008, 0.7073616686286293, 0.7107689657011159, 0.7107689657011159, 0.7115870643963984, 0.7115870643963984, 0.7137222527464712, 0.7148474185702653, 0.7148474185702653, 0.717411216589464, 0.717411216589464, 0.717411216589464, 0.717411216589464, 0.717411216589464, 0.717411216589464, 0.717411216589464, 0.7204145143587024, 0.7204145143587024, 0.7220671268239218, 0.7236924358632126, 0.7236924358632126, 0.7236924358632126, 0.7236924358632126, 0.7236924358632126, 0.7236924358632126, 0.7255718608963666, 0.7255718608963666, 0.7255718608963666, 0.7313769102132824, 0.7313769102132824, 0.7313769102132824, 0.7334155470332859, 0.7334155470332859, 0.7334155470332859, 0.7334155470332859, 0.7334155470332859, 0.7354820462672059, 0.7354820462672059, 0.7354820462672059, 0.7354820462672059, 0.7354820462672059, 0.7354820462672059, 0.7354820462672059, 0.7354820462672059, 0.7354820462672059, 0.7354820462672059, 0.7354820462672059, 0.7354820462672059]
[0.10763364850883811, 0.12314232027571922, 0.1283816635331611, 0.13541964927059602, 0.1452246174746395, 0.1503173185537486, 0.15428817090698363, 0.16243586276107083, 0.1712598228056942, 0.1781989910741187, 0.17903569148510076, 0.18526143620753538, 0.19354094337502115, 0.20089266092838104, 0.2028465320591968, 0.20773353121427315, 0.21230925831090086, 0.21679642505085878, 0.21839374095145303, 0.22608957016008258, 0.2354758699956747, 0.2418349385340235, 0.24750870734300423, 0.25324685175321093, 0.2553311145344762, 0.2566053131254421, 0.26337799270130063, 0.2663504020562882, 0.2717342577098874, 0.27281686545156314, 0.28036407087909926, 0.28309078497337536, 0.2836309119159524, 0.2870796121173332, 0.2885984736645824, 0.30049278437045485, 0.3058502065933097, 0.3114983755451336, 0.31701381536065715, 0.32536889716531037, 0.3286522312760235, 0.3311191491093082, 0.3388890830952015, 0.3388890830952015, 0.3437053014561221, 0.34555716590245045, 0.3512932029502983, 0.35424538821429674, 0.3642120041537391, 0.37325651727676573, 0.37325651727676573, 0.3751106607177036, 0.3751106607177036, 0.3806760240820505, 0.38384497472606527, 0.38384497472606527, 0.3906358533642442, 0.3906358533642442, 0.3906358533642442, 0.3906358533642442, 0.3906358533642442, 0.3906358533642442, 0.3906358533642442, 0.39895843377695206, 0.39895843377695206, 0.40362213501984057, 0.4087574439818547, 0.4087574439818547, 0.4087574439818547, 0.4087574439818547, 0.4087574439818547, 0.4087574439818547, 0.4152558032810759, 0.4152558032810759, 0.4152558032810759, 0.43380503781201857, 0.43380503781201857, 0.43380503781201857, 0.44064260356441187, 0.44064260356441187, 0.44064260356441187, 0.44064260356441187, 0.44064260356441187, 0.44785991665678826, 0.44785991665678826, 0.44785991665678826, 0.44785991665678826, 0.44785991665678826, 0.44785991665678826, 0.44785991665678826, 0.44785991665678826, 0.44785991665678826, 0.44785991665678826, 0.44785991665678826, 0.44785991665678826]
Training raw path: /home/anhnd/DTI Project/Codes/MPNN/data/KFold/ATCInchikeySideEffectByDrug.txt_train_4
('Number of substructures, proteins, pathways, drugs, se: ', 2936, 1448, 330, 969, 598)
((872, 4714), (97, 4714), (872, 598), (97, 598))
('VALIDATE SUM PROTEIN TRAIN: ', 22764.0)
('VALIDATE SUM PROTEIN TEST: ', 0.0)
Train: 0.9996 0.9987
Test: 0.7579 0.4567
[0.6768169918244212, 0.6610180922993912, 0.6713028957437384, 0.66513961326971, 0.6652318415343998, 0.6653823580261883, 0.6641806496434197, 0.6668339535616373, 0.6680258656976839, 0.6709684212919504, 0.6711019199142797, 0.6722015786296454, 0.6739420849449067, 0.6764844203679589, 0.6775505194368227, 0.6786173166028859, 0.679261745665733, 0.680096186218969, 0.6813264355953577, 0.6812660052250162, 0.6846145283636726, 0.6869382416212632, 0.6878980358200972, 0.6906833457755839, 0.6917832607526226, 0.6920818389647818, 0.6945553472391739, 0.6951570462749925, 0.6974145789539696, 0.6982064339771515, 0.7000370352869038, 0.7018244296870038, 0.7021795217691709, 0.7041884683182583, 0.7045126346216327, 0.7085058063603602, 0.7107730319464219, 0.7131576564453039, 0.7151404960622594, 0.7177008631596165, 0.7188150262700106, 0.7196879527918558, 0.7226077548010452, 0.7226077548010452, 0.724140293041413, 0.7249431690269386, 0.7267471322024894, 0.727570475732374, 0.7311141485448411, 0.7340222444679373, 0.7340222444679373, 0.7349942496023121, 0.7349942496023121, 0.7367293595311749, 0.737628289936621, 0.737628289936621, 0.739981587987626, 0.739981587987626, 0.739981587987626, 0.739981587987626, 0.739981587987626, 0.739981587987626, 0.739981587987626, 0.742941449130007, 0.742941449130007, 0.7444320102625148, 0.7460472272227376, 0.7460472272227376, 0.7460472272227376, 0.7460472272227376, 0.7460472272227376, 0.7460472272227376, 0.7479137912222992, 0.7479137912222992, 0.7479137912222992, 0.7538698010025131, 0.7538698010025131, 0.7538698010025131, 0.7557947889282939, 0.7557947889282939, 0.7557947889282939, 0.7557947889282939, 0.7557947889282939, 0.7578579556927234, 0.7578579556927234, 0.7578579556927234, 0.7578579556927234, 0.7578579556927234, 0.7578579556927234, 0.7578579556927234, 0.7578579556927234, 0.7578579556927234, 0.7578579556927234, 0.7578579556927234, 0.7578579556927234]
[0.13693415072919443, 0.1516535525607042, 0.17255287951610238, 0.17101302892677517, 0.174386557988348, 0.17636819205917442, 0.18249095779551888, 0.19582940099604038, 0.20373696678340397, 0.21216319965865324, 0.21287276106230896, 0.21747007482524008, 0.22552859450867974, 0.23035481568728486, 0.2334802199392101, 0.23579752021133005, 0.23928453056341414, 0.24327996036522692, 0.24678739769636848, 0.25265853712449904, 0.2604291298921479, 0.2667595939312034, 0.2699975664921724, 0.27739933953055756, 0.28150103587674313, 0.2820414067083778, 0.2879399009692594, 0.29194733632577896, 0.2981752985042677, 0.29957171372993274, 0.30071125754723643, 0.30463429927272484, 0.30557214724277565, 0.3100180767890305, 0.3114052351436634, 0.32009899317204876, 0.3247101798744122, 0.33047044554304905, 0.33519496721935194, 0.3416916324682161, 0.34456877441070566, 0.34642271765065225, 0.35503809928006397, 0.35503809928006397, 0.35877995597489754, 0.36101847912481777, 0.36566300689649645, 0.36792102781465263, 0.3769600927388823, 0.38367401080473396, 0.38367401080473396, 0.3859145172388078, 0.3859145172388078, 0.3903303560162026, 0.3922519700002675, 0.3922519700002675, 0.39857940383488444, 0.39857940383488444, 0.39857940383488444, 0.39857940383488444, 0.39857940383488444, 0.39857940383488444, 0.39857940383488444, 0.40718743673117536, 0.40718743673117536, 0.411965387661932, 0.4168330918224394, 0.4168330918224394, 0.4168330918224394, 0.4168330918224394, 0.4168330918224394, 0.4168330918224394, 0.4234464742338072, 0.4234464742338072, 0.4234464742338072, 0.443253251815112, 0.443253251815112, 0.443253251815112, 0.44958889084432196, 0.44958889084432196, 0.44958889084432196, 0.44958889084432196, 0.44958889084432196, 0.4566909593407833, 0.4566909593407833, 0.4566909593407833, 0.4566909593407833, 0.4566909593407833, 0.4566909593407833, 0.4566909593407833, 0.4566909593407833, 0.4566909593407833, 0.4566909593407833, 0.4566909593407833, 0.4566909593407833]
Training raw path: /home/anhnd/DTI Project/Codes/MPNN/data/KFold/ATCInchikeySideEffectByDrug.txt_train_5
('Number of substructures, proteins, pathways, drugs, se: ', 2936, 1448, 330, 969, 598)
((872, 4714), (97, 4714), (872, 598), (97, 598))
('VALIDATE SUM PROTEIN TRAIN: ', 22673.0)
('VALIDATE SUM PROTEIN TEST: ', 0.0)
Train: 0.9997 0.9989
Test: 0.7441 0.4482
[0.6376119666294995, 0.6468425969450933, 0.6474742532502715, 0.6534053899412533, 0.6552338278955514, 0.6581028948476313, 0.6569362619981012, 0.6559240723362959, 0.6584628878382451, 0.6582101233767812, 0.6594156579455243, 0.6613981584523783, 0.6607706808854479, 0.6616582988508014, 0.6618323425100303, 0.6637220827706402, 0.6656754497157827, 0.6675871017402777, 0.6684476127843139, 0.6709363496512764, 0.6741040017349027, 0.675598478102679, 0.6768232319505694, 0.6783992678601916, 0.6783123301222839, 0.6783469617557552, 0.6815056210470888, 0.6828177759924866, 0.6840164395928148, 0.6844330276848809, 0.6874283545200595, 0.6890698730931424, 0.6895324262273639, 0.6910845973018707, 0.6913692465673507, 0.6954778442261726, 0.6976182273781861, 0.6994565553076713, 0.7014904023177846, 0.7039293045730478, 0.7047051205144857, 0.7053089200204423, 0.7077579273777885, 0.7077579273777885, 0.7095090180115289, 0.7102542981986395, 0.7116440757953988, 0.7123902598339477, 0.716221069224122, 0.7189954873223783, 0.7189954873223783, 0.7198163792663921, 0.7198163792663921, 0.721991665293296, 0.7231233649005395, 0.7231233649005395, 0.7259665681862352, 0.7259665681862352, 0.7259665681862352, 0.7259665681862352, 0.7259665681862352, 0.7259665681862352, 0.7259665681862352, 0.728858588392117, 0.728858588392117, 0.7303218575753705, 0.7322288419308907, 0.7322288419308907, 0.7322288419308907, 0.7322288419308907, 0.7322288419308907, 0.7322288419308907, 0.7343552131471806, 0.7343552131471806, 0.7343552131471806, 0.7400110575874749, 0.7400110575874749, 0.7400110575874749, 0.741992848062212, 0.741992848062212, 0.741992848062212, 0.741992848062212, 0.741992848062212, 0.7440766800774369, 0.7440766800774369, 0.7440766800774369, 0.7440766800774369, 0.7440766800774369, 0.7440766800774369, 0.7440766800774369, 0.7440766800774369, 0.7440766800774369, 0.7440766800774369, 0.7440766800774369, 0.7440766800774369]
[0.12112476584182662, 0.142798784120427, 0.1402029992772762, 0.14701445773875127, 0.15887051369467084, 0.1611589741285185, 0.16945108828527194, 0.17337139959365927, 0.18024394267743635, 0.18443449013392538, 0.18827962936756026, 0.19478499026045415, 0.20170286502659762, 0.2074310053242347, 0.20860631376936098, 0.21179827280892338, 0.2168455580524407, 0.22495704594226315, 0.22685840495846987, 0.23797354227605494, 0.24701720476405314, 0.24914139351653147, 0.2546524513113552, 0.26056320688849044, 0.2639676197123384, 0.26478761239952336, 0.27189432296321214, 0.27659270302441163, 0.2808902510544986, 0.28311958119958414, 0.2883369770439827, 0.2919403172063173, 0.2931796256327188, 0.2958059906571009, 0.2966770661933116, 0.30840290595727426, 0.3140997938887486, 0.3192024045735826, 0.32438578476248936, 0.33089281631071965, 0.33361406948485617, 0.3355850394590523, 0.34358735130198664, 0.34358735130198664, 0.34880530639383533, 0.35101399510132963, 0.35499689723363104, 0.35660519290426773, 0.36657590310213434, 0.37344086488433126, 0.37344086488433126, 0.3760444446163253, 0.3760444446163253, 0.3829198169203628, 0.3862160708590511, 0.3862160708590511, 0.3948612378280666, 0.3948612378280666, 0.3948612378280666, 0.3948612378280666, 0.3948612378280666, 0.3948612378280666, 0.3948612378280666, 0.4016628325091117, 0.4016628325091117, 0.40522118303274945, 0.41156081442332876, 0.41156081442332876, 0.41156081442332876, 0.41156081442332876, 0.41156081442332876, 0.41156081442332876, 0.41872033583581747, 0.41872033583581747, 0.41872033583581747, 0.43515940798910374, 0.43515940798910374, 0.43515940798910374, 0.4414387143333872, 0.4414387143333872, 0.4414387143333872, 0.4414387143333872, 0.4414387143333872, 0.44818612254949136, 0.44818612254949136, 0.44818612254949136, 0.44818612254949136, 0.44818612254949136, 0.44818612254949136, 0.44818612254949136, 0.44818612254949136, 0.44818612254949136, 0.44818612254949136, 0.44818612254949136, 0.44818612254949136]
Training raw path: /home/anhnd/DTI Project/Codes/MPNN/data/KFold/ATCInchikeySideEffectByDrug.txt_train_6
('Number of substructures, proteins, pathways, drugs, se: ', 2936, 1448, 330, 969, 598)
((872, 4714), (97, 4714), (872, 598), (97, 598))
('VALIDATE SUM PROTEIN TRAIN: ', 22942.0)
('VALIDATE SUM PROTEIN TEST: ', 0.0)
Train: 0.9998 0.9991
Test: 0.7531 0.4649
[0.67598432753687, 0.6852714103441422, 0.6996850050941013, 0.6929864682281612, 0.6904220191076222, 0.6921305609566648, 0.6856781829144956, 0.6863746398236722, 0.6872361932237698, 0.6897806151633793, 0.6886651235558215, 0.6898539488137524, 0.6911024547210977, 0.6924548085777145, 0.6922589354367897, 0.691493778438761, 0.6926171159235472, 0.6924970622771125, 0.6934587815099368, 0.6936018419246412, 0.6953230254070202, 0.6960104380765206, 0.6964512043420805, 0.6967651154361684, 0.6958830077497103, 0.6959497319768946, 0.6968155763049254, 0.69768967003847, 0.6986857611750754, 0.6990887188994336, 0.7022150454434853, 0.7029304792760858, 0.7032558188286098, 0.7047874278219379, 0.7046758336313874, 0.707311946953888, 0.7096346863940023, 0.710810631737619, 0.7124026479077663, 0.7141806339658485, 0.7148333201891273, 0.7154332425825494, 0.718292631066408, 0.718292631066408, 0.7204522501830813, 0.7212511626818806, 0.7220515542785269, 0.7230172351486073, 0.726136824966828, 0.7287011211487631, 0.7287011211487631, 0.7298243096325288, 0.7298243096325288, 0.7316964782158293, 0.7327580589354223, 0.7327580589354223, 0.7352710033075646, 0.7352710033075646, 0.7352710033075646, 0.7352710033075646, 0.7352710033075646, 0.7352710033075646, 0.7352710033075646, 0.738050337128114, 0.738050337128114, 0.7393244466792332, 0.7411837407189834, 0.7411837407189834, 0.7411837407189834, 0.7411837407189834, 0.7411837407189834, 0.7411837407189834, 0.74295477928196, 0.74295477928196, 0.74295477928196, 0.7490560553505058, 0.7490560553505058, 0.7490560553505058, 0.7508205969704991, 0.7508205969704991, 0.7508205969704991, 0.7508205969704991, 0.7508205969704991, 0.7531483567188786, 0.7531483567188786, 0.7531483567188786, 0.7531483567188786, 0.7531483567188786, 0.7531483567188786, 0.7531483567188786, 0.7531483567188786, 0.7531483567188786, 0.7531483567188786, 0.7531483567188786, 0.7531483567188786]
[0.1339366562816451, 0.15543648505077726, 0.17019046558020784, 0.17012250317680225, 0.17424026502129025, 0.17826022174100986, 0.1759773842801079, 0.1850762955245536, 0.19449160118046205, 0.2018224703253065, 0.20374041615562638, 0.2107544708110972, 0.22054613171655063, 0.22713783042835511, 0.2294954511865655, 0.23228721358974203, 0.2388064205972693, 0.24123638592523436, 0.24423732217116256, 0.25168020573712574, 0.257556587669609, 0.26446737274784493, 0.2707395553789798, 0.27491245542132636, 0.27595973394771484, 0.27765595760031697, 0.28118534481995777, 0.2847660216293751, 0.2911165547596597, 0.29337621820507104, 0.3020969632395787, 0.3038795581935175, 0.3049672107145507, 0.3102480201974295, 0.3100861074506136, 0.31915693591689726, 0.3254811231190572, 0.3320999000587136, 0.3379182836688357, 0.3459636878364668, 0.34672309268396273, 0.34855158293249217, 0.357129467475679, 0.357129467475679, 0.36388627955553476, 0.36535538094926445, 0.3686684708881799, 0.3713769887178765, 0.38118379734041385, 0.3893756242757762, 0.3893756242757762, 0.39258623701177653, 0.39258623701177653, 0.39845309414699015, 0.40177517386984474, 0.40177517386984474, 0.40890453234458934, 0.40890453234458934, 0.40890453234458934, 0.40890453234458934, 0.40890453234458934, 0.40890453234458934, 0.40890453234458934, 0.41766116104652273, 0.41766116104652273, 0.4209645048726781, 0.42702076766438185, 0.42702076766438185, 0.42702076766438185, 0.42702076766438185, 0.42702076766438185, 0.42702076766438185, 0.4319588344870936, 0.4319588344870936, 0.4319588344870936, 0.45165754330360075, 0.45165754330360075, 0.45165754330360075, 0.4569239592636904, 0.4569239592636904, 0.4569239592636904, 0.4569239592636904, 0.4569239592636904, 0.46490968144062367, 0.46490968144062367, 0.46490968144062367, 0.46490968144062367, 0.46490968144062367, 0.46490968144062367, 0.46490968144062367, 0.46490968144062367, 0.46490968144062367, 0.46490968144062367, 0.46490968144062367, 0.46490968144062367]
Training raw path: /home/anhnd/DTI Project/Codes/MPNN/data/KFold/ATCInchikeySideEffectByDrug.txt_train_7
('Number of substructures, proteins, pathways, drugs, se: ', 2936, 1448, 330, 969, 598)
((872, 4714), (97, 4714), (872, 598), (97, 598))
('VALIDATE SUM PROTEIN TRAIN: ', 22445.0)
('VALIDATE SUM PROTEIN TEST: ', 0.0)
Train: 0.9998 0.9991
Test: 0.7415 0.4486
[0.6592156393235691, 0.668354419925074, 0.6647248245996924, 0.6649512259410456, 0.6575632368627539, 0.6608314679277858, 0.6534521586348582, 0.6513444953746342, 0.6542128569965829, 0.653438691594785, 0.6522346461762135, 0.6545782627690272, 0.6568990451421071, 0.6574181631169768, 0.6582234947501834, 0.6590628407089982, 0.6597906572703798, 0.6605146744275308, 0.6615770733714412, 0.6627249670998328, 0.6643493198536787, 0.6670397112693792, 0.6680837277557781, 0.6691577815120295, 0.6706819663385486, 0.6706030032697485, 0.6723201164028836, 0.6738323104857971, 0.6751019812775749, 0.6750486415112356, 0.6782068869770153, 0.679975947255359, 0.6806122402774368, 0.6816797368874745, 0.6822189124482481, 0.6859357581878545, 0.6885928915173963, 0.6910767679557857, 0.6933590051802148, 0.696740163623975, 0.6982173613120258, 0.6990223479023945, 0.7023431689421523, 0.7023431689421523, 0.7035240057130433, 0.7046166382576282, 0.7069870652834016, 0.7081177257562868, 0.7122513322872384, 0.7151158491113605, 0.7151158491113605, 0.7165254769452961, 0.7165254769452961, 0.7189638654458927, 0.7199982381046446, 0.7199982381046446, 0.7224688616336111, 0.7224688616336111, 0.7224688616336111, 0.7224688616336111, 0.7224688616336111, 0.7224688616336111, 0.7224688616336111, 0.7258678238808254, 0.7258678238808254, 0.7276004965934452, 0.729173287568887, 0.729173287568887, 0.729173287568887, 0.729173287568887, 0.729173287568887, 0.729173287568887, 0.7310684109108321, 0.7310684109108321, 0.7310684109108321, 0.7372458971309266, 0.7372458971309266, 0.7372458971309266, 0.7392986274986717, 0.7392986274986717, 0.7392986274986717, 0.7392986274986717, 0.7392986274986717, 0.7415129581242234, 0.7415129581242234, 0.7415129581242234, 0.7415129581242234, 0.7415129581242234, 0.7415129581242234, 0.7415129581242234, 0.7415129581242234, 0.7415129581242234, 0.7415129581242234, 0.7415129581242234, 0.7415129581242234]
[0.14322207057554948, 0.15243466276674814, 0.16126331504440006, 0.16523695269731598, 0.1657197793844387, 0.17353316321776963, 0.17150314115960236, 0.17687325181823954, 0.18209258151749247, 0.184038493394868, 0.1830780601241308, 0.18758861842885283, 0.19650799510147895, 0.20209394924154173, 0.20550512072401023, 0.2095739972156113, 0.21239530437483256, 0.21731650013973391, 0.21827937381824875, 0.22679078580585868, 0.23625963557365526, 0.2409106048264741, 0.24570123428009485, 0.2532305916548326, 0.2563965322306239, 0.2558317053827741, 0.2602556435050161, 0.26698229320071987, 0.27025847401900704, 0.2717580766442751, 0.2802583497061486, 0.2835952634652741, 0.2849526687263429, 0.28704874231367217, 0.28754160496179065, 0.29692569557701204, 0.3047914366764162, 0.31033425445769075, 0.31630769467564757, 0.3241240420203338, 0.3279158327021703, 0.33032133985284906, 0.3378923386150412, 0.3378923386150412, 0.34286509508385055, 0.3462746140475187, 0.352199391596988, 0.35514928680389246, 0.3655859485908628, 0.3737046165144688, 0.3737046165144688, 0.37671795782026873, 0.37671795782026873, 0.3825542480498936, 0.38466942064459797, 0.38466942064459797, 0.3907009985589167, 0.3907009985589167, 0.3907009985589167, 0.3907009985589167, 0.3907009985589167, 0.3907009985589167, 0.3907009985589167, 0.39940983001550523, 0.39940983001550523, 0.40415226976163315, 0.40872373484606933, 0.40872373484606933, 0.40872373484606933, 0.40872373484606933, 0.40872373484606933, 0.40872373484606933, 0.4148425342689253, 0.4148425342689253, 0.4148425342689253, 0.43409266952059283, 0.43409266952059283, 0.43409266952059283, 0.4413585947580826, 0.4413585947580826, 0.4413585947580826, 0.4413585947580826, 0.4413585947580826, 0.44857550565539334, 0.44857550565539334, 0.44857550565539334, 0.44857550565539334, 0.44857550565539334, 0.44857550565539334, 0.44857550565539334, 0.44857550565539334, 0.44857550565539334, 0.44857550565539334, 0.44857550565539334, 0.44857550565539334]
Training raw path: /home/anhnd/DTI Project/Codes/MPNN/data/KFold/ATCInchikeySideEffectByDrug.txt_train_8
('Number of substructures, proteins, pathways, drugs, se: ', 2936, 1448, 330, 969, 598)
((872, 4714), (97, 4714), (872, 598), (97, 598))
('VALIDATE SUM PROTEIN TRAIN: ', 22705.0)
('VALIDATE SUM PROTEIN TEST: ', 0.0)
Train: 0.9997 0.9990
Test: 0.7487 0.4291
[0.6840050253781597, 0.6722992035240141, 0.6691104667596142, 0.6638230441541815, 0.666210824805136, 0.6685804469838282, 0.668333986960647, 0.6661137594833516, 0.6655881684860386, 0.6671048033277136, 0.66769554261246, 0.6673884455198124, 0.6656744741432516, 0.6652945244453661, 0.6650158794573217, 0.6654248517632289, 0.6674809946532791, 0.6683510518958777, 0.6693704372520928, 0.6693943989379535, 0.6722417484598023, 0.6743466938902666, 0.6755474292544915, 0.6772737799448497, 0.6786515248800274, 0.6787034222498355, 0.6807393373178761, 0.6822492211287517, 0.6844793694387297, 0.6851383873562034, 0.6871828561158543, 0.6892388872608679, 0.6894811900511144, 0.6915408922000444, 0.6921812455697969, 0.6963151208529118, 0.6987587473245827, 0.7006328335288174, 0.70227379227767, 0.7051017005375746, 0.7068566441466033, 0.7073927490447268, 0.7102938185217207, 0.7102938185217207, 0.7122003834654735, 0.7133279751685757, 0.7148613793490226, 0.7156857697788497, 0.7191871380306627, 0.7222521541118371, 0.7222521541118371, 0.7232435165917572, 0.7232435165917572, 0.7256486950198988, 0.7269644033250309, 0.7269644033250309, 0.7295048215960735, 0.7295048215960735, 0.7295048215960735, 0.7295048215960735, 0.7295048215960735, 0.7295048215960735, 0.7295048215960735, 0.7327172863765105, 0.7327172863765105, 0.7342796133047742, 0.7360127855861427, 0.7360127855861427, 0.7360127855861427, 0.7360127855861427, 0.7360127855861427, 0.7360127855861427, 0.7378090386454831, 0.7378090386454831, 0.7378090386454831, 0.7441852464358667, 0.7441852464358667, 0.7441852464358667, 0.7463008006547891, 0.7463008006547891, 0.7463008006547891, 0.7463008006547891, 0.7463008006547891, 0.7487077296818762, 0.7487077296818762, 0.7487077296818762, 0.7487077296818762, 0.7487077296818762, 0.7487077296818762, 0.7487077296818762, 0.7487077296818762, 0.7487077296818762, 0.7487077296818762, 0.7487077296818762, 0.7487077296818762]
[0.11385476934140706, 0.11478091646172203, 0.1264428304815259, 0.13417203745520626, 0.1443475051295049, 0.152343162643976, 0.15822410212318547, 0.16405695781033217, 0.17167322902722165, 0.17443186221375298, 0.17774032491082964, 0.1827689922229837, 0.1844867274023474, 0.18785408362893796, 0.1900095747050095, 0.1915746323795047, 0.1946800613370417, 0.19723809943962556, 0.20079879573867965, 0.20575075636279966, 0.2129660136215156, 0.21985654465703452, 0.22386658919081698, 0.22858789047681835, 0.23607713888705623, 0.23588404979713057, 0.24057517300197162, 0.24364164891441592, 0.2499050058156784, 0.25133792806375044, 0.2569712280806964, 0.26150084578222915, 0.2625273993767019, 0.2670914392348487, 0.2692078390792927, 0.2800174140049936, 0.28580924335526203, 0.2906806790506322, 0.2959972751720902, 0.30320109596841527, 0.30798106423055893, 0.30898976059625227, 0.3161098556205058, 0.3161098556205058, 0.32108565244240456, 0.3244905642994457, 0.32836853240848507, 0.3305345947123604, 0.33987710459975495, 0.3477434156012342, 0.3477434156012342, 0.35075746770281896, 0.35075746770281896, 0.35755728874824244, 0.3616290819982385, 0.3616290819982385, 0.36789230535464545, 0.36789230535464545, 0.36789230535464545, 0.36789230535464545, 0.36789230535464545, 0.36789230535464545, 0.36789230535464545, 0.3760129970386845, 0.3760129970386845, 0.3808246957086089, 0.3862338315376437, 0.3862338315376437, 0.3862338315376437, 0.3862338315376437, 0.3862338315376437, 0.3862338315376437, 0.3916279297708955, 0.3916279297708955, 0.3916279297708955, 0.4138729286529374, 0.4138729286529374, 0.4138729286529374, 0.4206105087040003, 0.4206105087040003, 0.4206105087040003, 0.4206105087040003, 0.4206105087040003, 0.4290873216737978, 0.4290873216737978, 0.4290873216737978, 0.4290873216737978, 0.4290873216737978, 0.4290873216737978, 0.4290873216737978, 0.4290873216737978, 0.4290873216737978, 0.4290873216737978, 0.4290873216737978, 0.4290873216737978]
Training raw path: /home/anhnd/DTI Project/Codes/MPNN/data/KFold/ATCInchikeySideEffectByDrug.txt_train_9
('Number of substructures, proteins, pathways, drugs, se: ', 2936, 1448, 330, 969, 598)
((873, 4714), (96, 4714), (873, 598), (96, 598))
('VALIDATE SUM PROTEIN TRAIN: ', 22759.0)
('VALIDATE SUM PROTEIN TEST: ', 0.0)
Train: 0.9996 0.9987
Test: 0.7218 0.4291
[0.5901257510914579, 0.5949881009043313, 0.6050624704227751, 0.6033636153670605, 0.6058448857662972, 0.6053389789186813, 0.6073166391105653, 0.6103606147420606, 0.6126757487210421, 0.613810397314674, 0.6150161655850535, 0.6171553041227407, 0.6227375994493265, 0.6252734922441066, 0.6264712084471854, 0.6301396755041178, 0.6305690353451814, 0.6331085192447511, 0.6339735786043735, 0.6369876358688127, 0.6410642401376551, 0.6433688453119251, 0.6450691845894979, 0.6464883189117042, 0.646983865129007, 0.6474598195824124, 0.65025481386745, 0.6521781936954085, 0.6539642607942828, 0.6552729078200885, 0.658625350283951, 0.6600288979702759, 0.6611685573150885, 0.6629830031647896, 0.6635976191201365, 0.6671164323074525, 0.6694089792523059, 0.6722036232171864, 0.6741772458023125, 0.6774092100595785, 0.6793220214086064, 0.6801243046489069, 0.6837781246221768, 0.6837781246221768, 0.6854940178935678, 0.6863677763984127, 0.6885806712379507, 0.6895481728867003, 0.6934848531737435, 0.6969032268143713, 0.6969032268143713, 0.6976879362040899, 0.6976879362040899, 0.7000821205564121, 0.7010950889380451, 0.7010950889380451, 0.7037057580773018, 0.7037057580773018, 0.7037057580773018, 0.7037057580773018, 0.7037057580773018, 0.7037057580773018, 0.7037057580773018, 0.7067344821625076, 0.7067344821625076, 0.7084454641341817, 0.7101103589389672, 0.7101103589389672, 0.7101103589389672, 0.7101103589389672, 0.7101103589389672, 0.7101103589389672, 0.7119071222189409, 0.7119071222189409, 0.7119071222189409, 0.7176239054236326, 0.7176239054236326, 0.7176239054236326, 0.7196585980228467, 0.7196585980228467, 0.7196585980228467, 0.7196585980228467, 0.7196585980228467, 0.7217597799874808, 0.7217597799874808, 0.7217597799874808, 0.7217597799874808, 0.7217597799874808, 0.7217597799874808, 0.7217597799874808, 0.7217597799874808, 0.7217597799874808, 0.7217597799874808, 0.7217597799874808, 0.7217597799874808]
[0.10610096879542597, 0.11903020202962175, 0.13037366492086327, 0.12946481226658255, 0.13881998884972835, 0.14222319329438574, 0.14980301134916812, 0.15719787757171713, 0.16396353509850353, 0.16807780235716963, 0.16999245642194724, 0.17537468935663342, 0.18677744823964407, 0.19370745548284446, 0.1959516574150383, 0.20243152477547416, 0.20458702938547138, 0.21044776467686704, 0.21195326743720702, 0.2192080424227505, 0.22883132839012596, 0.23417181634213147, 0.24067614878165539, 0.2458414059776571, 0.24797655456023449, 0.24979668193653584, 0.2550751901896559, 0.2602531311604586, 0.26433315179959854, 0.26699027122837876, 0.2731093923735803, 0.2752550029417582, 0.2773202772879483, 0.2815395825484511, 0.28328855355257465, 0.2916729451947524, 0.29639067247278456, 0.30282806938788315, 0.30733853140943046, 0.3151159756340174, 0.31967509738394295, 0.3212106520915967, 0.32951286756348325, 0.32951286756348325, 0.33342636623192173, 0.3351629337085028, 0.3411059605624034, 0.3429771027076628, 0.35157151782583906, 0.3596575786066777, 0.3596575786066777, 0.36183592639468143, 0.36183592639468143, 0.36819604832249886, 0.37034612969417985, 0.37034612969417985, 0.377100166858217, 0.377100166858217, 0.377100166858217, 0.377100166858217, 0.377100166858217, 0.377100166858217, 0.377100166858217, 0.3854610154994329, 0.3854610154994329, 0.38987626667189823, 0.3942153658677432, 0.3942153658677432, 0.3942153658677432, 0.3942153658677432, 0.3942153658677432, 0.3942153658677432, 0.3995432883829316, 0.3995432883829316, 0.3995432883829316, 0.4164161482619284, 0.4164161482619284, 0.4164161482619284, 0.42259111102957997, 0.42259111102957997, 0.42259111102957997, 0.42259111102957997, 0.42259111102957997, 0.4290828708359616, 0.4290828708359616, 0.4290828708359616, 0.4290828708359616, 0.4290828708359616, 0.4290828708359616, 0.4290828708359616, 0.4290828708359616, 0.4290828708359616, 0.4290828708359616, 0.4290828708359616, 0.4290828708359616]
AUC: 0.7413 0.0034
AUPR: 0.4554 0.0058
('RARE AUC', [(0.6408376336912678, 0.009723456963046129), (0.644769071028, 0.008466764968352691), (0.6493335220020965, 0.008447058965225709), (0.6471688603828554, 0.007900333124812734), (0.6472620113133447, 0.007435168383301677), (0.648524449779752, 0.0076483106733670515), (0.6472796196490039, 0.0069580374010557895), (0.6477805321127389, 0.006722859275788717), (0.6493275664214047, 0.0066318888815620446), (0.6508591665850352, 0.006725454619626175), (0.6508486885954514, 0.006656910083963632), (0.6525401305821256, 0.0065064439946084145), (0.6541422568628686, 0.006168724483668015), (0.6556578561214735, 0.006064616189050405), (0.6561774763869893, 0.006013876575635491), (0.6575131027175593, 0.005696578621572283), (0.6586816758581698, 0.005728724819702547), (0.6599358008345818, 0.005538906462166885), (0.6607622276165668, 0.0056038061012489504), (0.6624972322987703, 0.005325070267619281), (0.6654068716830056, 0.005214216487089592), (0.6677693481642135, 0.005049588808294536), (0.6691557154183388, 0.004923906447807766), (0.6710183025591997, 0.004846419289049377), (0.6719213030881873, 0.004756375502802549), (0.6721140834741306, 0.004737308948707912), (0.6742939797307652, 0.004640823912685021), (0.6756933873294376, 0.004525000204345541), (0.6775496964548168, 0.0044578454604646284), (0.6783196462911728, 0.004388923811059006), (0.681446868267291, 0.004278673094357489), (0.6830341712038094, 0.004226363805942394), (0.6836546534578162, 0.004151055624658123), (0.6851800545735913, 0.00419356873728858), (0.6856509276921796, 0.004140940613681102), (0.6896982723328318, 0.004059264525651983), (0.6920261416826528, 0.004055722181899531), (0.6942655391041315, 0.003961622930524176), (0.6961925663320381, 0.0039419549086050585), (0.6989973637882756, 0.003850508297220855), (0.700372060670746, 0.003757198292685508), (0.7011924524084142, 0.003728652051477661), (0.7043088985849829, 0.003639182110659812), (0.7043088985849829, 0.003639182110659812), (0.7059700493334444, 0.0036868593348973943), (0.7069047758269517, 0.0036699121424456638), (0.7087235393264244, 0.003576192641550947), (0.7096926746453839, 0.003551949125567933), (0.7133945168013001, 0.003506695943660955), (0.7164383398514652, 0.003442386800617572), (0.7164383398514652, 0.003442386800617572), (0.7173981382915988, 0.0034699953303821357), (0.7173981382915988, 0.0034699953303821357), (0.7195805939640232, 0.003435465879490713), (0.7207166534630595, 0.003415290230316419), (0.7207166534630595, 0.003415290230316419), (0.7232224974632794, 0.003398271382321924), (0.7232224974632794, 0.003398271382321924), (0.7232224974632794, 0.003398271382321924), (0.7232224974632794, 0.003398271382321924), (0.7232224974632794, 0.003398271382321924), (0.7232224974632794, 0.003398271382321924), (0.7232224974632794, 0.003398271382321924), (0.726281594030245, 0.00338268980400923), (0.726281594030245, 0.00338268980400923), (0.7278465402399983, 0.0033511043833625164), (0.729503315614747, 0.003359563647862683), (0.729503315614747, 0.003359563647862683), (0.729503315614747, 0.003359563647862683), (0.729503315614747, 0.003359563647862683), (0.729503315614747, 0.003359563647862683), (0.729503315614747, 0.003359563647862683), (0.7313927272699547, 0.0033517574485468138), (0.7313927272699547, 0.0033517574485468138), (0.7313927272699547, 0.0033517574485468138), (0.7371763244985627, 0.0033939012835838), (0.7371763244985627, 0.0033939012835838), (0.7371763244985627, 0.0033939012835838), (0.7391628330214223, 0.003379449990869039), (0.7391628330214223, 0.003379449990869039), (0.7391628330214223, 0.003379449990869039), (0.7391628330214223, 0.003379449990869039), (0.7391628330214223, 0.003379449990869039), (0.7413203563428932, 0.003391601100040188), (0.7413203563428932, 0.003391601100040188), (0.7413203563428932, 0.003391601100040188), (0.7413203563428932, 0.003391601100040188), (0.7413203563428932, 0.003391601100040188), (0.7413203563428932, 0.003391601100040188), (0.7413203563428932, 0.003391601100040188), (0.7413203563428932, 0.003391601100040188), (0.7413203563428932, 0.003391601100040188), (0.7413203563428932, 0.003391601100040188), (0.7413203563428932, 0.003391601100040188), (0.7413203563428932, 0.003391601100040188)])
('RARE AUPR', [(0.12700856617395115, 0.0043702198960004065), (0.14291346041651515, 0.0055451009356342704), (0.15297424579842062, 0.0070899280572989535), (0.15529720181977943, 0.00589173636973503), (0.16181187090949217, 0.005125372795417222), (0.16587137875077856, 0.005097778082252949), (0.1704330693758622, 0.005029948875571766), (0.1774263280463692, 0.005147389370636323), (0.1842437039654749, 0.004879839188810827), (0.18882447263206267, 0.005106267759644542), (0.19026808760117586, 0.005099023672834833), (0.19572101206384807, 0.00512028319145601), (0.20402326954915742, 0.005135379118940561), (0.20993899056164814, 0.005077423218003014), (0.21221912063155032, 0.005037363636970671), (0.2160965665076367, 0.0049034624013412605), (0.21971402287328606, 0.005112455046719421), (0.22463975137262882, 0.005081655318761842), (0.22683737923039268, 0.005137364979463573), (0.23485646060945334, 0.005479433409055953), (0.2437524562983972, 0.0054888052405604884), (0.24970673984413314, 0.00552075709366819), (0.2545307167763764, 0.005614898404563052), (0.2608072075008627, 0.005852285652883382), (0.26458321044181815, 0.005951810812128448), (0.265371535879791, 0.005972685835546093), (0.27046147684264216, 0.005948332187174712), (0.2748442436912489, 0.005949718350777405), (0.2802811577067564, 0.005933784116214989), (0.2822961849067801, 0.005936492345808015), (0.2891916162739055, 0.00582606693791526), (0.29270508977134224, 0.005798895076241007), (0.2941027691526733, 0.005793810017024573), (0.2980880456014558, 0.005755046241312326), (0.2995136062104008, 0.005756705367390341), (0.31016088309063145, 0.005941336611625912), (0.3159664958116578, 0.006018455075535229), (0.32222019732369267, 0.006099924201045465), (0.327395442980459, 0.00613199110636097), (0.3350719555196687, 0.006063038740990176), (0.33850128925658535, 0.005927877291964482), (0.34049240865827535, 0.006020271392138373), (0.34844156174312774, 0.0060168239980172514), (0.34844156174312774, 0.0060168239980172514), (0.35337171923178806, 0.006126112286267043), (0.35574975392239383, 0.006059446787945142), (0.3609721927570444, 0.006159590594362659), (0.3634198520015387, 0.00620322096885877), (0.37295957295425597, 0.006227780791185939), (0.38104816231182254, 0.006221287769402925), (0.38104816231182254, 0.006221287769402925), (0.38362329345664486, 0.006231371108804313), (0.38362329345664486, 0.006231371108804313), (0.3896769220802204, 0.0061749284276697985), (0.3927486891064308, 0.006228674936471209), (0.3927486891064308, 0.006228674936471209), (0.3994386618735767, 0.00617311538211199), (0.3994386618735767, 0.00617311538211199), (0.3994386618735767, 0.00617311538211199), (0.3994386618735767, 0.00617311538211199), (0.3994386618735767, 0.00617311538211199), (0.3994386618735767, 0.00617311538211199), (0.3994386618735767, 0.00617311538211199), (0.40784996516403316, 0.006235464794307245), (0.40784996516403316, 0.006235464794307245), (0.41211712033180936, 0.006187554664312119), (0.41720464886802244, 0.0061775092149491066), (0.41720464886802244, 0.0061775092149491066), (0.41720464886802244, 0.0061775092149491066), (0.41720464886802244, 0.0061775092149491066), (0.41720464886802244, 0.0061775092149491066), (0.41720464886802244, 0.0061775092149491066), (0.4233429480256, 0.006210564535948995), (0.4233429480256, 0.006210564535948995), (0.4233429480256, 0.006210564535948995), (0.44170547921842634, 0.005920469665503332), (0.44170547921842634, 0.005920469665503332), (0.44170547921842634, 0.005920469665503332), (0.4481418653029114, 0.005843144113606479), (0.4481418653029114, 0.005843144113606479), (0.4481418653029114, 0.005843144113606479), (0.4481418653029114, 0.005843144113606479), (0.4481418653029114, 0.005843144113606479), (0.45538621883867325, 0.005798944569751954), (0.45538621883867325, 0.005798944569751954), (0.45538621883867325, 0.005798944569751954), (0.45538621883867325, 0.005798944569751954), (0.45538621883867325, 0.005798944569751954), (0.45538621883867325, 0.005798944569751954), (0.45538621883867325, 0.005798944569751954), (0.45538621883867325, 0.005798944569751954), (0.45538621883867325, 0.005798944569751954), (0.45538621883867325, 0.005798944569751954), (0.45538621883867325, 0.005798944569751954), (0.45538621883867325, 0.005798944569751954)])
