CSMF_P
<models.baselines.CSMF.CSMF object at 0x7f24b5d86450>
('Manual torch seed: ', 1772727637)
('Config: ', 'Protein Test: ', True, 'KNN: ', 2)
('EXT MODE: ', True)
Training raw path: /home/anhnd/DTI Project/Codes/MPNN/data/KFold/ATCInchikeySideEffectByDrug.txt_train_0
('Number of substructures, proteins, pathways, drugs, se: ', 2936, 1448, 330, 969, 598)
((872, 4714), (97, 4714), (872, 598), (97, 598))
('VALIDATE SUM PROTEIN TRAIN: ', 0.0)
('VALIDATE SUM PROTEIN TEST: ', 0.0)
Train: 0.9997 0.9990
Test: 0.7475 0.4714
[0.6595482546201231, 0.6666118556277234, 0.6679265214625314, 0.66132122102679, 0.6620743416439359, 0.6624907789140231, 0.6614091184751179, 0.6605023615868209, 0.6618341627343945, 0.6646957562200734, 0.664474875882506, 0.6655533764290295, 0.6666092528067289, 0.6669368051199989, 0.6673243370057387, 0.6680047055935665, 0.6699425892980976, 0.670736046422278, 0.6714995059350636, 0.6744108904842769, 0.6775634238330448, 0.6794539308635622, 0.6810582950269164, 0.683948572166808, 0.6854214484433669, 0.6858645083485309, 0.6867356248544804, 0.6880653255408662, 0.689959298188549, 0.6909599662860206, 0.6939348358086881, 0.6947728985266662, 0.6953266791320397, 0.6966973845180074, 0.6973906333256028, 0.7014812747344696, 0.703097898954106, 0.7053456101939014, 0.707199533301355, 0.7099891794089919, 0.7112769197793047, 0.7121217702625742, 0.7143296574155622, 0.7143296574155622, 0.715954555085597, 0.7167842609228159, 0.7187100885725308, 0.7196128294805043, 0.722860053982437, 0.7257157501862936, 0.7257157501862936, 0.7266505602783223, 0.7266505602783223, 0.7288273556507869, 0.7296237319805583, 0.7296237319805583, 0.7315805230059145, 0.7315805230059145, 0.7315805230059145, 0.7315805230059145, 0.7315805230059145, 0.7315805230059145, 0.7315805230059145, 0.7343600976546456, 0.7343600976546456, 0.7357583867925617, 0.7371404093210518, 0.7371404093210518, 0.7371404093210518, 0.7371404093210518, 0.7371404093210518, 0.7371404093210518, 0.7388185994282337, 0.7388185994282337, 0.7388185994282337, 0.7437390681281493, 0.7437390681281493, 0.7437390681281493, 0.745543644974261, 0.745543644974261, 0.745543644974261, 0.745543644974261, 0.745543644974261, 0.7475343485514061, 0.7475343485514061, 0.7475343485514061, 0.7475343485514061, 0.7475343485514061, 0.7475343485514061, 0.7475343485514061, 0.7475343485514061, 0.7475343485514061, 0.7475343485514061, 0.7475343485514061, 0.7475343485514061]
[0.143265867825667, 0.1720395481058425, 0.17928878647932978, 0.1748340101446058, 0.1781513473939781, 0.18353099702050957, 0.1879047935577159, 0.19307475902951826, 0.19772213507500097, 0.20007863087788388, 0.20243140362126774, 0.20645347577385936, 0.21687915347178793, 0.22190631696439275, 0.22521640076416538, 0.2283019837245128, 0.23149304313958635, 0.23583661036635575, 0.23815693901782586, 0.25019826245356225, 0.25953253231619416, 0.26478048785331254, 0.26841236222632814, 0.27608167072458617, 0.2820619102166142, 0.28302774668468544, 0.28653499264597787, 0.2902955223334479, 0.2963715157016382, 0.2990922179361515, 0.3101902427663509, 0.3134215456242512, 0.3148455716639635, 0.31976286268477183, 0.32213680809777234, 0.3339527587204969, 0.3375466073986363, 0.34518522765019277, 0.3501275976611071, 0.35898488753166646, 0.3626138425153713, 0.36450331087639787, 0.37057431290676457, 0.37057431290676457, 0.37610767053796945, 0.37767190130164896, 0.3840771338985687, 0.38734588520194835, 0.3971825205315063, 0.4057351678446271, 0.4057351678446271, 0.4082977313820112, 0.4082977313820112, 0.4156262486946586, 0.41807574489946653, 0.41807574489946653, 0.4238319781773064, 0.4238319781773064, 0.4238319781773064, 0.4238319781773064, 0.4238319781773064, 0.4238319781773064, 0.4238319781773064, 0.4319574372648308, 0.4319574372648308, 0.43581550124698576, 0.4400469083182351, 0.4400469083182351, 0.4400469083182351, 0.4400469083182351, 0.4400469083182351, 0.4400469083182351, 0.4453168078610537, 0.4453168078610537, 0.4453168078610537, 0.4597838019623482, 0.4597838019623482, 0.4597838019623482, 0.4652708530813786, 0.4652708530813786, 0.4652708530813786, 0.4652708530813786, 0.4652708530813786, 0.4713963048854653, 0.4713963048854653, 0.4713963048854653, 0.4713963048854653, 0.4713963048854653, 0.4713963048854653, 0.4713963048854653, 0.4713963048854653, 0.4713963048854653, 0.4713963048854653, 0.4713963048854653, 0.4713963048854653]
Training raw path: /home/anhnd/DTI Project/Codes/MPNN/data/KFold/ATCInchikeySideEffectByDrug.txt_train_1
('Number of substructures, proteins, pathways, drugs, se: ', 2936, 1448, 330, 969, 598)
((872, 4714), (97, 4714), (872, 598), (97, 598))
('VALIDATE SUM PROTEIN TRAIN: ', 0.0)
('VALIDATE SUM PROTEIN TEST: ', 0.0)
Train: 0.9996 0.9983
Test: 0.7234 0.4392
[0.6422433528561315, 0.6480304369764948, 0.6403682918963776, 0.6354943086017724, 0.6355090480343367, 0.6367921972214942, 0.6343445295470196, 0.6338207643533889, 0.6355422650187519, 0.6369864116863653, 0.6371197655896438, 0.6386623848632226, 0.64029229614956, 0.6418578502927099, 0.6431480296919884, 0.6449932469034891, 0.6452562091728571, 0.6463675250160335, 0.6461452864133773, 0.6455289124816843, 0.6481261949481978, 0.6509953903571088, 0.6508961025407509, 0.6522339570362182, 0.6527507018867185, 0.6528940934910082, 0.6544394935256223, 0.655905316332619, 0.6580585660036667, 0.65912108591507, 0.6624249281779411, 0.665092092524771, 0.6661535001829858, 0.6675538889603972, 0.6679524545117224, 0.67152113968706, 0.6734221214313723, 0.6760576031551122, 0.6777827623845196, 0.6814193937181583, 0.682746750513044, 0.6836684844342755, 0.6872126714722798, 0.6872126714722798, 0.6879021695131662, 0.6890361848696114, 0.6910349256096693, 0.6918667065747011, 0.6950795895007015, 0.6983267432208311, 0.6983267432208311, 0.699140082394641, 0.699140082394641, 0.7012440901177734, 0.7025923727945071, 0.7025923727945071, 0.7050253383854372, 0.7050253383854372, 0.7050253383854372, 0.7050253383854372, 0.7050253383854372, 0.7050253383854372, 0.7050253383854372, 0.7081443553295874, 0.7081443553295874, 0.7097437642165543, 0.7111882841673425, 0.7111882841673425, 0.7111882841673425, 0.7111882841673425, 0.7111882841673425, 0.7111882841673425, 0.7133407371404148, 0.7133407371404148, 0.7133407371404148, 0.7189413803765378, 0.7189413803765378, 0.7189413803765378, 0.7211334594139361, 0.7211334594139361, 0.7211334594139361, 0.7211334594139361, 0.7211334594139361, 0.7234061267728342, 0.7234061267728342, 0.7234061267728342, 0.7234061267728342, 0.7234061267728342, 0.7234061267728342, 0.7234061267728342, 0.7234061267728342, 0.7234061267728342, 0.7234061267728342, 0.7234061267728342, 0.7234061267728342]
[0.12858126014637483, 0.14379186231738386, 0.14120213546881494, 0.14535587587762216, 0.1513326163242833, 0.1532421401034088, 0.15862164120420325, 0.1660442905330843, 0.1728674376449324, 0.17682795716879746, 0.17669679928822912, 0.1811128348414377, 0.18859335713683428, 0.19469052983704005, 0.19751162052741583, 0.20317482402658493, 0.20483321169207994, 0.21079455593405858, 0.21160784185127582, 0.2169074569926484, 0.2263553640287006, 0.23327844673943057, 0.23600917773119184, 0.24119153199728466, 0.24481546304207813, 0.24549805995180496, 0.248621255306619, 0.25339666008904943, 0.2597435501735078, 0.262269928409078, 0.27127863191129586, 0.27660148787190253, 0.2790823680753648, 0.2833033198283477, 0.2854372947450586, 0.2951837912146853, 0.30057676836185465, 0.3096862019701264, 0.31419250234620316, 0.32395901619865214, 0.3282929210487825, 0.3307467824843031, 0.3390733450975772, 0.3390733450975772, 0.342220010704114, 0.34560047078389833, 0.35139783922387363, 0.3536959554976644, 0.3609454386994235, 0.3697807309589646, 0.3697807309589646, 0.3715817787333738, 0.3715817787333738, 0.377840813355354, 0.38104935870592516, 0.38104935870592516, 0.38728765589846514, 0.38728765589846514, 0.38728765589846514, 0.38728765589846514, 0.38728765589846514, 0.38728765589846514, 0.38728765589846514, 0.3950594476205158, 0.3950594476205158, 0.3987031063131451, 0.40287433792285454, 0.40287433792285454, 0.40287433792285454, 0.40287433792285454, 0.40287433792285454, 0.40287433792285454, 0.40957886662048143, 0.40957886662048143, 0.40957886662048143, 0.4256127343386429, 0.4256127343386429, 0.4256127343386429, 0.4322813874986331, 0.4322813874986331, 0.4322813874986331, 0.4322813874986331, 0.4322813874986331, 0.43923997767352907, 0.43923997767352907, 0.43923997767352907, 0.43923997767352907, 0.43923997767352907, 0.43923997767352907, 0.43923997767352907, 0.43923997767352907, 0.43923997767352907, 0.43923997767352907, 0.43923997767352907, 0.43923997767352907]
Training raw path: /home/anhnd/DTI Project/Codes/MPNN/data/KFold/ATCInchikeySideEffectByDrug.txt_train_2
('Number of substructures, proteins, pathways, drugs, se: ', 2936, 1448, 330, 969, 598)
((872, 4714), (97, 4714), (872, 598), (97, 598))
('VALIDATE SUM PROTEIN TRAIN: ', 0.0)
('VALIDATE SUM PROTEIN TEST: ', 0.0)
Train: 0.9997 0.9988
Test: 0.7299 0.4749
[0.6421001881369, 0.6398530794767402, 0.6410832863577187, 0.6427097595863324, 0.642557646211633, 0.6435313649689156, 0.6448209245199411, 0.6486128732278387, 0.6478836044890761, 0.6463222189853997, 0.6467895039488085, 0.6492352882749564, 0.6484245853759131, 0.6501023698804288, 0.6504002296058425, 0.6524521554470232, 0.6536265136236461, 0.6547120271489422, 0.6546873978364282, 0.6568119504698784, 0.6592448709198689, 0.6615446760788259, 0.6629202737682192, 0.6654981147362189, 0.667066831092436, 0.6672593527804742, 0.6689550300723768, 0.6705129084773981, 0.672189697821178, 0.6729521766542642, 0.6752369793455881, 0.6768039056196433, 0.6775529865531187, 0.6786064121995723, 0.6792154411767426, 0.6835215036077925, 0.68597799865613, 0.687821097623434, 0.6897278328670235, 0.6916151776078556, 0.692850076108944, 0.6939628581499071, 0.6967723099817338, 0.6967723099817338, 0.6983636214192532, 0.6991427697595503, 0.7008855810059158, 0.7019022047473717, 0.7054263765750488, 0.7080862140993718, 0.7080862140993718, 0.708650322854798, 0.708650322854798, 0.7103776140502891, 0.7115492638572983, 0.7115492638572983, 0.7135935370035497, 0.7135935370035497, 0.7135935370035497, 0.7135935370035497, 0.7135935370035497, 0.7135935370035497, 0.7135935370035497, 0.7164011391163162, 0.7164011391163162, 0.71789252392887, 0.7193782569335653, 0.7193782569335653, 0.7193782569335653, 0.7193782569335653, 0.7193782569335653, 0.7193782569335653, 0.7211514673230917, 0.7211514673230917, 0.7211514673230917, 0.7261697613928512, 0.7261697613928512, 0.7261697613928512, 0.7279621626990946, 0.7279621626990946, 0.7279621626990946, 0.7279621626990946, 0.7279621626990946, 0.7299119530809018, 0.7299119530809018, 0.7299119530809018, 0.7299119530809018, 0.7299119530809018, 0.7299119530809018, 0.7299119530809018, 0.7299119530809018, 0.7299119530809018, 0.7299119530809018, 0.7299119530809018, 0.7299119530809018]
[0.1540961487663383, 0.16946699113831193, 0.19192514750088194, 0.195235735759007, 0.20167077577991083, 0.20631566079343, 0.21090251665467596, 0.21901507818948432, 0.22203253884241367, 0.2245081567190031, 0.22529142358697446, 0.23077985586656907, 0.2363370052306995, 0.24005311708324886, 0.24266775433132703, 0.24761774074914247, 0.2510076691571718, 0.2557429731213002, 0.25617015206887694, 0.26842821609187173, 0.27757798162275615, 0.2839501488335678, 0.29037319539816414, 0.2981535956532591, 0.30426085903557715, 0.30457085572955117, 0.30937796357012626, 0.3144874401581245, 0.31999760396180177, 0.32162773060762084, 0.3269843843777091, 0.33017728127076695, 0.33186830106587795, 0.3341191441139659, 0.3355620845116632, 0.3466759400978463, 0.35315821227154365, 0.35924879873223725, 0.36468135079831315, 0.369348436593662, 0.37257412394607825, 0.3751968800354054, 0.38251206616624583, 0.38251206616624583, 0.3875054462747817, 0.3894530444887077, 0.394265790909162, 0.39665301850620693, 0.40605663610181014, 0.41342172733653415, 0.41342172733653415, 0.4153118150974819, 0.4153118150974819, 0.4194572331313137, 0.4228018400446828, 0.4228018400446828, 0.4277389717021986, 0.4277389717021986, 0.4277389717021986, 0.4277389717021986, 0.4277389717021986, 0.4277389717021986, 0.4277389717021986, 0.4355711547526532, 0.4355711547526532, 0.43957222198376483, 0.4435803965190852, 0.4435803965190852, 0.4435803965190852, 0.4435803965190852, 0.4435803965190852, 0.4435803965190852, 0.4490539634843131, 0.4490539634843131, 0.4490539634843131, 0.4636985150911334, 0.4636985150911334, 0.4636985150911334, 0.46880967103483334, 0.46880967103483334, 0.46880967103483334, 0.46880967103483334, 0.46880967103483334, 0.474864347855422, 0.474864347855422, 0.474864347855422, 0.474864347855422, 0.474864347855422, 0.474864347855422, 0.474864347855422, 0.474864347855422, 0.474864347855422, 0.474864347855422, 0.474864347855422, 0.474864347855422]
Training raw path: /home/anhnd/DTI Project/Codes/MPNN/data/KFold/ATCInchikeySideEffectByDrug.txt_train_3
('Number of substructures, proteins, pathways, drugs, se: ', 2936, 1448, 330, 969, 598)
((872, 4714), (97, 4714), (872, 598), (97, 598))
('VALIDATE SUM PROTEIN TRAIN: ', 0.0)
('VALIDATE SUM PROTEIN TEST: ', 0.0)
Train: 0.9996 0.9985
Test: 0.7243 0.4124
[0.6170046476962314, 0.6295937062069656, 0.6261339091578447, 0.6306109224362408, 0.6338975876719165, 0.633345563147832, 0.632170486437252, 0.6332785745783592, 0.6349530680134986, 0.6360084773561266, 0.6357175545830013, 0.6384931798298488, 0.6399242280975191, 0.642162012312307, 0.6433086509628949, 0.6438229468972132, 0.645147840428703, 0.6456115459598281, 0.6463922540488873, 0.6492965197884624, 0.6526247365606577, 0.6559886789657845, 0.6576001288209978, 0.659519524459468, 0.6593218230932771, 0.6597060381962933, 0.6625710981194792, 0.6626666760334341, 0.6642319481257963, 0.6650287086079305, 0.6681801369541016, 0.6688480345738692, 0.6693416858684427, 0.6705694735201898, 0.6709965673378728, 0.6748263022722198, 0.6769792721310022, 0.6786761865780536, 0.6803862107904335, 0.6829280937739235, 0.6838459542301785, 0.6848285794512768, 0.6878191212610846, 0.6878191212610846, 0.689481812899396, 0.6904170058448681, 0.6918510706363616, 0.6930488754330948, 0.6965852471467935, 0.6998167057579987, 0.6998167057579987, 0.7006795992900783, 0.7006795992900783, 0.7026388716098375, 0.7037869716419073, 0.7037869716419073, 0.706156135737426, 0.706156135737426, 0.706156135737426, 0.706156135737426, 0.706156135737426, 0.706156135737426, 0.706156135737426, 0.7091244023507717, 0.7091244023507717, 0.7107345633468841, 0.7123849249726666, 0.7123849249726666, 0.7123849249726666, 0.7123849249726666, 0.7123849249726666, 0.7123849249726666, 0.7142546126222089, 0.7142546126222089, 0.7142546126222089, 0.720187652207148, 0.720187652207148, 0.720187652207148, 0.7222449769565145, 0.7222449769565145, 0.7222449769565145, 0.7222449769565145, 0.7222449769565145, 0.7243395658576106, 0.7243395658576106, 0.7243395658576106, 0.7243395658576106, 0.7243395658576106, 0.7243395658576106, 0.7243395658576106, 0.7243395658576106, 0.7243395658576106, 0.7243395658576106, 0.7243395658576106, 0.7243395658576106]
[0.10164487588610778, 0.11446029785693129, 0.12170502450887, 0.12902544560076243, 0.13852293942175922, 0.14203580771116553, 0.14646765988805982, 0.15486701321553864, 0.16420488914215114, 0.16969011583471244, 0.17238011029698974, 0.1786605558285021, 0.18589486853986942, 0.19200270792357493, 0.19401958041489437, 0.19705622259454678, 0.20137982909050697, 0.2044930436175307, 0.20613276976022765, 0.21440164975034595, 0.22241856255332715, 0.2281760732487107, 0.23419744875938098, 0.23899022256293972, 0.24021784139285618, 0.2413428359788292, 0.24821457674269964, 0.2510298148046128, 0.25456311883926197, 0.2555393220245387, 0.26188329169824887, 0.2643190592402994, 0.26521850270875574, 0.26835831538544086, 0.2693782192791477, 0.2786255104507126, 0.283765308835328, 0.28852640600666085, 0.29320928610651203, 0.30035783926866866, 0.3024850255754658, 0.3048131345511912, 0.31246518429625914, 0.31246518429625914, 0.3166981695543216, 0.3190394809834698, 0.3233391134052952, 0.325959759680796, 0.335174634660359, 0.34343256941876216, 0.34343256941876216, 0.34584160067578185, 0.34584160067578185, 0.35084670305099586, 0.35389731840882444, 0.35389731840882444, 0.35980190698018943, 0.35980190698018943, 0.35980190698018943, 0.35980190698018943, 0.35980190698018943, 0.35980190698018943, 0.35980190698018943, 0.3676044849921992, 0.3676044849921992, 0.37165004919966604, 0.376333762210234, 0.376333762210234, 0.376333762210234, 0.376333762210234, 0.376333762210234, 0.376333762210234, 0.38204461939984247, 0.38204461939984247, 0.38204461939984247, 0.3998064332543656, 0.3998064332543656, 0.3998064332543656, 0.4059851030732388, 0.4059851030732388, 0.4059851030732388, 0.4059851030732388, 0.4059851030732388, 0.4123624734644303, 0.4123624734644303, 0.4123624734644303, 0.4123624734644303, 0.4123624734644303, 0.4123624734644303, 0.4123624734644303, 0.4123624734644303, 0.4123624734644303, 0.4123624734644303, 0.4123624734644303, 0.4123624734644303]
Training raw path: /home/anhnd/DTI Project/Codes/MPNN/data/KFold/ATCInchikeySideEffectByDrug.txt_train_4
('Number of substructures, proteins, pathways, drugs, se: ', 2936, 1448, 330, 969, 598)
((872, 4714), (97, 4714), (872, 598), (97, 598))
('VALIDATE SUM PROTEIN TRAIN: ', 0.0)
('VALIDATE SUM PROTEIN TEST: ', 0.0)
Train: 0.9996 0.9987
Test: 0.7543 0.4495
[0.6650347292773654, 0.6464497109446272, 0.6586605558559046, 0.6527884118792602, 0.654295854504736, 0.655973684092351, 0.6539350588074784, 0.6596802162314653, 0.6627091845908825, 0.6656218955508347, 0.6658988920779311, 0.6663976863710431, 0.6687021556615961, 0.6707154131870653, 0.6712594927786352, 0.6719086664596061, 0.6732902767842704, 0.6743142557709337, 0.6750827153953497, 0.6762890017131102, 0.6799765591055806, 0.6821884590039522, 0.6837168681733831, 0.6864649120308497, 0.6878104640920438, 0.687952648277834, 0.6904468322188085, 0.6917047515465753, 0.6938831454276335, 0.6946834653021624, 0.696654026896617, 0.6980117886880468, 0.6981770734611517, 0.7002557310846329, 0.7007245696407449, 0.7047732576816098, 0.7066364380008701, 0.70907960406756, 0.7109797445847601, 0.7140038290231306, 0.7150373973458439, 0.7159395995599654, 0.7189268248342309, 0.7189268248342309, 0.7206511898577381, 0.7214726089474013, 0.7231837237997264, 0.7239004113331615, 0.7276072826560834, 0.7306194248810627, 0.7306194248810627, 0.7315455067576994, 0.7315455067576994, 0.7333802047205505, 0.734243849561896, 0.734243849561896, 0.7365628801215223, 0.7365628801215223, 0.7365628801215223, 0.7365628801215223, 0.7365628801215223, 0.7365628801215223, 0.7365628801215223, 0.7395183946767759, 0.7395183946767759, 0.7409446708845883, 0.7426100451237849, 0.7426100451237849, 0.7426100451237849, 0.7426100451237849, 0.7426100451237849, 0.7426100451237849, 0.7444281420223745, 0.7444281420223745, 0.7444281420223745, 0.7503348627215253, 0.7503348627215253, 0.7503348627215253, 0.7522271317483112, 0.7522271317483112, 0.7522271317483112, 0.7522271317483112, 0.7522271317483112, 0.7542861544276283, 0.7542861544276283, 0.7542861544276283, 0.7542861544276283, 0.7542861544276283, 0.7542861544276283, 0.7542861544276283, 0.7542861544276283, 0.7542861544276283, 0.7542861544276283, 0.7542861544276283, 0.7542861544276283]
[0.13059801444906832, 0.14112373087219457, 0.15800745494432966, 0.15896918718323294, 0.16206383231689533, 0.1686749324443678, 0.1733410831784657, 0.18752924646035757, 0.19566093592042377, 0.2047642406868163, 0.20517845188597927, 0.21011839457439258, 0.21828066413581304, 0.22256887937260456, 0.22593073805666455, 0.2289305768313377, 0.23240425648009538, 0.23645275312497674, 0.23886631599012487, 0.24556996022816424, 0.2531776753409419, 0.25997543886532337, 0.2644943499666509, 0.27138154439874085, 0.27362565313785286, 0.27417478146957597, 0.27881298545573713, 0.28324815877185994, 0.28879832826124857, 0.29068071897763903, 0.2937733816457019, 0.2972867821910023, 0.29820077332648054, 0.3029998130363478, 0.30510887068564463, 0.31458202115606154, 0.3185120491081504, 0.32358949183011376, 0.3279044560744489, 0.33505227877412896, 0.33788461956809923, 0.33953037654857565, 0.3473485405158043, 0.3473485405158043, 0.35216929005470354, 0.35452821292636155, 0.3594456692984402, 0.36135817700172623, 0.37172038148327646, 0.3791227261504615, 0.3791227261504615, 0.38160825733489967, 0.38160825733489967, 0.38589701590533676, 0.38812278662384636, 0.38812278662384636, 0.3936451674518483, 0.3936451674518483, 0.3936451674518483, 0.3936451674518483, 0.3936451674518483, 0.3936451674518483, 0.3936451674518483, 0.4021162353422842, 0.4021162353422842, 0.4065001393019836, 0.41151511447115763, 0.41151511447115763, 0.41151511447115763, 0.41151511447115763, 0.41151511447115763, 0.41151511447115763, 0.4175726779238498, 0.4175726779238498, 0.4175726779238498, 0.43671960670243054, 0.43671960670243054, 0.43671960670243054, 0.44261684248125893, 0.44261684248125893, 0.44261684248125893, 0.44261684248125893, 0.44261684248125893, 0.4495044933828968, 0.4495044933828968, 0.4495044933828968, 0.4495044933828968, 0.4495044933828968, 0.4495044933828968, 0.4495044933828968, 0.4495044933828968, 0.4495044933828968, 0.4495044933828968, 0.4495044933828968, 0.4495044933828968]
Training raw path: /home/anhnd/DTI Project/Codes/MPNN/data/KFold/ATCInchikeySideEffectByDrug.txt_train_5
('Number of substructures, proteins, pathways, drugs, se: ', 2936, 1448, 330, 969, 598)
((872, 4714), (97, 4714), (872, 598), (97, 598))
('VALIDATE SUM PROTEIN TRAIN: ', 0.0)
('VALIDATE SUM PROTEIN TEST: ', 0.0)
Train: 0.9997 0.9989
Test: 0.7428 0.4376
[0.6591359532272715, 0.6609409266416328, 0.6546449193154251, 0.6584645617500926, 0.6613101137831984, 0.6635888230074942, 0.6640899525909351, 0.661303673767159, 0.662890168540144, 0.6632233383456152, 0.663034971601111, 0.6652078455689483, 0.6667164967257715, 0.6670214740496634, 0.6670275413544571, 0.6674849048534721, 0.668569051360497, 0.6697533071775377, 0.6699119033645746, 0.6716724685952202, 0.6749276793622232, 0.6768801196983825, 0.6784500393108006, 0.6803139528789648, 0.6805167171594977, 0.6805860860613575, 0.6832949953655965, 0.684622971930785, 0.6860680840589534, 0.6863934460864929, 0.6890624566701431, 0.6898538462485622, 0.6903945116586017, 0.6914697108029861, 0.691940592328617, 0.6962921438283647, 0.6982538057812697, 0.6999149963368332, 0.701872009476088, 0.7041568577892534, 0.7049278862995445, 0.7054365415537363, 0.7081301422200674, 0.7081301422200674, 0.7098639644393525, 0.7106430521463065, 0.7120571218805628, 0.7128437481145316, 0.7160239888879907, 0.7185845737429183, 0.7185845737429183, 0.7194277119347718, 0.7194277119347718, 0.7216905286202395, 0.7226857525632959, 0.7226857525632959, 0.7253421404307925, 0.7253421404307925, 0.7253421404307925, 0.7253421404307925, 0.7253421404307925, 0.7253421404307925, 0.7253421404307925, 0.7280667796336071, 0.7280667796336071, 0.729432193620392, 0.7312369286761013, 0.7312369286761013, 0.7312369286761013, 0.7312369286761013, 0.7312369286761013, 0.7312369286761013, 0.7332962567325831, 0.7332962567325831, 0.7332962567325831, 0.738849243949951, 0.738849243949951, 0.738849243949951, 0.7407546170122097, 0.7407546170122097, 0.7407546170122097, 0.7407546170122097, 0.7407546170122097, 0.7428235944784009, 0.7428235944784009, 0.7428235944784009, 0.7428235944784009, 0.7428235944784009, 0.7428235944784009, 0.7428235944784009, 0.7428235944784009, 0.7428235944784009, 0.7428235944784009, 0.7428235944784009, 0.7428235944784009]
[0.12025915335242719, 0.13999728716323998, 0.13628150182835208, 0.14096441409016577, 0.14919634853527414, 0.15200219934577858, 0.16360098355661407, 0.16643904123742526, 0.17242512119906253, 0.1773754773437063, 0.18044751637237666, 0.18674985653634246, 0.19406451304951783, 0.1980185063622641, 0.19934088128853134, 0.20352932538397067, 0.20732748597126843, 0.2153909979392149, 0.2154895358522822, 0.22493072694426042, 0.23314487738887998, 0.23555822510282443, 0.24228412691380452, 0.24925364420585044, 0.2519075082934854, 0.25241516256563795, 0.259743660164531, 0.26560304975677174, 0.2700868897749624, 0.27246905677668143, 0.2776745754229525, 0.28072159139275377, 0.28204280744070465, 0.284366620510544, 0.2850621765867243, 0.29747287439772674, 0.3030907593418089, 0.3074477662929042, 0.3136770205597258, 0.31992600572386026, 0.322286127993961, 0.32427314880076064, 0.3311201186801717, 0.3311201186801717, 0.33720700225193306, 0.33993010630807874, 0.3444038449418966, 0.3462672699163084, 0.3574160595707888, 0.3647072846184488, 0.3647072846184488, 0.3667740014337596, 0.3667740014337596, 0.37390999226988036, 0.37708417131275507, 0.37708417131275507, 0.38504621089718716, 0.38504621089718716, 0.38504621089718716, 0.38504621089718716, 0.38504621089718716, 0.38504621089718716, 0.38504621089718716, 0.39289656795600153, 0.39289656795600153, 0.3961518193912369, 0.4020118658140051, 0.4020118658140051, 0.4020118658140051, 0.4020118658140051, 0.4020118658140051, 0.4020118658140051, 0.40891178926257243, 0.40891178926257243, 0.40891178926257243, 0.4255226208780726, 0.4255226208780726, 0.4255226208780726, 0.4312627601310462, 0.4312627601310462, 0.4312627601310462, 0.4312627601310462, 0.4312627601310462, 0.4376382266539831, 0.4376382266539831, 0.4376382266539831, 0.4376382266539831, 0.4376382266539831, 0.4376382266539831, 0.4376382266539831, 0.4376382266539831, 0.4376382266539831, 0.4376382266539831, 0.4376382266539831, 0.4376382266539831]
Training raw path: /home/anhnd/DTI Project/Codes/MPNN/data/KFold/ATCInchikeySideEffectByDrug.txt_train_6
('Number of substructures, proteins, pathways, drugs, se: ', 2936, 1448, 330, 969, 598)
((872, 4714), (97, 4714), (872, 598), (97, 598))
('VALIDATE SUM PROTEIN TRAIN: ', 0.0)
('VALIDATE SUM PROTEIN TEST: ', 0.0)
Train: 0.9998 0.9991
Test: 0.7509 0.4488
[0.67079022672243, 0.6867370377181531, 0.7028248974184981, 0.6982158054002335, 0.69521553576899, 0.6945683182849687, 0.6919139202751111, 0.6944027178540051, 0.6949698740648041, 0.6954537810290696, 0.6952133018460699, 0.6957962212227394, 0.6948700912620318, 0.6953098949881223, 0.6953268243936059, 0.6950164441767355, 0.6959363439762476, 0.6960294611601796, 0.6965760446613206, 0.696911863107937, 0.6986648461790981, 0.6997518281693969, 0.7008703082566514, 0.7007750308805121, 0.6999562631135234, 0.7000075064682196, 0.699776598797599, 0.6997139946488815, 0.700289447963113, 0.700478080292178, 0.7023704171569639, 0.7028726797754431, 0.7035422681331465, 0.7047817316875256, 0.704777026452599, 0.7074912703944338, 0.7094811099103859, 0.7113955100445666, 0.7130216920094059, 0.7155511374212005, 0.7159236962503079, 0.7164993756118294, 0.7191683525048075, 0.7191683525048075, 0.7206563354297661, 0.7213205694728295, 0.722337046350209, 0.7233528682856347, 0.7258563256691666, 0.7282850157950349, 0.7282850157950349, 0.7293561795536947, 0.7293561795536947, 0.7308470066697231, 0.7317650666340418, 0.7317650666340418, 0.7337065625370575, 0.7337065625370575, 0.7337065625370575, 0.7337065625370575, 0.7337065625370575, 0.7337065625370575, 0.7337065625370575, 0.7364013310801651, 0.7364013310801651, 0.737646216079695, 0.7395258445281926, 0.7395258445281926, 0.7395258445281926, 0.7395258445281926, 0.7395258445281926, 0.7395258445281926, 0.7411528294626153, 0.7411528294626153, 0.7411528294626153, 0.7469536054241981, 0.7469536054241981, 0.7469536054241981, 0.7486411310804614, 0.7486411310804614, 0.7486411310804614, 0.7486411310804614, 0.7486411310804614, 0.7509090090047834, 0.7509090090047834, 0.7509090090047834, 0.7509090090047834, 0.7509090090047834, 0.7509090090047834, 0.7509090090047834, 0.7509090090047834, 0.7509090090047834, 0.7509090090047834, 0.7509090090047834, 0.7509090090047834]
[0.13897971757338073, 0.15553243487699048, 0.1719625929011241, 0.17114417863407536, 0.17471545858176318, 0.17960140068326963, 0.17948360387953216, 0.18960261809070705, 0.19743540847444252, 0.20299061933897833, 0.20704207548933334, 0.21454712877808665, 0.22076272196647115, 0.22695347765104812, 0.22946802788067233, 0.2327565433581562, 0.23847245386076138, 0.24153943384011373, 0.24498321629239758, 0.251653536918395, 0.25756129006262274, 0.26410541760553974, 0.27039729349750136, 0.27369282333769196, 0.27575890297827804, 0.2772739373689832, 0.2797351984310155, 0.28229807545063107, 0.28777757716805, 0.29000018236948244, 0.29805995594394263, 0.2997866179488685, 0.3013507866747026, 0.30649163398528817, 0.30686373328326305, 0.31516040162279724, 0.3198415356400653, 0.32584797089327056, 0.33105429340086534, 0.3399303775890288, 0.3414042777239246, 0.342939958769669, 0.3508710518033467, 0.3508710518033467, 0.3566436168232707, 0.3576370596663984, 0.3608639780678299, 0.363415369223605, 0.37276854402435766, 0.38090056178170795, 0.38090056178170795, 0.38358085718471996, 0.38358085718471996, 0.38887125171197157, 0.3916784263766574, 0.3916784263766574, 0.39820080322149115, 0.39820080322149115, 0.39820080322149115, 0.39820080322149115, 0.39820080322149115, 0.39820080322149115, 0.39820080322149115, 0.40636237458209357, 0.40636237458209357, 0.409624877568108, 0.41522029831347884, 0.41522029831347884, 0.41522029831347884, 0.41522029831347884, 0.41522029831347884, 0.41522029831347884, 0.419390561603529, 0.419390561603529, 0.419390561603529, 0.4368207085069744, 0.4368207085069744, 0.4368207085069744, 0.4416990739651575, 0.4416990739651575, 0.4416990739651575, 0.4416990739651575, 0.4416990739651575, 0.44876290833775073, 0.44876290833775073, 0.44876290833775073, 0.44876290833775073, 0.44876290833775073, 0.44876290833775073, 0.44876290833775073, 0.44876290833775073, 0.44876290833775073, 0.44876290833775073, 0.44876290833775073, 0.44876290833775073]
Training raw path: /home/anhnd/DTI Project/Codes/MPNN/data/KFold/ATCInchikeySideEffectByDrug.txt_train_7
('Number of substructures, proteins, pathways, drugs, se: ', 2936, 1448, 330, 969, 598)
((872, 4714), (97, 4714), (872, 598), (97, 598))
('VALIDATE SUM PROTEIN TRAIN: ', 0.0)
('VALIDATE SUM PROTEIN TEST: ', 0.0)
Train: 0.9998 0.9991
Test: 0.7297 0.4157
[0.658003239962693, 0.6693640435099211, 0.6643552321563861, 0.6613292422315336, 0.6550304686135431, 0.6595635426440968, 0.654887631770555, 0.654633717266971, 0.6552391509564957, 0.6550699783561204, 0.6531048965412494, 0.6548355109472632, 0.6551368747050418, 0.6555728405143425, 0.6557090191058064, 0.656538142183246, 0.6572918093135175, 0.6572976065549612, 0.6575782889731123, 0.6580656709694347, 0.6603820846732874, 0.6612335252816276, 0.6630916904944446, 0.6646473866896483, 0.6660335249021525, 0.6659918132915164, 0.6677051745180242, 0.6694661626756713, 0.6704706345929081, 0.670259022218958, 0.673278826805569, 0.674241791705027, 0.674619274021109, 0.6753097743633446, 0.6757780518776206, 0.6789115987194496, 0.6816999578175792, 0.6836945717917584, 0.6856248363225468, 0.688179125554383, 0.689384429582812, 0.6903453579878963, 0.6929451868617272, 0.6929451868617272, 0.6944558647801626, 0.6955607659904682, 0.697495350477638, 0.6985176524523485, 0.7024151432611321, 0.7050951527924358, 0.7050951527924358, 0.706271226135962, 0.706271226135962, 0.7081827078585661, 0.7091655181613744, 0.7091655181613744, 0.7111185139296339, 0.7111185139296339, 0.7111185139296339, 0.7111185139296339, 0.7111185139296339, 0.7111185139296339, 0.7111185139296339, 0.7144695395934886, 0.7144695395934886, 0.7160389389980315, 0.7174436022779165, 0.7174436022779165, 0.7174436022779165, 0.7174436022779165, 0.7174436022779165, 0.7174436022779165, 0.719327342230178, 0.719327342230178, 0.719327342230178, 0.725396580620989, 0.725396580620989, 0.725396580620989, 0.7274501408467711, 0.7274501408467711, 0.7274501408467711, 0.7274501408467711, 0.7274501408467711, 0.7296682053283531, 0.7296682053283531, 0.7296682053283531, 0.7296682053283531, 0.7296682053283531, 0.7296682053283531, 0.7296682053283531, 0.7296682053283531, 0.7296682053283531, 0.7296682053283531, 0.7296682053283531, 0.7296682053283531]
[0.12707241406714803, 0.13894883154598686, 0.14232548323343455, 0.14809304649514465, 0.15241625445547075, 0.15857986988029155, 0.15784696764312664, 0.1599126128035604, 0.16346125498615638, 0.16525615826326942, 0.16385482784047642, 0.16809072598818278, 0.17674253302023699, 0.18096893848756104, 0.18313041416781933, 0.18615326816424832, 0.18902747872335535, 0.19461459519119187, 0.19537412673390347, 0.20363074760401342, 0.21193719248998405, 0.21548840018514548, 0.22215631993166396, 0.228893222298824, 0.23229456952264121, 0.2316531556036873, 0.23589459580885463, 0.24263153307383528, 0.24676463595499204, 0.24741832796009608, 0.2564663724744774, 0.2588626269153133, 0.26046128117935413, 0.26312719963742515, 0.2643856792275814, 0.2732458732467547, 0.28068004818249376, 0.2859888903603448, 0.2922438330132311, 0.2997759964134629, 0.3034941705539018, 0.30577588691995344, 0.31330630237018553, 0.31330630237018553, 0.3187118986223022, 0.32184105479686087, 0.32794289851925684, 0.3304312050125441, 0.34172739521037393, 0.3499241944764364, 0.3499241944764364, 0.35255775300593184, 0.35255775300593184, 0.3577962597560631, 0.360183497829073, 0.360183497829073, 0.3653382131883418, 0.3653382131883418, 0.3653382131883418, 0.3653382131883418, 0.3653382131883418, 0.3653382131883418, 0.3653382131883418, 0.3736331818349786, 0.3736331818349786, 0.37743136497308516, 0.3813302336176329, 0.3813302336176329, 0.3813302336176329, 0.3813302336176329, 0.3813302336176329, 0.3813302336176329, 0.3866038668001994, 0.3866038668001994, 0.3866038668001994, 0.40325902745135456, 0.40325902745135456, 0.40325902745135456, 0.40951603069770526, 0.40951603069770526, 0.40951603069770526, 0.40951603069770526, 0.40951603069770526, 0.41573547019548235, 0.41573547019548235, 0.41573547019548235, 0.41573547019548235, 0.41573547019548235, 0.41573547019548235, 0.41573547019548235, 0.41573547019548235, 0.41573547019548235, 0.41573547019548235, 0.41573547019548235, 0.41573547019548235]
Training raw path: /home/anhnd/DTI Project/Codes/MPNN/data/KFold/ATCInchikeySideEffectByDrug.txt_train_8
('Number of substructures, proteins, pathways, drugs, se: ', 2936, 1448, 330, 969, 598)
((872, 4714), (97, 4714), (872, 598), (97, 598))
('VALIDATE SUM PROTEIN TRAIN: ', 0.0)
('VALIDATE SUM PROTEIN TEST: ', 0.0)
Train: 0.9997 0.9990
Test: 0.7416 0.4084
[0.6908194381627218, 0.688724478347443, 0.6812908061345367, 0.673653383051388, 0.6721096659023982, 0.6742075653611553, 0.6733749062917304, 0.6721513257499596, 0.671481715738678, 0.6713321620442364, 0.6725054593284451, 0.671774576908536, 0.6684856165340085, 0.668685324429359, 0.6690578475609374, 0.6690068589858333, 0.6705412200993555, 0.6713692874273275, 0.6723398255904713, 0.6724371348223178, 0.674477832703416, 0.6765852380167334, 0.6763559145728414, 0.6782868068575686, 0.6790087017881549, 0.6793039939208049, 0.6808574712545747, 0.6819259079316298, 0.6834347960556806, 0.6837224711122756, 0.6858208594494725, 0.6875239465041307, 0.6872700206313502, 0.6891370607925117, 0.6898079968630152, 0.69352560876816, 0.6957660398952916, 0.6969576675684634, 0.6977622847460445, 0.7002988885373895, 0.7019638183230763, 0.7024589633076327, 0.7046731157539015, 0.7046731157539015, 0.7063800918991123, 0.707147452827181, 0.7082679948609332, 0.7092886579215295, 0.7132173659487454, 0.715982565089915, 0.715982565089915, 0.7170024470493856, 0.7170024470493856, 0.7190082501824909, 0.7202773204445593, 0.7202773204445593, 0.7226369046357715, 0.7226369046357715, 0.7226369046357715, 0.7226369046357715, 0.7226369046357715, 0.7226369046357715, 0.7226369046357715, 0.7256608264649098, 0.7256608264649098, 0.7272334627852421, 0.7289679180292064, 0.7289679180292064, 0.7289679180292064, 0.7289679180292064, 0.7289679180292064, 0.7289679180292064, 0.7307301162073113, 0.7307301162073113, 0.7307301162073113, 0.7371048182668416, 0.7371048182668416, 0.7371048182668416, 0.7391673146688007, 0.7391673146688007, 0.7391673146688007, 0.7391673146688007, 0.7391673146688007, 0.7415671316705066, 0.7415671316705066, 0.7415671316705066, 0.7415671316705066, 0.7415671316705066, 0.7415671316705066, 0.7415671316705066, 0.7415671316705066, 0.7415671316705066, 0.7415671316705066, 0.7415671316705066, 0.7415671316705066]
[0.12590942905922373, 0.12656321966543624, 0.13585183018373553, 0.14399436406350896, 0.15035400408273242, 0.1552917726068035, 0.15855281736929078, 0.16532573073923013, 0.17133470246320137, 0.17447480224771256, 0.17655061019086954, 0.17978484301146572, 0.17948037226799715, 0.18211254619890432, 0.1845309001393459, 0.1858164891685264, 0.18907470752344496, 0.19115395003170038, 0.1944077583363415, 0.20013888021535625, 0.20498389890392207, 0.21138712072761728, 0.21451903190580068, 0.21887074631172698, 0.22456857862447352, 0.22468178516990778, 0.22848236653956497, 0.2318163365081644, 0.23724025244167757, 0.239024180882761, 0.244044788166858, 0.2487764386428296, 0.24975540408187946, 0.2551917265677511, 0.2569428898982321, 0.26732378971627774, 0.27364979205609163, 0.277791509828001, 0.28239136962822015, 0.28935661098755927, 0.2944613222702238, 0.29594834661550606, 0.30322803787588937, 0.30322803787588937, 0.3066816974811486, 0.30984120016813455, 0.3133664401740174, 0.31589059848320455, 0.3257911378319806, 0.335098515501292, 0.335098515501292, 0.33828299342209445, 0.33828299342209445, 0.34434923183642696, 0.3478985046627857, 0.3478985046627857, 0.3531094539390548, 0.3531094539390548, 0.3531094539390548, 0.3531094539390548, 0.3531094539390548, 0.3531094539390548, 0.3531094539390548, 0.3610417608689434, 0.3610417608689434, 0.36514159175733013, 0.37002273699143434, 0.37002273699143434, 0.37002273699143434, 0.37002273699143434, 0.37002273699143434, 0.37002273699143434, 0.3754103249036287, 0.3754103249036287, 0.3754103249036287, 0.39470963851054225, 0.39470963851054225, 0.39470963851054225, 0.4010507044775401, 0.4010507044775401, 0.4010507044775401, 0.4010507044775401, 0.4010507044775401, 0.4084401883258463, 0.4084401883258463, 0.4084401883258463, 0.4084401883258463, 0.4084401883258463, 0.4084401883258463, 0.4084401883258463, 0.4084401883258463, 0.4084401883258463, 0.4084401883258463, 0.4084401883258463, 0.4084401883258463]
Training raw path: /home/anhnd/DTI Project/Codes/MPNN/data/KFold/ATCInchikeySideEffectByDrug.txt_train_9
('Number of substructures, proteins, pathways, drugs, se: ', 2936, 1448, 330, 969, 598)
((873, 4714), (96, 4714), (873, 598), (96, 598))
('VALIDATE SUM PROTEIN TRAIN: ', 0.0)
('VALIDATE SUM PROTEIN TEST: ', 0.0)
Train: 0.9996 0.9987
Test: 0.7156 0.3942
[0.6169436829959815, 0.6232654363722903, 0.6268614764490508, 0.6241236265062673, 0.6249325948831204, 0.6244672491855575, 0.6260481763513082, 0.6264695181246895, 0.6281060969788823, 0.6291429355769278, 0.6305501166618191, 0.6314544447516511, 0.6345789077949575, 0.6366077353491988, 0.636908491672491, 0.6394089289568645, 0.6394781401344588, 0.6410144756979549, 0.6415654995905984, 0.643613856541736, 0.6474584657607962, 0.648486534231119, 0.6504509936821798, 0.6521496293107916, 0.6519811712663226, 0.6525093187968689, 0.654764381975037, 0.6560356563705467, 0.657575834856676, 0.6588573456109198, 0.6616468170329998, 0.6628744650915013, 0.6637655015666317, 0.665270935337443, 0.6657090555794151, 0.6681966890344413, 0.6698660615481178, 0.6719107099847147, 0.6734308692998894, 0.6758781204351223, 0.6773011582938196, 0.67786530294238, 0.6808255123205693, 0.6808255123205693, 0.6822788003165116, 0.6829509368912008, 0.684985137672129, 0.6856779167505764, 0.6890921950866554, 0.6920523255833819, 0.6920523255833819, 0.6926253967397857, 0.6926253967397857, 0.6946628759837998, 0.6956704549970302, 0.6956704549970302, 0.6980986865110481, 0.6980986865110481, 0.6980986865110481, 0.6980986865110481, 0.6980986865110481, 0.6980986865110481, 0.6980986865110481, 0.7010182026593077, 0.7010182026593077, 0.7026566530738979, 0.7042616461776883, 0.7042616461776883, 0.7042616461776883, 0.7042616461776883, 0.7042616461776883, 0.7042616461776883, 0.7059895319998977, 0.7059895319998977, 0.7059895319998977, 0.711600429175888, 0.711600429175888, 0.711600429175888, 0.7135554364646854, 0.7135554364646854, 0.7135554364646854, 0.7135554364646854, 0.7135554364646854, 0.7156238697659255, 0.7156238697659255, 0.7156238697659255, 0.7156238697659255, 0.7156238697659255, 0.7156238697659255, 0.7156238697659255, 0.7156238697659255, 0.7156238697659255, 0.7156238697659255, 0.7156238697659255, 0.7156238697659255]
[0.09783143488608562, 0.11368569037434387, 0.12591367536346365, 0.12715412170827617, 0.13408011399214606, 0.13836544115907928, 0.14495800645983725, 0.15141343648657904, 0.15664742380663516, 0.16105614384384753, 0.1638756805168504, 0.1681448464228936, 0.17754793026813648, 0.18443302472183845, 0.18630753990034496, 0.1907683343651317, 0.19297286874311328, 0.19726386198617837, 0.19846086460431714, 0.20423325937790446, 0.2124850739163548, 0.21674547572662756, 0.2227370177834435, 0.22805389534988973, 0.23053612043546776, 0.23164911253328907, 0.23654224361483728, 0.2409645029995391, 0.2456181707673923, 0.2481483066106771, 0.2548094703582274, 0.25726717465896193, 0.2591662761220824, 0.2637531854281792, 0.26546768760476885, 0.2726419843154142, 0.2767743700238481, 0.2818347840330915, 0.2856517751617819, 0.29272239142723117, 0.2965173809343374, 0.2975978821771922, 0.3052342770744245, 0.3052342770744245, 0.3089254757191594, 0.31032141091051135, 0.31590416037614033, 0.31726819194072, 0.3248690453739202, 0.3321524167539463, 0.3321524167539463, 0.33380410235988045, 0.33380410235988045, 0.33961046591129357, 0.34165351549614653, 0.34165351549614653, 0.3475398856709379, 0.3475398856709379, 0.3475398856709379, 0.3475398856709379, 0.3475398856709379, 0.3475398856709379, 0.3475398856709379, 0.3552136940813546, 0.3552136940813546, 0.3589283486655702, 0.3627527078009326, 0.3627527078009326, 0.3627527078009326, 0.3627527078009326, 0.3627527078009326, 0.3627527078009326, 0.36751120826864053, 0.36751120826864053, 0.36751120826864053, 0.38305765460978064, 0.38305765460978064, 0.38305765460978064, 0.3884231718867004, 0.3884231718867004, 0.3884231718867004, 0.3884231718867004, 0.3884231718867004, 0.39417266006332646, 0.39417266006332646, 0.39417266006332646, 0.39417266006332646, 0.39417266006332646, 0.39417266006332646, 0.39417266006332646, 0.39417266006332646, 0.39417266006332646, 0.39417266006332646, 0.39417266006332646, 0.39417266006332646]
AUC: 0.7360 0.0039
AUPR: 0.4352 0.0081
('RARE AUC', [(0.6521623713657849, 0.006942922491117981), (0.6559570711821993, 0.006719783808154875), (0.6564149896204274, 0.007252127915369502), (0.6538711242469911, 0.0066177201017499155), (0.6536932857017808, 0.0062188307499268175), (0.6548529086827888, 0.006285090954946655), (0.6536994705066448, 0.006081010199902361), (0.6544855742740658, 0.006092052866941382), (0.6555609291125608, 0.005990783479071118), (0.656385695515077, 0.005989629287738039), (0.6564409338060585, 0.005946615576174373), (0.6577410515167238, 0.005781963760287887), (0.6583740505113128, 0.00549664920480159), (0.6594971720123196, 0.005332942805686556), (0.6599470464132398, 0.005259453785783833), (0.6608637000457049, 0.00504140541145796), (0.6619079994191651, 0.005120661159957317), (0.6627205538335976, 0.005056919964289478), (0.6631778721809184, 0.005097161426982382), (0.6645038268974058, 0.005029873861814925), (0.6673446694046171, 0.00494863285331994), (0.6693108380666494, 0.0048761908104316765), (0.6705410614647185, 0.004869306159730882), (0.6723837887047048, 0.004820797288247344), (0.6729867646837494, 0.004812003905733843), (0.6732075359632909, 0.004794012541826868), (0.6749546700701597, 0.0046580619783504916), (0.6760619671488406, 0.004601028726289835), (0.6776161453094154, 0.004560804397842591), (0.6782455768086272, 0.004506294086489962), (0.6808610284298083, 0.004397568444700637), (0.682089544925766, 0.004311770617467523), (0.6826143501208577, 0.0042613689494105525), (0.6839652103266611, 0.004296241255378719), (0.6844292389093953, 0.004286388399890539), (0.6880540788728001, 0.004338416256653271), (0.6901180704126124, 0.00431726866680066), (0.6920853557344397, 0.004306812896486927), (0.6937787775782067, 0.004312558483608973), (0.6964019803269409, 0.0043060799550982505), (0.6975258086726875, 0.004256122335869337), (0.6983126833261474, 0.004238943338991965), (0.7010802894625965, 0.004179707423500022), (0.7010802894625965, 0.004179707423500022), (0.7025988405640057, 0.004222100376621032), (0.7034475607672233, 0.004202387577559584), (0.7050808040865676, 0.004148934261877666), (0.7060011871093455, 0.004144579790683083), (0.7094163568714754, 0.004108786414870213), (0.7122564471149244, 0.004067998610577598), (0.7122564471149244, 0.004067998610577598), (0.7131349032989138, 0.00409653687543029), (0.7131349032989138, 0.00409653687543029), (0.7150859505464057, 0.004079673721093908), (0.7161360302636469, 0.004047867690880005), (0.7161360302636469, 0.004047867690880005), (0.7183821222298153, 0.004026298519628365), (0.7183821222298153, 0.004026298519628365), (0.7183821222298153, 0.004026298519628365), (0.7183821222298153, 0.004026298519628365), (0.7183821222298153, 0.004026298519628365), (0.7183821222298153, 0.004026298519628365), (0.7183821222298153, 0.004026298519628365), (0.7213165068559576, 0.003998313570176695), (0.7213165068559576, 0.003998313570176695), (0.7228081373726718, 0.003965841236217674), (0.7244137860207516, 0.003985469413494853), (0.7244137860207516, 0.003985469413494853), (0.7244137860207516, 0.003985469413494853), (0.7244137860207516, 0.003985469413494853), (0.7244137860207516, 0.003985469413494853), (0.7244137860207516, 0.003985469413494853), (0.7262489635168909, 0.0039688451783285875), (0.7262489635168909, 0.0039688451783285875), (0.7262489635168909, 0.0039688451783285875), (0.7319277402264079, 0.003967745897308266), (0.7319277402264079, 0.003967745897308266), (0.7319277402264079, 0.003967745897308266), (0.7338680015865046, 0.003940892401713436), (0.7338680015865046, 0.003940892401713436), (0.7338680015865046, 0.003940892401713436), (0.7338680015865046, 0.003940892401713436), (0.7338680015865046, 0.003940892401713436), (0.7360069958938351, 0.003942297663289955), (0.7360069958938351, 0.003942297663289955), (0.7360069958938351, 0.003942297663289955), (0.7360069958938351, 0.003942297663289955), (0.7360069958938351, 0.003942297663289955), (0.7360069958938351, 0.003942297663289955), (0.7360069958938351, 0.003942297663289955), (0.7360069958938351, 0.003942297663289955), (0.7360069958938351, 0.003942297663289955), (0.7360069958938351, 0.003942297663289955), (0.7360069958938351, 0.003942297663289955), (0.7360069958938351, 0.003942297663289955)])
('RARE AUPR', [(0.12682383160118216, 0.005193987117563916), (0.14156098939166617, 0.006044615918110229), (0.15044636324123362, 0.0071172035437257345), (0.1534770379556401, 0.0064609631266129815), (0.15925036908842133, 0.006129123189004618), (0.1637640221748104, 0.006277916046832842), (0.16816800733915216, 0.006075490290397953), (0.17532238267854852, 0.006379327400616876), (0.18137918475544196, 0.006215097195011587), (0.18570223023247273, 0.00626963426558474), (0.1873748899089347, 0.006306783547303473), (0.19244425176217322, 0.006450909054840108), (0.19945831190873636, 0.006479181571738207), (0.20437080446024775, 0.006441653797312656), (0.2068123857471181, 0.006547394369792977), (0.21041053083661582, 0.006636232730603171), (0.21379930043813836, 0.006773217421669191), (0.2183282775152621, 0.006763834884804318), (0.21996495205075733, 0.006801797209395202), (0.2280092696576522, 0.0072441262130062), (0.23591744486236835, 0.007363421345582252), (0.24134452348880994, 0.007531734337875405), (0.24655803241139304, 0.007588881729558296), (0.25245628968407935, 0.0077799282867888975), (0.2560047406679324, 0.007936385248716283), (0.25662874330559515, 0.007983180082100135), (0.26119598382799636, 0.007914876899742938), (0.26557710939460366, 0.007891219510169733), (0.27069616430445326, 0.008006776256573431), (0.27262699725547257, 0.008057517756939506), (0.27951650947657647, 0.008076738326848614), (0.28272206057569493, 0.008029601094014696), (0.2841992072339166, 0.008043242061637658), (0.2881473821178062, 0.008004108725792129), (0.2896345443919856, 0.008025686514662974), (0.2994864944938774, 0.008239963301775663), (0.3047595451219821, 0.008139943241253061), (0.3105147047596943, 0.008349583763243722), (0.31551334847504087, 0.008392577996093723), (0.3229413840507921, 0.008358201121762358), (0.32620138121301456, 0.008264552395018115), (0.3281325707778955, 0.008319006436768797), (0.33557332367866693, 0.00826411144738334), (0.33557332367866693, 0.00826411144738334), (0.34028702780237047, 0.008407991578015745), (0.34258639423340703, 0.008313151576983735), (0.34750068688144814, 0.008366974254603754), (0.3498285430464724, 0.00842804390238016), (0.35936517934877965, 0.008463045742759873), (0.3674275894841181, 0.008417720876006021), (0.3674275894841181, 0.008417720876006021), (0.36976408906299346, 0.00839963834817798), (0.36976408906299346, 0.00839963834817798), (0.37542052156232947, 0.008376648099233096), (0.3782445164360163, 0.008389227480796081), (0.3782445164360163, 0.008389227480796081), (0.3841540247127021, 0.008380583491888), (0.3841540247127021, 0.008380583491888), (0.3841540247127021, 0.008380583491888), (0.3841540247127021, 0.008380583491888), (0.3841540247127021, 0.008380583491888), (0.3841540247127021, 0.008380583491888), (0.3841540247127021, 0.008380583491888), (0.3921456339295855, 0.008401033470386827), (0.3921456339295855, 0.008401033470386827), (0.39595190204008757, 0.0083971855902217), (0.40056883619790506, 0.008408913667373546), (0.40056883619790506, 0.008408913667373546), (0.40056883619790506, 0.008408913667373546), (0.40056883619790506, 0.008408913667373546), (0.40056883619790506, 0.008408913667373546), (0.40056883619790506, 0.008408913667373546), (0.4061394686128111, 0.008426723567781378), (0.4061394686128111, 0.008426723567781378), (0.4061394686128111, 0.008426723567781378), (0.4228990741305646, 0.008200687769734033), (0.4228990741305646, 0.008200687769734033), (0.4228990741305646, 0.008200687769734033), (0.4286915598327493, 0.008123397346002424), (0.4286915598327493, 0.008123397346002424), (0.4286915598327493, 0.008123397346002424), (0.4286915598327493, 0.008123397346002424), (0.4286915598327493, 0.008123397346002424), (0.43521170508381324, 0.008120356933223641), (0.43521170508381324, 0.008120356933223641), (0.43521170508381324, 0.008120356933223641), (0.43521170508381324, 0.008120356933223641), (0.43521170508381324, 0.008120356933223641), (0.43521170508381324, 0.008120356933223641), (0.43521170508381324, 0.008120356933223641), (0.43521170508381324, 0.008120356933223641), (0.43521170508381324, 0.008120356933223641), (0.43521170508381324, 0.008120356933223641), (0.43521170508381324, 0.008120356933223641), (0.43521170508381324, 0.008120356933223641)])
