CSMF_P
<models.baselines.CSMF.CSMF object at 0x7ff83c13d110>
Training raw path: /home/anhnd/DTI Project/Codes/MPNN/data/KFold/ATCInchikeySideEffectByDrug.txt_train_0
('Number of substructures, proteins, pathways, drugs, se: ', 2048, 1448, 330, 1030, 1472)
Train: 0.9671 0.8141
Test: 0.8040 0.3836
[0.5335891526449252, 0.5384253082297078, 0.5520593171986947, 0.5765539980858432, 0.5922314451913577, 0.6072188348598602, 0.621616112073679, 0.6360756312052324, 0.6460097813415329, 0.6550796098392944, 0.6651264977179882, 0.6732841815950013, 0.680370182769026, 0.6860204299590087, 0.6887206083832585, 0.693438026981861, 0.7028210119059171, 0.7095401130394839, 0.7116698759439595, 0.7145495263151374, 0.7172551655807384, 0.720619330151412, 0.7231050801784279, 0.7279299924750265, 0.7304482469620709, 0.734207061874323, 0.7380683090868496, 0.7414384786679595, 0.7432357778877414, 0.7437409358062342, 0.7467842746187416, 0.7486172876964658, 0.7509014686256259, 0.7519100456779266, 0.7559252862715886, 0.757841132315856, 0.7586845291476166, 0.7599996172634094, 0.7607080458882336, 0.7645106464859661, 0.7665124774344593, 0.7688103095322769, 0.7707661801812916, 0.773364991353483, 0.774605130783842, 0.7751863460902384, 0.7778518480168182, 0.7778518480168182, 0.779591569673557, 0.7802782563146838, 0.7816902290009639, 0.7823671607168687, 0.7856406716058344, 0.788040929511888, 0.788040929511888, 0.7887047341275176, 0.7887047341275176, 0.790335761202376, 0.7911324106307851, 0.7911324106307851, 0.7929746392469623, 0.7929746392469623, 0.7929746392469623, 0.7929746392469623, 0.7929746392469623, 0.7929746392469623, 0.7929746392469623, 0.7949387225751807, 0.7949387225751807, 0.7960801094307297, 0.797134497577994, 0.797134497577994, 0.797134497577994, 0.797134497577994, 0.797134497577994, 0.797134497577994, 0.79826957731506, 0.79826957731506, 0.79826957731506, 0.8017639050053973, 0.8017639050053973, 0.8017639050053973, 0.8028182613597891, 0.8028182613597891, 0.8028182613597891, 0.8028182613597891, 0.8028182613597891, 0.804043428860072, 0.804043428860072, 0.804043428860072, 0.804043428860072, 0.804043428860072, 0.804043428860072, 0.804043428860072, 0.804043428860072, 0.804043428860072, 0.804043428860072, 0.804043428860072, 0.804043428860072]
[0.0240110956865712, 0.024531460629333108, 0.03418516940172007, 0.043786733891129755, 0.05147359809383431, 0.05780049416270519, 0.0647143550578358, 0.07407644455323933, 0.08103217954219627, 0.08553359096065542, 0.09263553669176754, 0.09820259258137137, 0.10455427297815303, 0.1117967601739881, 0.1140305074659226, 0.11987543535500077, 0.13279429740700088, 0.14316800482016975, 0.14511186396904718, 0.14959667906821708, 0.15464392507159846, 0.15916596363608357, 0.16341254222441975, 0.17039988830994085, 0.174151786910812, 0.18087124314132252, 0.19041928618453313, 0.19625715856717524, 0.19780715413895744, 0.19867718064097223, 0.20539342567865476, 0.20852186253829846, 0.21229869096984022, 0.21479461406558206, 0.22414076964600427, 0.22817389787788836, 0.23079616141078696, 0.2339111225912115, 0.2358978184495228, 0.24616106706752008, 0.25146853383886814, 0.2553000335132912, 0.26025352099468896, 0.26743885006678064, 0.2695409615465324, 0.27120430267447804, 0.2786404590411327, 0.2786404590411327, 0.2848428777632611, 0.2872421180134903, 0.2914264989711394, 0.29358139803585315, 0.30510212880252, 0.31322077506138785, 0.31322077506138785, 0.3151188658800053, 0.3151188658800053, 0.32131597665617545, 0.32399167989505756, 0.32399167989505756, 0.33138893328251817, 0.33138893328251817, 0.33138893328251817, 0.33138893328251817, 0.33138893328251817, 0.33138893328251817, 0.33138893328251817, 0.3394180682627157, 0.3394180682627157, 0.3449722460119426, 0.34975308832336904, 0.34975308832336904, 0.34975308832336904, 0.34975308832336904, 0.34975308832336904, 0.34975308832336904, 0.3554167375248103, 0.3554167375248103, 0.3554167375248103, 0.37247730173159377, 0.37247730173159377, 0.37247730173159377, 0.3770721994767646, 0.3770721994767646, 0.3770721994767646, 0.3770721994767646, 0.3770721994767646, 0.3836112620915484, 0.3836112620915484, 0.3836112620915484, 0.3836112620915484, 0.3836112620915484, 0.3836112620915484, 0.3836112620915484, 0.3836112620915484, 0.3836112620915484, 0.3836112620915484, 0.3836112620915484, 0.3836112620915484]
Training raw path: /home/anhnd/DTI Project/Codes/MPNN/data/KFold/ATCInchikeySideEffectByDrug.txt_train_1
('Number of substructures, proteins, pathways, drugs, se: ', 2048, 1448, 330, 1030, 1472)
Train: 0.9694 0.8260
Test: 0.8271 0.3729
[0.5011927650651151, 0.5272558230136356, 0.5538627630452602, 0.5702622061660574, 0.5927587153392246, 0.6079566402041636, 0.6248493274095508, 0.641776024229727, 0.6514447528337406, 0.6608365931246418, 0.6731515318795342, 0.6835836090077256, 0.6925767253811586, 0.697865662016822, 0.7012934699971853, 0.7074904612422974, 0.7176855360430523, 0.7233700732111321, 0.7260058409818545, 0.7294613350155877, 0.7323288799740879, 0.7370960539396734, 0.7391768347257479, 0.7432438779344047, 0.7462961222043133, 0.7508848842812204, 0.7548902767113133, 0.7583826425996628, 0.7613131123301711, 0.7618269575890083, 0.7650047494639387, 0.7668580848687568, 0.7696451651615477, 0.7709788455327518, 0.7745848615513946, 0.7765567392123918, 0.7770342531789369, 0.7785778562847712, 0.779490007501555, 0.7843845417749942, 0.7866181936869872, 0.7895991256462254, 0.79131791862163, 0.7942402392703389, 0.7957859265982651, 0.796461755455721, 0.7991610481287674, 0.7991610481287674, 0.8011225348021576, 0.8018850710270413, 0.8033344368801592, 0.8041273779578498, 0.8073920509532939, 0.809702273602452, 0.809702273602452, 0.8106263365630932, 0.8106263365630932, 0.8122428550030774, 0.8131706347433689, 0.8131706347433689, 0.8147349087367453, 0.8147349087367453, 0.8147349087367453, 0.8147349087367453, 0.8147349087367453, 0.8147349087367453, 0.8147349087367453, 0.8168988210690423, 0.8168988210690423, 0.8179540462085945, 0.8192542622817283, 0.8192542622817283, 0.8192542622817283, 0.8192542622817283, 0.8192542622817283, 0.8192542622817283, 0.8204420475478227, 0.8204420475478227, 0.8204420475478227, 0.8243620800735391, 0.8243620800735391, 0.8243620800735391, 0.8256967791774105, 0.8256967791774105, 0.8256967791774105, 0.8256967791774105, 0.8256967791774105, 0.8271423319340863, 0.8271423319340863, 0.8271423319340863, 0.8271423319340863, 0.8271423319340863, 0.8271423319340863, 0.8271423319340863, 0.8271423319340863, 0.8271423319340863, 0.8271423319340863, 0.8271423319340863, 0.8271423319340863]
[0.016004828437395507, 0.018233745586226625, 0.022599653017828087, 0.02850730888384766, 0.03243228055400295, 0.03634061152143088, 0.04072929988167171, 0.04996719138584863, 0.05469917187726092, 0.06010956542970592, 0.06894228344399382, 0.07605885363520266, 0.0831592146051513, 0.08846074794743067, 0.09117563803539766, 0.09743346104473866, 0.10647465516225627, 0.11243915155891834, 0.11477566468543572, 0.11860266944404589, 0.12260496855125688, 0.1296158468032409, 0.13204286673692134, 0.13585365002201857, 0.13962080640495975, 0.14774722125760698, 0.15388186961187297, 0.15957305981528735, 0.16395117411317395, 0.16475197281088094, 0.16917515992547294, 0.17297106428290093, 0.17735213605479574, 0.18028484207727352, 0.18830918865984245, 0.19225427870575587, 0.19309743432102855, 0.19779719229527798, 0.19984654488581624, 0.21293566851021778, 0.2186087101742471, 0.2251765682226132, 0.22853914810453407, 0.2366747603424827, 0.2408941873811365, 0.24267565967575305, 0.2502814055330404, 0.2502814055330404, 0.2577277177903077, 0.260216792965823, 0.264391920849433, 0.2671210922405826, 0.27760930310641624, 0.2851853280764597, 0.2851853280764597, 0.2880238815573657, 0.2880238815573657, 0.2931365565306494, 0.2970363508819155, 0.2970363508819155, 0.3010230523439626, 0.3010230523439626, 0.3010230523439626, 0.3010230523439626, 0.3010230523439626, 0.3010230523439626, 0.3010230523439626, 0.3112595193681902, 0.3112595193681902, 0.3158626270284866, 0.32357935322181175, 0.32357935322181175, 0.32357935322181175, 0.32357935322181175, 0.32357935322181175, 0.32357935322181175, 0.3310398830099917, 0.3310398830099917, 0.3310398830099917, 0.35408164537890074, 0.35408164537890074, 0.35408164537890074, 0.36271331982069, 0.36271331982069, 0.36271331982069, 0.36271331982069, 0.36271331982069, 0.37287037554611413, 0.37287037554611413, 0.37287037554611413, 0.37287037554611413, 0.37287037554611413, 0.37287037554611413, 0.37287037554611413, 0.37287037554611413, 0.37287037554611413, 0.37287037554611413, 0.37287037554611413, 0.37287037554611413]
Training raw path: /home/anhnd/DTI Project/Codes/MPNN/data/KFold/ATCInchikeySideEffectByDrug.txt_train_2
('Number of substructures, proteins, pathways, drugs, se: ', 2048, 1448, 330, 1030, 1472)
Train: 0.9699 0.8295
Test: 0.8193 0.3897
[0.5095741310491362, 0.5216359705721292, 0.5637679628274779, 0.5853205466136361, 0.6015717747583047, 0.6104186232628879, 0.6239975830588192, 0.6362291654555009, 0.6473345651683096, 0.6581155744383833, 0.6700654820477003, 0.6779086913752157, 0.685172211350489, 0.6903854281732571, 0.6939101011115031, 0.6988005699124504, 0.70859558916362, 0.7139617313277034, 0.716070119605454, 0.7202271009983616, 0.7224309980018473, 0.726000450603813, 0.7284238479437766, 0.7319638178014587, 0.7353938605742195, 0.738928314193283, 0.7427527856188634, 0.7465104049901752, 0.7494354858550771, 0.7501851754887361, 0.7533532031046335, 0.7557890747594878, 0.7589391774271532, 0.7602159370226427, 0.7644763631726244, 0.7662640998064219, 0.7669929380146188, 0.7687303722981984, 0.7694001865822158, 0.7734904531415215, 0.7757648948568573, 0.7788015264936836, 0.7810315056518672, 0.784270290675897, 0.7858209769684004, 0.7864474108399551, 0.7898412330038689, 0.7898412330038689, 0.7913811422547677, 0.7923724530012115, 0.7940658272560823, 0.7950011865621138, 0.7987636084979813, 0.8015615871329962, 0.8015615871329962, 0.8024152387961798, 0.8024152387961798, 0.8042554674026875, 0.8051997324358829, 0.8051997324358829, 0.8069649408475397, 0.8069649408475397, 0.8069649408475397, 0.8069649408475397, 0.8069649408475397, 0.8069649408475397, 0.8069649408475397, 0.8093584297244931, 0.8093584297244931, 0.810399098935235, 0.8114762443376728, 0.8114762443376728, 0.8114762443376728, 0.8114762443376728, 0.8114762443376728, 0.8114762443376728, 0.8126944390284534, 0.8126944390284534, 0.8126944390284534, 0.8167035332479365, 0.8167035332479365, 0.8167035332479365, 0.8179592382532528, 0.8179592382532528, 0.8179592382532528, 0.8179592382532528, 0.8179592382532528, 0.8193278176911039, 0.8193278176911039, 0.8193278176911039, 0.8193278176911039, 0.8193278176911039, 0.8193278176911039, 0.8193278176911039, 0.8193278176911039, 0.8193278176911039, 0.8193278176911039, 0.8193278176911039, 0.8193278176911039]
[0.025728532250253584, 0.02241063737020299, 0.03546478483319904, 0.039872640283714324, 0.04471322864190752, 0.04932482137381978, 0.05364971298222535, 0.058787080255156166, 0.06318497042751164, 0.06848647145243471, 0.0757004284607937, 0.07895200627849946, 0.08227047939488528, 0.08616824784304701, 0.08777881421775112, 0.09224012360027059, 0.10271954198820749, 0.10721072307101658, 0.10973949061869598, 0.1154909394477183, 0.1182152292207119, 0.1238228931959676, 0.12720667239404335, 0.1326114275030817, 0.1395559494151199, 0.14404202695535334, 0.1502019041189369, 0.15651993592726843, 0.16052970756898075, 0.1619904246746289, 0.16743479973535416, 0.17027220234939533, 0.17590186422106852, 0.1782848810724526, 0.18814639731009347, 0.1915545862827645, 0.19367492914365367, 0.19828204571141014, 0.20019629676576275, 0.21066065044501614, 0.21639457652897065, 0.2241549940086694, 0.23137098515434373, 0.2419527939695954, 0.24582901973437102, 0.24725762579640803, 0.2580813144981083, 0.2580813144981083, 0.26193984473822024, 0.26594231212364794, 0.27201541590901857, 0.27653633049656373, 0.29083315029319756, 0.30175903643713187, 0.30175903643713187, 0.3046884001198576, 0.3046884001198576, 0.31284740124668786, 0.31664649699007397, 0.31664649699007397, 0.323359108582821, 0.323359108582821, 0.323359108582821, 0.323359108582821, 0.323359108582821, 0.323359108582821, 0.323359108582821, 0.33647033120652103, 0.33647033120652103, 0.34138814074427776, 0.3468073749690627, 0.3468073749690627, 0.3468073749690627, 0.3468073749690627, 0.3468073749690627, 0.3468073749690627, 0.35309985215826273, 0.35309985215826273, 0.35309985215826273, 0.3757700975628926, 0.3757700975628926, 0.3757700975628926, 0.3821478455582913, 0.3821478455582913, 0.3821478455582913, 0.3821478455582913, 0.3821478455582913, 0.38970064986685105, 0.38970064986685105, 0.38970064986685105, 0.38970064986685105, 0.38970064986685105, 0.38970064986685105, 0.38970064986685105, 0.38970064986685105, 0.38970064986685105, 0.38970064986685105, 0.38970064986685105, 0.38970064986685105]
Training raw path: /home/anhnd/DTI Project/Codes/MPNN/data/KFold/ATCInchikeySideEffectByDrug.txt_train_3
('Number of substructures, proteins, pathways, drugs, se: ', 2048, 1448, 330, 1030, 1472)
Train: 0.9704 0.8293
Test: 0.8050 0.3892
[0.5211535774163145, 0.5402282823685227, 0.5667150946513244, 0.5895041241912498, 0.6079341772564462, 0.6188122188352939, 0.6314313582690974, 0.6456419536045053, 0.6568847098270327, 0.666279259350767, 0.6775601641668083, 0.6858665930140008, 0.6917030297436215, 0.6957853078497442, 0.7000494037969853, 0.7044540422698047, 0.7123153947651947, 0.7174699392291378, 0.7194516106109957, 0.721895867439989, 0.7236432509139958, 0.7274994874678959, 0.7293640446651487, 0.7328378294447511, 0.7360313219888577, 0.7393317923246729, 0.742271396895417, 0.7448442603214183, 0.7468231017956797, 0.7472616812108047, 0.7500382255360328, 0.752097396217615, 0.7548411733955447, 0.7557853870582645, 0.7594848836007745, 0.7610593157163822, 0.7616562512844292, 0.762600059871482, 0.7633676687436113, 0.7672720897039484, 0.7691693822336363, 0.7714887950692443, 0.7734435392400199, 0.7759076532873159, 0.7772702230841853, 0.7780297690751892, 0.7806809092605254, 0.7806809092605254, 0.7820176111321085, 0.782644729353555, 0.7841502805589304, 0.7848503889456232, 0.7875879345294786, 0.7895833204329121, 0.7895833204329121, 0.7904038480825398, 0.7904038480825398, 0.7919858223938686, 0.7928633746800238, 0.7928633746800238, 0.7944904293242895, 0.7944904293242895, 0.7944904293242895, 0.7944904293242895, 0.7944904293242895, 0.7944904293242895, 0.7944904293242895, 0.7962855480831351, 0.7962855480831351, 0.7971781547033471, 0.7981657860148741, 0.7981657860148741, 0.7981657860148741, 0.7981657860148741, 0.7981657860148741, 0.7981657860148741, 0.7992417430208716, 0.7992417430208716, 0.7992417430208716, 0.8025900302402231, 0.8025900302402231, 0.8025900302402231, 0.8036917012641228, 0.8036917012641228, 0.8036917012641228, 0.8036917012641228, 0.8036917012641228, 0.8049758100925211, 0.8049758100925211, 0.8049758100925211, 0.8049758100925211, 0.8049758100925211, 0.8049758100925211, 0.8049758100925211, 0.8049758100925211, 0.8049758100925211, 0.8049758100925211, 0.8049758100925211, 0.8049758100925211]
[0.019347559171033302, 0.025252367559662342, 0.03226382766501176, 0.0386217581403787, 0.0475985517797719, 0.05215216651856815, 0.059180565285755236, 0.06741776560033924, 0.07507764038611314, 0.08240762485937447, 0.09308105086511625, 0.10044461891862742, 0.10624382385505325, 0.11213915769370913, 0.11797624430762768, 0.12491291730906567, 0.13592025097397492, 0.1427071830288761, 0.1454655993665797, 0.14855564355737816, 0.15210781518700608, 0.15913664732368715, 0.1620185512842208, 0.16889618670659007, 0.1753587288936041, 0.1827325504947948, 0.18785852455785745, 0.19278055284287393, 0.1960850070319064, 0.19707171370969298, 0.20319855905430428, 0.20729683102712274, 0.21365557964289178, 0.21597362500226783, 0.22635156549726468, 0.22981532205762267, 0.23114937301065971, 0.23304741532491866, 0.23583776435367346, 0.2470232972918868, 0.2525772165227633, 0.25843464856733683, 0.264237088209599, 0.2719251895694471, 0.2755782978918888, 0.27845883229113466, 0.28563610876859946, 0.28563610876859946, 0.29055336696561646, 0.2914613221673303, 0.29693941631532855, 0.29951952075672633, 0.309261133834982, 0.31573577969966976, 0.31573577969966976, 0.3186737526301815, 0.3186737526301815, 0.3249836947412116, 0.32855567273570063, 0.32855567273570063, 0.3355048953889454, 0.3355048953889454, 0.3355048953889454, 0.3355048953889454, 0.3355048953889454, 0.3355048953889454, 0.3355048953889454, 0.3430356093538408, 0.3430356093538408, 0.34684339939222464, 0.3519446340507632, 0.3519446340507632, 0.3519446340507632, 0.3519446340507632, 0.3519446340507632, 0.3519446340507632, 0.3578828497485515, 0.3578828497485515, 0.3578828497485515, 0.37549036307364286, 0.37549036307364286, 0.37549036307364286, 0.38128426842657775, 0.38128426842657775, 0.38128426842657775, 0.38128426842657775, 0.38128426842657775, 0.3891645969730735, 0.3891645969730735, 0.3891645969730735, 0.3891645969730735, 0.3891645969730735, 0.3891645969730735, 0.3891645969730735, 0.3891645969730735, 0.3891645969730735, 0.3891645969730735, 0.3891645969730735, 0.3891645969730735]
Training raw path: /home/anhnd/DTI Project/Codes/MPNN/data/KFold/ATCInchikeySideEffectByDrug.txt_train_4
('Number of substructures, proteins, pathways, drugs, se: ', 2048, 1448, 330, 1030, 1472)
Train: 0.9695 0.8271
Test: 0.8149 0.3517
[0.5240886914401821, 0.5596546493172276, 0.5765542880849147, 0.5945624969043442, 0.6028136427055559, 0.6153362284801382, 0.630712317417399, 0.6466471741654607, 0.6554183901906878, 0.6643472716004873, 0.676975685683992, 0.6837958308477349, 0.6889446268204525, 0.6922825710247339, 0.6957073621610641, 0.6994517556518931, 0.7074145446766065, 0.7127075280468462, 0.7148079757606971, 0.7181956371715816, 0.720072925660386, 0.7227335880914869, 0.7245950038453975, 0.729394110369256, 0.7332801242022451, 0.7372914551814763, 0.7410525865467773, 0.7439940431450711, 0.7468279269644389, 0.7474556186141055, 0.750273820923155, 0.7527908088057352, 0.7562412795498922, 0.7575416878118022, 0.7618063181777834, 0.7638842531704717, 0.7646575323979632, 0.7660852690273388, 0.7667182357115524, 0.7711392423930086, 0.7732868709882892, 0.7764142595792564, 0.7787753216650222, 0.7814178376503007, 0.7829741606270598, 0.7837009490568725, 0.787061258593543, 0.787061258593543, 0.7885825686075298, 0.7895635108801992, 0.7912596558103449, 0.7920585191269293, 0.7950287212006778, 0.7970426823985016, 0.7970426823985016, 0.7979660433215602, 0.7979660433215602, 0.7998252957745907, 0.8006533159332603, 0.8006533159332603, 0.8024444193837369, 0.8024444193837369, 0.8024444193837369, 0.8024444193837369, 0.8024444193837369, 0.8024444193837369, 0.8024444193837369, 0.8044502659732788, 0.8044502659732788, 0.8056416889839932, 0.8066603723655397, 0.8066603723655397, 0.8066603723655397, 0.8066603723655397, 0.8066603723655397, 0.8066603723655397, 0.8079176180370096, 0.8079176180370096, 0.8079176180370096, 0.8120131495734488, 0.8120131495734488, 0.8120131495734488, 0.8134064105355617, 0.8134064105355617, 0.8134064105355617, 0.8134064105355617, 0.8134064105355617, 0.8149452421508387, 0.8149452421508387, 0.8149452421508387, 0.8149452421508387, 0.8149452421508387, 0.8149452421508387, 0.8149452421508387, 0.8149452421508387, 0.8149452421508387, 0.8149452421508387, 0.8149452421508387, 0.8149452421508387]
[0.019823440925882806, 0.022242209348265665, 0.030040126186464768, 0.04070785114602349, 0.04607441944510121, 0.0498107223928951, 0.05365274215866475, 0.06440435715303958, 0.06891158064636256, 0.07486136262195534, 0.08540397675829733, 0.091147287561916, 0.09402525709943695, 0.09710028325130639, 0.1017544234185048, 0.10603197808040532, 0.11271879084008118, 0.11850464612406277, 0.12018982719183763, 0.12409801149292154, 0.12636159647446815, 0.12786143773566283, 0.1300808367175697, 0.13583663867319062, 0.141780592105052, 0.1469107167583322, 0.15209947275258906, 0.15620633969362108, 0.1607386778830868, 0.1613979120847326, 0.16509755847489252, 0.1692837624967467, 0.17672948916851788, 0.179126624118088, 0.18960515028246783, 0.1934519766313582, 0.1953653643276794, 0.1994845488531698, 0.19887798609420376, 0.20828884370976808, 0.21358967478543991, 0.220902514483075, 0.22631263988425393, 0.23159791743626845, 0.23404284016057902, 0.23567940666351062, 0.2450137169097895, 0.2450137169097895, 0.24952670650256822, 0.25256081634044897, 0.257463917115671, 0.26009017647518723, 0.26826340371352514, 0.27305822036997207, 0.27305822036997207, 0.2756425527198724, 0.2756425527198724, 0.2819857778667375, 0.28418013755138644, 0.28418013755138644, 0.29042258509082614, 0.29042258509082614, 0.29042258509082614, 0.29042258509082614, 0.29042258509082614, 0.29042258509082614, 0.29042258509082614, 0.2978427787181292, 0.2978427787181292, 0.3033312324988533, 0.3072637772596176, 0.3072637772596176, 0.3072637772596176, 0.3072637772596176, 0.3072637772596176, 0.3072637772596176, 0.3132970648975091, 0.3132970648975091, 0.3132970648975091, 0.3348201077186276, 0.3348201077186276, 0.3348201077186276, 0.3423214303243607, 0.3423214303243607, 0.3423214303243607, 0.3423214303243607, 0.3423214303243607, 0.3516783596762836, 0.3516783596762836, 0.3516783596762836, 0.3516783596762836, 0.3516783596762836, 0.3516783596762836, 0.3516783596762836, 0.3516783596762836, 0.3516783596762836, 0.3516783596762836, 0.3516783596762836, 0.3516783596762836]
Training raw path: /home/anhnd/DTI Project/Codes/MPNN/data/KFold/ATCInchikeySideEffectByDrug.txt_train_5
('Number of substructures, proteins, pathways, drugs, se: ', 2048, 1448, 330, 1030, 1472)
Train: 0.9697 0.8292
Test: 0.8154 0.3606
[0.53093596894583, 0.5480103614911989, 0.5607657859123356, 0.5760256830544073, 0.5906626212079694, 0.6027648192561202, 0.6192556220064616, 0.6314758444634283, 0.6427216865398749, 0.6505645603383302, 0.6622214736943239, 0.6712214393552184, 0.6788476539318353, 0.6839792747838119, 0.68814221269075, 0.693068174289459, 0.702398180123694, 0.7080415155691921, 0.710262338540549, 0.7148399076313231, 0.7171162920982262, 0.7209841935427248, 0.7230476714347699, 0.7285818701244047, 0.7320441613519378, 0.7356618940957211, 0.7393886682221809, 0.7429978311417696, 0.7463424294854394, 0.7468386957303559, 0.750022739329276, 0.7522663018524349, 0.7553330609595118, 0.7569184317931112, 0.7603180176707631, 0.7625477281287381, 0.7630834703713558, 0.7644271787234549, 0.7652944016573804, 0.770379676720284, 0.7726809385564268, 0.7755754648783668, 0.7779543751240713, 0.7810136772907871, 0.7825370798969042, 0.7834283220160857, 0.7864162679110944, 0.7864162679110944, 0.7877499785589341, 0.7884986762136064, 0.7901699139649119, 0.7910388336574752, 0.79472269315897, 0.7971778775818095, 0.7971778775818095, 0.7980465959175581, 0.7980465959175581, 0.799816419787514, 0.8005919010156695, 0.8005919010156695, 0.8025954904974234, 0.8025954904974234, 0.8025954904974234, 0.8025954904974234, 0.8025954904974234, 0.8025954904974234, 0.8025954904974234, 0.8047668919604113, 0.8047668919604113, 0.8060307364887181, 0.8073223641506926, 0.8073223641506926, 0.8073223641506926, 0.8073223641506926, 0.8073223641506926, 0.8073223641506926, 0.8086721751910628, 0.8086721751910628, 0.8086721751910628, 0.8125423270099126, 0.8125423270099126, 0.8125423270099126, 0.81394797859149, 0.81394797859149, 0.81394797859149, 0.81394797859149, 0.81394797859149, 0.8153994946908256, 0.8153994946908256, 0.8153994946908256, 0.8153994946908256, 0.8153994946908256, 0.8153994946908256, 0.8153994946908256, 0.8153994946908256, 0.8153994946908256, 0.8153994946908256, 0.8153994946908256, 0.8153994946908256]
[0.0162408385343458, 0.022339373746310887, 0.02787361085163626, 0.030565696078500057, 0.0382302771355921, 0.04162480990832581, 0.0475674136814541, 0.05357255205229379, 0.056934861915289875, 0.061830535544975536, 0.06810910516588514, 0.07281389566482133, 0.07771214983997446, 0.08260532698552082, 0.08692331055121807, 0.09134855090414587, 0.10043464820041512, 0.10517016757075573, 0.10777643561090132, 0.11348929612904018, 0.11568933793565656, 0.1211390387807556, 0.12376936537233332, 0.13112494328248145, 0.1356939974601966, 0.14128816938213146, 0.1473861633696081, 0.15340564738355456, 0.1591651141802038, 0.1597111430373863, 0.1644455127356681, 0.16828970867262755, 0.17345772073601595, 0.1773038023618742, 0.18279811030942045, 0.18766613933354961, 0.18846255036586643, 0.19047167135535445, 0.19253639372519962, 0.20521816724052475, 0.2104845265842042, 0.21672799363760648, 0.22231745324833105, 0.22962048285932524, 0.23272352631367088, 0.23551435420097158, 0.24266530725677138, 0.24266530725677138, 0.24587233904713407, 0.24761643726789762, 0.25281511553954233, 0.25556169606905527, 0.2681686661444406, 0.27526013530830706, 0.27526013530830706, 0.2783978060095616, 0.2783978060095616, 0.2843032247297641, 0.2862731464866969, 0.2862731464866969, 0.29379620884441615, 0.29379620884441615, 0.29379620884441615, 0.29379620884441615, 0.29379620884441615, 0.29379620884441615, 0.29379620884441615, 0.3028612617968237, 0.3028612617968237, 0.3094562589791187, 0.3159628516620176, 0.3159628516620176, 0.3159628516620176, 0.3159628516620176, 0.3159628516620176, 0.3159628516620176, 0.32357298843893534, 0.32357298843893534, 0.32357298843893534, 0.3434416296815551, 0.3434416296815551, 0.3434416296815551, 0.3519015379239921, 0.3519015379239921, 0.3519015379239921, 0.3519015379239921, 0.3519015379239921, 0.3606101679212418, 0.3606101679212418, 0.3606101679212418, 0.3606101679212418, 0.3606101679212418, 0.3606101679212418, 0.3606101679212418, 0.3606101679212418, 0.3606101679212418, 0.3606101679212418, 0.3606101679212418, 0.3606101679212418]
Training raw path: /home/anhnd/DTI Project/Codes/MPNN/data/KFold/ATCInchikeySideEffectByDrug.txt_train_6
('Number of substructures, proteins, pathways, drugs, se: ', 2048, 1448, 330, 1030, 1472)
Train: 0.9686 0.8219
Test: 0.7987 0.3788
[0.5235595543180855, 0.5207982432890523, 0.5433938142692659, 0.5661795448944922, 0.5739998059065337, 0.5847427459430495, 0.5988493733343276, 0.6103598261536076, 0.6185498339432541, 0.6277159499519249, 0.6384632023836224, 0.6479920760804341, 0.6548588107836594, 0.6588161485504487, 0.6621764524387954, 0.6680120122230262, 0.6787936329786132, 0.6850229913931101, 0.6878362767775124, 0.6921154412026129, 0.6945439673479368, 0.6977892086341118, 0.7005122989154455, 0.706232761969882, 0.7102787707332918, 0.7137493383681072, 0.7180518521231601, 0.7219652596626116, 0.7245846371138092, 0.725278115202293, 0.7285524020552632, 0.731874073997058, 0.7355761385260616, 0.7370138578964133, 0.7413647221142318, 0.7435553798678408, 0.7444794992421906, 0.7462628683595687, 0.746869434988167, 0.7515440211281998, 0.7541006873829377, 0.7576218915880253, 0.7599084502629272, 0.7630574768759536, 0.7646067679797491, 0.7655076935607031, 0.7688259707240652, 0.7688259707240652, 0.7703856774958459, 0.7714106934761787, 0.7733412103965671, 0.7744103100315665, 0.7779965465248905, 0.7807878619931573, 0.7807878619931573, 0.7815827969563514, 0.7815827969563514, 0.7834764472042157, 0.7843117348288324, 0.7843117348288324, 0.786390221704245, 0.786390221704245, 0.786390221704245, 0.786390221704245, 0.786390221704245, 0.786390221704245, 0.786390221704245, 0.788813271567748, 0.788813271567748, 0.7898262286560389, 0.7909620109926628, 0.7909620109926628, 0.7909620109926628, 0.7909620109926628, 0.7909620109926628, 0.7909620109926628, 0.792333303777532, 0.792333303777532, 0.792333303777532, 0.7959505913707777, 0.7959505913707777, 0.7959505913707777, 0.7973806634832075, 0.7973806634832075, 0.7973806634832075, 0.7973806634832075, 0.7973806634832075, 0.7987463253733492, 0.7987463253733492, 0.7987463253733492, 0.7987463253733492, 0.7987463253733492, 0.7987463253733492, 0.7987463253733492, 0.7987463253733492, 0.7987463253733492, 0.7987463253733492, 0.7987463253733492, 0.7987463253733492]
[0.0320479771403525, 0.029437754341544425, 0.03249434047905425, 0.04251347792334413, 0.04812527326815408, 0.05284240598742482, 0.058413381332025276, 0.06225853390636825, 0.06520899251697188, 0.06929960950239421, 0.07314778492118068, 0.07923231161198031, 0.08386770680474834, 0.08737418673932794, 0.09029575548920288, 0.09578822493778553, 0.10335679316025523, 0.10893983308563532, 0.1114210709265795, 0.1170368448164057, 0.11948595677686513, 0.12244361523685507, 0.12596559926240367, 0.13443127624258477, 0.14055636893059387, 0.1448082945517349, 0.15128598567433346, 0.15866684668465694, 0.1620944780583542, 0.16303394785402883, 0.16911312995110428, 0.17645155785195712, 0.18367778653530267, 0.1864185537357338, 0.19266546526795686, 0.19738622533875916, 0.19996849549261655, 0.20372481583238125, 0.20450737652564183, 0.21465370468154624, 0.22103635845628428, 0.23024664464351008, 0.23528385813244299, 0.24353908698579038, 0.2474800372849259, 0.2501409727203854, 0.25999725997602263, 0.25999725997602263, 0.2645311952514839, 0.2675392824673297, 0.2744032199475929, 0.278702709732506, 0.28915256190797517, 0.29782793922225864, 0.29782793922225864, 0.2999862318095218, 0.2999862318095218, 0.30630820703932476, 0.308523520921688, 0.308523520921688, 0.3154880599144936, 0.3154880599144936, 0.3154880599144936, 0.3154880599144936, 0.3154880599144936, 0.3154880599144936, 0.3154880599144936, 0.32734069975726043, 0.32734069975726043, 0.3315052556853239, 0.3366858560550279, 0.3366858560550279, 0.3366858560550279, 0.3366858560550279, 0.3366858560550279, 0.3366858560550279, 0.3449206038592879, 0.3449206038592879, 0.3449206038592879, 0.3617007979039129, 0.3617007979039129, 0.3617007979039129, 0.37096434412674045, 0.37096434412674045, 0.37096434412674045, 0.37096434412674045, 0.37096434412674045, 0.3788361312267789, 0.3788361312267789, 0.3788361312267789, 0.3788361312267789, 0.3788361312267789, 0.3788361312267789, 0.3788361312267789, 0.3788361312267789, 0.3788361312267789, 0.3788361312267789, 0.3788361312267789, 0.3788361312267789]
Training raw path: /home/anhnd/DTI Project/Codes/MPNN/data/KFold/ATCInchikeySideEffectByDrug.txt_train_7
('Number of substructures, proteins, pathways, drugs, se: ', 2048, 1448, 330, 1030, 1472)
Train: 0.9712 0.8335
Test: 0.8102 0.3768
[0.5223348880208385, 0.5504807799040723, 0.5678670050617436, 0.5819434750008288, 0.5906185683660707, 0.6006660451671144, 0.6160491557847538, 0.6271022009173977, 0.639069083979481, 0.649207045463597, 0.6598214396199342, 0.6691473757354267, 0.6772588375457582, 0.6816906654084076, 0.6850431439381046, 0.6904757798934007, 0.6981111012310581, 0.7039933992031506, 0.7065311530900966, 0.7100133195408094, 0.7121288272750735, 0.7167846359758354, 0.7188597551102897, 0.7241047565649519, 0.727950255916177, 0.7320242709549027, 0.7358216070554628, 0.7389088253433412, 0.7424576975696398, 0.7432561999417115, 0.7461865495823183, 0.7494771033471521, 0.7528818147946919, 0.7543940366157097, 0.7583884034638929, 0.760502929856101, 0.7612617860386088, 0.7624798044213066, 0.7632115328696056, 0.7675740069746739, 0.7695575941954673, 0.7726203602582692, 0.7748269203316228, 0.7779351222669447, 0.779393990485291, 0.7801630562389614, 0.7828016155511909, 0.7828016155511909, 0.7841368753155826, 0.7846059879833887, 0.78631538406987, 0.787201012043194, 0.7907043363448709, 0.7930646729410865, 0.7930646729410865, 0.7940112893332321, 0.7940112893332321, 0.7956644313198427, 0.7966206788557305, 0.7966206788557305, 0.7985862054939599, 0.7985862054939599, 0.7985862054939599, 0.7985862054939599, 0.7985862054939599, 0.7985862054939599, 0.7985862054939599, 0.8006264724494395, 0.8006264724494395, 0.8017094627821328, 0.8027348764473403, 0.8027348764473403, 0.8027348764473403, 0.8027348764473403, 0.8027348764473403, 0.8027348764473403, 0.8039907051734945, 0.8039907051734945, 0.8039907051734945, 0.8077114961601186, 0.8077114961601186, 0.8077114961601186, 0.8088948351529034, 0.8088948351529034, 0.8088948351529034, 0.8088948351529034, 0.8088948351529034, 0.8102102587637534, 0.8102102587637534, 0.8102102587637534, 0.8102102587637534, 0.8102102587637534, 0.8102102587637534, 0.8102102587637534, 0.8102102587637534, 0.8102102587637534, 0.8102102587637534, 0.8102102587637534, 0.8102102587637534]
[0.021390118819220476, 0.022587423526321558, 0.029753665413213115, 0.03255158669658486, 0.03743760056117129, 0.042673005434050226, 0.04989786109014372, 0.05545310638275534, 0.06143247116014281, 0.06628769400669413, 0.07215964773009297, 0.07815338051840132, 0.08424216140344222, 0.087737581045681, 0.09067064857225055, 0.09592230402535529, 0.10319207538886929, 0.10893469664392386, 0.11256518633393382, 0.11711490881084355, 0.11994599343944856, 0.12620241390403392, 0.12873765397877363, 0.1369647432087004, 0.14391865045426078, 0.1495296064993336, 0.1549744637893915, 0.1596004557008262, 0.16652932298079637, 0.16772013570359617, 0.1726844764063946, 0.18097682651002245, 0.18963631678210768, 0.193368824378872, 0.20089212948581314, 0.20430408702158273, 0.20612211828138804, 0.20862611551363902, 0.2103933535090603, 0.22055015472218895, 0.22506490551375535, 0.23324705688281577, 0.23880378530446061, 0.24896874057774948, 0.25283567276936253, 0.2547967644049638, 0.26210004672183596, 0.26210004672183596, 0.26573817331001953, 0.2666426883156562, 0.27218633446133067, 0.274969570918427, 0.2884016400468772, 0.2956023589779265, 0.2956023589779265, 0.29897487281989577, 0.29897487281989577, 0.3040610074289304, 0.3075760436813285, 0.3075760436813285, 0.3142330077393136, 0.3142330077393136, 0.3142330077393136, 0.3142330077393136, 0.3142330077393136, 0.3142330077393136, 0.3142330077393136, 0.32448445968868744, 0.32448445968868744, 0.33018317241774553, 0.33520355436752824, 0.33520355436752824, 0.33520355436752824, 0.33520355436752824, 0.33520355436752824, 0.33520355436752824, 0.3426108922807307, 0.3426108922807307, 0.3426108922807307, 0.362796263226985, 0.362796263226985, 0.362796263226985, 0.36852009848937123, 0.36852009848937123, 0.36852009848937123, 0.36852009848937123, 0.36852009848937123, 0.376822539832623, 0.376822539832623, 0.376822539832623, 0.376822539832623, 0.376822539832623, 0.376822539832623, 0.376822539832623, 0.376822539832623, 0.376822539832623, 0.376822539832623, 0.376822539832623, 0.376822539832623]
Training raw path: /home/anhnd/DTI Project/Codes/MPNN/data/KFold/ATCInchikeySideEffectByDrug.txt_train_8
('Number of substructures, proteins, pathways, drugs, se: ', 2048, 1448, 330, 1030, 1472)
Train: 0.9704 0.8290
Test: 0.8012 0.3563
[0.5083980445690478, 0.5278240084157231, 0.5448784100592075, 0.5645790953574128, 0.5746323561092785, 0.5880235690813125, 0.605039259501571, 0.6182517563758102, 0.6295501702772436, 0.6398215953975497, 0.6519658744966391, 0.6621899561457751, 0.6707153183237355, 0.6746645189910758, 0.6780856181205727, 0.6840704748437234, 0.6931403891644764, 0.6982261795207844, 0.7003602090644445, 0.7030596070020679, 0.7052228178228163, 0.7081949916320979, 0.7099734239131723, 0.7149718643596694, 0.7187783708706215, 0.7232223683087236, 0.7278252965835907, 0.7314702486767776, 0.7339363292249141, 0.7346055238588767, 0.7376329500915095, 0.7399457926285851, 0.7426562134667349, 0.7437595312905081, 0.7476548681448341, 0.7498161376312665, 0.7504100989664443, 0.7516610250448537, 0.7523016568663043, 0.7560171419911943, 0.7583026312725587, 0.7614845937823972, 0.76411412151077, 0.7670916275149344, 0.76855457097047, 0.7693603995842193, 0.7725385268458855, 0.7725385268458855, 0.7740703983990369, 0.7748377339735917, 0.7764303838684741, 0.7773984862081313, 0.7806602961136959, 0.7832361616406467, 0.7832361616406467, 0.7841195081573631, 0.7841195081573631, 0.7859329891850375, 0.7869937651550165, 0.7869937651550165, 0.7888977247690393, 0.7888977247690393, 0.7888977247690393, 0.7888977247690393, 0.7888977247690393, 0.7888977247690393, 0.7888977247690393, 0.7909465529103042, 0.7909465529103042, 0.7920773020392932, 0.7932112734363136, 0.7932112734363136, 0.7932112734363136, 0.7932112734363136, 0.7932112734363136, 0.7932112734363136, 0.7944484463025774, 0.7944484463025774, 0.7944484463025774, 0.7982246917796936, 0.7982246917796936, 0.7982246917796936, 0.7996682881345832, 0.7996682881345832, 0.7996682881345832, 0.7996682881345832, 0.7996682881345832, 0.801153018611176, 0.801153018611176, 0.801153018611176, 0.801153018611176, 0.801153018611176, 0.801153018611176, 0.801153018611176, 0.801153018611176, 0.801153018611176, 0.801153018611176, 0.801153018611176, 0.801153018611176]
[0.013786946986328163, 0.017707225093230236, 0.02341568760581777, 0.02801865586312576, 0.031756895814015584, 0.03630314834898098, 0.043253394919706596, 0.04969971027877781, 0.05409212455976385, 0.059916671408147174, 0.06711111319367229, 0.0726751198118899, 0.07832262175082393, 0.08127591479760206, 0.08425675379777003, 0.0897338119252514, 0.09840642774456639, 0.1026408806237741, 0.10502184376176878, 0.10815391996051366, 0.11084738517369684, 0.11423622707578635, 0.11635558020720896, 0.12373233657118538, 0.13042926307110103, 0.13641019117433006, 0.1435845375793388, 0.14937876439758252, 0.15368529526281643, 0.1545851230573897, 0.15974316753880335, 0.16450087900525343, 0.1705010874608929, 0.17277953447991684, 0.18089029495593584, 0.18520113601803767, 0.1864399206439472, 0.18887420264241256, 0.19044975992812724, 0.19844169993824778, 0.20348083970379374, 0.2125340396577867, 0.22015063936519813, 0.2277855886270294, 0.23167201984227093, 0.2336793155125388, 0.24291843931034662, 0.24291843931034662, 0.2470199372275173, 0.2486386224899667, 0.2533725398445815, 0.2566323380240284, 0.266436430441331, 0.2750687267684171, 0.2750687267684171, 0.2778741127542839, 0.2778741127542839, 0.28398418728003516, 0.2874486335113619, 0.2874486335113619, 0.2938976770536677, 0.2938976770536677, 0.2938976770536677, 0.2938976770536677, 0.2938976770536677, 0.2938976770536677, 0.2938976770536677, 0.3023064903639117, 0.3023064903639117, 0.3075001229253873, 0.31279077951801937, 0.31279077951801937, 0.31279077951801937, 0.31279077951801937, 0.31279077951801937, 0.31279077951801937, 0.31889460470584796, 0.31889460470584796, 0.31889460470584796, 0.3372895331261103, 0.3372895331261103, 0.3372895331261103, 0.34702817725408464, 0.34702817725408464, 0.34702817725408464, 0.34702817725408464, 0.34702817725408464, 0.35625852537351105, 0.35625852537351105, 0.35625852537351105, 0.35625852537351105, 0.35625852537351105, 0.35625852537351105, 0.35625852537351105, 0.35625852537351105, 0.35625852537351105, 0.35625852537351105, 0.35625852537351105, 0.35625852537351105]
Training raw path: /home/anhnd/DTI Project/Codes/MPNN/data/KFold/ATCInchikeySideEffectByDrug.txt_train_9
('Number of substructures, proteins, pathways, drugs, se: ', 2048, 1448, 330, 1030, 1472)
Train: 0.9671 0.8146
Test: 0.7973 0.3687
[0.4769302043702232, 0.49741283303147155, 0.5246739420995472, 0.5443428313348077, 0.55725730065406, 0.5748766497836895, 0.5898655577783805, 0.6047887590785084, 0.6169163263385579, 0.6273395943301728, 0.6414930639314269, 0.6544837155880061, 0.6630515674990438, 0.6682060993901497, 0.6715168778785492, 0.6756135177557345, 0.6855722824358603, 0.6927297193015056, 0.6954946272202034, 0.6981684800864589, 0.7003803923754227, 0.7035009601031773, 0.7054905400686974, 0.7103698905874736, 0.7139372066310785, 0.7183139670089964, 0.7220640321730092, 0.7250008116892513, 0.7278466787991706, 0.7284164041862331, 0.7315722007842482, 0.7333514250783714, 0.7359876029267767, 0.7371317146459776, 0.7413329000145328, 0.7436062784406936, 0.7443234816048907, 0.7456219095105852, 0.746348824709218, 0.7513232954888729, 0.7537596198770653, 0.7566169451044793, 0.7588497722091105, 0.7619954492273161, 0.763115097127332, 0.7639060614242544, 0.7671223373375027, 0.7671223373375027, 0.768864693045709, 0.7698447645087745, 0.7715971290041432, 0.7723875247905729, 0.7756494454483258, 0.7783431400919378, 0.7783431400919378, 0.7792866718699976, 0.7792866718699976, 0.7813928267656751, 0.7822692184529787, 0.7822692184529787, 0.7844062572444997, 0.7844062572444997, 0.7844062572444997, 0.7844062572444997, 0.7844062572444997, 0.7844062572444997, 0.7844062572444997, 0.7867392619300503, 0.7867392619300503, 0.7878900289522615, 0.7890494418857897, 0.7890494418857897, 0.7890494418857897, 0.7890494418857897, 0.7890494418857897, 0.7890494418857897, 0.7903348230250786, 0.7903348230250786, 0.7903348230250786, 0.7945022077012268, 0.7945022077012268, 0.7945022077012268, 0.7958466731015383, 0.7958466731015383, 0.7958466731015383, 0.7958466731015383, 0.7958466731015383, 0.7972789783877192, 0.7972789783877192, 0.7972789783877192, 0.7972789783877192, 0.7972789783877192, 0.7972789783877192, 0.7972789783877192, 0.7972789783877192, 0.7972789783877192, 0.7972789783877192, 0.7972789783877192, 0.7972789783877192]
[0.01698185850887294, 0.01806750115229183, 0.024481962995991143, 0.03138446575392549, 0.03460806922985177, 0.03941347683865238, 0.04396577465547816, 0.05275775559222294, 0.05765428419394064, 0.06301614528692986, 0.07074624929149363, 0.0793696493851678, 0.0860273469999912, 0.09086056146382557, 0.092946134585665, 0.09675853580564295, 0.10587295001559305, 0.11440284657388623, 0.11797651632646208, 0.12054663600001193, 0.12349426482849045, 0.1272765300742298, 0.12977302263629617, 0.1360455061308646, 0.141560744089878, 0.1484783915246796, 0.15498744728919508, 0.1599239026585474, 0.16514709261464272, 0.1658146996003807, 0.171322253637076, 0.17329327537533223, 0.17691859394333273, 0.17898909457044074, 0.1878980911323001, 0.19257166855904995, 0.19415413182487756, 0.19643978661346478, 0.1982138300299921, 0.21071957434501443, 0.21655799431460376, 0.2222836771096203, 0.22781923647556934, 0.23565681767334884, 0.2371546069355364, 0.23914517492351314, 0.24730772108637575, 0.24730772108637575, 0.2529871122131503, 0.25558311899598946, 0.26180129895116583, 0.264372796568432, 0.2738910722216018, 0.2830581200134837, 0.2830581200134837, 0.28634610549316963, 0.28634610549316963, 0.29443847818857855, 0.29676839005529054, 0.29676839005529054, 0.3039928167546223, 0.3039928167546223, 0.3039928167546223, 0.3039928167546223, 0.3039928167546223, 0.3039928167546223, 0.3039928167546223, 0.31529091877897825, 0.31529091877897825, 0.3205206648627883, 0.3254502601273512, 0.3254502601273512, 0.3254502601273512, 0.3254502601273512, 0.3254502601273512, 0.3254502601273512, 0.33227477005836353, 0.33227477005836353, 0.33227477005836353, 0.35403604547928363, 0.35403604547928363, 0.35403604547928363, 0.36102765489564637, 0.36102765489564637, 0.36102765489564637, 0.36102765489564637, 0.36102765489564637, 0.36871606681194746, 0.36871606681194746, 0.36871606681194746, 0.36871606681194746, 0.36871606681194746, 0.36871606681194746, 0.36871606681194746, 0.36871606681194746, 0.36871606681194746, 0.36871606681194746, 0.36871606681194746, 0.36871606681194746]
AUC: 0.8093 0.0029
AUPR: 0.3728 0.0040
('RARE AUC', [(0.5151756977839699, 0.005059362934131218), (0.5331726259632742, 0.005410175532436736), (0.5554538383209773, 0.004519085311285405), (0.574927400160308, 0.004358789995409138), (0.5884480407494801, 0.0046618783242898774), (0.601081637487363, 0.0042624602783031314), (0.616166566663404, 0.004166541360611583), (0.6298348335649179, 0.004365611694133715), (0.6403899300439716, 0.004304223681563536), (0.6499307053835148, 0.004236186377241008), (0.661684441562197, 0.0041768072384641124), (0.6709473468744538, 0.0038461229930687535), (0.678349896414878, 0.0037271673009308865), (0.682969610614746, 0.003755193984530999), (0.6864645250516769, 0.003793134271442757), (0.6914874815063651, 0.003750409459917873), (0.7006847662488092, 0.0036205225076475288), (0.7065063189842046, 0.003516233234640785), (0.7088490027595767, 0.003466535975655213), (0.7122526222403929, 0.00345457472263663), (0.7145123517050531, 0.0034628828338898335), (0.718120290014223, 0.0035682611358221076), (0.7202548500800874, 0.0035467157245213324), (0.7249630771631278, 0.003392770141437577), (0.7284438441434814, 0.0033151520729985703), (0.7323615346591427, 0.003317845900751006), (0.7362186811016624, 0.0032646428437213483), (0.7395512806238039, 0.0032449094151024687), (0.742280317702608, 0.0032608214410942203), (0.7428865307628358, 0.003250431812355193), (0.7459421115489115, 0.0032391500516005933), (0.7483067349251662, 0.0031864673152620657), (0.751300309483354, 0.0031736559101991626), (0.7525649475345108, 0.0031828166208619215), (0.7565336624182419, 0.003136187712103534), (0.7585633994146164, 0.0031035965864270494), (0.7592583840247055, 0.003081296040545335), (0.7606445960804968, 0.00308499275639012), (0.7613709995517844, 0.003102869895660635), (0.7657635115802663, 0.0031136549197001177), (0.7679753290484685, 0.0030867643054485515), (0.7709033271932224, 0.0030675644416892018), (0.7730988104798333, 0.003028125719443527), (0.7760294365413272, 0.0030154224253808606), (0.7774663924521499, 0.003039971893498781), (0.7782191763342199, 0.0030259182882549822), (0.7812301015373262, 0.0029986462828059117), (0.7812301015373262, 0.0029986462828059117), (0.782790304928523, 0.0030074877420067274), (0.7835941876732231, 0.00299730119401588), (0.7852354450810447, 0.0029767553577555238), (0.7860840800040324, 0.0029685282321138466), (0.789414630437802, 0.002976606853675535), (0.7918540507327387, 0.0029470244673047144), (0.7918540507327387, 0.0029470244673047144), (0.7927163063125393, 0.002953205727147557), (0.7927163063125393, 0.002953205727147557), (0.7944928316038886, 0.0029297250439712123), (0.7953806766731548, 0.0029300995243445654), (0.7953806766731548, 0.0029300995243445654), (0.7972485237248441, 0.002891357376636255), (0.7972485237248441, 0.002891357376636255), (0.7972485237248441, 0.002891357376636255), (0.7972485237248441, 0.002891357376636255), (0.7972485237248441, 0.002891357376636255), (0.7972485237248441, 0.002891357376636255), (0.7972485237248441, 0.002891357376636255), (0.7993824238243084, 0.002888988758416005), (0.7993824238243084, 0.002888988758416005), (0.8004786857180344, 0.0028906277034871997), (0.8015971129490609, 0.0029011074611532102), (0.8015971129490609, 0.0029011074611532102), (0.8015971129490609, 0.0029011074611532102), (0.8015971129490609, 0.0029011074611532102), (0.8015971129490609, 0.0029011074611532102), (0.8015971129490609, 0.0029011074611532102), (0.8028344878418961, 0.0028966995776860986), (0.8028344878418961, 0.0028966995776860986), (0.8028344878418961, 0.0028966995776860986), (0.8066364012162273, 0.0029202541450522018), (0.8066364012162273, 0.0029202541450522018), (0.8066364012162273, 0.0029202541450522018), (0.807931082905386, 0.002920661426857978), (0.807931082905386, 0.002920661426857978), (0.807931082905386, 0.002920661426857978), (0.807931082905386, 0.002920661426857978), (0.807931082905386, 0.002920661426857978), (0.8093222706555446, 0.0029281233155319763), (0.8093222706555446, 0.0029281233155319763), (0.8093222706555446, 0.0029281233155319763), (0.8093222706555446, 0.0029281233155319763), (0.8093222706555446, 0.0029281233155319763), (0.8093222706555446, 0.0029281233155319763), (0.8093222706555446, 0.0029281233155319763), (0.8093222706555446, 0.0029281233155319763), (0.8093222706555446, 0.0029281233155319763), (0.8093222706555446, 0.0029281233155319763), (0.8093222706555446, 0.0029281233155319763), (0.8093222706555446, 0.0029281233155319763)])
('RARE AUPR', [(0.020536319646025626, 0.0016473479138315633), (0.022280969835338966, 0.001096729693572248), (0.029257282844993626, 0.001365140057947426), (0.03565301746605742, 0.0018123413466555446), (0.04124501945234027, 0.002151752172242569), (0.045828566248685323, 0.002258600602856769), (0.05150245010449607, 0.0023440813147018132), (0.05883944971600411, 0.0024225212683661674), (0.06382282772255536, 0.0026836408216773583), (0.06917492710732667, 0.0027269728921661754), (0.07670371765222933, 0.0029893995085310803), (0.08270497159678776, 0.003044226843828983), (0.088042503473166, 0.003056153462238678), (0.09255187679414387, 0.0033333628694073776), (0.09578082304413105, 0.0034958639699546106), (0.10100453429876621, 0.0036522581838357385), (0.11018904308812198, 0.003996656639682253), (0.11641181331010189, 0.004409023928690752), (0.11900434987912419, 0.004368668782612103), (0.1232685548727096, 0.004270542432937958), (0.1263396472659199, 0.00446595169354227), (0.1310900613766303, 0.004622276554426593), (0.13393626908141906, 0.0047344887838892645), (0.14058965966506382, 0.004737137980322696), (0.1462626887735578, 0.004643409287900584), (0.15228184117396196, 0.004808919747568156), (0.15866796549276563, 0.0049339961105916656), (0.1642312663671394, 0.004893908335994245), (0.16857330238329188, 0.0046119578278431255), (0.1694754253173689, 0.004618351438975682), (0.17476080431377247, 0.004801330150607415), (0.17918579701096565, 0.0047399763225750985), (0.18501292655147658, 0.004698959278815897), (0.18773243958625013, 0.004680807653334955), (0.1961697162547099, 0.004876310309578593), (0.2002379317826369, 0.004804186967763592), (0.2019230478822504, 0.004877993073833195), (0.20506589167332404, 0.004805272504241234), (0.20667571242670002, 0.004906230225832334), (0.21746528279519312, 0.00492236350769151), (0.22292633364229308, 0.0049233504940131), (0.22990081707263252, 0.004626087081713278), (0.23550883548734217, 0.004547311647627999), (0.24351602281078172, 0.004585523493208394), (0.24677511698602742, 0.004583481669490448), (0.2488552408863657, 0.0046148927938038315), (0.2572641779102023, 0.004483666033701645), (0.2572641779102023, 0.004483666033701645), (0.2620739270809279, 0.0045792936200779785), (0.26434435111475807, 0.004513116326032421), (0.2696815677904804, 0.0045162580022508605), (0.2727087629317362, 0.004497315886989798), (0.2837119490512867, 0.004609763832312994), (0.29157764199350145, 0.004697003722668517), (0.29157764199350145, 0.004697003722668517), (0.2943726581793715, 0.0046508092971887394), (0.2943726581793715, 0.0046508092971887394), (0.3007364511708095, 0.004690328163133891), (0.30370000727104995, 0.004771516735014372), (0.30370000727104995, 0.004771516735014372), (0.31031063449955865, 0.004853162703316411), (0.31031063449955865, 0.004853162703316411), (0.31031063449955865, 0.004853162703316411), (0.31031063449955865, 0.004853162703316411), (0.31031063449955865, 0.004853162703316411), (0.31031063449955865, 0.004853162703316411), (0.31031063449955865, 0.004853162703316411), (0.3200310137295059, 0.004949009647916083), (0.3200310137295059, 0.004949009647916083), (0.3251563120546149, 0.00483164594496009), (0.33054415295545686, 0.004790736274997524), (0.33054415295545686, 0.004790736274997524), (0.33054415295545686, 0.004790736274997524), (0.33054415295545686, 0.004790736274997524), (0.33054415295545686, 0.004790736274997524), (0.33054415295545686, 0.004790736274997524), (0.3373010246682291, 0.00474927015087207), (0.3373010246682291, 0.00474927015087207), (0.3373010246682291, 0.00474927015087207), (0.35719037848835045, 0.004550461557287944), (0.35719037848835045, 0.004550461557287944), (0.35719037848835045, 0.004550461557287944), (0.3644980876296519, 0.0042193499684420495), (0.3644980876296519, 0.0042193499684420495), (0.3644980876296519, 0.0042193499684420495), (0.3644980876296519, 0.0042193499684420495), (0.3644980876296519, 0.0042193499684420495), (0.3728268675319973, 0.004009916979399771), (0.3728268675319973, 0.004009916979399771), (0.3728268675319973, 0.004009916979399771), (0.3728268675319973, 0.004009916979399771), (0.3728268675319973, 0.004009916979399771), (0.3728268675319973, 0.004009916979399771), (0.3728268675319973, 0.004009916979399771), (0.3728268675319973, 0.004009916979399771), (0.3728268675319973, 0.004009916979399771), (0.3728268675319973, 0.004009916979399771), (0.3728268675319973, 0.004009916979399771), (0.3728268675319973, 0.004009916979399771)])
