CSMF_P
<models.baselines.CSMF.CSMF object at 0x7fa278319fd0>
('Manual torch seed: ', 443181909)
Training raw path: /home/anhnd/DTI Project/Codes/MPNN/data/KFold/ATCInchikeySideEffectByDrug.txt_train_0
('Number of substructures, proteins, pathways, drugs, se: ', 2936, 1448, 330, 969, 598)
((872, 2936), (97, 2936), (872, 598), (97, 598))
Train: 0.9325 0.8025
Test: 0.7643 0.4879
[0.5709240246406571, 0.5831107496427026, 0.5968879517709459, 0.5971103192093129, 0.5966071051121781, 0.6085872056301559, 0.616454777088911, 0.6224437106727552, 0.6250034430958818, 0.6290733551499266, 0.6310470054785695, 0.6342208174938265, 0.6423091002157175, 0.6470386391629808, 0.6491362562904117, 0.6516742377735865, 0.6529235457942304, 0.6555754340624957, 0.6572312004140213, 0.6628731061306612, 0.6682089903169375, 0.6720798027245383, 0.6762768031403346, 0.6800634245857065, 0.6834710574058094, 0.6839023659572816, 0.6864330981614539, 0.6892477608597346, 0.6929471895441894, 0.6941849931876486, 0.6989030377704615, 0.7012950016119314, 0.702208515852315, 0.7037258773553253, 0.7047507326530378, 0.7104851517499022, 0.7129186119662256, 0.7165438064167643, 0.7188751708133947, 0.722535043454497, 0.7240633053387395, 0.7251321183432514, 0.7285456873726561, 0.7285456873726561, 0.7307787107038616, 0.7317284447543001, 0.7337358351225917, 0.7347779450236918, 0.7384969198091069, 0.7417192749130754, 0.7417192749130754, 0.7428818362731076, 0.7428818362731076, 0.7452176003958273, 0.7462500793699285, 0.7462500793699285, 0.7482312840084063, 0.7482312840084063, 0.7482312840084063, 0.7482312840084063, 0.7482312840084063, 0.7482312840084063, 0.7482312840084063, 0.7510963064603358, 0.7510963064603358, 0.7525498795778178, 0.7539432019260022, 0.7539432019260022, 0.7539432019260022, 0.7539432019260022, 0.7539432019260022, 0.7539432019260022, 0.7556264657098183, 0.7556264657098183, 0.7556264657098183, 0.7605459998429709, 0.7605459998429709, 0.7605459998429709, 0.7623480642968605, 0.7623480642968605, 0.7623480642968605, 0.7623480642968605, 0.7623480642968605, 0.7643112946527053, 0.7643112946527053, 0.7643112946527053, 0.7643112946527053, 0.7643112946527053, 0.7643112946527053, 0.7643112946527053, 0.7643112946527053, 0.7643112946527053, 0.7643112946527053, 0.7643112946527053, 0.7643112946527053]
[0.08817835070024355, 0.09637225324115985, 0.11137233880106374, 0.10859527162739915, 0.11409197742996931, 0.12494046477399945, 0.13283804123636814, 0.14017887026606896, 0.1437143345955999, 0.15002966804493234, 0.15289278645833088, 0.1567177360431749, 0.16791350753615275, 0.17787508311174283, 0.18225931257503614, 0.18610454678831562, 0.1882611370052792, 0.19214499667320264, 0.19455317814668585, 0.20633125901728958, 0.2183176928274176, 0.22646756428677015, 0.23513106205913037, 0.24407857578201592, 0.2509265155270047, 0.25139080999477825, 0.2550281642199816, 0.2613417155854403, 0.2701605036274484, 0.27259676640731834, 0.2817745369967647, 0.28712352697919863, 0.28960334575116875, 0.2943437487383832, 0.29729002810723804, 0.31292526934665743, 0.3199867735981569, 0.32842514902688247, 0.3351368555619205, 0.3442039018475897, 0.3480121476182635, 0.35116634136908503, 0.35921995902864234, 0.35921995902864234, 0.3668616227339596, 0.3693350794825697, 0.37600473908633114, 0.37851641231956645, 0.38874708759366094, 0.39962945671378947, 0.39962945671378947, 0.403417205466338, 0.403417205466338, 0.41171236431899394, 0.41504620355102007, 0.41504620355102007, 0.4213396091978037, 0.4213396091978037, 0.4213396091978037, 0.4213396091978037, 0.4213396091978037, 0.4213396091978037, 0.4213396091978037, 0.4327156623539596, 0.4327156623539596, 0.4382993345941547, 0.44334916129713053, 0.44334916129713053, 0.44334916129713053, 0.44334916129713053, 0.44334916129713053, 0.44334916129713053, 0.45022552858274295, 0.45022552858274295, 0.45022552858274295, 0.47023569886489797, 0.47023569886489797, 0.47023569886489797, 0.4779084938539644, 0.4779084938539644, 0.4779084938539644, 0.4779084938539644, 0.4779084938539644, 0.48785742680898475, 0.48785742680898475, 0.48785742680898475, 0.48785742680898475, 0.48785742680898475, 0.48785742680898475, 0.48785742680898475, 0.48785742680898475, 0.48785742680898475, 0.48785742680898475, 0.48785742680898475, 0.48785742680898475]
Training raw path: /home/anhnd/DTI Project/Codes/MPNN/data/KFold/ATCInchikeySideEffectByDrug.txt_train_1
('Number of substructures, proteins, pathways, drugs, se: ', 2936, 1448, 330, 969, 598)
((872, 2936), (97, 2936), (872, 598), (97, 598))
Train: 0.9274 0.7920
Test: 0.7707 0.4839
[0.5674400066246696, 0.5778514524114551, 0.5796232395469907, 0.5835258299970921, 0.58906102747195, 0.5933453599360676, 0.6055458169960893, 0.6113684701006883, 0.6194899581780101, 0.6225600478273975, 0.6227482803490931, 0.6278008313334441, 0.6357772217278115, 0.643215173237256, 0.6460180842894372, 0.6514988880409467, 0.6536059862163379, 0.6592007484531822, 0.6609072991703175, 0.6663836587413029, 0.6696264825501648, 0.6741395358273403, 0.6782224870359519, 0.6820413642197093, 0.6843492281275396, 0.685082093059949, 0.6878033002583555, 0.6907540834223329, 0.6953957792198584, 0.6970902399395016, 0.7021746601570187, 0.7055379819699638, 0.706610143425102, 0.708927552201611, 0.7099208004958474, 0.715629120385417, 0.7181444477570033, 0.7224616948241891, 0.7252699859753883, 0.7294260308495557, 0.7312501095804544, 0.7323863396641355, 0.7360496122355663, 0.7360496122355663, 0.7374004579431033, 0.7382585398269309, 0.7406390342169558, 0.7415512205152252, 0.745209465924409, 0.7482595693787599, 0.7482595693787599, 0.7491438847080943, 0.7491438847080943, 0.7514437295688314, 0.75259547536238, 0.75259547536238, 0.7548600700763686, 0.7548600700763686, 0.7548600700763686, 0.7548600700763686, 0.7548600700763686, 0.7548600700763686, 0.7548600700763686, 0.7577814075538374, 0.7577814075538374, 0.7591236189792128, 0.760400753150887, 0.760400753150887, 0.760400753150887, 0.760400753150887, 0.760400753150887, 0.760400753150887, 0.7622198767352308, 0.7622198767352308, 0.7622198767352308, 0.7668593079784157, 0.7668593079784157, 0.7668593079784157, 0.7687512138843952, 0.7687512138843952, 0.7687512138843952, 0.7687512138843952, 0.7687512138843952, 0.770688932444863, 0.770688932444863, 0.770688932444863, 0.770688932444863, 0.770688932444863, 0.770688932444863, 0.770688932444863, 0.770688932444863, 0.770688932444863, 0.770688932444863, 0.770688932444863, 0.770688932444863]
[0.09468733563857382, 0.10645062529797134, 0.10100731931735282, 0.1028215428083554, 0.11272134480640786, 0.1143014572040604, 0.12617795865268605, 0.13200691249524427, 0.14343419220488382, 0.14598509957039293, 0.14518523724181231, 0.15084742043275468, 0.1607776923432523, 0.1690490598643097, 0.1737594667792579, 0.18313184274399408, 0.185653444450759, 0.1940471242602097, 0.19529776390528542, 0.20439016989678255, 0.2109520677008208, 0.22227419610080934, 0.22915593623864472, 0.23686141997445992, 0.2419641330403837, 0.24303037381681175, 0.2447748616592818, 0.2508682327851919, 0.2618855553117514, 0.2653439043502121, 0.2788576774185843, 0.2871623616439464, 0.29045972593365593, 0.295857718531095, 0.297466294705284, 0.31035374514430014, 0.3161830774718044, 0.32681276755954314, 0.3337777381095066, 0.345444725436016, 0.3494555694007052, 0.35265739249543293, 0.3619766503795313, 0.3619766503795313, 0.3653651605921554, 0.3681292393610208, 0.37567181117058923, 0.37704968420662627, 0.38686876878130816, 0.39686213809711024, 0.39686213809711024, 0.39938260105312506, 0.39938260105312506, 0.4065655831956785, 0.41064482779372413, 0.41064482779372413, 0.4179003388399575, 0.4179003388399575, 0.4179003388399575, 0.4179003388399575, 0.4179003388399575, 0.4179003388399575, 0.4179003388399575, 0.42992145060382014, 0.42992145060382014, 0.4347728261400682, 0.438602177704828, 0.438602177704828, 0.438602177704828, 0.438602177704828, 0.438602177704828, 0.438602177704828, 0.44769451765971496, 0.44769451765971496, 0.44769451765971496, 0.4660090364861523, 0.4660090364861523, 0.4660090364861523, 0.47449682060622844, 0.47449682060622844, 0.47449682060622844, 0.47449682060622844, 0.47449682060622844, 0.4839390636031704, 0.4839390636031704, 0.4839390636031704, 0.4839390636031704, 0.4839390636031704, 0.4839390636031704, 0.4839390636031704, 0.4839390636031704, 0.4839390636031704, 0.4839390636031704, 0.4839390636031704, 0.4839390636031704]
Training raw path: /home/anhnd/DTI Project/Codes/MPNN/data/KFold/ATCInchikeySideEffectByDrug.txt_train_2
('Number of substructures, proteins, pathways, drugs, se: ', 2936, 1448, 330, 969, 598)
((872, 2936), (97, 2936), (872, 598), (97, 598))
Train: 0.9279 0.7897
Test: 0.7558 0.5023
[0.5440254487630732, 0.5481698475572843, 0.5620145968102042, 0.5699067947649025, 0.5761427082408107, 0.5842034437833138, 0.5961268483340391, 0.6023114252825854, 0.6074717470628899, 0.6112779331015005, 0.6139386343528314, 0.6189706121888127, 0.6268855449233066, 0.632367251035548, 0.6343631521046922, 0.6380492076807869, 0.641443463935497, 0.6455212708712297, 0.6477788768242865, 0.6548802646845966, 0.6586575925921567, 0.6623119767106779, 0.667086879858014, 0.6723112671564283, 0.6759866359700846, 0.6766728513968749, 0.6806144136694765, 0.683700032522313, 0.686880929079243, 0.6882639155702563, 0.6922613875818922, 0.6946061755792956, 0.6954934453741556, 0.6969633066632384, 0.6977283021517409, 0.7034694910014839, 0.7065416720365595, 0.7095911531818556, 0.7124856518768303, 0.7157877677894505, 0.717204785252919, 0.7184340772487702, 0.7217067818090597, 0.7217067818090597, 0.723754839823475, 0.7247062952753363, 0.726570765528652, 0.7277223874926999, 0.731557944285741, 0.7342618153734998, 0.7342618153734998, 0.7351511659076363, 0.7351511659076363, 0.7368979637782058, 0.7381675551645942, 0.7381675551645942, 0.7401192471311205, 0.7401192471311205, 0.7401192471311205, 0.7401192471311205, 0.7401192471311205, 0.7401192471311205, 0.7401192471311205, 0.7427707525126013, 0.7427707525126013, 0.7443334110677037, 0.7457640263911174, 0.7457640263911174, 0.7457640263911174, 0.7457640263911174, 0.7457640263911174, 0.7457640263911174, 0.7474361397269728, 0.7474361397269728, 0.7474361397269728, 0.7522188473982335, 0.7522188473982335, 0.7522188473982335, 0.7539374232864617, 0.7539374232864617, 0.7539374232864617, 0.7539374232864617, 0.7539374232864617, 0.7557774197291447, 0.7557774197291447, 0.7557774197291447, 0.7557774197291447, 0.7557774197291447, 0.7557774197291447, 0.7557774197291447, 0.7557774197291447, 0.7557774197291447, 0.7557774197291447, 0.7557774197291447, 0.7557774197291447]
[0.09418604851496652, 0.10216202214845203, 0.11349010931084115, 0.11758612893316825, 0.12192256988587749, 0.12829889510551287, 0.1405495023876788, 0.14716247440977623, 0.1525436580075688, 0.1587753982453357, 0.16157663796699834, 0.16851069596621057, 0.18019002560641995, 0.18692049252102672, 0.19044041200619197, 0.19692483835508007, 0.20378960089268008, 0.21099856834544184, 0.21497669749905834, 0.228159356278081, 0.23801516317496513, 0.2449589605044148, 0.2556145128877443, 0.2690034509095629, 0.27736991986176135, 0.2786137993361175, 0.2865057376424682, 0.2940544911067546, 0.2987233287290647, 0.3017658068042557, 0.30788029161386754, 0.3136582975030412, 0.31636993788728474, 0.31920486220812977, 0.32071417388669365, 0.33608497031884416, 0.34524972419323474, 0.35263127452077825, 0.36070767698267137, 0.3685869351930376, 0.3722005799592838, 0.3762169166917082, 0.384889728405857, 0.384889728405857, 0.39169363917946437, 0.39376148392986526, 0.399131445297037, 0.4026224114358796, 0.4137523845989636, 0.42145379404395306, 0.42145379404395306, 0.42409679593233907, 0.42409679593233907, 0.4283881339693364, 0.4327496494507142, 0.4327496494507142, 0.43879930853602334, 0.43879930853602334, 0.43879930853602334, 0.43879930853602334, 0.43879930853602334, 0.43879930853602334, 0.43879930853602334, 0.44875479326336565, 0.44875479326336565, 0.45487388517706784, 0.4607856897804469, 0.4607856897804469, 0.4607856897804469, 0.4607856897804469, 0.4607856897804469, 0.4607856897804469, 0.4682664866145114, 0.4682664866145114, 0.4682664866145114, 0.48688461335080896, 0.48688461335080896, 0.48688461335080896, 0.49410981723960534, 0.49410981723960534, 0.49410981723960534, 0.49410981723960534, 0.49410981723960534, 0.5023489805975188, 0.5023489805975188, 0.5023489805975188, 0.5023489805975188, 0.5023489805975188, 0.5023489805975188, 0.5023489805975188, 0.5023489805975188, 0.5023489805975188, 0.5023489805975188, 0.5023489805975188, 0.5023489805975188]
Training raw path: /home/anhnd/DTI Project/Codes/MPNN/data/KFold/ATCInchikeySideEffectByDrug.txt_train_3
('Number of substructures, proteins, pathways, drugs, se: ', 2936, 1448, 330, 969, 598)
((872, 2936), (97, 2936), (872, 598), (97, 598))
Train: 0.9263 0.7889
Test: 0.7634 0.4788
[0.5508609064740562, 0.5693863235096183, 0.5820634812370534, 0.5888695924098014, 0.5967277086925904, 0.60606568220326, 0.613638144183897, 0.621584017049361, 0.6279984690272467, 0.6327693746689845, 0.635375744615131, 0.6398395557746317, 0.6484677687282734, 0.6540131960796383, 0.6559953227095426, 0.6589589798373253, 0.6617541818715067, 0.663424050789499, 0.6658297098441747, 0.6692261994506795, 0.6733983166845773, 0.677696677076185, 0.6820644004972811, 0.6853743389871294, 0.687103842284418, 0.6877340274249586, 0.6911381799225729, 0.6934663337409974, 0.6968388599003431, 0.6974773711342108, 0.7021290606156786, 0.7038287122738219, 0.7043174924760995, 0.7057588946313451, 0.7062958135286815, 0.710840263972402, 0.7134600897267931, 0.7163675157745832, 0.718668965017364, 0.7219295728464419, 0.7232104940660584, 0.724145617731269, 0.7277725240830345, 0.7277725240830345, 0.7294319151311155, 0.7305343518529519, 0.7323382682237448, 0.7334912468771518, 0.7372398349140126, 0.7403458816324316, 0.7403458816324316, 0.7413651953310166, 0.7413651953310166, 0.7434360053674585, 0.7446628092206493, 0.7446628092206493, 0.7470737869734769, 0.7470737869734769, 0.7470737869734769, 0.7470737869734769, 0.7470737869734769, 0.7470737869734769, 0.7470737869734769, 0.7497625432150412, 0.7497625432150412, 0.7512907434897284, 0.7527625571078937, 0.7527625571078937, 0.7527625571078937, 0.7527625571078937, 0.7527625571078937, 0.7527625571078937, 0.7544098600472771, 0.7544098600472771, 0.7544098600472771, 0.7596910170362088, 0.7596910170362088, 0.7596910170362088, 0.7615341396368457, 0.7615341396368457, 0.7615341396368457, 0.7615341396368457, 0.7615341396368457, 0.7633832981115397, 0.7633832981115397, 0.7633832981115397, 0.7633832981115397, 0.7633832981115397, 0.7633832981115397, 0.7633832981115397, 0.7633832981115397, 0.7633832981115397, 0.7633832981115397, 0.7633832981115397, 0.7633832981115397]
[0.06866450978039482, 0.07860894720770065, 0.0877889008018574, 0.09565379155115293, 0.10644707672615866, 0.11497396484995853, 0.12502639429527754, 0.13450197715465573, 0.14286251094492142, 0.1506546371799119, 0.15327305612680237, 0.15894718581279998, 0.1710809047728542, 0.18047638283122647, 0.18426498926776635, 0.1919110591615963, 0.19926871933017873, 0.20181154960141484, 0.2051061049062871, 0.21350448059850854, 0.22272788641168112, 0.2321524785865286, 0.2426130428393229, 0.24877569212170988, 0.2505749593681169, 0.25184227792050634, 0.25973516381511413, 0.26519486599096215, 0.2722281854822959, 0.2741181035149107, 0.2843288602310929, 0.28794961084318027, 0.28868957383690536, 0.29228263532235776, 0.29329179299952385, 0.30448280533921795, 0.3113251494218612, 0.31917151579138503, 0.32587190635477953, 0.33527927560537474, 0.33851220049673475, 0.34105707558375914, 0.35083988188384607, 0.35083988188384607, 0.3558835961108327, 0.3589372302588269, 0.3645093703675299, 0.3685487496683114, 0.3792020813938197, 0.3895619406005118, 0.3895619406005118, 0.3922760890562551, 0.3922760890562551, 0.3988410486024957, 0.40290635642663175, 0.40290635642663175, 0.41134431903513113, 0.41134431903513113, 0.41134431903513113, 0.41134431903513113, 0.41134431903513113, 0.41134431903513113, 0.41134431903513113, 0.42114610052807466, 0.42114610052807466, 0.42695153415819953, 0.43320099857163497, 0.43320099857163497, 0.43320099857163497, 0.43320099857163497, 0.43320099857163497, 0.43320099857163497, 0.44013614326482703, 0.44013614326482703, 0.44013614326482703, 0.4628460237238515, 0.4628460237238515, 0.4628460237238515, 0.4709640197408318, 0.4709640197408318, 0.4709640197408318, 0.4709640197408318, 0.4709640197408318, 0.47882214156897696, 0.47882214156897696, 0.47882214156897696, 0.47882214156897696, 0.47882214156897696, 0.47882214156897696, 0.47882214156897696, 0.47882214156897696, 0.47882214156897696, 0.47882214156897696, 0.47882214156897696, 0.47882214156897696]
Training raw path: /home/anhnd/DTI Project/Codes/MPNN/data/KFold/ATCInchikeySideEffectByDrug.txt_train_4
('Number of substructures, proteins, pathways, drugs, se: ', 2936, 1448, 330, 969, 598)
((872, 2936), (97, 2936), (872, 598), (97, 598))
Train: 0.9287 0.7957
Test: 0.7661 0.4624
[0.5525581838841169, 0.5562910120045028, 0.5663766202337394, 0.5766724297182395, 0.5755954990781036, 0.5819524955558506, 0.5903787704182778, 0.602503770867733, 0.6086974017074375, 0.6135359826652933, 0.6165639212147329, 0.6210797893344913, 0.6335278756977167, 0.6395527138099923, 0.640335036363565, 0.6438153926818831, 0.6466694742402115, 0.6519604264506921, 0.6552679526894761, 0.6607427229859947, 0.6642436488967611, 0.6691419021855731, 0.6725578793111794, 0.6761078876885092, 0.6799460638505841, 0.6805379841406094, 0.6844113425220437, 0.6870178555310412, 0.6904998149656423, 0.6919787287168064, 0.6954418181819355, 0.6980944988088226, 0.6987783446766574, 0.701025393829977, 0.7022909750958766, 0.7088816878795849, 0.711468544271002, 0.7156220837043589, 0.7185430066742876, 0.7221994329704408, 0.7238863715457183, 0.724797105021548, 0.7285568976683382, 0.7285568976683382, 0.730360334030159, 0.7312972914392165, 0.7335544064721259, 0.7346677356287239, 0.7389936846457458, 0.741924376850432, 0.741924376850432, 0.7429872822435999, 0.7429872822435999, 0.7450045234646163, 0.745919858688278, 0.745919858688278, 0.7484016539648727, 0.7484016539648727, 0.7484016539648727, 0.7484016539648727, 0.7484016539648727, 0.7484016539648727, 0.7484016539648727, 0.7513558464152368, 0.7513558464152368, 0.7528561002076788, 0.7544240037795822, 0.7544240037795822, 0.7544240037795822, 0.7544240037795822, 0.7544240037795822, 0.7544240037795822, 0.7562608681232802, 0.7562608681232802, 0.7562608681232802, 0.7622134903445601, 0.7622134903445601, 0.7622134903445601, 0.7641089945991256, 0.7641089945991256, 0.7641089945991256, 0.7641089945991256, 0.7641089945991256, 0.7661316177122679, 0.7661316177122679, 0.7661316177122679, 0.7661316177122679, 0.7661316177122679, 0.7661316177122679, 0.7661316177122679, 0.7661316177122679, 0.7661316177122679, 0.7661316177122679, 0.7661316177122679, 0.7661316177122679]
[0.05808192702359301, 0.06749079627624041, 0.07561992412372784, 0.08370863481625204, 0.0855761052998271, 0.09036721969087191, 0.0973470188066586, 0.10780467566952885, 0.11373726392432579, 0.12246867852558027, 0.12582362484885873, 0.13173891711766145, 0.14961137103118935, 0.15798057284515865, 0.15825847277280547, 0.16285876365423796, 0.16613919259742496, 0.17545660225881993, 0.18028969047609078, 0.1904745708591607, 0.19725919696757274, 0.20325338547482963, 0.20921550871481456, 0.21781374513311233, 0.22439085680894258, 0.2252417977147011, 0.23385108218883754, 0.2393543954267794, 0.24702701818427644, 0.2500541926139176, 0.2542057035662649, 0.25971007356477466, 0.26112377090935457, 0.26924524908260883, 0.2727139999827174, 0.2890109625068391, 0.2942207730580721, 0.30379977017629145, 0.31010656412097276, 0.3176267975542231, 0.3216276559178261, 0.32292831915951925, 0.33278956050477276, 0.33278956050477276, 0.33688763068805855, 0.339569404360369, 0.3450202214074656, 0.3485422474331642, 0.36041621531134804, 0.3676267002633322, 0.3676267002633322, 0.3706658962505128, 0.3706658962505128, 0.37624139483237684, 0.37840031351450754, 0.37840031351450754, 0.3861973864304806, 0.3861973864304806, 0.3861973864304806, 0.3861973864304806, 0.3861973864304806, 0.3861973864304806, 0.3861973864304806, 0.39780701921339806, 0.39780701921339806, 0.4033382073819598, 0.40951334726133887, 0.40951334726133887, 0.40951334726133887, 0.40951334726133887, 0.40951334726133887, 0.40951334726133887, 0.4193951083337215, 0.4193951083337215, 0.4193951083337215, 0.4454846618857524, 0.4454846618857524, 0.4454846618857524, 0.45362995961628416, 0.45362995961628416, 0.45362995961628416, 0.45362995961628416, 0.45362995961628416, 0.4623518599351364, 0.4623518599351364, 0.4623518599351364, 0.4623518599351364, 0.4623518599351364, 0.4623518599351364, 0.4623518599351364, 0.4623518599351364, 0.4623518599351364, 0.4623518599351364, 0.4623518599351364, 0.4623518599351364]
Training raw path: /home/anhnd/DTI Project/Codes/MPNN/data/KFold/ATCInchikeySideEffectByDrug.txt_train_5
('Number of substructures, proteins, pathways, drugs, se: ', 2936, 1448, 330, 969, 598)
((872, 2936), (97, 2936), (872, 598), (97, 598))
Train: 0.9275 0.7942
Test: 0.7701 0.4671
[0.5931199185170994, 0.6011953863628465, 0.6034647263447245, 0.6064386223632949, 0.6104197972940442, 0.6141924316620899, 0.6249796347364802, 0.6281863712717618, 0.6324909410039266, 0.6354825259110846, 0.6384570085830951, 0.642639149867725, 0.6499851249802958, 0.6538776209681441, 0.6552688613831461, 0.659894685479383, 0.6626952393391913, 0.667452938741516, 0.6683119946767146, 0.6731816462373104, 0.6770356613150491, 0.6799463872476884, 0.6842513194189213, 0.6873085540736712, 0.6916094660080992, 0.6923615859918113, 0.6960542169542987, 0.6997625993604084, 0.7027759708410364, 0.7046700448244176, 0.7084642949301958, 0.7103476434515034, 0.7106371541701517, 0.7118479715800139, 0.7121929337217333, 0.7174299068946224, 0.7198650037327886, 0.7229586617107628, 0.7251598392638449, 0.7278446797040308, 0.7293345846218563, 0.7301102126255471, 0.7335661258706512, 0.7335661258706512, 0.7354567971883497, 0.7362877129610454, 0.7379568890134842, 0.7387110609776891, 0.743179628463267, 0.7460820965751849, 0.7460820965751849, 0.7470209940469659, 0.7470209940469659, 0.749437713650747, 0.7505195297153773, 0.7505195297153773, 0.753392982902964, 0.753392982902964, 0.753392982902964, 0.753392982902964, 0.753392982902964, 0.753392982902964, 0.753392982902964, 0.7561601309278578, 0.7561601309278578, 0.7574039569771096, 0.7591373401111254, 0.7591373401111254, 0.7591373401111254, 0.7591373401111254, 0.7591373401111254, 0.7591373401111254, 0.7611651157944795, 0.7611651157944795, 0.7611651157944795, 0.7663834688464676, 0.7663834688464676, 0.7663834688464676, 0.768189458761973, 0.768189458761973, 0.768189458761973, 0.768189458761973, 0.768189458761973, 0.7700812763834948, 0.7700812763834948, 0.7700812763834948, 0.7700812763834948, 0.7700812763834948, 0.7700812763834948, 0.7700812763834948, 0.7700812763834948, 0.7700812763834948, 0.7700812763834948, 0.7700812763834948, 0.7700812763834948]
[0.0903089416503467, 0.09853684933301725, 0.09701801292023124, 0.10309050645400125, 0.10880475867490502, 0.1160001839458415, 0.13223915759500435, 0.13509849844066574, 0.14227243554564462, 0.14700094288200932, 0.1511404336765292, 0.15483688617442698, 0.1671336873684699, 0.1742165124423393, 0.1751579745021968, 0.1846861297566678, 0.1910636189584897, 0.1987556073155577, 0.19804807870245825, 0.20572524946187887, 0.21550508153334463, 0.21968029323404037, 0.22840121772794858, 0.23336465304126564, 0.24125396950330605, 0.24259392792588597, 0.2513154437987662, 0.2601870722064085, 0.2641270513902046, 0.2686119166989459, 0.27195940625554943, 0.27573096675341163, 0.2755952000300851, 0.27914665738096145, 0.2785279146310872, 0.2925530573763808, 0.2995412376057087, 0.30711133093397036, 0.3124234358394128, 0.3200199027424411, 0.3230582516885565, 0.3255508788857251, 0.3355389857567265, 0.3355389857567265, 0.341431405261916, 0.34420335744535746, 0.34833598284483774, 0.3499330434822896, 0.36456849794717316, 0.3742259432342754, 0.3742259432342754, 0.37656514829935983, 0.37656514829935983, 0.3849373895479157, 0.3888480660568004, 0.3888480660568004, 0.3993598848195072, 0.3993598848195072, 0.3993598848195072, 0.3993598848195072, 0.3993598848195072, 0.3993598848195072, 0.3993598848195072, 0.408868081945616, 0.408868081945616, 0.4123687245465464, 0.42055601024560096, 0.42055601024560096, 0.42055601024560096, 0.42055601024560096, 0.42055601024560096, 0.42055601024560096, 0.4306878811269173, 0.4306878811269173, 0.4306878811269173, 0.45261097666713895, 0.45261097666713895, 0.45261097666713895, 0.459762327256688, 0.459762327256688, 0.459762327256688, 0.459762327256688, 0.459762327256688, 0.46708564023176924, 0.46708564023176924, 0.46708564023176924, 0.46708564023176924, 0.46708564023176924, 0.46708564023176924, 0.46708564023176924, 0.46708564023176924, 0.46708564023176924, 0.46708564023176924, 0.46708564023176924, 0.46708564023176924]
Training raw path: /home/anhnd/DTI Project/Codes/MPNN/data/KFold/ATCInchikeySideEffectByDrug.txt_train_6
('Number of substructures, proteins, pathways, drugs, se: ', 2936, 1448, 330, 969, 598)
((872, 2936), (97, 2936), (872, 598), (97, 598))
Train: 0.9302 0.7992
Test: 0.7766 0.4698
[0.6310304204270306, 0.6307130823876839, 0.6348253032835858, 0.6358225563159389, 0.6347714041518483, 0.6351955829961518, 0.6392547530351896, 0.6430666580114516, 0.6483937120949624, 0.6536149153257023, 0.6564474729230491, 0.6599887337681731, 0.6667140715812326, 0.6715233250483934, 0.6718047103264451, 0.6735519556457523, 0.6763089301639432, 0.677837926440628, 0.679708557676148, 0.6844551235794296, 0.6869457742774295, 0.690949747183645, 0.6945467278908021, 0.6970414457395008, 0.6991656689051468, 0.6996696903350023, 0.7026846366365599, 0.7045290734096654, 0.7078773747216549, 0.709556185962889, 0.7141387729011066, 0.7158264148093016, 0.7165443837665147, 0.7184064695004365, 0.719059801948366, 0.7234485365830883, 0.7262948910940983, 0.7290297504112976, 0.7311482482928995, 0.7343877702085646, 0.7357193489558057, 0.7365577522141676, 0.740072014385039, 0.740072014385039, 0.7423597056196947, 0.7432867089149189, 0.7447950074198438, 0.7459402393051366, 0.7502371185643789, 0.7531052326752314, 0.7531052326752314, 0.754224176641029, 0.754224176641029, 0.7564194955049076, 0.75746512014221, 0.75746512014221, 0.759867004581601, 0.759867004581601, 0.759867004581601, 0.759867004581601, 0.759867004581601, 0.759867004581601, 0.759867004581601, 0.762480385474348, 0.762480385474348, 0.7636834822003318, 0.765527833355971, 0.765527833355971, 0.765527833355971, 0.765527833355971, 0.765527833355971, 0.765527833355971, 0.7672198184705301, 0.7672198184705301, 0.7672198184705301, 0.7728428527934653, 0.7728428527934653, 0.7728428527934653, 0.7744418188492144, 0.7744418188492144, 0.7744418188492144, 0.7744418188492144, 0.7744418188492144, 0.7766092926104405, 0.7766092926104405, 0.7766092926104405, 0.7766092926104405, 0.7766092926104405, 0.7766092926104405, 0.7766092926104405, 0.7766092926104405, 0.7766092926104405, 0.7766092926104405, 0.7766092926104405, 0.7766092926104405]
[0.09619336681969738, 0.10205986624036613, 0.10368284831374562, 0.10441420417020125, 0.10922203598358082, 0.11150997917559716, 0.12292903057415533, 0.12857839276127367, 0.13700917184047118, 0.1466103629820005, 0.15196782698415637, 0.15815421512429778, 0.17213659607375964, 0.18340474062371248, 0.18378231859461483, 0.18582799276444745, 0.19406502409563692, 0.1962331178236389, 0.1987429750099256, 0.20974274878147242, 0.21595997384651694, 0.2265851716165551, 0.2347423564596809, 0.23895791232349511, 0.24276491210139312, 0.24391010222381657, 0.24990197909959203, 0.2533170923850152, 0.25861795592292486, 0.26292847397511687, 0.2738211259314649, 0.27651337646871976, 0.27857714480130824, 0.28503377268837643, 0.286242777289734, 0.2954439489314875, 0.3024346114790982, 0.30746378043672745, 0.3123464452919239, 0.3220568816098642, 0.3252683888036739, 0.3265678957895755, 0.33675408429149, 0.33675408429149, 0.3448689481085573, 0.34707634578700397, 0.3496016880340441, 0.35380572595797755, 0.36698594298003656, 0.3778282461532833, 0.3778282461532833, 0.3811833084802382, 0.3811833084802382, 0.38771395457502655, 0.3908786619911846, 0.3908786619911846, 0.39959088000134235, 0.39959088000134235, 0.39959088000134235, 0.39959088000134235, 0.39959088000134235, 0.39959088000134235, 0.39959088000134235, 0.40872008790688674, 0.40872008790688674, 0.41238842196006215, 0.4209771982199176, 0.4209771982199176, 0.4209771982199176, 0.4209771982199176, 0.4209771982199176, 0.4209771982199176, 0.42715878085648223, 0.42715878085648223, 0.42715878085648223, 0.45283690876863897, 0.45283690876863897, 0.45283690876863897, 0.4582251287801144, 0.4582251287801144, 0.4582251287801144, 0.4582251287801144, 0.4582251287801144, 0.46981900483296457, 0.46981900483296457, 0.46981900483296457, 0.46981900483296457, 0.46981900483296457, 0.46981900483296457, 0.46981900483296457, 0.46981900483296457, 0.46981900483296457, 0.46981900483296457, 0.46981900483296457, 0.46981900483296457]
Training raw path: /home/anhnd/DTI Project/Codes/MPNN/data/KFold/ATCInchikeySideEffectByDrug.txt_train_7
('Number of substructures, proteins, pathways, drugs, se: ', 2936, 1448, 330, 969, 598)
((872, 2936), (97, 2936), (872, 598), (97, 598))
Train: 0.9262 0.7897
Test: 0.7866 0.5048
[0.5891758344899349, 0.6059828832011426, 0.6095212722305544, 0.6169190376727008, 0.6214414827547815, 0.6274406335622865, 0.6345866123271044, 0.6403206938472397, 0.6456363427455504, 0.6484486488047357, 0.6501732054701721, 0.6536555659434649, 0.6611001222926072, 0.6651645612095, 0.6675741733039988, 0.6692556302458016, 0.672128895150938, 0.6754070779086376, 0.6780389630270058, 0.6830130880070892, 0.6874427729246235, 0.6920192953930968, 0.696583553757889, 0.7012459667907069, 0.7043970943704273, 0.7051073810260771, 0.7090188698074608, 0.7117147505860972, 0.7146700632776921, 0.7159434998510199, 0.7210262860568588, 0.7232002270605211, 0.7242116923232571, 0.72509092044366, 0.7258892243488843, 0.7302281444033296, 0.7330516054381921, 0.7362815213013505, 0.7389508445992092, 0.7426189779033118, 0.7444190229346437, 0.7453333672211999, 0.7489107839280051, 0.7489107839280051, 0.7510888622656235, 0.7520667712340691, 0.7545948630546139, 0.7558476484784424, 0.7605843544422376, 0.7636415924672131, 0.7636415924672131, 0.7647366437169067, 0.7647366437169067, 0.7672025504747603, 0.7682409182691186, 0.7682409182691186, 0.7706508292048933, 0.7706508292048933, 0.7706508292048933, 0.7706508292048933, 0.7706508292048933, 0.7706508292048933, 0.7706508292048933, 0.7735340795644946, 0.7735340795644946, 0.774970778483053, 0.7763131110597103, 0.7763131110597103, 0.7763131110597103, 0.7763131110597103, 0.7763131110597103, 0.7763131110597103, 0.7778588846533188, 0.7778588846533188, 0.7778588846533188, 0.7830929898420299, 0.7830929898420299, 0.7830929898420299, 0.7847872355565216, 0.7847872355565216, 0.7847872355565216, 0.7847872355565216, 0.7847872355565216, 0.7866371389059788, 0.7866371389059788, 0.7866371389059788, 0.7866371389059788, 0.7866371389059788, 0.7866371389059788, 0.7866371389059788, 0.7866371389059788, 0.7866371389059788, 0.7866371389059788, 0.7866371389059788, 0.7866371389059788]
[0.0707568282004847, 0.08098089122458117, 0.08778323152157944, 0.09713125271461434, 0.10512795912955897, 0.11262108025963874, 0.11897506134258583, 0.12450364627779881, 0.13314145282772397, 0.13689622658379302, 0.13893354354835719, 0.14511895566295507, 0.15748207232995387, 0.16372492452850773, 0.1672642706070741, 0.17385252870060755, 0.17943436567290244, 0.18517363638383674, 0.18877908227981682, 0.1974786738799555, 0.20870567919847757, 0.21834152091136722, 0.2268657984544643, 0.2373083941809176, 0.24474839430447626, 0.24702864820645348, 0.2546384754844038, 0.2604917588681618, 0.2657873719590722, 0.26742138803658944, 0.2814575280562757, 0.28613757297414344, 0.29035744538354574, 0.2918287826933822, 0.29402062639009635, 0.3071455473200765, 0.31590065497884035, 0.3227785994242306, 0.3300058330296308, 0.3411000041086181, 0.34602267343134363, 0.3491784906960317, 0.3593471557922452, 0.3593471557922452, 0.3664285924750118, 0.36919092459581115, 0.3789394813267909, 0.38412516438954586, 0.40060502625282224, 0.4111062114147782, 0.4111062114147782, 0.41476355654530583, 0.41476355654530583, 0.42363994630378393, 0.4267519701265051, 0.4267519701265051, 0.4352393962185111, 0.4352393962185111, 0.4352393962185111, 0.4352393962185111, 0.4352393962185111, 0.4352393962185111, 0.4352393962185111, 0.44723032532357754, 0.44723032532357754, 0.45262610039474355, 0.45814221052861887, 0.45814221052861887, 0.45814221052861887, 0.45814221052861887, 0.45814221052861887, 0.45814221052861887, 0.46500206292156937, 0.46500206292156937, 0.46500206292156937, 0.48899756008782735, 0.48899756008782735, 0.48899756008782735, 0.4964006112699099, 0.4964006112699099, 0.4964006112699099, 0.4964006112699099, 0.4964006112699099, 0.5047938358025357, 0.5047938358025357, 0.5047938358025357, 0.5047938358025357, 0.5047938358025357, 0.5047938358025357, 0.5047938358025357, 0.5047938358025357, 0.5047938358025357, 0.5047938358025357, 0.5047938358025357, 0.5047938358025357]
Training raw path: /home/anhnd/DTI Project/Codes/MPNN/data/KFold/ATCInchikeySideEffectByDrug.txt_train_8
('Number of substructures, proteins, pathways, drugs, se: ', 2936, 1448, 330, 969, 598)
((872, 2936), (97, 2936), (872, 598), (97, 598))
Train: 0.9282 0.7946
Test: 0.7774 0.4602
[0.5855719382883562, 0.596654681039253, 0.603417822423644, 0.615247663091203, 0.6218060321169635, 0.6307979759660463, 0.6338236327488276, 0.6396419892803593, 0.6440501487002896, 0.6496268694411109, 0.6522171869501292, 0.6547013811145079, 0.6585236623636549, 0.6618188319906432, 0.66443804359336, 0.6658469703670941, 0.6675124141502328, 0.67100407933054, 0.6734200305035745, 0.677795022876574, 0.6801737473634326, 0.6852500945867892, 0.6882854917316701, 0.6914540123908122, 0.6950792323140366, 0.6955586085540623, 0.6992246678136491, 0.7017077330204862, 0.7052710209376395, 0.7066471577533303, 0.711564819741259, 0.713632465416608, 0.7145656894602235, 0.7168150033812966, 0.7179096736641012, 0.7222804656453471, 0.724558906908811, 0.727406072736384, 0.7298485728635244, 0.7330100984000776, 0.7354981111987475, 0.7357624127211773, 0.7391260857987981, 0.7391260857987981, 0.7407817591796033, 0.7419982933815533, 0.7436601644728646, 0.744671470897129, 0.7489960813968842, 0.7526480229170511, 0.7526480229170511, 0.7535705162655765, 0.7535705162655765, 0.7560359072117326, 0.7572859842347187, 0.7572859842347187, 0.7597721669699764, 0.7597721669699764, 0.7597721669699764, 0.7597721669699764, 0.7597721669699764, 0.7597721669699764, 0.7597721669699764, 0.7628256465791821, 0.7628256465791821, 0.7642075074786647, 0.765778940299036, 0.765778940299036, 0.765778940299036, 0.765778940299036, 0.765778940299036, 0.765778940299036, 0.7674051748607083, 0.7674051748607083, 0.7674051748607083, 0.773249923969565, 0.773249923969565, 0.773249923969565, 0.7751862069871303, 0.7751862069871303, 0.7751862069871303, 0.7751862069871303, 0.7751862069871303, 0.7773680656569886, 0.7773680656569886, 0.7773680656569886, 0.7773680656569886, 0.7773680656569886, 0.7773680656569886, 0.7773680656569886, 0.7773680656569886, 0.7773680656569886, 0.7773680656569886, 0.7773680656569886, 0.7773680656569886]
[0.076471818922392, 0.08142014546132711, 0.09159427606896053, 0.09646120158360613, 0.10264208843871944, 0.11044358861584562, 0.1139866826281937, 0.1193522159779633, 0.12420163631318737, 0.1332553171335892, 0.1356061362516988, 0.13863890670016973, 0.14296048939345185, 0.14766910436084657, 0.1522727494260871, 0.15493762544913459, 0.15776982899591097, 0.1636481492815156, 0.16749876655277685, 0.17697019091602806, 0.1821686903077221, 0.19417085518369012, 0.20011441692755938, 0.20789719272910198, 0.2157947296554975, 0.21623996121647646, 0.2226512095870152, 0.2287887880228165, 0.23547497382133403, 0.2372540026037454, 0.2475344439462865, 0.2513736418650947, 0.25337973489926446, 0.26041265229508703, 0.26340947754238736, 0.2737915815230653, 0.2794517153436902, 0.28570144398463065, 0.29207224730231746, 0.29933792085567484, 0.306130442640433, 0.3063798995421809, 0.31606067769899665, 0.31606067769899665, 0.32178477523704047, 0.3260991864819749, 0.3293970222759933, 0.3325135198341915, 0.3459111111092602, 0.3584912490808819, 0.3584912490808819, 0.3617602254184171, 0.3617602254184171, 0.36969784950276974, 0.3742172781812227, 0.3742172781812227, 0.38146364012145173, 0.38146364012145173, 0.38146364012145173, 0.38146364012145173, 0.38146364012145173, 0.38146364012145173, 0.38146364012145173, 0.3937453194702073, 0.3937453194702073, 0.39904199415386854, 0.4059217039501973, 0.4059217039501973, 0.4059217039501973, 0.4059217039501973, 0.4059217039501973, 0.4059217039501973, 0.41271571243437977, 0.41271571243437977, 0.41271571243437977, 0.4405598825994515, 0.4405598825994515, 0.4405598825994515, 0.44886478369654914, 0.44886478369654914, 0.44886478369654914, 0.44886478369654914, 0.44886478369654914, 0.4602459679018549, 0.4602459679018549, 0.4602459679018549, 0.4602459679018549, 0.4602459679018549, 0.4602459679018549, 0.4602459679018549, 0.4602459679018549, 0.4602459679018549, 0.4602459679018549, 0.4602459679018549, 0.4602459679018549]
Training raw path: /home/anhnd/DTI Project/Codes/MPNN/data/KFold/ATCInchikeySideEffectByDrug.txt_train_9
('Number of substructures, proteins, pathways, drugs, se: ', 2936, 1448, 330, 969, 598)
((873, 2936), (96, 2936), (873, 598), (96, 598))
Train: 0.9290 0.7951
Test: 0.7628 0.4736
[0.5435900767775124, 0.5706046904071654, 0.588497332521001, 0.592326834515991, 0.6003819843784176, 0.6055045509507588, 0.613447302213262, 0.6191703067666885, 0.6244479290383977, 0.6305402508669893, 0.6332743384940155, 0.6377708997237523, 0.6481803763057657, 0.6525969861968948, 0.6551409772455281, 0.6593775826928581, 0.6621029429664947, 0.6646491363009889, 0.6661426908674377, 0.6709803049074328, 0.6749879991653289, 0.6796470059608849, 0.684324390353293, 0.688208558240266, 0.6906030457764579, 0.691371604027801, 0.694104418299139, 0.6966934303128555, 0.6995197274467083, 0.701357070725062, 0.7048128846065143, 0.7062385891719766, 0.7069276128106883, 0.7085440659228138, 0.7095757671847469, 0.713465911680176, 0.7154456167381271, 0.7189142895443699, 0.7211263652009707, 0.7244786156630292, 0.7264045216897592, 0.726920042922438, 0.7298154047118063, 0.7298154047118063, 0.7316244893955013, 0.7323754805404222, 0.7343095209326962, 0.7350943691744914, 0.7385427102445025, 0.7410552526352296, 0.7410552526352296, 0.7419764670803737, 0.7419764670803737, 0.7442334436450286, 0.7452895003143316, 0.7452895003143316, 0.7476043232074874, 0.7476043232074874, 0.7476043232074874, 0.7476043232074874, 0.7476043232074874, 0.7476043232074874, 0.7476043232074874, 0.750086579227798, 0.750086579227798, 0.7515819508980699, 0.7529752760362763, 0.7529752760362763, 0.7529752760362763, 0.7529752760362763, 0.7529752760362763, 0.7529752760362763, 0.7544600800384327, 0.7544600800384327, 0.7544600800384327, 0.7593216009314503, 0.7593216009314503, 0.7593216009314503, 0.7610558647540541, 0.7610558647540541, 0.7610558647540541, 0.7610558647540541, 0.7610558647540541, 0.7628388101121946, 0.7628388101121946, 0.7628388101121946, 0.7628388101121946, 0.7628388101121946, 0.7628388101121946, 0.7628388101121946, 0.7628388101121946, 0.7628388101121946, 0.7628388101121946, 0.7628388101121946, 0.7628388101121946]
[0.0722226007903311, 0.09658860430809704, 0.11439380981343161, 0.10822837835862492, 0.1208860389464913, 0.1253360271768685, 0.13252775854992482, 0.14056941577056875, 0.14893682055402652, 0.1587106716662765, 0.1624173608499393, 0.1673064787618561, 0.18172977694226877, 0.1890824289165225, 0.19343271875933543, 0.20228345518626245, 0.20699123284207036, 0.21135947186168177, 0.2131212486672625, 0.22467587588197718, 0.23324701646776014, 0.2417700581238515, 0.2520812123652091, 0.26036915389874704, 0.2645037775418434, 0.26618645656487155, 0.27216139876651685, 0.2777972474146987, 0.2825558202584513, 0.28799719335452695, 0.2950237834751759, 0.2969041790088926, 0.29926552323576655, 0.3028762224211214, 0.30564806650243714, 0.31467786027703215, 0.3195149145121555, 0.32923421349705884, 0.3352813497528241, 0.34374820091833025, 0.3492512464409513, 0.3498882256030746, 0.358603678288577, 0.358603678288577, 0.3648962168852217, 0.36638159048841146, 0.37308863753805294, 0.37479205121599424, 0.3851003530185504, 0.39254604274755, 0.39254604274755, 0.3953030284685318, 0.3953030284685318, 0.4026274860600952, 0.40567519689879994, 0.40567519689879994, 0.4141557569324802, 0.4141557569324802, 0.4141557569324802, 0.4141557569324802, 0.4141557569324802, 0.4141557569324802, 0.4141557569324802, 0.42301795487958527, 0.42301795487958527, 0.42897135260762087, 0.4342491600208115, 0.4342491600208115, 0.4342491600208115, 0.4342491600208115, 0.4342491600208115, 0.4342491600208115, 0.43959093896185797, 0.43959093896185797, 0.43959093896185797, 0.45906927952570475, 0.45906927952570475, 0.45906927952570475, 0.465898512337421, 0.465898512337421, 0.465898512337421, 0.465898512337421, 0.465898512337421, 0.4735607762526913, 0.4735607762526913, 0.4735607762526913, 0.4735607762526913, 0.4735607762526913, 0.4735607762526913, 0.4735607762526913, 0.4735607762526913, 0.4735607762526913, 0.4735607762526913, 0.4735607762526913, 0.4735607762526913]
AUC: 0.7694 0.0027
AUPR: 0.4791 0.0047
('RARE AUC', [(0.5728296758886506, 0.008270103190675364), (0.5839960108523654, 0.007486226304578467), (0.5926692346402443, 0.006513133502739126), (0.5982839680058477, 0.0061043405188498335), (0.6022954749291688, 0.005921948652032052), (0.6087285362245981, 0.00560369962456034), (0.6168236292082079, 0.00495051383792553), (0.6230597413150623, 0.004479823433015697), (0.6283680092654592, 0.004349002689932536), (0.6326929903762725, 0.004389213498034038), (0.6350242798430819, 0.0044169183990387445), (0.639066733654283, 0.004228276998016298), (0.6471470868816382, 0.0038295428569644313), (0.6521168298738991, 0.0036067183446009017), (0.6540074617610127, 0.0035732551639996637), (0.6571923530445417, 0.00333395962390931), (0.6597145073828583, 0.003311319992218805), (0.663203308934941, 0.003094214544627857), (0.6652637275693156, 0.0030625240604173903), (0.6703531137601071, 0.0028769137932417974), (0.6740720986086461, 0.0027931292392093807), (0.6783182424896419, 0.0028229641016293307), (0.6824199932995336, 0.0027872901581851416), (0.6861156819872439, 0.0026964717095547255), (0.6891711335012602, 0.0026335723062029803), (0.6897998191914427, 0.0026331271892139074), (0.693148714404501, 0.002646192992414418), (0.6958593652765932, 0.00260425972554178), (0.6992676729934008, 0.0025513103040400603), (0.7007169207665143, 0.0025669688829186845), (0.7050917022542921, 0.0026503528147401112), (0.7072607710153747, 0.0025944274994903326), (0.7080294474335165, 0.0026029144281287555), (0.7097105455509717, 0.00256621598400302), (0.7105614024793016, 0.0025500064985881235), (0.7156158680195353, 0.0023858199945929327), (0.71817493896696, 0.0023842771004422645), (0.7215176549605916, 0.002338983374431637), (0.7240076650577714, 0.0023175182639748586), (0.7274217989789401, 0.002324295399196122), (0.7290990655184703, 0.0023666438171359256), (0.7299579045713505, 0.002335182204438191), (0.7334121917862955, 0.002352028827446429), (0.7334121917862955, 0.002352028827446429), (0.7353037871280486, 0.0023657779752444866), (0.7362539890180744, 0.002372077853459766), (0.7382154754457574, 0.0023965595714388025), (0.739247532437038, 0.002407352013289351), (0.7433037742690285, 0.0024936428835094426), (0.7463043115418109, 0.002528304835266388), (0.7463043115418109, 0.002528304835266388), (0.7473058162214307, 0.002537820603452375), (0.7473058162214307, 0.002537820603452375), (0.7495328933062114, 0.002587696192162763), (0.7506396830481588, 0.002580406489508919), (0.7506396830481588, 0.002580406489508919), (0.7529973349021166, 0.0026119275565341135), (0.7529973349021166, 0.0026119275565341135), (0.7529973349021166, 0.0026119275565341135), (0.7529973349021166, 0.0026119275565341135), (0.7529973349021166, 0.0026119275565341135), (0.7529973349021166, 0.0026119275565341135), (0.7529973349021166, 0.0026119275565341135), (0.7557853677930734, 0.0026330000997806463), (0.7557853677930734, 0.0026330000997806463), (0.757200142935937, 0.0026138231824968405), (0.7587027043217602, 0.0026197567008727847), (0.7587027043217602, 0.0026197567008727847), (0.7587027043217602, 0.0026197567008727847), (0.7587027043217602, 0.0026197567008727847), (0.7587027043217602, 0.0026197567008727847), (0.7587027043217602, 0.0026197567008727847), (0.7604062284160048, 0.0026142631065191875), (0.7604062284160048, 0.0026142631065191875), (0.7604062284160048, 0.0026142631065191875), (0.7656419498983367, 0.002663771787776157), (0.7656419498983367, 0.002663771787776157), (0.7656419498983367, 0.002663771787776157), (0.7674340420612582, 0.0026593528164056543), (0.7674340420612582, 0.0026593528164056543), (0.7674340420612582, 0.0026593528164056543), (0.7674340420612582, 0.0026593528164056543), (0.7674340420612582, 0.0026593528164056543), (0.7693827146319618, 0.0026760180808887866), (0.7693827146319618, 0.0026760180808887866), (0.7693827146319618, 0.0026760180808887866), (0.7693827146319618, 0.0026760180808887866), (0.7693827146319618, 0.0026760180808887866), (0.7693827146319618, 0.0026760180808887866), (0.7693827146319618, 0.0026760180808887866), (0.7693827146319618, 0.0026760180808887866), (0.7693827146319618, 0.0026760180808887866), (0.7693827146319618, 0.0026760180808887866), (0.7693827146319618, 0.0026760180808887866), (0.7693827146319618, 0.0026760180808887866)])
('RARE AUPR', [(0.08097517280410235, 0.004012610739095397), (0.0910671000738913, 0.003874097160794108), (0.09837507709927915, 0.0038457328777619453), (0.10176909130173757, 0.00275972542174908), (0.1087441955321496, 0.003095306827430907), (0.11487928607981945, 0.003208152822082905), (0.12425966060685334, 0.0036534518664878223), (0.13097570792235444, 0.0034480156590464624), (0.13818534767583532, 0.003519279330789613), (0.14503870028138216, 0.0033968194662518983), (0.14788166439534833, 0.003471194044615137), (0.15308173977963074, 0.003534600372715196), (0.16510161233977724, 0.0037528198275804062), (0.1730399302045393, 0.004013333243233266), (0.17608926852903664, 0.004049919986855845), (0.18225187825603437, 0.004401024368398128), (0.18724361648413326, 0.004741428393282577), (0.19296288238053197, 0.004488440461254104), (0.19564135861456475, 0.004313314117223703), (0.20574525755711343, 0.004548252860879291), (0.21428584484362787, 0.004876566784017599), (0.22296544840228566, 0.0046876875535116136), (0.23139350646745188, 0.005167597237436266), (0.23944301900943882, 0.0054144964786596314), (0.24542921677127255, 0.005290144887546359), (0.24660781549204186, 0.005360093515753478), (0.2530563516261978, 0.005394201407918158), (0.2591395659792229, 0.005501401400683604), (0.2656587764686824, 0.005259823967214589), (0.2688091748359539, 0.0053785537804072045), (0.27768433574913265, 0.005288578933352708), (0.2822263607604403, 0.005323068941173586), (0.2843421402668339, 0.005455441090760145), (0.2890232301361503, 0.005019507412069771), (0.2909325152037199, 0.004966895576996204), (0.3036469748083901, 0.005112565040143501), (0.31038086316626223, 0.005343190472996051), (0.31831298453514983, 0.005485916044814786), (0.32477300523459596, 0.005665850277633476), (0.33374045458711693, 0.0058184022822123874), (0.33795391563977717, 0.005710884248695375), (0.3401591435816092, 0.005991994345829134), (0.3496020362030685, 0.00586421967532695), (0.3496020362030685, 0.00586421967532695), (0.3556101587272218, 0.005948291769843253), (0.35826838421912105, 0.005807441370996358), (0.3639700399348672, 0.006189407229788119), (0.3670449009943547, 0.006208318371553369), (0.3792157468986943, 0.006050665871577182), (0.3889331722349466, 0.00588239755113627), (0.3889331722349466, 0.00588239755113627), (0.39194138549704227, 0.005889834014900888), (0.39194138549704227, 0.005889834014900888), (0.39903651509084725, 0.005834812920622795), (0.402611852399111, 0.005864473310726871), (0.402611852399111, 0.005864473310726871), (0.4105390520132689, 0.005723679935890537), (0.4105390520132689, 0.005723679935890537), (0.4105390520132689, 0.005723679935890537), (0.4105390520132689, 0.005723679935890537), (0.4105390520132689, 0.005723679935890537), (0.4105390520132689, 0.005723679935890537), (0.4105390520132689, 0.005723679935890537), (0.4211926795488491, 0.005707575158819893), (0.4211926795488491, 0.005707575158819893), (0.4263632381114292, 0.005822953857620502), (0.4325297657580525, 0.005591343360650889), (0.4325297657580525, 0.005591343360650889), (0.4325297657580525, 0.005591343360650889), (0.4325297657580525, 0.005591343360650889), (0.4325297657580525, 0.005591343360650889), (0.4325297657580525, 0.005591343360650889), (0.4400873160756724, 0.005485052828520617), (0.4400873160756724, 0.005485052828520617), (0.4400873160756724, 0.005485052828520617), (0.46255346419602256, 0.0048402520816266895), (0.46255346419602256, 0.0048402520816266895), (0.46255346419602256, 0.0048402520816266895), (0.4700260474397596, 0.004834169121548051), (0.4700260474397596, 0.004834169121548051), (0.4700260474397596, 0.004834169121548051), (0.4700260474397596, 0.004834169121548051), (0.4700260474397596, 0.004834169121548051), (0.47908246975356034, 0.00468829491798239), (0.47908246975356034, 0.00468829491798239), (0.47908246975356034, 0.00468829491798239), (0.47908246975356034, 0.00468829491798239), (0.47908246975356034, 0.00468829491798239), (0.47908246975356034, 0.00468829491798239), (0.47908246975356034, 0.00468829491798239), (0.47908246975356034, 0.00468829491798239), (0.47908246975356034, 0.00468829491798239), (0.47908246975356034, 0.00468829491798239), (0.47908246975356034, 0.00468829491798239), (0.47908246975356034, 0.00468829491798239)])
