CSMF_P
<models.baselines.CSMF.CSMF object at 0x7f2302610390>
('Manual torch seed: ', 1772727637)
('Config: ', 'Protein Test: ', False, 'KNN: ', 1)
Training raw path: /home/anhnd/DTI Project/Codes/MPNN/data/KFold/ATCInchikeySideEffectByDrug.txt_train_0
('Number of substructures, proteins, pathways, drugs, se: ', 2936, 1448, 330, 969, 598)
((872, 4714), (97, 4714), (872, 598), (97, 598))
('VALIDATE SUM PROTEIN TRAIN: ', 22497.0)
('VALIDATE SUM PROTEIN TEST: ', 0.0)
Train: 0.9997 0.9990
Test: 0.6852 0.3929
[0.5931001647223413, 0.6075334983244068, 0.6128989992433624, 0.607980772031321, 0.6062531558984475, 0.6067495361935963, 0.6073716932851576, 0.6090914273720907, 0.6106814856620559, 0.6111334793545333, 0.609399925940501, 0.6109750634309382, 0.609689504672857, 0.6112778417182603, 0.6109691124006829, 0.6121723129889554, 0.6128973309387171, 0.614391034364631, 0.6157071910938207, 0.6165920607966104, 0.6190315353848638, 0.6198924968330688, 0.6209905804253392, 0.6231509607927851, 0.6239240010142985, 0.6239648157467956, 0.6241590576096893, 0.6254322170118296, 0.6268320217872, 0.6275374572949441, 0.6309249692992627, 0.6315808094812506, 0.6321413090094303, 0.6337216971959779, 0.6344213613282822, 0.6374891753914179, 0.639038625017923, 0.640573826875311, 0.6421630359170362, 0.6443796808951147, 0.6458325869343737, 0.6463434417593051, 0.6490980337226149, 0.6490980337226149, 0.6506470643405388, 0.651622549401917, 0.6532402895039373, 0.6539625789153198, 0.6574323368800612, 0.6602298552260653, 0.6602298552260653, 0.6612247696591731, 0.6612247696591731, 0.66361523066031, 0.6645130133101387, 0.6645130133101387, 0.6667694562648903, 0.6667694562648903, 0.6667694562648903, 0.6667694562648903, 0.6667694562648903, 0.6667694562648903, 0.6667694562648903, 0.6698656649620746, 0.6698656649620746, 0.6714268152290443, 0.6729515505475783, 0.6729515505475783, 0.6729515505475783, 0.6729515505475783, 0.6729515505475783, 0.6729515505475783, 0.6748818226176587, 0.6748818226176587, 0.6748818226176587, 0.6806654434018088, 0.6806654434018088, 0.6806654434018088, 0.6827783128856966, 0.6827783128856966, 0.6827783128856966, 0.6827783128856966, 0.6827783128856966, 0.6851634224522455, 0.6851634224522455, 0.6851634224522455, 0.6851634224522455, 0.6851634224522455, 0.6851634224522455, 0.6851634224522455, 0.6851634224522455, 0.6851634224522455, 0.6851634224522455, 0.6851634224522455, 0.6851634224522455]
[0.11667923418430215, 0.13807423425388726, 0.14111204463845162, 0.1405437234469958, 0.14016299805813984, 0.14493275257095617, 0.1496976264726245, 0.15497054026567952, 0.1589422426435453, 0.16021396816789812, 0.16137816068995964, 0.16498358317692738, 0.17365056791559252, 0.17872838991286832, 0.18133723265099017, 0.1854795545808249, 0.18771741047219292, 0.19175252738707854, 0.19452013322591874, 0.20231967191133618, 0.2099707773579603, 0.21423115864019918, 0.21757130618293888, 0.2226927581239792, 0.22759583534814257, 0.22784276969149986, 0.23098982411758529, 0.23468039723242112, 0.23938286724247967, 0.2416459390403617, 0.251392130175524, 0.25483499927812714, 0.25611484279729874, 0.2601383299685821, 0.26218392724142703, 0.27191659721748695, 0.27589724706902774, 0.28207130831682853, 0.28502236158114563, 0.2919602631887503, 0.29497670388646446, 0.29639698893494243, 0.3024191904098915, 0.3024191904098915, 0.3063664278728905, 0.30829584767617285, 0.3134963866093289, 0.31570005225401504, 0.3246392956160167, 0.33155108234994213, 0.33155108234994213, 0.3339868881383233, 0.3339868881383233, 0.34085186084980174, 0.3428803351693329, 0.3428803351693329, 0.3482702778582861, 0.3482702778582861, 0.3482702778582861, 0.3482702778582861, 0.3482702778582861, 0.3482702778582861, 0.3482702778582861, 0.3557775076837386, 0.3557775076837386, 0.35957399182249145, 0.36337181310399846, 0.36337181310399846, 0.36337181310399846, 0.36337181310399846, 0.36337181310399846, 0.36337181310399846, 0.3681915239371709, 0.3681915239371709, 0.3681915239371709, 0.38207805505217185, 0.38207805505217185, 0.38207805505217185, 0.38721330352831884, 0.38721330352831884, 0.38721330352831884, 0.38721330352831884, 0.38721330352831884, 0.3929386359759551, 0.3929386359759551, 0.3929386359759551, 0.3929386359759551, 0.3929386359759551, 0.3929386359759551, 0.3929386359759551, 0.3929386359759551, 0.3929386359759551, 0.3929386359759551, 0.3929386359759551, 0.3929386359759551]
Training raw path: /home/anhnd/DTI Project/Codes/MPNN/data/KFold/ATCInchikeySideEffectByDrug.txt_train_1
('Number of substructures, proteins, pathways, drugs, se: ', 2936, 1448, 330, 969, 598)
((872, 4714), (97, 4714), (872, 598), (97, 598))
('VALIDATE SUM PROTEIN TRAIN: ', 22668.0)
('VALIDATE SUM PROTEIN TEST: ', 0.0)
Train: 0.9996 0.9984
Test: 0.7001 0.4011
[0.6379732441967282, 0.6497001847350427, 0.6396906214188605, 0.6345703436149757, 0.634052591314996, 0.6345457461554852, 0.6319627226637625, 0.6308914399836016, 0.6314701161860639, 0.6330470044971181, 0.6316393604716833, 0.6335418707157501, 0.6333645140160417, 0.6336031415943593, 0.6337692199415974, 0.6346598117041247, 0.6342507914074125, 0.6341366839285673, 0.6343385235469553, 0.6337048689542708, 0.6348415073417654, 0.6367153521615891, 0.636455883611752, 0.6375163698815931, 0.6370263203988714, 0.6373922366157028, 0.6380696362050351, 0.6398506328702627, 0.6420427906947244, 0.6432915802937414, 0.6467212250123547, 0.648854829599941, 0.6495569804741238, 0.6507911905893496, 0.6513015284918682, 0.6544884329288266, 0.6557920084793691, 0.6577374759428485, 0.6589928903101067, 0.6621761614542598, 0.6636353643535875, 0.6641333890268815, 0.6666517407815866, 0.6666517407815866, 0.6672871550536144, 0.6682307301145112, 0.6700355538451142, 0.6703439733980154, 0.6731250571260531, 0.6760162321022265, 0.6760162321022265, 0.6768760211718463, 0.6768760211718463, 0.6786077212351709, 0.6799270849873349, 0.6799270849873349, 0.6818561750952442, 0.6818561750952442, 0.6818561750952442, 0.6818561750952442, 0.6818561750952442, 0.6818561750952442, 0.6818561750952442, 0.6847792025327972, 0.6847792025327972, 0.6864026211867632, 0.687767575716909, 0.687767575716909, 0.687767575716909, 0.687767575716909, 0.687767575716909, 0.687767575716909, 0.6899040243633906, 0.6899040243633906, 0.6899040243633906, 0.6955267093319308, 0.6955267093319308, 0.6955267093319308, 0.6978096198541894, 0.6978096198541894, 0.6978096198541894, 0.6978096198541894, 0.6978096198541894, 0.7001496810359287, 0.7001496810359287, 0.7001496810359287, 0.7001496810359287, 0.7001496810359287, 0.7001496810359287, 0.7001496810359287, 0.7001496810359287, 0.7001496810359287, 0.7001496810359287, 0.7001496810359287, 0.7001496810359287]
[0.10988120966037425, 0.12743914793825162, 0.13006468127299595, 0.134068307318076, 0.1410737718693362, 0.14700995994712757, 0.15000343071407418, 0.15278808724299833, 0.15893259762856363, 0.1625106352751974, 0.16188333970690139, 0.1680454512254116, 0.1739321263716189, 0.18007898475596823, 0.1825765906815623, 0.1870362198117272, 0.18756188363572995, 0.19218001155773218, 0.19387725115577287, 0.19949575614878892, 0.20665618856226142, 0.2132148534590797, 0.21603781820072313, 0.2208961978719799, 0.22249835080958782, 0.22329128252743563, 0.2257127598350151, 0.23058095072077944, 0.2370414831562381, 0.2396545062474842, 0.24895988483122714, 0.25487044379110535, 0.2571291608156892, 0.26055512885991516, 0.26220012078385635, 0.27050110459398374, 0.27506956258369586, 0.28323540553842064, 0.2863302643113939, 0.2948554645702107, 0.29982574622787966, 0.3013890957409032, 0.3094058397892373, 0.3094058397892373, 0.3125120820954014, 0.31557694098481937, 0.32046012005937674, 0.32231460545854557, 0.33058161301874417, 0.33846259549014357, 0.33846259549014357, 0.3406959116252988, 0.3406959116252988, 0.3462771981384795, 0.34940660058510553, 0.34940660058510553, 0.35476764295677526, 0.35476764295677526, 0.35476764295677526, 0.35476764295677526, 0.35476764295677526, 0.35476764295677526, 0.35476764295677526, 0.36130455341774365, 0.36130455341774365, 0.3648785852592936, 0.3684863881667611, 0.3684863881667611, 0.3684863881667611, 0.3684863881667611, 0.3684863881667611, 0.3684863881667611, 0.374184068360659, 0.374184068360659, 0.374184068360659, 0.3887578257062334, 0.3887578257062334, 0.3887578257062334, 0.39480110010843567, 0.39480110010843567, 0.39480110010843567, 0.39480110010843567, 0.39480110010843567, 0.4011379227419815, 0.4011379227419815, 0.4011379227419815, 0.4011379227419815, 0.4011379227419815, 0.4011379227419815, 0.4011379227419815, 0.4011379227419815, 0.4011379227419815, 0.4011379227419815, 0.4011379227419815, 0.4011379227419815]
Training raw path: /home/anhnd/DTI Project/Codes/MPNN/data/KFold/ATCInchikeySideEffectByDrug.txt_train_2
('Number of substructures, proteins, pathways, drugs, se: ', 2936, 1448, 330, 969, 598)
((872, 4714), (97, 4714), (872, 598), (97, 598))
('VALIDATE SUM PROTEIN TRAIN: ', 22376.0)
('VALIDATE SUM PROTEIN TEST: ', 0.0)
Train: 0.9997 0.9988
Test: 0.6767 0.4093
[0.5945528029884017, 0.5953934687997007, 0.605493010591277, 0.6035229195543992, 0.6023290300485777, 0.6038284597358607, 0.6017681826443779, 0.605316833151764, 0.6039808603798517, 0.6027881846073347, 0.6030036903104407, 0.6041192682163026, 0.6043074057387245, 0.6062613285504297, 0.6063004019782801, 0.607668239564763, 0.6084313908433134, 0.6092364934622054, 0.6090292805994393, 0.6098215709924754, 0.6128880794284375, 0.6145996477601785, 0.6159168892881486, 0.6181839877139004, 0.6200415549709539, 0.6197096556747551, 0.621253249298793, 0.6224531950349745, 0.6235138687560997, 0.6239179626015627, 0.6249683960002006, 0.6265783632754826, 0.626966077546105, 0.6275353698883935, 0.6278875832274452, 0.6312250489716968, 0.6334435668212888, 0.6341207576786236, 0.6357220698911848, 0.6372221344425661, 0.63849336820173, 0.6395252490876681, 0.64212629563974, 0.64212629563974, 0.6438598768465257, 0.6446056683196397, 0.6463103285058327, 0.6471227425284758, 0.6501566790601048, 0.6527544855894246, 0.6527544855894246, 0.6533581232681773, 0.6533581232681773, 0.6552387287857582, 0.6563815407888662, 0.6563815407888662, 0.6588076488776662, 0.6588076488776662, 0.6588076488776662, 0.6588076488776662, 0.6588076488776662, 0.6588076488776662, 0.6588076488776662, 0.6617802271974291, 0.6617802271974291, 0.663451035552517, 0.6650142898585585, 0.6650142898585585, 0.6650142898585585, 0.6650142898585585, 0.6650142898585585, 0.6650142898585585, 0.6668989840465668, 0.6668989840465668, 0.6668989840465668, 0.672419022040375, 0.672419022040375, 0.672419022040375, 0.6744464483252237, 0.6744464483252237, 0.6744464483252237, 0.6744464483252237, 0.6744464483252237, 0.6766607329431553, 0.6766607329431553, 0.6766607329431553, 0.6766607329431553, 0.6766607329431553, 0.6766607329431553, 0.6766607329431553, 0.6766607329431553, 0.6766607329431553, 0.6766607329431553, 0.6766607329431553, 0.6766607329431553]
[0.12226908291736413, 0.13271072163192604, 0.15200916869369258, 0.15495301835851769, 0.16053007982538345, 0.16431344889692712, 0.16796732529225888, 0.17438800350453165, 0.17706033814364713, 0.17794793485772045, 0.17992328758697784, 0.18441807404953792, 0.1933192024316356, 0.1987009768813049, 0.20165405699185102, 0.20578420758304805, 0.2086971777051796, 0.21250781972180166, 0.21291477482042648, 0.22273907968938053, 0.23219392922460869, 0.2382419846567008, 0.24462731475441624, 0.25043581450035124, 0.256119659937396, 0.2562327636305023, 0.2603258509315983, 0.26612958813608023, 0.2711290480096562, 0.27242767082103725, 0.27786727884760026, 0.2813399148028026, 0.2823758782497906, 0.28385292104014226, 0.2850683131816286, 0.29384483953556134, 0.2991112788495436, 0.3035632473681211, 0.30958176148669064, 0.31445808197011915, 0.31746910914842685, 0.3199639655926286, 0.3255840480106508, 0.3255840480106508, 0.3299988922658186, 0.33213457397728396, 0.3369682806034189, 0.33867553847436827, 0.3467951502732708, 0.35275173074452265, 0.35275173074452265, 0.3549622683641819, 0.3549622683641819, 0.3590615626826543, 0.3620286680092193, 0.3620286680092193, 0.3671547658732455, 0.3671547658732455, 0.3671547658732455, 0.3671547658732455, 0.3671547658732455, 0.3671547658732455, 0.3671547658732455, 0.3743469451749339, 0.3743469451749339, 0.3779738249984289, 0.3814148570119492, 0.3814148570119492, 0.3814148570119492, 0.3814148570119492, 0.3814148570119492, 0.3814148570119492, 0.3860827269974695, 0.3860827269974695, 0.3860827269974695, 0.39927101846305696, 0.39927101846305696, 0.39927101846305696, 0.4039172556318576, 0.4039172556318576, 0.4039172556318576, 0.4039172556318576, 0.4039172556318576, 0.4092860827283462, 0.4092860827283462, 0.4092860827283462, 0.4092860827283462, 0.4092860827283462, 0.4092860827283462, 0.4092860827283462, 0.4092860827283462, 0.4092860827283462, 0.4092860827283462, 0.4092860827283462, 0.4092860827283462]
Training raw path: /home/anhnd/DTI Project/Codes/MPNN/data/KFold/ATCInchikeySideEffectByDrug.txt_train_3
('Number of substructures, proteins, pathways, drugs, se: ', 2936, 1448, 330, 969, 598)
((872, 4714), (97, 4714), (872, 598), (97, 598))
('VALIDATE SUM PROTEIN TRAIN: ', 22809.0)
('VALIDATE SUM PROTEIN TEST: ', 0.0)
Train: 0.9996 0.9985
Test: 0.6674 0.3558
[0.5620524839594543, 0.5640715414884155, 0.5664240556861155, 0.5713394327107038, 0.5756769968925505, 0.5786930162018584, 0.5774121484552569, 0.5796747354027786, 0.5825800432203743, 0.5840681397318948, 0.5823227673073965, 0.5838839803025895, 0.5838110746884556, 0.5858762054066624, 0.5863359654791105, 0.5870405867920929, 0.5886848038580701, 0.5904875110135137, 0.591543349602397, 0.5937764030149707, 0.5955296960380646, 0.5994089946499008, 0.6005272439407623, 0.6027502338375007, 0.602379204024707, 0.602734405869881, 0.604821886212824, 0.6053585983010081, 0.6058467982799052, 0.6065215446506803, 0.6090312354748416, 0.6100948590799563, 0.6106139863488038, 0.6118558456951474, 0.6121312353315339, 0.615992880240172, 0.618408238127148, 0.6199704907710902, 0.621589933649082, 0.6242966820467333, 0.6248619686350255, 0.6261050620032489, 0.6284705654860803, 0.6284705654860803, 0.6301694368589978, 0.6311838934604738, 0.6327050080143864, 0.6337049774774877, 0.6371704397387199, 0.6397668443789636, 0.6397668443789636, 0.6409103621627141, 0.6409103621627141, 0.6430979199502136, 0.6443059284356492, 0.6443059284356492, 0.6467658368640397, 0.6467658368640397, 0.6467658368640397, 0.6467658368640397, 0.6467658368640397, 0.6467658368640397, 0.6467658368640397, 0.6499907133360174, 0.6499907133360174, 0.6518657581612954, 0.653685664102416, 0.653685664102416, 0.653685664102416, 0.653685664102416, 0.653685664102416, 0.653685664102416, 0.655840498913242, 0.655840498913242, 0.655840498913242, 0.6625465870922319, 0.6625465870922319, 0.6625465870922319, 0.664913719739937, 0.664913719739937, 0.664913719739937, 0.664913719739937, 0.664913719739937, 0.6673759704510236, 0.6673759704510236, 0.6673759704510236, 0.6673759704510236, 0.6673759704510236, 0.6673759704510236, 0.6673759704510236, 0.6673759704510236, 0.6673759704510236, 0.6673759704510236, 0.6673759704510236, 0.6673759704510236]
[0.07750684910013506, 0.08824483857000434, 0.09473251161622318, 0.10303202248869656, 0.11070242562767509, 0.1176619899169133, 0.12005654097100737, 0.12703984542549218, 0.133950666401526, 0.13767199265046878, 0.13877399102877092, 0.14314303998275496, 0.14837009089302644, 0.15433314032652323, 0.15620772169082459, 0.15912863936155192, 0.1625879640835948, 0.16701253813305256, 0.16962952440119744, 0.1758072048877118, 0.18047462661621205, 0.18721465067823817, 0.19272815209419025, 0.19730990811706445, 0.19883982930224808, 0.20002171069597563, 0.20539321202839594, 0.20852252099548194, 0.21154951255457913, 0.21298726897700213, 0.21855748198024014, 0.2211801490791244, 0.22227994889130484, 0.2247508751970508, 0.2259507373596738, 0.23424205200482628, 0.2389653856246548, 0.2436732422615139, 0.2470944511453812, 0.2528469525727785, 0.2555008104680268, 0.2577421749475155, 0.26388412721591803, 0.26388412721591803, 0.26800374602839877, 0.2703100874607693, 0.27444205008184136, 0.2765636515422278, 0.28528790566836326, 0.2919592082752734, 0.2919592082752734, 0.2943545885820028, 0.2943545885820028, 0.2993755005197765, 0.30179730919192443, 0.30179730919192443, 0.30806121766413025, 0.30806121766413025, 0.30806121766413025, 0.30806121766413025, 0.30806121766413025, 0.30806121766413025, 0.30806121766413025, 0.31534957578556666, 0.31534957578556666, 0.31891057861091243, 0.32305669786134444, 0.32305669786134444, 0.32305669786134444, 0.32305669786134444, 0.32305669786134444, 0.32305669786134444, 0.3284951494410966, 0.3284951494410966, 0.3284951494410966, 0.34430302898852483, 0.34430302898852483, 0.34430302898852483, 0.34984856771062, 0.34984856771062, 0.34984856771062, 0.34984856771062, 0.34984856771062, 0.35575443583165134, 0.35575443583165134, 0.35575443583165134, 0.35575443583165134, 0.35575443583165134, 0.35575443583165134, 0.35575443583165134, 0.35575443583165134, 0.35575443583165134, 0.35575443583165134, 0.35575443583165134, 0.35575443583165134]
Training raw path: /home/anhnd/DTI Project/Codes/MPNN/data/KFold/ATCInchikeySideEffectByDrug.txt_train_4
('Number of substructures, proteins, pathways, drugs, se: ', 2936, 1448, 330, 969, 598)
((872, 4714), (97, 4714), (872, 598), (97, 598))
('VALIDATE SUM PROTEIN TRAIN: ', 22764.0)
('VALIDATE SUM PROTEIN TEST: ', 0.0)
Train: 0.9996 0.9987
Test: 0.7229 0.3992
[0.658152062662158, 0.6511274568586523, 0.6584820692773716, 0.6513352895073785, 0.6519997421290147, 0.6516824377033226, 0.6517440024351262, 0.6551178159340414, 0.6569715985937172, 0.6580519103995984, 0.6567273893298518, 0.6567785959566463, 0.6591967829679292, 0.6595688213202384, 0.6595644063879735, 0.6592438299307122, 0.6606518809868558, 0.661948732540078, 0.6622737986604836, 0.6621411012931759, 0.6654725710542183, 0.6664985160900789, 0.6672245439085267, 0.6696756719529566, 0.6709564060296909, 0.6710467186030442, 0.6727943821019958, 0.6736070426588994, 0.6751884552164895, 0.6756277680518753, 0.6768813383769025, 0.6777775976594433, 0.6778645136178607, 0.6793684603200177, 0.6793543561453013, 0.6818699023263118, 0.6832576607956268, 0.6848890868488721, 0.6861266927341321, 0.6878968879784348, 0.68867503008609, 0.6894491548667527, 0.6917236651260282, 0.6917236651260282, 0.6926720600358127, 0.6930629422093793, 0.6940994955753391, 0.6946602495161329, 0.6973042506242589, 0.6995113046982648, 0.6995113046982648, 0.7003874618767972, 0.7003874618767972, 0.7017187959635558, 0.7025666887055633, 0.7025666887055633, 0.7046890562069099, 0.7046890562069099, 0.7046890562069099, 0.7046890562069099, 0.7046890562069099, 0.7046890562069099, 0.7046890562069099, 0.7074953185264923, 0.7074953185264923, 0.7088426943891173, 0.7105288676810204, 0.7105288676810204, 0.7105288676810204, 0.7105288676810204, 0.7105288676810204, 0.7105288676810204, 0.7124530589463929, 0.7124530589463929, 0.7124530589463929, 0.7186727880127612, 0.7186727880127612, 0.7186727880127612, 0.7206986709309876, 0.7206986709309876, 0.7206986709309876, 0.7206986709309876, 0.7206986709309876, 0.7229030344319491, 0.7229030344319491, 0.7229030344319491, 0.7229030344319491, 0.7229030344319491, 0.7229030344319491, 0.7229030344319491, 0.7229030344319491, 0.7229030344319491, 0.7229030344319491, 0.7229030344319491, 0.7229030344319491]
[0.10813612415143756, 0.12906100303299003, 0.14242463490173543, 0.14080125608679125, 0.14311982564881323, 0.14875721197905725, 0.15677238657360987, 0.1682671418421739, 0.17555710875827688, 0.1824963188691687, 0.18595605860854772, 0.19010484885751602, 0.19992167104811193, 0.202831747801414, 0.2058565440154249, 0.20691337724509995, 0.21053626364602163, 0.21420653390275557, 0.21758521798510463, 0.222374929497741, 0.2322479177016116, 0.23837902120281168, 0.2426006968146324, 0.2482185948589152, 0.25086142023313546, 0.25094926606424395, 0.25502069060980115, 0.2585201662466632, 0.2640847274414637, 0.2653698426557167, 0.268427287334013, 0.27211915007436804, 0.27226614705173935, 0.27668178402181354, 0.2782203607327224, 0.28712985847381306, 0.29046866763959545, 0.2952747707514408, 0.29771261316959363, 0.30277737466421145, 0.3053461676373838, 0.3072178445857616, 0.31472185293885, 0.31472185293885, 0.31707995677051115, 0.31861060770495936, 0.32167299018555895, 0.32387964634808, 0.3325742601758874, 0.33884670519102256, 0.33884670519102256, 0.34116204241709297, 0.34116204241709297, 0.3445070135005993, 0.34614731323687215, 0.34614731323687215, 0.35069546982149813, 0.35069546982149813, 0.35069546982149813, 0.35069546982149813, 0.35069546982149813, 0.35069546982149813, 0.35069546982149813, 0.3579278090401542, 0.3579278090401542, 0.3612560832916815, 0.3657722938964296, 0.3657722938964296, 0.3657722938964296, 0.3657722938964296, 0.3657722938964296, 0.3657722938964296, 0.3710487848180513, 0.3710487848180513, 0.3710487848180513, 0.3878275167217899, 0.3878275167217899, 0.3878275167217899, 0.3931625310070922, 0.3931625310070922, 0.3931625310070922, 0.3931625310070922, 0.3931625310070922, 0.399206145298433, 0.399206145298433, 0.399206145298433, 0.399206145298433, 0.399206145298433, 0.399206145298433, 0.399206145298433, 0.399206145298433, 0.399206145298433, 0.399206145298433, 0.399206145298433, 0.399206145298433]
Training raw path: /home/anhnd/DTI Project/Codes/MPNN/data/KFold/ATCInchikeySideEffectByDrug.txt_train_5
('Number of substructures, proteins, pathways, drugs, se: ', 2936, 1448, 330, 969, 598)
((872, 4714), (97, 4714), (872, 598), (97, 598))
('VALIDATE SUM PROTEIN TRAIN: ', 22673.0)
('VALIDATE SUM PROTEIN TEST: ', 0.0)
Train: 0.9997 0.9989
Test: 0.7072 0.4011
[0.6188374421646445, 0.6215017961432305, 0.62096400209645, 0.6230066886198747, 0.625499069247207, 0.628581280369735, 0.6302849057224362, 0.6291895035487076, 0.6317357668082041, 0.631292930269715, 0.6318808307986056, 0.632759101551223, 0.6330692290632725, 0.6345687964752251, 0.6345126389573208, 0.635512606719604, 0.6367950338649808, 0.638267903014061, 0.6391817994378284, 0.6408028015398249, 0.6432884560790046, 0.6439708715768635, 0.6445890312644794, 0.6466171215660796, 0.6461930993320818, 0.6462327598190674, 0.6494505332085114, 0.6499751207176305, 0.6510869579935423, 0.6508551326853382, 0.6532756327457158, 0.6546505673165108, 0.6551785413102668, 0.6563670746558891, 0.6568259089931412, 0.6616187103888522, 0.6638642939862023, 0.6651946003928093, 0.6668877614987608, 0.6688968489425531, 0.6697018183413211, 0.6704052080717154, 0.6730199103124227, 0.6730199103124227, 0.6742578288402407, 0.6749109137906417, 0.6761218100427467, 0.6767969045526686, 0.6795127182583183, 0.6818562202055228, 0.6818562202055228, 0.6826969139967112, 0.6826969139967112, 0.6848156232896279, 0.685696636772535, 0.685696636772535, 0.6883807380192746, 0.6883807380192746, 0.6883807380192746, 0.6883807380192746, 0.6883807380192746, 0.6883807380192746, 0.6883807380192746, 0.6912480333401071, 0.6912480333401071, 0.6927648904148206, 0.6947836295017257, 0.6947836295017257, 0.6947836295017257, 0.6947836295017257, 0.6947836295017257, 0.6947836295017257, 0.6970320712065524, 0.6970320712065524, 0.6970320712065524, 0.7028048984818316, 0.7028048984818316, 0.7028048984818316, 0.7049150218380882, 0.7049150218380882, 0.7049150218380882, 0.7049150218380882, 0.7049150218380882, 0.7071962530219671, 0.7071962530219671, 0.7071962530219671, 0.7071962530219671, 0.7071962530219671, 0.7071962530219671, 0.7071962530219671, 0.7071962530219671, 0.7071962530219671, 0.7071962530219671, 0.7071962530219671, 0.7071962530219671]
[0.09965217872905825, 0.11443668338274313, 0.11560563529297761, 0.11826271422771462, 0.1270752820079939, 0.13092653750453856, 0.14026696671777855, 0.14206907952570916, 0.14824972674331593, 0.15412288154148734, 0.1576225606086137, 0.16354820279910187, 0.1701158505431325, 0.17529369179228677, 0.17781339497091175, 0.18180031715585476, 0.18624769667128574, 0.1921497183930052, 0.19370497238712794, 0.20255841512695277, 0.20960506628574405, 0.21206715079444483, 0.21681513315198725, 0.22216626950926516, 0.22603778592010748, 0.22698181890189956, 0.23458424351543827, 0.23871470284177881, 0.24292405887451252, 0.2451250379637832, 0.25026024759642623, 0.2539946078837957, 0.2551686370427792, 0.25760807718787904, 0.2585337556775757, 0.2719007588126919, 0.2780135698448234, 0.28243705850244666, 0.2873932784053994, 0.2931037313105749, 0.29518292156593107, 0.2972083076862659, 0.304071945861479, 0.304071945861479, 0.30963870155886936, 0.31220239883108303, 0.31615694252287807, 0.3181093284772071, 0.32846497575090894, 0.3346697649374684, 0.3346697649374684, 0.3368423908232658, 0.3368423908232658, 0.3430958863503873, 0.34617309947318864, 0.34617309947318864, 0.3532299008767492, 0.3532299008767492, 0.3532299008767492, 0.3532299008767492, 0.3532299008767492, 0.3532299008767492, 0.3532299008767492, 0.35981506982804795, 0.35981506982804795, 0.3633899033928235, 0.3688827299523728, 0.3688827299523728, 0.3688827299523728, 0.3688827299523728, 0.3688827299523728, 0.3688827299523728, 0.37505940105008034, 0.37505940105008034, 0.37505940105008034, 0.38965366463765927, 0.38965366463765927, 0.38965366463765927, 0.39511361552448376, 0.39511361552448376, 0.39511361552448376, 0.39511361552448376, 0.39511361552448376, 0.401110401376677, 0.401110401376677, 0.401110401376677, 0.401110401376677, 0.401110401376677, 0.401110401376677, 0.401110401376677, 0.401110401376677, 0.401110401376677, 0.401110401376677, 0.401110401376677, 0.401110401376677]
Training raw path: /home/anhnd/DTI Project/Codes/MPNN/data/KFold/ATCInchikeySideEffectByDrug.txt_train_6
('Number of substructures, proteins, pathways, drugs, se: ', 2936, 1448, 330, 969, 598)
((872, 4714), (97, 4714), (872, 598), (97, 598))
('VALIDATE SUM PROTEIN TRAIN: ', 22942.0)
('VALIDATE SUM PROTEIN TEST: ', 0.0)
Train: 0.9998 0.9991
Test: 0.6757 0.3536
[0.6085286374642307, 0.6158526095320915, 0.6252351674682277, 0.6181338041538005, 0.6168429334390582, 0.617113718406684, 0.6142890927352095, 0.6161124166226992, 0.6161243777281351, 0.6180444378683634, 0.6176124547194748, 0.6181863913927103, 0.6174359601118835, 0.6165672610432682, 0.6168390864197977, 0.616093574430501, 0.6171112444343221, 0.6168838786684183, 0.6177990867911595, 0.6179299267466823, 0.6198174689774125, 0.6202423527780632, 0.6202655974054214, 0.6207273543990515, 0.6194162741374138, 0.6196842905618924, 0.6197974848161879, 0.620294974868365, 0.6215888328081973, 0.6218348639167581, 0.6236309968166318, 0.6243741214026456, 0.6247870467994793, 0.6265244820818987, 0.6261184976055831, 0.6287935978603142, 0.6316969407100512, 0.6328621125510606, 0.6339782149647747, 0.6358994994255669, 0.6362552140304523, 0.6370983582919706, 0.6396500827499202, 0.6396500827499202, 0.6415130792835615, 0.6425193891485911, 0.6432260742255818, 0.6441469808568383, 0.6465807083761975, 0.649185994363633, 0.649185994363633, 0.6502041305743917, 0.6502041305743917, 0.651649350094028, 0.6527166622344953, 0.6527166622344953, 0.6550918695288306, 0.6550918695288306, 0.6550918695288306, 0.6550918695288306, 0.6550918695288306, 0.6550918695288306, 0.6550918695288306, 0.6582265635806367, 0.6582265635806367, 0.6595054344439149, 0.6616458315132359, 0.6616458315132359, 0.6616458315132359, 0.6616458315132359, 0.6616458315132359, 0.6616458315132359, 0.6636480684712381, 0.6636480684712381, 0.6636480684712381, 0.6707435969845712, 0.6707435969845712, 0.6707435969845712, 0.6728484040759651, 0.6728484040759651, 0.6728484040759651, 0.6728484040759651, 0.6728484040759651, 0.6757077018528994, 0.6757077018528994, 0.6757077018528994, 0.6757077018528994, 0.6757077018528994, 0.6757077018528994, 0.6757077018528994, 0.6757077018528994, 0.6757077018528994, 0.6757077018528994, 0.6757077018528994, 0.6757077018528994]
[0.10355508068032543, 0.1164343990538177, 0.1346927315081465, 0.12849238578493752, 0.13269694791953582, 0.13797469364669662, 0.13788593775868715, 0.14268662311541913, 0.14828293700262124, 0.15408623954871428, 0.15709987492285038, 0.16236573548600947, 0.16879004596227887, 0.17202694366838428, 0.1752392721088185, 0.17609297683711977, 0.18033138525522907, 0.18152145597077374, 0.18346620899192084, 0.18855469791950658, 0.19315787395633743, 0.1984942290324839, 0.20216003502251928, 0.20482450683991923, 0.20664034249762012, 0.20730318571567297, 0.2088813658745548, 0.2116440047988508, 0.2168017981858949, 0.2180181130944127, 0.2237885252458212, 0.22605630818317865, 0.22670297523710342, 0.2312774937768206, 0.23149843373376855, 0.238453379294712, 0.24406967081996092, 0.24875755500963523, 0.2533212099371767, 0.2596986989309441, 0.2606585792876035, 0.26214799430011737, 0.26839374453095133, 0.26839374453095133, 0.27416833138448693, 0.27561613980526495, 0.27817424830381093, 0.2802854456561285, 0.28722935211319345, 0.2937042893333053, 0.2937042893333053, 0.2960603023653347, 0.2960603023653347, 0.30051114663352774, 0.3041403996909367, 0.3041403996909367, 0.30974385900303725, 0.30974385900303725, 0.30974385900303725, 0.30974385900303725, 0.30974385900303725, 0.30974385900303725, 0.30974385900303725, 0.3162909710965526, 0.3162909710965526, 0.31882586623904796, 0.3233138284285459, 0.3233138284285459, 0.3233138284285459, 0.3233138284285459, 0.3233138284285459, 0.3233138284285459, 0.32763071042020264, 0.32763071042020264, 0.32763071042020264, 0.34306573037810695, 0.34306573037810695, 0.34306573037810695, 0.3470523471091627, 0.3470523471091627, 0.3470523471091627, 0.3470523471091627, 0.3470523471091627, 0.35358273661647477, 0.35358273661647477, 0.35358273661647477, 0.35358273661647477, 0.35358273661647477, 0.35358273661647477, 0.35358273661647477, 0.35358273661647477, 0.35358273661647477, 0.35358273661647477, 0.35358273661647477, 0.35358273661647477]
Training raw path: /home/anhnd/DTI Project/Codes/MPNN/data/KFold/ATCInchikeySideEffectByDrug.txt_train_7
('Number of substructures, proteins, pathways, drugs, se: ', 2936, 1448, 330, 969, 598)
((872, 4714), (97, 4714), (872, 598), (97, 598))
('VALIDATE SUM PROTEIN TRAIN: ', 22445.0)
('VALIDATE SUM PROTEIN TEST: ', 0.0)
Train: 0.9998 0.9991
Test: 0.6806 0.3620
[0.609360935095802, 0.6191231316551407, 0.6147495929428359, 0.6131006650765611, 0.6073173874957752, 0.6132744710930951, 0.6078700706590341, 0.60643331304797, 0.6077242919320007, 0.6065810670844143, 0.6060803458663171, 0.607748083969876, 0.609820873939853, 0.6112818326668068, 0.612392013992697, 0.6142443961472459, 0.6143915338627439, 0.6138498495192396, 0.6142501926125364, 0.6154856096891763, 0.6159856293628077, 0.6169384568060494, 0.6178317682284188, 0.6178638150463711, 0.6195935526179688, 0.6196566996051921, 0.6208906117459209, 0.6219850853652579, 0.6227387441493482, 0.6223856266269802, 0.6248966594446446, 0.6266675335149601, 0.6270862440595777, 0.6277904623448409, 0.6278243888969723, 0.6302566093563614, 0.6318866217079921, 0.6335492635038721, 0.6353258776879607, 0.6380847593058506, 0.6387145667474942, 0.6393311523719358, 0.6421418923992049, 0.6421418923992049, 0.6429490815227158, 0.6438321573554324, 0.6460842665182508, 0.6469197394192734, 0.6504837924809143, 0.6529887395922288, 0.6529887395922288, 0.6543061638712049, 0.6543061638712049, 0.6565719157851916, 0.6574986389666735, 0.6574986389666735, 0.6599303343242835, 0.6599303343242835, 0.6599303343242835, 0.6599303343242835, 0.6599303343242835, 0.6599303343242835, 0.6599303343242835, 0.6636686390472801, 0.6636686390472801, 0.6653747121616592, 0.6668969658340327, 0.6668969658340327, 0.6668969658340327, 0.6668969658340327, 0.6668969658340327, 0.6668969658340327, 0.6689774856995825, 0.6689774856995825, 0.6689774856995825, 0.6756973723774846, 0.6756973723774846, 0.6756973723774846, 0.6780372661753848, 0.6780372661753848, 0.6780372661753848, 0.6780372661753848, 0.6780372661753848, 0.6806208079659555, 0.6806208079659555, 0.6806208079659555, 0.6806208079659555, 0.6806208079659555, 0.6806208079659555, 0.6806208079659555, 0.6806208079659555, 0.6806208079659555, 0.6806208079659555, 0.6806208079659555, 0.6806208079659555]
[0.10149044672276078, 0.11623485569468106, 0.11820888020336884, 0.11839358813458659, 0.11923007267610915, 0.12921655458439063, 0.1312125045304865, 0.13336432660382042, 0.13696396572609537, 0.13803792505722023, 0.1378560870809294, 0.1412593353996738, 0.1494129969972502, 0.15381060477370476, 0.15623361313247497, 0.1595270784953086, 0.1615770865951225, 0.16556714626107893, 0.16736666893482077, 0.1760115899481323, 0.18358066770753856, 0.18655465602267585, 0.1922788082745407, 0.19728733816182187, 0.20326724269818625, 0.20302028272617018, 0.20649273008460253, 0.21153229641307786, 0.2156848280834937, 0.21716640969378823, 0.2241834731067738, 0.22724128282799066, 0.2283710454980799, 0.2304354381379234, 0.2313669989682258, 0.23987278769669498, 0.2451612536878624, 0.2489631072155928, 0.2537340617645707, 0.2597769019589211, 0.2632352838059211, 0.26473653821570764, 0.2712540738637431, 0.2712540738637431, 0.2753089629752151, 0.2773209900211227, 0.28255905266905657, 0.2846743509649814, 0.29380321547470156, 0.3009958497825255, 0.3009958497825255, 0.30335262250965367, 0.30335262250965367, 0.30869000113107475, 0.31023482927398843, 0.31023482927398843, 0.31531883823272117, 0.31531883823272117, 0.31531883823272117, 0.31531883823272117, 0.31531883823272117, 0.31531883823272117, 0.31531883823272117, 0.3231213016070603, 0.3231213016070603, 0.32693829456088136, 0.33028650131055093, 0.33028650131055093, 0.33028650131055093, 0.33028650131055093, 0.33028650131055093, 0.33028650131055093, 0.33499514154088045, 0.33499514154088045, 0.33499514154088045, 0.3501612893164301, 0.3501612893164301, 0.3501612893164301, 0.35596163877945625, 0.35596163877945625, 0.35596163877945625, 0.35596163877945625, 0.35596163877945625, 0.3619971078774366, 0.3619971078774366, 0.3619971078774366, 0.3619971078774366, 0.3619971078774366, 0.3619971078774366, 0.3619971078774366, 0.3619971078774366, 0.3619971078774366, 0.3619971078774366, 0.3619971078774366, 0.3619971078774366]
Training raw path: /home/anhnd/DTI Project/Codes/MPNN/data/KFold/ATCInchikeySideEffectByDrug.txt_train_8
('Number of substructures, proteins, pathways, drugs, se: ', 2936, 1448, 330, 969, 598)
((872, 4714), (97, 4714), (872, 598), (97, 598))
('VALIDATE SUM PROTEIN TRAIN: ', 22705.0)
('VALIDATE SUM PROTEIN TEST: ', 0.0)
Train: 0.9997 0.9990
Test: 0.7080 0.3667
[0.6667175234936429, 0.6676770802924479, 0.6618460776249473, 0.6530241286639318, 0.6579758330194542, 0.6611283455038217, 0.661779655875459, 0.6585809414858865, 0.6557158888516877, 0.6567630464689287, 0.6572331374955238, 0.6569787002147345, 0.655071322622488, 0.653568026653498, 0.6532308698790414, 0.652057520763583, 0.6531047633287241, 0.6524459984751263, 0.6535776855756659, 0.6529767230320871, 0.6560443601329604, 0.6577263396632353, 0.6563564082985708, 0.657262108884705, 0.6578087532169438, 0.6579222685675956, 0.6586295062591656, 0.6585096723030388, 0.6590523839780666, 0.6584641785486961, 0.6589760054723297, 0.660297769759375, 0.6598770187823562, 0.6617726107085187, 0.6619064723807176, 0.6647930002178988, 0.6669502671519112, 0.6683511158609214, 0.6692977769277991, 0.6712060035124086, 0.6718866454727181, 0.6722887202876793, 0.6737958226580806, 0.6737958226580806, 0.6754678012672609, 0.676324426805403, 0.6776259133304072, 0.6782475641401667, 0.6803364545648284, 0.6819305556974873, 0.6819305556974873, 0.6829172338826582, 0.6829172338826582, 0.6849559935686051, 0.6862055234809415, 0.6862055234809415, 0.6883947241403687, 0.6883947241403687, 0.6883947241403687, 0.6883947241403687, 0.6883947241403687, 0.6883947241403687, 0.6883947241403687, 0.6912130464929389, 0.6912130464929389, 0.6928712454696755, 0.6946678755127218, 0.6946678755127218, 0.6946678755127218, 0.6946678755127218, 0.6946678755127218, 0.6946678755127218, 0.6964839839147199, 0.6964839839147199, 0.6964839839147199, 0.703249984096487, 0.703249984096487, 0.703249984096487, 0.7054473891523756, 0.7054473891523756, 0.7054473891523756, 0.7054473891523756, 0.7054473891523756, 0.708045539012824, 0.708045539012824, 0.708045539012824, 0.708045539012824, 0.708045539012824, 0.708045539012824, 0.708045539012824, 0.708045539012824, 0.708045539012824, 0.708045539012824, 0.708045539012824, 0.708045539012824]
[0.10448440636971726, 0.10853626999637798, 0.12038437345011482, 0.11919826127304155, 0.1281123913295265, 0.13343929344979366, 0.14004830474632074, 0.14328445237155404, 0.14616557086782012, 0.14984933031785766, 0.15289504517728844, 0.15561794999625964, 0.15737174357699296, 0.15951392763992897, 0.16179069206786553, 0.16320780927897932, 0.16552850129897984, 0.168635621775806, 0.17210572756539502, 0.17714982478675362, 0.18369597721784198, 0.19001648171781155, 0.19336438942335618, 0.19814779985276562, 0.2033722534889888, 0.20361904774988213, 0.2079922425238354, 0.21113080472872625, 0.21630593281655325, 0.21720721345834892, 0.22311827365959414, 0.22709124570476763, 0.22754109054827024, 0.23150636500047805, 0.23287891994819812, 0.24110505497182755, 0.24676727097494616, 0.25169706599495706, 0.2553415556835025, 0.2606349273403333, 0.2646084211051282, 0.26541624787723866, 0.2714041177673456, 0.2714041177673456, 0.27589832034957074, 0.27889415971360837, 0.28206582667123653, 0.2837655838246945, 0.2927394628623152, 0.29952626030846397, 0.29952626030846397, 0.302245060981682, 0.302245060981682, 0.30823066145008476, 0.3116603989607658, 0.3116603989607658, 0.3170765071324783, 0.3170765071324783, 0.3170765071324783, 0.3170765071324783, 0.3170765071324783, 0.3170765071324783, 0.3170765071324783, 0.32374260712160335, 0.32374260712160335, 0.32759492225100184, 0.33212702421926543, 0.33212702421926543, 0.33212702421926543, 0.33212702421926543, 0.33212702421926543, 0.33212702421926543, 0.3364692726915067, 0.3364692726915067, 0.3364692726915067, 0.35409948120257395, 0.35409948120257395, 0.35409948120257395, 0.35982584548120106, 0.35982584548120106, 0.35982584548120106, 0.35982584548120106, 0.35982584548120106, 0.3666504474885878, 0.3666504474885878, 0.3666504474885878, 0.3666504474885878, 0.3666504474885878, 0.3666504474885878, 0.3666504474885878, 0.3666504474885878, 0.3666504474885878, 0.3666504474885878, 0.3666504474885878, 0.3666504474885878]
Training raw path: /home/anhnd/DTI Project/Codes/MPNN/data/KFold/ATCInchikeySideEffectByDrug.txt_train_9
('Number of substructures, proteins, pathways, drugs, se: ', 2936, 1448, 330, 969, 598)
((873, 4714), (96, 4714), (873, 598), (96, 598))
('VALIDATE SUM PROTEIN TRAIN: ', 22759.0)
('VALIDATE SUM PROTEIN TEST: ', 0.0)
Train: 0.9996 0.9987
Test: 0.6668 0.3396
[0.573937208035846, 0.5792172558521915, 0.5893061793422306, 0.5847641541081596, 0.5858666882457119, 0.5852787696314233, 0.5863158810103744, 0.5876352071997062, 0.5881462270245286, 0.5886758645730601, 0.5892396135068727, 0.5898492525342568, 0.5928249253808575, 0.5937464911001978, 0.59415761688389, 0.5958970334237099, 0.5960867074740972, 0.5978758286479375, 0.5982988846809234, 0.5989521853484169, 0.6022695478365729, 0.6040282753919357, 0.6055900325894092, 0.6063027872569039, 0.6064064055614726, 0.6064953001721942, 0.6083371156283603, 0.6093246903318492, 0.6105189803485084, 0.6112450437526378, 0.6139805941635824, 0.6148925873730551, 0.615678094144291, 0.616962177567237, 0.6171652146382294, 0.6195018985270578, 0.6212393530639841, 0.6226697328372983, 0.6235562475941016, 0.6257399929025739, 0.6268093432138387, 0.6275136751693563, 0.6310933517574344, 0.6310933517574344, 0.6324404473900993, 0.6332299910412771, 0.6347116844468608, 0.6353521047221448, 0.638348613902961, 0.6411912354168314, 0.6411912354168314, 0.6419011661201387, 0.6419011661201387, 0.644130615603723, 0.6449606609672365, 0.6449606609672365, 0.6475306948103899, 0.6475306948103899, 0.6475306948103899, 0.6475306948103899, 0.6475306948103899, 0.6475306948103899, 0.6475306948103899, 0.6507390838806667, 0.6507390838806667, 0.6524940491767497, 0.6541406920997188, 0.6541406920997188, 0.6541406920997188, 0.6541406920997188, 0.6541406920997188, 0.6541406920997188, 0.6560523405214197, 0.6560523405214197, 0.6560523405214197, 0.6622671767084451, 0.6622671767084451, 0.6622671767084451, 0.6644559170274552, 0.6644559170274552, 0.6644559170274552, 0.6644559170274552, 0.6644559170274552, 0.6667958467333175, 0.6667958467333175, 0.6667958467333175, 0.6667958467333175, 0.6667958467333175, 0.6667958467333175, 0.6667958467333175, 0.6667958467333175, 0.6667958467333175, 0.6667958467333175, 0.6667958467333175, 0.6667958467333175]
[0.07906754012703933, 0.09015971935442252, 0.10415401312992374, 0.10570079167539483, 0.11247435496775718, 0.11539322554834873, 0.12151412658097062, 0.12709454230934228, 0.132013851758099, 0.13574136766612468, 0.13803939847069946, 0.14088747859184092, 0.15004716177059943, 0.1555855490143615, 0.15784390586426789, 0.16188611272071335, 0.16394628144756807, 0.16758779261350706, 0.1690029887095807, 0.17419758663686227, 0.18111335116238492, 0.18575432849466772, 0.19100784497097964, 0.19542470081308902, 0.19832414285229044, 0.19925224047687204, 0.20353798759887434, 0.2076235286240336, 0.21172864760710505, 0.2136404121677343, 0.2181824755364579, 0.22050438356120633, 0.22190237110621655, 0.22465325868503078, 0.22618226870725985, 0.23268696361415525, 0.2364847134420592, 0.24126321848368207, 0.24435714678487325, 0.24953723632845032, 0.2534399072333172, 0.2544420257597003, 0.2614398503036797, 0.2614398503036797, 0.2646177031085561, 0.26580841584997833, 0.2697408539444203, 0.27098002392804527, 0.27777768683402904, 0.2843469659813105, 0.2843469659813105, 0.28608380286629365, 0.28608380286629365, 0.291504038858312, 0.2932926170532235, 0.2932926170532235, 0.29875203910799086, 0.29875203910799086, 0.29875203910799086, 0.29875203910799086, 0.29875203910799086, 0.29875203910799086, 0.29875203910799086, 0.3055133491216851, 0.3055133491216851, 0.30896539623270136, 0.31210013999441677, 0.31210013999441677, 0.31210013999441677, 0.31210013999441677, 0.31210013999441677, 0.31210013999441677, 0.31601970427510767, 0.31601970427510767, 0.31601970427510767, 0.32981724608557766, 0.32981724608557766, 0.32981724608557766, 0.3344411885574994, 0.3344411885574994, 0.3344411885574994, 0.3344411885574994, 0.3344411885574994, 0.3396347038741863, 0.3396347038741863, 0.3396347038741863, 0.3396347038741863, 0.3396347038741863, 0.3396347038741863, 0.3396347038741863, 0.3396347038741863, 0.3396347038741863, 0.3396347038741863, 0.3396347038741863, 0.3396347038741863]
AUC: 0.6891 0.0058
AUPR: 0.3781 0.0075
('RARE AUC', [(0.612321250478325, 0.010231569891880284), (0.6171198023681319, 0.00980485237823553), (0.6195089775691678, 0.008801446387907627), (0.6160778198041105, 0.007884445910825887), (0.6163813427730793, 0.007977832964279664), (0.6180875780994882, 0.007966460196583933), (0.6170798355486194, 0.008085048957286898), (0.6178043633749246, 0.007799986989150826), (0.6185130656386619, 0.007624816645240239), (0.6190446064854962, 0.007693601307169388), (0.6185139515746668, 0.0077176561244687225), (0.6194820308285027, 0.00759214304431988), (0.6198591593202363, 0.007500985148595382), (0.6206319746528947, 0.007274684027586683), (0.6208071332320391, 0.007212164141500107), (0.6214589912465291, 0.0070221331300420135), (0.6222405480999237, 0.007042745159939583), (0.6229523913633779, 0.006938406906443797), (0.6235999792601209, 0.0069396539946973545), (0.6242183251407691, 0.006765013618191574), (0.6265168851636108, 0.0068452215136261384), (0.6280021303710963, 0.006720674156192591), (0.6285747978960827, 0.006558468684915244), (0.6300050411331847, 0.006613554181185669), (0.6303745571304402, 0.00666100632366838), (0.6304839151236121, 0.006657242673908203), (0.6318203463086484, 0.006679989469552047), (0.6326791229463116, 0.006640445305757616), (0.633840983401208, 0.0066833086150774506), (0.6341681158423214, 0.0066337494082667975), (0.6363287052806467, 0.006517199907881415), (0.6375769038462622, 0.006535384449669062), (0.6379749812092295, 0.006476471529469974), (0.639268937104727, 0.006520114883499387), (0.6394936547039075, 0.006522116002120848), (0.6426029256208909, 0.00654037290177229), (0.6445577575861497, 0.006485019234510168), (0.6459918463262707, 0.00651011152938189), (0.6473640501174939, 0.006494487690296167), (0.6495798650906062, 0.006460898380397936), (0.650486590601663, 0.006467053069372149), (0.6512193410936513, 0.006429813765690234), (0.6537771360633113, 0.006343730672790259), (0.6537771360633113, 0.006343730672790259), (0.6551263831439367, 0.006289241416231867), (0.6559522661647266, 0.006250618551805093), (0.6574160424008457, 0.006212836435440208), (0.6581257815526523, 0.006174095829462802), (0.6610451051012417, 0.006092093356531731), (0.6635431467270647, 0.006027079435122128), (0.6635431467270647, 0.006027079435122128), (0.6644782346583813, 0.006018078015585285), (0.6644782346583813, 0.006018078015585285), (0.6664401894936184, 0.005971016643747873), (0.6674772378649434, 0.005968431450493594), (0.6674772378649434, 0.005968431450493594), (0.6698216534131898, 0.0059362029189262725), (0.6698216534131898, 0.0059362029189262725), (0.6698216534131898, 0.0059362029189262725), (0.6698216534131898, 0.0059362029189262725), (0.6698216534131898, 0.0059362029189262725), (0.6698216534131898, 0.0059362029189262725), (0.6698216534131898, 0.0059362029189262725), (0.672900649289644, 0.0058815775334917254), (0.672900649289644, 0.0058815775334917254), (0.6744999256185558, 0.005855258030635199), (0.6762082942367917, 0.005853412828334251), (0.6762082942367917, 0.005853412828334251), (0.6762082942367917, 0.005853412828334251), (0.6762082942367917, 0.005853412828334251), (0.6762082942367917, 0.005853412828334251), (0.6762082942367917, 0.005853412828334251), (0.6782172338700764, 0.005852526881895558), (0.6782172338700764, 0.005852526881895558), (0.6782172338700764, 0.005852526881895558), (0.6844593578527928, 0.00581344300137629), (0.6844593578527928, 0.00581344300137629), (0.6844593578527928, 0.00581344300137629), (0.6866350770005303, 0.005800364479323232), (0.6866350770005303, 0.005800364479323232), (0.6866350770005303, 0.005800364479323232), (0.6866350770005303, 0.005800364479323232), (0.6866350770005303, 0.005800364479323232), (0.6890618989901266, 0.005781024961506172), (0.6890618989901266, 0.005781024961506172), (0.6890618989901266, 0.005781024961506172), (0.6890618989901266, 0.005781024961506172), (0.6890618989901266, 0.005781024961506172), (0.6890618989901266, 0.005781024961506172), (0.6890618989901266, 0.005781024961506172), (0.6890618989901266, 0.005781024961506172), (0.6890618989901266, 0.005781024961506172), (0.6890618989901266, 0.005781024961506172), (0.6890618989901266, 0.005781024961506172), (0.6890618989901266, 0.005781024961506172)])
('RARE AUPR', [(0.10227221526425141, 0.0043191604848438255), (0.11613318729091016, 0.005063843132036139), (0.12533886747076303, 0.0054014037367256865), (0.12634460687947527, 0.004942235292099894), (0.13151781499302703, 0.004606538226838676), (0.13696256680447497, 0.004471330157191042), (0.14154251503578186, 0.004533249727011076), (0.1465952642206721, 0.004832265007405571), (0.15161190056735102, 0.004786372231382984), (0.15526785939518578, 0.004850292076663627), (0.15714278038815385, 0.004982139405213334), (0.16143736995650335, 0.0051083228390507015), (0.16849314575102395, 0.00538137292093564), (0.1730903956566745, 0.00533042944112121), (0.17565530241749916, 0.005420288662701637), (0.17868562930702278, 0.00541734640128595), (0.1814731650810904, 0.005477136275128722), (0.18531211657165914, 0.00551476016182913), (0.18741734681772654, 0.005476783297073593), (0.1941208756553166, 0.005624827061039009), (0.20126963757925007, 0.00601366116066993), (0.20641685146991134, 0.00607908937232115), (0.21091914988902838, 0.006086790508585142), (0.21574038886491512, 0.006242112400382493), (0.2193556863087703, 0.006329172298394009), (0.21985143681801542, 0.006276140493450095), (0.2238930907119701, 0.006325967278879778), (0.22790789607378933, 0.006456935373895745), (0.23266329039719763, 0.006578749894510039), (0.23432424141196698, 0.0065960122162469405), (0.2404737058313678, 0.006548956726729458), (0.24392324851864666, 0.006694683795210061), (0.2449852097238272, 0.006693483591836306), (0.2481459671875636, 0.006671534499175822), (0.2494083836334336, 0.0067238907542717585), (0.2581653396215753, 0.006983984158261633), (0.26300086205361695, 0.006940299410612561), (0.2680935979442639, 0.00703720491119301), (0.27198887042697273, 0.007092162288560936), (0.2779649632835294, 0.007114482044649151), (0.2810243650366082, 0.0071284275108094534), (0.2826661183640781, 0.007212698716225601), (0.2892578790691746, 0.00725430729949245), (0.2892578790691746, 0.00725430729949245), (0.29335931244097185, 0.007193149445255899), (0.2954770162025062, 0.007238573350431281), (0.2995736751650927, 0.007326240427170415), (0.30149482269282935, 0.00734478573733262), (0.30998929177874307, 0.007463293983206222), (0.3166814452393978, 0.007440741913636855), (0.3166814452393978, 0.007440741913636855), (0.318974587867313, 0.007443638350264822), (0.318974587867313, 0.007443638350264822), (0.3242104870114698, 0.007410443428342289), (0.32677615706445573, 0.007433218410127656), (0.32677615706445573, 0.007433218410127656), (0.33230705185269127, 0.007411498740623907), (0.33230705185269127, 0.007411498740623907), (0.33230705185269127, 0.007411498740623907), (0.33230705185269127, 0.007411498740623907), (0.33230705185269127, 0.007411498740623907), (0.33230705185269127, 0.007411498740623907), (0.33230705185269127, 0.007411498740623907), (0.33931896898770864, 0.007416343790375843), (0.33931896898770864, 0.007416343790375843), (0.3428307446659264, 0.0074455506299785715), (0.3468812273945635, 0.00748201741467061), (0.3468812273945635, 0.00748201741467061), (0.3468812273945635, 0.00748201741467061), (0.3468812273945635, 0.00748201741467061), (0.3468812273945635, 0.00748201741467061), (0.3468812273945635, 0.00748201741467061), (0.35181764835322255, 0.007603605020936466), (0.35181764835322255, 0.007603605020936466), (0.35181764835322255, 0.007603605020936466), (0.3669034856552124, 0.00748970939837055), (0.3669034856552124, 0.00748970939837055), (0.3669034856552124, 0.00748970939837055), (0.3721337393438127, 0.0075373296197540724), (0.3721337393438127, 0.0075373296197540724), (0.3721337393438127, 0.0075373296197540724), (0.3721337393438127, 0.0075373296197540724), (0.3721337393438127, 0.0075373296197540724), (0.3781298619809729, 0.007529167694117929), (0.3781298619809729, 0.007529167694117929), (0.3781298619809729, 0.007529167694117929), (0.3781298619809729, 0.007529167694117929), (0.3781298619809729, 0.007529167694117929), (0.3781298619809729, 0.007529167694117929), (0.3781298619809729, 0.007529167694117929), (0.3781298619809729, 0.007529167694117929), (0.3781298619809729, 0.007529167694117929), (0.3781298619809729, 0.007529167694117929), (0.3781298619809729, 0.007529167694117929), (0.3781298619809729, 0.007529167694117929)])
