Default
<models.baselines.omodels.LNSM object at 0x7fd3a4d514d0>
('Manual torch seed: ', 443181909)
Training raw path: /home/anhnd/DTI Project/Codes/MPNN/data/KFold/ATCInchikeySideEffectByDrug.txt_train_0
('Number of substructures, proteins, pathways, drugs, se: ', 2936, 1448, 330, 969, 598)
((872, 1448), (97, 1448), (872, 598), (97, 598))
Train: 0.9942 0.9871
Test: 0.7844 0.5077
[0.6571264601244067, 0.6739687114302186, 0.6876105311896525, 0.6855866403382074, 0.6842627821226427, 0.6846983214247333, 0.6879631460011244, 0.6905038777096122, 0.6910239952421213, 0.6934196194790124, 0.6936160421045819, 0.6949141708739038, 0.6985450654993776, 0.7016078339848908, 0.7027160518880387, 0.7042440572411439, 0.7048128307876551, 0.7056685852982769, 0.7062189462172306, 0.7087371768358637, 0.712247140644281, 0.7140687480768829, 0.716562818192403, 0.7192332441503948, 0.7211558026796199, 0.7214880267013652, 0.7231396567534316, 0.7249794536165048, 0.7276507753572813, 0.7283271827142208, 0.7317207100552157, 0.73318625007494, 0.7336836403093863, 0.7349665351954214, 0.7358123643944998, 0.7402931125083908, 0.7422481256048359, 0.7448688030895319, 0.746621195254594, 0.7493190080943386, 0.7505443410398769, 0.7513623411899862, 0.7538320793862192, 0.7538320793862192, 0.7557705078276217, 0.7566066349537046, 0.7583813481917432, 0.7592315433336227, 0.7623761014632928, 0.7648791395101888, 0.7648791395101888, 0.7656919640528932, 0.7656919640528932, 0.7676259101572664, 0.7685221340475152, 0.7685221340475152, 0.7702356841943592, 0.7702356841943592, 0.7702356841943592, 0.7702356841943592, 0.7702356841943592, 0.7702356841943592, 0.7702356841943592, 0.7726669411385169, 0.7726669411385169, 0.7739295575613343, 0.7751825214149919, 0.7751825214149919, 0.7751825214149919, 0.7751825214149919, 0.7751825214149919, 0.7751825214149919, 0.776669089147135, 0.776669089147135, 0.776669089147135, 0.7809898759014495, 0.7809898759014495, 0.7809898759014495, 0.7826051693158601, 0.7826051693158601, 0.7826051693158601, 0.7826051693158601, 0.7826051693158601, 0.7843947721781641, 0.7843947721781641, 0.7843947721781641, 0.7843947721781641, 0.7843947721781641, 0.7843947721781641, 0.7843947721781641, 0.7843947721781641, 0.7843947721781641, 0.7843947721781641, 0.7843947721781641, 0.7843947721781641]
[0.16546467278881488, 0.18192407764883484, 0.1949721182080802, 0.19296060156704503, 0.1942997229077788, 0.19909947054571403, 0.2065514119953753, 0.2080025560109178, 0.20928655877730476, 0.21530200645193984, 0.2162541518163129, 0.2192282302084771, 0.23105540393720386, 0.238680057320249, 0.24271963528121615, 0.24777592054983427, 0.249127713242682, 0.25085872907386386, 0.2523023430785917, 0.2619544073756121, 0.2737979162999292, 0.2795151387607624, 0.2874062738238094, 0.2951750430197134, 0.30120077228278047, 0.30181600785353435, 0.3068758744424419, 0.3125924218652167, 0.3192442664978126, 0.3210376479882792, 0.33134562458817896, 0.3341720614795203, 0.33594137965874793, 0.3403465473201738, 0.3424133024380288, 0.35533870733886397, 0.36125558658152146, 0.36880466019252145, 0.3746703223520564, 0.3822396779011845, 0.38540163080364365, 0.38759240954767366, 0.3963183808904356, 0.3963183808904356, 0.4043951168007224, 0.40705530113013405, 0.41314217635241357, 0.41584365695940406, 0.4267777126348301, 0.4353171883158353, 0.4353171883158353, 0.4369371347573626, 0.4369371347573626, 0.4432879574327322, 0.44653947883997425, 0.44653947883997425, 0.4519233455662082, 0.4519233455662082, 0.4519233455662082, 0.4519233455662082, 0.4519233455662082, 0.4519233455662082, 0.4519233455662082, 0.46124787491030034, 0.46124787491030034, 0.46580356553738617, 0.4702731722520389, 0.4702731722520389, 0.4702731722520389, 0.4702731722520389, 0.4702731722520389, 0.4702731722520389, 0.4757038068786622, 0.4757038068786622, 0.4757038068786622, 0.49253683772782486, 0.49253683772782486, 0.49253683772782486, 0.4989870760159359, 0.4989870760159359, 0.4989870760159359, 0.4989870760159359, 0.4989870760159359, 0.5077245100974447, 0.5077245100974447, 0.5077245100974447, 0.5077245100974447, 0.5077245100974447, 0.5077245100974447, 0.5077245100974447, 0.5077245100974447, 0.5077245100974447, 0.5077245100974447, 0.5077245100974447, 0.5077245100974447]
Training raw path: /home/anhnd/DTI Project/Codes/MPNN/data/KFold/ATCInchikeySideEffectByDrug.txt_train_1
('Number of substructures, proteins, pathways, drugs, se: ', 2936, 1448, 330, 969, 598)
((872, 1448), (97, 1448), (872, 598), (97, 598))
Train: 0.9934 0.9859
Test: 0.7700 0.4885
[0.626806680476654, 0.6225563324456643, 0.6231688340115085, 0.6244946636026794, 0.6257720566227257, 0.6257647639028128, 0.6315823939532065, 0.6355550829413306, 0.6402626712750237, 0.6425358275565193, 0.6438203800060374, 0.6467888230969403, 0.6535053946204933, 0.6589045082673897, 0.6611324401606679, 0.6646297800541039, 0.6666917624412583, 0.670340928709954, 0.6716199024761789, 0.6757703253546841, 0.6789652858112032, 0.6818612127459536, 0.6858889660471456, 0.6897299125478862, 0.6916833292974007, 0.6920579207667286, 0.6945192457224777, 0.6963767217311154, 0.6999279639959894, 0.701232785108638, 0.7060251008335481, 0.7087524644376869, 0.7094692330301742, 0.7111521577068163, 0.7119281354765699, 0.7172165956963321, 0.7195369661047896, 0.7232344476135517, 0.7257952898344431, 0.7297174968253484, 0.7312679418533294, 0.7322301921081982, 0.7353995367710886, 0.7353995367710886, 0.7368512133018644, 0.737601287371692, 0.739818953832152, 0.7407826024290185, 0.7446050374336358, 0.7478413730389702, 0.7478413730389702, 0.7486393428509471, 0.7486393428509471, 0.7509251414628089, 0.7521067746433727, 0.7521067746433727, 0.7543783845762918, 0.7543783845762918, 0.7543783845762918, 0.7543783845762918, 0.7543783845762918, 0.7543783845762918, 0.7543783845762918, 0.7572367595217926, 0.7572367595217926, 0.7585448560294004, 0.7598341008665275, 0.7598341008665275, 0.7598341008665275, 0.7598341008665275, 0.7598341008665275, 0.7598341008665275, 0.7616128437380509, 0.7616128437380509, 0.7616128437380509, 0.7662175417590562, 0.7662175417590562, 0.7662175417590562, 0.7680743056332044, 0.7680743056332044, 0.7680743056332044, 0.7680743056332044, 0.7680743056332044, 0.7700023427974552, 0.7700023427974552, 0.7700023427974552, 0.7700023427974552, 0.7700023427974552, 0.7700023427974552, 0.7700023427974552, 0.7700023427974552, 0.7700023427974552, 0.7700023427974552, 0.7700023427974552, 0.7700023427974552]
[0.12221913517070748, 0.13674800707280488, 0.13724527477632492, 0.13823634181164493, 0.14616587619278504, 0.14981570156187685, 0.15677084226930002, 0.1621043909679839, 0.17078566530787737, 0.17580206633173906, 0.1769708866552493, 0.18059300033111642, 0.19053333426724772, 0.19970018516235089, 0.20492529957891292, 0.21224009097495727, 0.215386807668871, 0.22037023737727207, 0.22231901963975195, 0.2312454376315417, 0.24151692512633746, 0.24612561748857686, 0.2531077877656358, 0.2620286732305445, 0.2661577335856284, 0.26662457645473725, 0.2711455704963196, 0.27418227452944355, 0.28388629911692453, 0.2867961359604379, 0.29728249010767804, 0.30327492649064736, 0.3050823614995777, 0.3111127319323355, 0.312528162168679, 0.32505100963782774, 0.32993964159324807, 0.3379222254589589, 0.3437991044452297, 0.35574837714596136, 0.35957147856757843, 0.3619594222927134, 0.3699999775753048, 0.3699999775753048, 0.374328662188012, 0.37623205003479343, 0.3828908384474334, 0.38568832040011836, 0.3983135762346894, 0.40986858493787637, 0.40986858493787637, 0.4118024478972919, 0.4118024478972919, 0.4192307859247144, 0.42290570773004654, 0.42290570773004654, 0.4299652547817604, 0.4299652547817604, 0.4299652547817604, 0.4299652547817604, 0.4299652547817604, 0.4299652547817604, 0.4299652547817604, 0.44012665147240654, 0.44012665147240654, 0.44452937723684205, 0.4492110171283319, 0.4492110171283319, 0.4492110171283319, 0.4492110171283319, 0.4492110171283319, 0.4492110171283319, 0.45631692859037903, 0.45631692859037903, 0.45631692859037903, 0.47259237618548555, 0.47259237618548555, 0.47259237618548555, 0.47997126083345754, 0.47997126083345754, 0.47997126083345754, 0.47997126083345754, 0.47997126083345754, 0.48849532534504403, 0.48849532534504403, 0.48849532534504403, 0.48849532534504403, 0.48849532534504403, 0.48849532534504403, 0.48849532534504403, 0.48849532534504403, 0.48849532534504403, 0.48849532534504403, 0.48849532534504403, 0.48849532534504403]
Training raw path: /home/anhnd/DTI Project/Codes/MPNN/data/KFold/ATCInchikeySideEffectByDrug.txt_train_2
('Number of substructures, proteins, pathways, drugs, se: ', 2936, 1448, 330, 969, 598)
((872, 1448), (97, 1448), (872, 598), (97, 598))
Train: 0.9935 0.9857
Test: 0.7945 0.5686
[0.675945712657549, 0.690872115188714, 0.6964085749722532, 0.6939271212479271, 0.6965258586053078, 0.6952780178902346, 0.6962574008050946, 0.7003382281067019, 0.7002337609817584, 0.7033066598600463, 0.7044106291091297, 0.7068776225791602, 0.7096032435831052, 0.7117518052841467, 0.7125720977569825, 0.7149022637391006, 0.7162713089731769, 0.7182662373383197, 0.7191261950675603, 0.7233614265867825, 0.7257593525966861, 0.7280183335537393, 0.7309028107503109, 0.7342375822307227, 0.7369259599670789, 0.7372466268501361, 0.7397550621739212, 0.7417503878007254, 0.7438313554832474, 0.7447618385541819, 0.7475117726464371, 0.7488367319700474, 0.749361971116653, 0.7504232670406709, 0.7509232287867882, 0.7547483389118528, 0.7569242146075044, 0.759259050688713, 0.761239911832571, 0.7635955458563264, 0.7645819499892187, 0.7653741404697952, 0.7676970331857849, 0.7676970331857849, 0.7692305148187086, 0.7699176638324009, 0.7712399446326859, 0.7721581724746185, 0.7752173968275662, 0.7773606978349117, 0.7773606978349117, 0.7780075517284177, 0.7780075517284177, 0.7793885265105003, 0.7803896826593036, 0.7803896826593036, 0.7818723729680175, 0.7818723729680175, 0.7818723729680175, 0.7818723729680175, 0.7818723729680175, 0.7818723729680175, 0.7818723729680175, 0.7839480268060436, 0.7839480268060436, 0.7851679539026339, 0.7863126317945696, 0.7863126317945696, 0.7863126317945696, 0.7863126317945696, 0.7863126317945696, 0.7863126317945696, 0.7876696604908444, 0.7876696604908444, 0.7876696604908444, 0.7915389469415257, 0.7915389469415257, 0.7915389469415257, 0.7929568601144008, 0.7929568601144008, 0.7929568601144008, 0.7929568601144008, 0.7929568601144008, 0.7944717144347597, 0.7944717144347597, 0.7944717144347597, 0.7944717144347597, 0.7944717144347597, 0.7944717144347597, 0.7944717144347597, 0.7944717144347597, 0.7944717144347597, 0.7944717144347597, 0.7944717144347597, 0.7944717144347597]
[0.21309778451868402, 0.2431010826089928, 0.26189720719303616, 0.25953152451878486, 0.2683205995250531, 0.2698311854106111, 0.27545184116410004, 0.2862195406969561, 0.2897321135928567, 0.29535266297508045, 0.2988090508290493, 0.30461568386029514, 0.31303469074997503, 0.3165573259119665, 0.3197327807629895, 0.3268796503310343, 0.3308177963055543, 0.33563833633273904, 0.3373549341194916, 0.34877071114209524, 0.35639124055976235, 0.3631399391869584, 0.37222751047909064, 0.3833022301320853, 0.39028337420297465, 0.3912699598771866, 0.39766218052071445, 0.4036994546974655, 0.40960642210675846, 0.41196458474250364, 0.41859851122084957, 0.4216403290890479, 0.4228186639348352, 0.42578556426418956, 0.4268686297270622, 0.43609139179057976, 0.4430156832304933, 0.449040183803898, 0.4560327682687889, 0.4631060851062734, 0.46594847213897145, 0.46825540883122446, 0.47506127790918473, 0.47506127790918473, 0.4810166322361689, 0.4832147606804459, 0.4870986723023678, 0.48975643972366467, 0.5003209856407568, 0.5069273767726223, 0.5069273767726223, 0.509070393539664, 0.509070393539664, 0.5134742327252899, 0.5172653283514339, 0.5172653283514339, 0.521294339801331, 0.521294339801331, 0.521294339801331, 0.521294339801331, 0.521294339801331, 0.521294339801331, 0.521294339801331, 0.5282861545769852, 0.5282861545769852, 0.5327476215485187, 0.5370346706913103, 0.5370346706913103, 0.5370346706913103, 0.5370346706913103, 0.5370346706913103, 0.5370346706913103, 0.542414721387606, 0.542414721387606, 0.542414721387606, 0.5569272391603242, 0.5569272391603242, 0.5569272391603242, 0.5623097814905296, 0.5623097814905296, 0.5623097814905296, 0.5623097814905296, 0.5623097814905296, 0.5685580305585748, 0.5685580305585748, 0.5685580305585748, 0.5685580305585748, 0.5685580305585748, 0.5685580305585748, 0.5685580305585748, 0.5685580305585748, 0.5685580305585748, 0.5685580305585748, 0.5685580305585748, 0.5685580305585748]
Training raw path: /home/anhnd/DTI Project/Codes/MPNN/data/KFold/ATCInchikeySideEffectByDrug.txt_train_3
('Number of substructures, proteins, pathways, drugs, se: ', 2936, 1448, 330, 969, 598)
((872, 1448), (97, 1448), (872, 598), (97, 598))
Train: 0.9928 0.9855
Test: 0.7986 0.5394
[0.6851466407461497, 0.6972069577977003, 0.7035142807867503, 0.7026135502066593, 0.7024069058580042, 0.7006933788163983, 0.7034833669224185, 0.7054726560589051, 0.706212033578732, 0.7102386041426653, 0.7116635959829867, 0.7126298522987018, 0.7160399996584688, 0.7199465569091512, 0.7202582323402591, 0.7221679609030132, 0.7238328477158951, 0.7247238830076328, 0.7257789193538016, 0.7279259801572004, 0.7313339807251833, 0.734022998422059, 0.7367206394642327, 0.7387301563353124, 0.7399326954904755, 0.7402309583642195, 0.7424226857804566, 0.7440569748305175, 0.7462746040829052, 0.7467964052386018, 0.7499090527579859, 0.751210751361457, 0.7515052184349822, 0.7526981344184769, 0.753136297811195, 0.7568251814646001, 0.7589996122281415, 0.7611530840554236, 0.7628626176184511, 0.7654071302083046, 0.7663649460570807, 0.7670755429718402, 0.7696888884159105, 0.7696888884159105, 0.7711407539789649, 0.7719546233829917, 0.7734454889530191, 0.7743953844480971, 0.7774595755235173, 0.7799461741005027, 0.7799461741005027, 0.780616126114996, 0.780616126114996, 0.782312584574293, 0.7833082559397517, 0.7833082559397517, 0.7852767936617888, 0.7852767936617888, 0.7852767936617888, 0.7852767936617888, 0.7852767936617888, 0.7852767936617888, 0.7852767936617888, 0.7873948934221264, 0.7873948934221264, 0.7885873544882269, 0.7898226754590811, 0.7898226754590811, 0.7898226754590811, 0.7898226754590811, 0.7898226754590811, 0.7898226754590811, 0.7911488294933056, 0.7911488294933056, 0.7911488294933056, 0.7955139192712157, 0.7955139192712157, 0.7955139192712157, 0.7970171458020595, 0.7970171458020595, 0.7970171458020595, 0.7970171458020595, 0.7970171458020595, 0.7985926647549226, 0.7985926647549226, 0.7985926647549226, 0.7985926647549226, 0.7985926647549226, 0.7985926647549226, 0.7985926647549226, 0.7985926647549226, 0.7985926647549226, 0.7985926647549226, 0.7985926647549226, 0.7985926647549226]
[0.1942709634819502, 0.22320246699847812, 0.23063823309413586, 0.23111422770242807, 0.23756297323687486, 0.23791302315401552, 0.24707731119766335, 0.2522960739291632, 0.259952741698421, 0.268406182453781, 0.27191044361335887, 0.2748449082249398, 0.28302864495851365, 0.29249348676101794, 0.2936810195327387, 0.2992477580816123, 0.30336241973555145, 0.30532200017968736, 0.30745937235462917, 0.314899336835765, 0.3258093293082092, 0.333126557187183, 0.3398076299620263, 0.34568971543043303, 0.34743787383091485, 0.3486953473580443, 0.3552940768985706, 0.35953532948286715, 0.36414127702485144, 0.3653204257540992, 0.3742924721845621, 0.3785601770228393, 0.3792268537596869, 0.38296448344440154, 0.38394448496852995, 0.39629138351798987, 0.40202441227011054, 0.40747512891501647, 0.41316286306596656, 0.42252970152384023, 0.4248706875560392, 0.42689564466856134, 0.4346479048480897, 0.4346479048480897, 0.43878998648450485, 0.4419137858282498, 0.4471595761812164, 0.4502263362617943, 0.4604377426346362, 0.46988790846183565, 0.46988790846183565, 0.47170281062010233, 0.47170281062010233, 0.4777566054954069, 0.4809641682394264, 0.4809641682394264, 0.48741924971717454, 0.48741924971717454, 0.48741924971717454, 0.48741924971717454, 0.48741924971717454, 0.48741924971717454, 0.48741924971717454, 0.4947185443602624, 0.4947185443602624, 0.49857178390281265, 0.5032450235520622, 0.5032450235520622, 0.5032450235520622, 0.5032450235520622, 0.5032450235520622, 0.5032450235520622, 0.5089712992997781, 0.5089712992997781, 0.5089712992997781, 0.5265393255177746, 0.5265393255177746, 0.5265393255177746, 0.5325636387620303, 0.5325636387620303, 0.5325636387620303, 0.5325636387620303, 0.5325636387620303, 0.5394249834361555, 0.5394249834361555, 0.5394249834361555, 0.5394249834361555, 0.5394249834361555, 0.5394249834361555, 0.5394249834361555, 0.5394249834361555, 0.5394249834361555, 0.5394249834361555, 0.5394249834361555, 0.5394249834361555]
Training raw path: /home/anhnd/DTI Project/Codes/MPNN/data/KFold/ATCInchikeySideEffectByDrug.txt_train_4
('Number of substructures, proteins, pathways, drugs, se: ', 2936, 1448, 330, 969, 598)
((872, 1448), (97, 1448), (872, 598), (97, 598))
Train: 0.9923 0.9848
Test: 0.8019 0.4938
[0.6885914976553906, 0.686566792844298, 0.6883331455434003, 0.6954131654025162, 0.6938309203736923, 0.6950327409190841, 0.6977057930815684, 0.7040106027694626, 0.7093193580705759, 0.7128507088496079, 0.7134458326831474, 0.7158890184997185, 0.7221579447310718, 0.7256460465747767, 0.7263610664359881, 0.7277301255150221, 0.7290239016818602, 0.7307123355304305, 0.7323848853604735, 0.7358224260964292, 0.7380902417303632, 0.7406683150940929, 0.7425643261405594, 0.7447553229904654, 0.7473748598543613, 0.7475853290520065, 0.7495856522172455, 0.7509876103174111, 0.752876314026413, 0.7535328921523784, 0.7553731331698486, 0.7566925851489497, 0.7569276127742938, 0.7582982260604609, 0.7587081295291904, 0.7621663249905055, 0.7637548783799994, 0.7660654651139688, 0.7677983165461926, 0.7700049731216017, 0.770775629711016, 0.7712591604810023, 0.773805989284945, 0.773805989284945, 0.7751148726866914, 0.7757718067269928, 0.7771859612734419, 0.777974646007878, 0.7807751095338055, 0.7828608988004504, 0.7828608988004504, 0.7835726793257338, 0.7835726793257338, 0.7849668060329053, 0.7856082522990717, 0.7856082522990717, 0.7875633165286303, 0.7875633165286303, 0.7875633165286303, 0.7875633165286303, 0.7875633165286303, 0.7875633165286303, 0.7875633165286303, 0.789860087251418, 0.789860087251418, 0.7910330892495212, 0.7923225936731421, 0.7923225936731421, 0.7923225936731421, 0.7923225936731421, 0.7923225936731421, 0.7923225936731421, 0.7938068764527875, 0.7938068764527875, 0.7938068764527875, 0.7986404648017857, 0.7986404648017857, 0.7986404648017857, 0.8001969254936611, 0.8001969254936611, 0.8001969254936611, 0.8001969254936611, 0.8001969254936611, 0.8018711322617943, 0.8018711322617943, 0.8018711322617943, 0.8018711322617943, 0.8018711322617943, 0.8018711322617943, 0.8018711322617943, 0.8018711322617943, 0.8018711322617943, 0.8018711322617943, 0.8018711322617943, 0.8018711322617943]
[0.148995393124924, 0.15091626864518554, 0.15504444136275322, 0.16463082547691754, 0.16659600999425866, 0.17111902529508735, 0.17835582714347306, 0.19288746056184977, 0.2028869837993491, 0.21109199891871688, 0.21361962515822824, 0.21813826692000127, 0.2311563907156543, 0.2404671025119954, 0.24204703139781542, 0.24452068362068044, 0.24986386255246948, 0.2545915090222984, 0.2586952193875263, 0.2675020035779574, 0.27488547407830755, 0.28113132996169776, 0.285224749861609, 0.2912819780594832, 0.2990433795093203, 0.2995756482372479, 0.3052969805989387, 0.307973054716293, 0.31390190308215105, 0.31606757889346904, 0.3202320282271616, 0.32365523156928544, 0.32440414246036064, 0.3306567998131608, 0.33194098355897395, 0.34254444975639164, 0.3471163094044827, 0.35304323820452727, 0.3584172831633777, 0.3663943033185094, 0.3691201866784545, 0.37025825155315795, 0.3796316705766716, 0.3796316705766716, 0.3842367381243353, 0.38693831497698183, 0.3919792131098906, 0.395311460348403, 0.40505212725130124, 0.414013649474002, 0.414013649474002, 0.416203446339473, 0.416203446339473, 0.4215261343431896, 0.42371745769409774, 0.42371745769409774, 0.43130401221733666, 0.43130401221733666, 0.43130401221733666, 0.43130401221733666, 0.43130401221733666, 0.43130401221733666, 0.43130401221733666, 0.4406721107432488, 0.4406721107432488, 0.44544621793930594, 0.45179555978788355, 0.45179555978788355, 0.45179555978788355, 0.45179555978788355, 0.45179555978788355, 0.45179555978788355, 0.45863644588036523, 0.45863644588036523, 0.45863644588036523, 0.47956445380450086, 0.47956445380450086, 0.47956445380450086, 0.4861554353642328, 0.4861554353642328, 0.4861554353642328, 0.4861554353642328, 0.4861554353642328, 0.49379424963845087, 0.49379424963845087, 0.49379424963845087, 0.49379424963845087, 0.49379424963845087, 0.49379424963845087, 0.49379424963845087, 0.49379424963845087, 0.49379424963845087, 0.49379424963845087, 0.49379424963845087, 0.49379424963845087]
Training raw path: /home/anhnd/DTI Project/Codes/MPNN/data/KFold/ATCInchikeySideEffectByDrug.txt_train_5
('Number of substructures, proteins, pathways, drugs, se: ', 2936, 1448, 330, 969, 598)
((872, 1448), (97, 1448), (872, 598), (97, 598))
Train: 0.9910 0.9828
Test: 0.7892 0.4929
[0.6537200692990568, 0.6612663861488458, 0.6650455944696181, 0.665085949883127, 0.6701657668722321, 0.6711460798589561, 0.6764635740178324, 0.6802926764844528, 0.6836747832356542, 0.6874810154404295, 0.6887192188910615, 0.6922663116505784, 0.696713647058202, 0.6993720037143027, 0.6997407387754423, 0.7025478123201372, 0.7040293458140743, 0.7072795550122526, 0.7081605607485087, 0.7118244478950058, 0.715600530063399, 0.7175021437183391, 0.7207705333678551, 0.7235634798684761, 0.7267080464551949, 0.7271444874021408, 0.7299206349475693, 0.7324998710647337, 0.7348869091815479, 0.736092101873139, 0.7382515285379326, 0.7395483901676783, 0.7397791263579137, 0.7404228367912877, 0.7408521468249863, 0.7451500660902673, 0.7471181867395303, 0.7495561303207241, 0.7512133084015673, 0.7533325782064675, 0.7545559525896227, 0.755153364781483, 0.7578250015329344, 0.7578250015329344, 0.759695767973787, 0.7604092179246114, 0.7617806214936298, 0.7624251505095683, 0.7662475988975327, 0.768562276743702, 0.768562276743702, 0.7692965643310649, 0.7692965643310649, 0.7712629849101296, 0.7721833049673794, 0.7721833049673794, 0.7745593780294082, 0.7745593780294082, 0.7745593780294082, 0.7745593780294082, 0.7745593780294082, 0.7745593780294082, 0.7745593780294082, 0.7768344064893618, 0.7768344064893618, 0.7779063964208988, 0.7794378949001116, 0.7794378949001116, 0.7794378949001116, 0.7794378949001116, 0.7794378949001116, 0.7794378949001116, 0.7812222441764043, 0.7812222441764043, 0.7812222441764043, 0.7858710267964749, 0.7858710267964749, 0.7858710267964749, 0.7874672073474053, 0.7874672073474053, 0.7874672073474053, 0.7874672073474053, 0.7874672073474053, 0.7891987218731348, 0.7891987218731348, 0.7891987218731348, 0.7891987218731348, 0.7891987218731348, 0.7891987218731348, 0.7891987218731348, 0.7891987218731348, 0.7891987218731348, 0.7891987218731348, 0.7891987218731348, 0.7891987218731348]
[0.15731394470201693, 0.16472613629737315, 0.1593094133944404, 0.16054383572791142, 0.16847259598001507, 0.16940806604473324, 0.18258218469230297, 0.18946289369129715, 0.19744152063693618, 0.2048167251672488, 0.2088675248434062, 0.21399461087166277, 0.22395497571315354, 0.22893757472724718, 0.23084148058698428, 0.2371942846156686, 0.2409715854875131, 0.2487362152883363, 0.25000597593603613, 0.2589480718744277, 0.26826722160616073, 0.27131568501097225, 0.27858298640206386, 0.28540715465818656, 0.2915505735732621, 0.2923202699448323, 0.2995897388317587, 0.30620866582821915, 0.3117468318556945, 0.3151023201126799, 0.3210372323574967, 0.3241351902687291, 0.3247809267593613, 0.32675482172310294, 0.32740890205613693, 0.34004572231771213, 0.34447674285423946, 0.351265084847748, 0.3562106176335088, 0.3630048828699095, 0.36581206857875703, 0.3677443922705306, 0.37557792642649757, 0.37557792642649757, 0.3819782351530405, 0.38401749021817183, 0.38872563848401037, 0.3914049116596821, 0.4042980996664248, 0.4120599453328747, 0.4120599453328747, 0.41375455229434477, 0.41375455229434477, 0.42023475876823824, 0.42329517676904227, 0.42329517676904227, 0.431614528786973, 0.431614528786973, 0.431614528786973, 0.431614528786973, 0.431614528786973, 0.431614528786973, 0.431614528786973, 0.4402043277353549, 0.4402043277353549, 0.44373700272863337, 0.4502132464154248, 0.4502132464154248, 0.4502132464154248, 0.4502132464154248, 0.4502132464154248, 0.4502132464154248, 0.4581402634943176, 0.4581402634943176, 0.4581402634943176, 0.4787055550008381, 0.4787055550008381, 0.4787055550008381, 0.48508397291474137, 0.48508397291474137, 0.48508397291474137, 0.48508397291474137, 0.48508397291474137, 0.4929202653191364, 0.4929202653191364, 0.4929202653191364, 0.4929202653191364, 0.4929202653191364, 0.4929202653191364, 0.4929202653191364, 0.4929202653191364, 0.4929202653191364, 0.4929202653191364, 0.4929202653191364, 0.4929202653191364]
Training raw path: /home/anhnd/DTI Project/Codes/MPNN/data/KFold/ATCInchikeySideEffectByDrug.txt_train_6
('Number of substructures, proteins, pathways, drugs, se: ', 2936, 1448, 330, 969, 598)
((872, 1448), (97, 1448), (872, 598), (97, 598))
Train: 0.9916 0.9838
Test: 0.8102 0.5119
[0.7078446841294299, 0.7195368477914567, 0.7258483586004577, 0.722476061217328, 0.719225408713234, 0.7183742403896922, 0.7201757013077767, 0.7240114948510182, 0.7272625834129219, 0.7313942597581066, 0.7335364952132094, 0.7357904764271547, 0.7386071166752971, 0.741592805687324, 0.7420896527089358, 0.7430843841393191, 0.7440919522505973, 0.7445581130514569, 0.7455339092093832, 0.74877220984987, 0.7509618334770609, 0.7537916957059014, 0.7559471493417433, 0.757707128529344, 0.7588799093330538, 0.759137115813568, 0.7607519831945222, 0.7616734525567548, 0.7634767864892362, 0.7637292581215438, 0.766269925644786, 0.7672366390560548, 0.7676929352579591, 0.7687339676834453, 0.769032953202397, 0.7719740874752123, 0.7738603405288846, 0.7754506788187411, 0.7768396242297372, 0.7790750754248112, 0.7796941907120084, 0.7802471581145417, 0.7826563150648719, 0.7826563150648719, 0.7842873953719895, 0.7850436354538636, 0.7861422949167043, 0.7869466814402584, 0.7897937419084712, 0.7919195425172725, 0.7919195425172725, 0.7927219719150269, 0.7927219719150269, 0.7941578115908354, 0.7949626679891578, 0.7949626679891578, 0.7967523497157022, 0.7967523497157022, 0.7967523497157022, 0.7967523497157022, 0.7967523497157022, 0.7967523497157022, 0.7967523497157022, 0.7987800512274237, 0.7987800512274237, 0.7997358115576447, 0.8012025270977908, 0.8012025270977908, 0.8012025270977908, 0.8012025270977908, 0.8012025270977908, 0.8012025270977908, 0.802557120066703, 0.802557120066703, 0.802557120066703, 0.8070898030705522, 0.8070898030705522, 0.8070898030705522, 0.8083754329177344, 0.8083754329177344, 0.8083754329177344, 0.8083754329177344, 0.8083754329177344, 0.8101764183249891, 0.8101764183249891, 0.8101764183249891, 0.8101764183249891, 0.8101764183249891, 0.8101764183249891, 0.8101764183249891, 0.8101764183249891, 0.8101764183249891, 0.8101764183249891, 0.8101764183249891, 0.8101764183249891]
[0.18200827156321198, 0.19493695015509724, 0.20431948394788066, 0.20096023820909997, 0.20951302447111703, 0.2096604992683332, 0.2196324891509482, 0.22876526532320302, 0.2363928284891303, 0.24632924791229543, 0.2510164852516677, 0.25775702668481604, 0.26574582089273335, 0.273182742482158, 0.2735716482064209, 0.27661649672526156, 0.28271147902806215, 0.28394756997844617, 0.2866227083988395, 0.2956438095041341, 0.30236793437032294, 0.3102779806626652, 0.31723351880886136, 0.3236983075117972, 0.32775286150977434, 0.32830182763823224, 0.3323623602852134, 0.33544022660713924, 0.34023941749597464, 0.34169922639634476, 0.3489977194710855, 0.35166131770890074, 0.3528902476060345, 0.35899650690632856, 0.36023841695368825, 0.36854048145376295, 0.3746560151533304, 0.37914828583506255, 0.3838894907615471, 0.3910812825281799, 0.3933231725650925, 0.39464535687336666, 0.4035725767008831, 0.4035725767008831, 0.41023415263001817, 0.4128913881884369, 0.4171122020127974, 0.4199626699878809, 0.4297495356426018, 0.4387600906707233, 0.4387600906707233, 0.4413111570346579, 0.4413111570346579, 0.44529236498763003, 0.4484959244435614, 0.4484959244435614, 0.45481879696379035, 0.45481879696379035, 0.45481879696379035, 0.45481879696379035, 0.45481879696379035, 0.45481879696379035, 0.45481879696379035, 0.46221530692540036, 0.46221530692540036, 0.46601404273720065, 0.472328799539289, 0.472328799539289, 0.472328799539289, 0.472328799539289, 0.472328799539289, 0.472328799539289, 0.4783331160708634, 0.4783331160708634, 0.4783331160708634, 0.4979531675190921, 0.4979531675190921, 0.4979531675190921, 0.5027334487116185, 0.5027334487116185, 0.5027334487116185, 0.5027334487116185, 0.5027334487116185, 0.5118787758559915, 0.5118787758559915, 0.5118787758559915, 0.5118787758559915, 0.5118787758559915, 0.5118787758559915, 0.5118787758559915, 0.5118787758559915, 0.5118787758559915, 0.5118787758559915, 0.5118787758559915, 0.5118787758559915]
Training raw path: /home/anhnd/DTI Project/Codes/MPNN/data/KFold/ATCInchikeySideEffectByDrug.txt_train_7
('Number of substructures, proteins, pathways, drugs, se: ', 2936, 1448, 330, 969, 598)
((872, 1448), (97, 1448), (872, 598), (97, 598))
Train: 0.9908 0.9823
Test: 0.8003 0.5285
[0.654436989968236, 0.667191625880652, 0.6793788825046891, 0.6791512968473636, 0.6800119776031853, 0.6843804876828186, 0.686310764386827, 0.6890845038849636, 0.6923317639591731, 0.6941417668774907, 0.6947541099029246, 0.6972642034910003, 0.7027571926777352, 0.7047174401747848, 0.7053242997902117, 0.7075486383277954, 0.7095307901484907, 0.7113118482436154, 0.7129720407076833, 0.7169990948458831, 0.7204069104588455, 0.7235094290529851, 0.7271730592451624, 0.7307574648684096, 0.7329355094698269, 0.733301867917075, 0.7361060768820145, 0.738359700665131, 0.7405855814037365, 0.7413419570482884, 0.7451480747112057, 0.7467927208276472, 0.7474670511193402, 0.7484736796166176, 0.7489489110593777, 0.7522314833570607, 0.7546135446087701, 0.7572045037543358, 0.7595017190253961, 0.7624717194117638, 0.7636872085752262, 0.7644312267793858, 0.7673023877425349, 0.7673023877425349, 0.7693064974984536, 0.7701693514056545, 0.7723131504394993, 0.7734172309402209, 0.777572667838268, 0.7800608012450088, 0.7800608012450088, 0.7809873425352063, 0.7809873425352063, 0.7829326635512734, 0.7838889447091242, 0.7838889447091242, 0.785828020281487, 0.785828020281487, 0.785828020281487, 0.785828020281487, 0.785828020281487, 0.785828020281487, 0.785828020281487, 0.7883599417196443, 0.7883599417196443, 0.7896196287325362, 0.790836720816456, 0.790836720816456, 0.790836720816456, 0.790836720816456, 0.790836720816456, 0.790836720816456, 0.7921922238616567, 0.7921922238616567, 0.7921922238616567, 0.7970110489048094, 0.7970110489048094, 0.7970110489048094, 0.7985727243284549, 0.7985727243284549, 0.7985727243284549, 0.7985727243284549, 0.7985727243284549, 0.8003045425740082, 0.8003045425740082, 0.8003045425740082, 0.8003045425740082, 0.8003045425740082, 0.8003045425740082, 0.8003045425740082, 0.8003045425740082, 0.8003045425740082, 0.8003045425740082, 0.8003045425740082, 0.8003045425740082]
[0.15131947486737254, 0.15837865599971843, 0.17405750364999206, 0.17907710741536498, 0.18723208613946715, 0.19589346627842105, 0.20178353659662515, 0.20695558961655594, 0.21209026742507034, 0.21592393618557804, 0.2177537205850413, 0.22383087998838813, 0.2369768898734438, 0.24180539457347297, 0.24370732285133573, 0.2488289067232766, 0.2528142561381077, 0.2567736103378373, 0.2589453332156452, 0.2675882403311757, 0.2779373738021717, 0.2847697714808124, 0.29338711488027786, 0.30296129746535394, 0.30881277300337695, 0.3094976140645845, 0.3170729462915539, 0.32338590528732347, 0.32864836896701066, 0.3305111310214004, 0.34199597779973356, 0.3467685846569828, 0.3489382748025046, 0.3525789486444537, 0.35354654498833876, 0.3646922083514516, 0.3727613439718324, 0.37948585600112694, 0.3858977568976153, 0.3959489295858607, 0.399093744451405, 0.4015091270201865, 0.4106725586584876, 0.4106725586584876, 0.41883287428602256, 0.42150830779951104, 0.42797428826035067, 0.43181917048770657, 0.44612112153114303, 0.45426124298393955, 0.45426124298393955, 0.4573296124310324, 0.4573296124310324, 0.4638629073891781, 0.4663763923874003, 0.4663763923874003, 0.47179146858485455, 0.47179146858485455, 0.47179146858485455, 0.47179146858485455, 0.47179146858485455, 0.47179146858485455, 0.47179146858485455, 0.4815430622470827, 0.4815430622470827, 0.4862231010921613, 0.4908109535033367, 0.4908109535033367, 0.4908109535033367, 0.4908109535033367, 0.4908109535033367, 0.4908109535033367, 0.49575149858856105, 0.49575149858856105, 0.49575149858856105, 0.5149481800848268, 0.5149481800848268, 0.5149481800848268, 0.5208956206550407, 0.5208956206550407, 0.5208956206550407, 0.5208956206550407, 0.5208956206550407, 0.5285397235756786, 0.5285397235756786, 0.5285397235756786, 0.5285397235756786, 0.5285397235756786, 0.5285397235756786, 0.5285397235756786, 0.5285397235756786, 0.5285397235756786, 0.5285397235756786, 0.5285397235756786, 0.5285397235756786]
Training raw path: /home/anhnd/DTI Project/Codes/MPNN/data/KFold/ATCInchikeySideEffectByDrug.txt_train_8
('Number of substructures, proteins, pathways, drugs, se: ', 2936, 1448, 330, 969, 598)
((872, 1448), (97, 1448), (872, 598), (97, 598))
Train: 0.9922 0.9848
Test: 0.7855 0.4826
[0.6793806723955977, 0.6921895900414359, 0.6815370006320007, 0.6780050440064577, 0.6727720490355868, 0.67720356798521, 0.678141740533593, 0.680238182465768, 0.6826156766383462, 0.6871268659194356, 0.6873084810976041, 0.6879621442391746, 0.6905828944438246, 0.6934051231650638, 0.6954594240298702, 0.6965270526588705, 0.6981770477467603, 0.7002077578847462, 0.7015630968616436, 0.7038283138659513, 0.7059939312667907, 0.7093130231677344, 0.7116248704371018, 0.714478043907072, 0.7171663379850561, 0.7175071668164401, 0.720042823112224, 0.7219972132973134, 0.7243006713718437, 0.7248283830925294, 0.7289941233230712, 0.7305223935231429, 0.7309953400350595, 0.7327055033276075, 0.7332379617365524, 0.7369890317770831, 0.7391232063394798, 0.7416280691482569, 0.743607898298301, 0.7463299427299883, 0.7477862358667634, 0.7481515967869752, 0.7512533172029445, 0.7512533172029445, 0.7528835767118099, 0.7537727309564457, 0.7552755564889022, 0.7561447310755199, 0.7596754476400944, 0.7628652071538283, 0.7628652071538283, 0.763693418163575, 0.763693418163575, 0.7656587727728105, 0.7668260856098833, 0.7668260856098833, 0.7690462252892982, 0.7690462252892982, 0.7690462252892982, 0.7690462252892982, 0.7690462252892982, 0.7690462252892982, 0.7690462252892982, 0.7718477905073651, 0.7718477905073651, 0.7731457081042599, 0.7745629933797026, 0.7745629933797026, 0.7745629933797026, 0.7745629933797026, 0.7745629933797026, 0.7745629933797026, 0.7760593616662661, 0.7760593616662661, 0.7760593616662661, 0.7816071884550471, 0.7816071884550471, 0.7816071884550471, 0.7834312644231021, 0.7834312644231021, 0.7834312644231021, 0.7834312644231021, 0.7834312644231021, 0.7855113864496471, 0.7855113864496471, 0.7855113864496471, 0.7855113864496471, 0.7855113864496471, 0.7855113864496471, 0.7855113864496471, 0.7855113864496471, 0.7855113864496471, 0.7855113864496471, 0.7855113864496471, 0.7855113864496471]
[0.12838273138734718, 0.1421540014317383, 0.14925235063421985, 0.15664181923955844, 0.16480440156604162, 0.17219716127302342, 0.1825144583859436, 0.1883234795218548, 0.19767818614348703, 0.20719885672358693, 0.20855306738826268, 0.2128446910835332, 0.2188007516790316, 0.22205901083460994, 0.22564599845906413, 0.22911264582841803, 0.23330667918764297, 0.23862474708883075, 0.24105055167932488, 0.24700804465637147, 0.25448886659222725, 0.2597838510322333, 0.26394828407537163, 0.27190075125984536, 0.27833633807602354, 0.27818815508592876, 0.28310048138072197, 0.28839388989781456, 0.29349852376290697, 0.2946681102402443, 0.30417474019305446, 0.30835076097255754, 0.309441626179872, 0.3158068021348077, 0.3168293793086716, 0.32763931653598094, 0.33458210803829924, 0.34034332204790146, 0.3448170693379803, 0.3527995106144849, 0.3561257317405081, 0.3573759916198989, 0.36657965977533197, 0.36657965977533197, 0.3714263048219306, 0.37413463372105976, 0.37902361524214123, 0.3815811979737064, 0.3916482232290986, 0.40232887700342734, 0.40232887700342734, 0.40429254160161743, 0.40429254160161743, 0.4101343479673728, 0.4140014455245048, 0.4140014455245048, 0.4202979968875737, 0.4202979968875737, 0.4202979968875737, 0.4202979968875737, 0.4202979968875737, 0.4202979968875737, 0.4202979968875737, 0.42905928195577725, 0.42905928195577725, 0.43392665170363165, 0.4385846350536201, 0.4385846350536201, 0.4385846350536201, 0.4385846350536201, 0.4385846350536201, 0.4385846350536201, 0.443732928469652, 0.443732928469652, 0.443732928469652, 0.46669927997933064, 0.46669927997933064, 0.46669927997933064, 0.47273661841030135, 0.47273661841030135, 0.47273661841030135, 0.47273661841030135, 0.47273661841030135, 0.4825542968601394, 0.4825542968601394, 0.4825542968601394, 0.4825542968601394, 0.4825542968601394, 0.4825542968601394, 0.4825542968601394, 0.4825542968601394, 0.4825542968601394, 0.4825542968601394, 0.4825542968601394, 0.4825542968601394]
Training raw path: /home/anhnd/DTI Project/Codes/MPNN/data/KFold/ATCInchikeySideEffectByDrug.txt_train_9
('Number of substructures, proteins, pathways, drugs, se: ', 2936, 1448, 330, 969, 598)
((873, 1448), (96, 1448), (873, 598), (96, 598))
Train: 0.9913 0.9832
Test: 0.7992 0.5247
[0.676144414595955, 0.6981294080740773, 0.7013603669915229, 0.7016064051844036, 0.7032710995434885, 0.7055994654689354, 0.7076017857315877, 0.7106172971989391, 0.7137900590194957, 0.7165653841462378, 0.7171306685535658, 0.7189412535663124, 0.7240602520618351, 0.7258121107958704, 0.7270265361561251, 0.7297835407522061, 0.731895650633239, 0.7319920228035169, 0.7324689071079254, 0.73506976922381, 0.7376021379000326, 0.740509935710111, 0.7430817073484155, 0.7452208319704756, 0.7466121171431014, 0.7468703762608446, 0.7485924077625656, 0.7502351643724279, 0.7520829490134954, 0.7532504338634689, 0.7558409064963751, 0.7566612272613998, 0.7572742619082253, 0.758379326095796, 0.7590367675942264, 0.761640496360785, 0.763123292361739, 0.7653902812338788, 0.7666871384529244, 0.7691302292812908, 0.7704037833088675, 0.7707652209352904, 0.7726930821808413, 0.7726930821808413, 0.7742504790002505, 0.7747974900423769, 0.7762981460985595, 0.776919509743611, 0.7796093388890974, 0.7817789788318366, 0.7817789788318366, 0.7823912527187586, 0.7823912527187586, 0.7841396008777866, 0.7850070669198782, 0.7850070669198782, 0.7867782891503345, 0.7867782891503345, 0.7867782891503345, 0.7867782891503345, 0.7867782891503345, 0.7867782891503345, 0.7867782891503345, 0.7887726978948023, 0.7887726978948023, 0.7899321825225492, 0.7911090457976508, 0.7911090457976508, 0.7911090457976508, 0.7911090457976508, 0.7911090457976508, 0.7911090457976508, 0.7923263659529456, 0.7923263659529456, 0.7923263659529456, 0.7963334942075572, 0.7963334942075572, 0.7963334942075572, 0.7977409164835048, 0.7977409164835048, 0.7977409164835048, 0.7977409164835048, 0.7977409164835048, 0.799246071271254, 0.799246071271254, 0.799246071271254, 0.799246071271254, 0.799246071271254, 0.799246071271254, 0.799246071271254, 0.799246071271254, 0.799246071271254, 0.799246071271254, 0.799246071271254, 0.799246071271254]
[0.15663467273354445, 0.1780653069835381, 0.18650135668115936, 0.18667359156764302, 0.19974368424459765, 0.20370441294481303, 0.20967007140367633, 0.2161679567131095, 0.22424332774414849, 0.23131330255933238, 0.23308958049189096, 0.23819059473605667, 0.2513874733726662, 0.25850437284936084, 0.26268817243985876, 0.27141096500901063, 0.2769105603541456, 0.27930128809271904, 0.279730862050321, 0.28953827133347243, 0.2997105357814277, 0.30812701603908493, 0.31735098299878783, 0.3249766038232833, 0.328084861053935, 0.32952303966895435, 0.3351587527400066, 0.3406772862974283, 0.3464045412203182, 0.349347587110628, 0.3563208035526343, 0.35884165902385495, 0.3618525493643091, 0.36707982421033025, 0.3692564486313727, 0.37807610279764436, 0.3830555003128337, 0.39012285162843824, 0.394200639314012, 0.4038362275123883, 0.4083865942359407, 0.4094392583327533, 0.41620644727038536, 0.41620644727038536, 0.42283341025502447, 0.4251657195907922, 0.4314671328129516, 0.43268866993668176, 0.4420160651738718, 0.45194567282035064, 0.45194567282035064, 0.45388527592760375, 0.45388527592760375, 0.46131181677674105, 0.464210619152436, 0.464210619152436, 0.4708058604525479, 0.4708058604525479, 0.4708058604525479, 0.4708058604525479, 0.4708058604525479, 0.4708058604525479, 0.4708058604525479, 0.47843453288444543, 0.47843453288444543, 0.48339139601831493, 0.48863282947390163, 0.48863282947390163, 0.48863282947390163, 0.48863282947390163, 0.48863282947390163, 0.48863282947390163, 0.4934527854178566, 0.4934527854178566, 0.4934527854178566, 0.5116913801843719, 0.5116913801843719, 0.5116913801843719, 0.5172211163447924, 0.5172211163447924, 0.5172211163447924, 0.5172211163447924, 0.5172211163447924, 0.5247024944127334, 0.5247024944127334, 0.5247024944127334, 0.5247024944127334, 0.5247024944127334, 0.5247024944127334, 0.5247024944127334, 0.5247024944127334, 0.5247024944127334, 0.5247024944127334, 0.5247024944127334, 0.5247024944127334]
AUC: 0.7934 0.0034
AUPR: 0.5139 0.0081
('RARE AUC', [(0.6705143822048425, 0.006858844936919309), (0.6809484767643064, 0.007962403510909249), (0.6852205569701854, 0.008180148639858506), (0.6848359897936669, 0.007949383329422148), (0.68482448253501, 0.007695248501968452), (0.6858171064338876, 0.007580290500454012), (0.6885685666741029, 0.0072349639722061165), (0.6920124602471154, 0.007237955533167146), (0.6946726685413802, 0.007107566649260344), (0.6979060712029551, 0.007210592087304822), (0.6988405453544247, 0.007248276457839403), (0.7009323876722645, 0.007183182502760583), (0.705257275100941, 0.007003173160381073), (0.70827562345577, 0.006828339820352015), (0.7092680540042522, 0.006688392987263201), (0.7113165615650712, 0.006549605139557891), (0.7128357438193008, 0.0065053926525222745), (0.7145061266880202, 0.006233456170023553), (0.715582736311039, 0.006212819021238348), (0.7188111170711481, 0.006152850491347153), (0.7216961344673846, 0.0060730826166149185), (0.7243265835247799, 0.0060712222927323325), (0.7271236880334929, 0.005935199643120573), (0.7298413167398559, 0.005771945792456563), (0.7319374567675169, 0.0057022201488613235), (0.7322569875944526, 0.0056888077147980555), (0.7344836228546427, 0.005626543849832313), (0.7362916550252635, 0.005557768850230217), (0.7385893910405696, 0.0054114095483143), (0.7393893237766991, 0.005360345067773069), (0.7425044328176406, 0.005140817362456001), (0.7439440153829004, 0.005005292502388364), (0.7444156390343988, 0.004985774168263525), (0.7456253633936601, 0.004933995415223016), (0.7461616896415784, 0.004898591891670811), (0.7499234718632091, 0.004692775652073661), (0.7519302367503675, 0.0046458532407681495), (0.7543810513837126, 0.004500885764566172), (0.7562167019494177, 0.004416800732123296), (0.7588383699160242, 0.004294808728604839), (0.7599662179703011, 0.004220259811511028), (0.7606049944618498, 0.004191863883597021), (0.7632153630768076, 0.004114058276140127), (0.7632153630768076, 0.004114058276140127), (0.764853157917014, 0.004106461189702682), (0.7656044442050735, 0.004095917118525486), (0.7671881466320337, 0.004027193482307078), (0.7680395652402414, 0.004018518312950886), (0.7713332015955281, 0.003932400000119996), (0.7738075089776671, 0.0038264453607914656), (0.7738075089776671, 0.0038264453607914656), (0.774561821373662, 0.0038191569637737706), (0.774561821373662, 0.0038191569637737706), (0.7763370802440609, 0.0037454952509058024), (0.7772803169784438, 0.0037109087284180834), (0.7772803169784438, 0.0037109087284180834), (0.7792290814395317, 0.0036668211950414286), (0.7792290814395317, 0.0036668211950414286), (0.7792290814395317, 0.0036668211950414286), (0.7792290814395317, 0.0036668211950414286), (0.7792290814395317, 0.0036668211950414286), (0.7792290814395317, 0.0036668211950414286), (0.7792290814395317, 0.0036668211950414286), (0.7815701595978495, 0.0035927652617437867), (0.7815701595978495, 0.0035927652617437867), (0.7827602538569006, 0.0035710155158994394), (0.7840623705200024, 0.0035683234278794116), (0.7840623705200024, 0.0035683234278794116), (0.7840623705200024, 0.0035683234278794116), (0.7840623705200024, 0.0035683234278794116), (0.7840623705200024, 0.0035683234278794116), (0.7840623705200024, 0.0035683234278794116), (0.7855264615046098, 0.0035269681607526036), (0.7855264615046098, 0.0035269681607526036), (0.7855264615046098, 0.0035269681607526036), (0.7900813310109475, 0.003497095701130985), (0.7900813310109475, 0.003497095701130985), (0.7900813310109475, 0.003497095701130985), (0.7916437951859387, 0.00345107644899026), (0.7916437951859387, 0.00345107644899026), (0.7916437951859387, 0.00345107644899026), (0.7916437951859387, 0.00345107644899026), (0.7916437951859387, 0.00345107644899026), (0.7933769766920129, 0.003422849750972644), (0.7933769766920129, 0.003422849750972644), (0.7933769766920129, 0.003422849750972644), (0.7933769766920129, 0.003422849750972644), (0.7933769766920129, 0.003422849750972644), (0.7933769766920129, 0.003422849750972644), (0.7933769766920129, 0.003422849750972644), (0.7933769766920129, 0.003422849750972644), (0.7933769766920129, 0.003422849750972644), (0.7933769766920129, 0.003422849750972644), (0.7933769766920129, 0.003422849750972644), (0.7933769766920129, 0.003422849750972644)])
('RARE AUPR', [(0.16197070443385736, 0.008432853726057178), (0.17741529538417614, 0.010421920049386493), (0.18532373829420226, 0.011707010113094283), (0.18703701132363984, 0.010954447189848728), (0.1942710974257989, 0.011082960314916157), (0.19786420117766293, 0.010702493486263303), (0.2060389973999408, 0.010495694514517439), (0.21311852070328913, 0.010669130365680932), (0.22004901936145815, 0.010317408580897525), (0.22715369856792988, 0.010390642310674537), (0.22968445366324675, 0.010614748651517056), (0.23440378929092867, 0.010727762740775006), (0.24456743761596228, 0.010531188769840083), (0.2512387253134429, 0.010426196983412763), (0.2539560389097336, 0.01023647797915131), (0.25938274024597535, 0.010336706933843486), (0.26352731597005996, 0.010445263113902911), (0.267416424277203, 0.010221912996314298), (0.26944863198601576, 0.010189393504376941), (0.2783098334262553, 0.010391857601351051), (0.28751728175248564, 0.010293761439837854), (0.29373128868109466, 0.010589113436326373), (0.30082768390575343, 0.010849237445248584), (0.3086421754590726, 0.01096256090636081), (0.31386605406279905, 0.010864517346183801), (0.31458124461832826, 0.010950002358004906), (0.32035589624862404, 0.011054561445123678), (0.32520885092092106, 0.011163630916387897), (0.3311317851130403, 0.010969332369535088), (0.3332514748220086, 0.010946579512303786), (0.3414277599702435, 0.010778737639945388), (0.3451060238282365, 0.01064487568820725), (0.346537702602529, 0.010648110537980605), (0.35120830303932843, 0.010432592543649227), (0.35249752547994817, 0.01043327580683924), (0.3634310773498205, 0.010200091412577989), (0.3692883343410391, 0.010325871386056918), (0.3756650836935199, 0.01022637070818659), (0.3811097915240083, 0.010357851171459164), (0.38966889781065916, 0.01026295422552207), (0.3927653767316391, 0.010224968114651895), (0.39456752630100667, 0.010271291969074782), (0.4028268380631272, 0.010092502013728065), (0.4028268380631272, 0.010092502013728065), (0.408807211297978, 0.010169327817376433), (0.41130717521685767, 0.010185679401470906), (0.41665733532055726, 0.010098513765514969), (0.41942828337390425, 0.010087018478186088), (0.4304735189639354, 0.010020902910413153), (0.4395370536773487, 0.009758544277623541), (0.4395370536773487, 0.009758544277623541), (0.441628937244315, 0.009787080132288854), (0.441628937244315, 0.009787080132288854), (0.44761119118104925, 0.009675969922280283), (0.4507771699131924, 0.009693113931208716), (0.4507771699131924, 0.009693113931208716), (0.45712348537595504, 0.00942416055064601), (0.45712348537595504, 0.00942416055064601), (0.45712348537595504, 0.00942416055064601), (0.45712348537595504, 0.00942416055064601), (0.45712348537595504, 0.00942416055064601), (0.45712348537595504, 0.00942416055064601), (0.45712348537595504, 0.00942416055064601), (0.4656507847811263, 0.009207158525581044), (0.4656507847811263, 0.009207158525581044), (0.4700390760444808, 0.009204501241399455), (0.4752129907397199, 0.00908566245017198), (0.4752129907397199, 0.00908566245017198), (0.4752129907397199, 0.00908566245017198), (0.4752129907397199, 0.00908566245017198), (0.4752129907397199, 0.00908566245017198), (0.4752129907397199, 0.00908566245017198), (0.4811453794078041, 0.008934525999338737), (0.4811453794078041, 0.008934525999338737), (0.4811453794078041, 0.008934525999338737), (0.4998157795164369, 0.008423723933892194), (0.4998157795164369, 0.008423723933892194), (0.4998157795164369, 0.008423723933892194), (0.505865796950268, 0.008306092625326063), (0.505865796950268, 0.008306092625326063), (0.505865796950268, 0.008306092625326063), (0.505865796950268, 0.008306092625326063), (0.505865796950268, 0.008306092625326063), (0.513859265509935, 0.008052693319625673), (0.513859265509935, 0.008052693319625673), (0.513859265509935, 0.008052693319625673), (0.513859265509935, 0.008052693319625673), (0.513859265509935, 0.008052693319625673), (0.513859265509935, 0.008052693319625673), (0.513859265509935, 0.008052693319625673), (0.513859265509935, 0.008052693319625673), (0.513859265509935, 0.008052693319625673), (0.513859265509935, 0.008052693319625673), (0.513859265509935, 0.008052693319625673), (0.513859265509935, 0.008052693319625673)])
