Default
<models.baselines.omodels.LNSM object at 0x7f0263469dd0>
Training raw path: /home/anhnd/DTI Project/Codes/MPNN/data/KFold/ATCInchikeySideEffectByDrug.txt_train_0
('Number of substructures, proteins, pathways, drugs, se: ', 888, 1448, 330, 969, 598)
Train: 1.0000 1.0000
Test: 0.7803 0.4933
[0.6704090980887696, 0.6920756530185538, 0.6983309743307898, 0.693291799106454, 0.6917817888093729, 0.689935153452048, 0.6913595237543733, 0.6919094048779301, 0.6920407141121485, 0.693766403491962, 0.6938984796975947, 0.6949397575496813, 0.6986385139991172, 0.7008061975195127, 0.7021266594162714, 0.7031760902058524, 0.7041998730599703, 0.7051590041329758, 0.705634617403228, 0.7084236236976759, 0.712070679878426, 0.7141770032411043, 0.7165350192317853, 0.7187933788125449, 0.72078715355016, 0.7210563787625757, 0.7226916808113113, 0.7246799714259626, 0.7270377995045774, 0.7276366664075382, 0.7304070450361717, 0.7319388314162932, 0.7325530544203063, 0.7337631639423081, 0.7345433104441152, 0.7388158937553739, 0.7407646385646711, 0.7428367073680997, 0.7444685452875455, 0.747004621728321, 0.7482338308880275, 0.7489970936016113, 0.7513424078668598, 0.7513424078668598, 0.7529861152354167, 0.7536613109027561, 0.7551858083765557, 0.7559974297403409, 0.7588613459136289, 0.7611430083342737, 0.7611430083342737, 0.7620230062323083, 0.7620230062323083, 0.7639256188744536, 0.7647115676968463, 0.7647115676968463, 0.7663648700869421, 0.7663648700869421, 0.7663648700869421, 0.7663648700869421, 0.7663648700869421, 0.7663648700869421, 0.7663648700869421, 0.7687056320425669, 0.7687056320425669, 0.7698795838881658, 0.7711214980562336, 0.7711214980562336, 0.7711214980562336, 0.7711214980562336, 0.7711214980562336, 0.7711214980562336, 0.7726134144553074, 0.7726134144553074, 0.7726134144553074, 0.7769464700773041, 0.7769464700773041, 0.7769464700773041, 0.7785483984452155, 0.7785483984452155, 0.7785483984452155, 0.7785483984452155, 0.7785483984452155, 0.7803430734421397, 0.7803430734421397, 0.7803430734421397, 0.7803430734421397, 0.7803430734421397, 0.7803430734421397, 0.7803430734421397, 0.7803430734421397, 0.7803430734421397, 0.7803430734421397, 0.7803430734421397, 0.7803430734421397]
[0.18343252520207332, 0.21838677966882117, 0.2250998473143912, 0.21799486253762448, 0.21815022215424454, 0.2189475212468311, 0.22469701093247102, 0.22957147028770214, 0.2322531449720806, 0.2353238002247735, 0.2366114502890155, 0.23886570434039447, 0.24707196553533628, 0.25292071283777584, 0.2572740748722363, 0.2612226225876755, 0.2639620382829555, 0.265572203227598, 0.26780774193935514, 0.275588054872446, 0.28488994136127244, 0.2888285139648069, 0.29428771891122374, 0.3003851472391077, 0.3065096020337103, 0.30682083186974746, 0.3100370743746247, 0.3146646369727952, 0.32028087776670516, 0.3218466114577131, 0.3293942504886121, 0.3338220349886211, 0.33537043179817966, 0.33966105954829995, 0.3414890882711748, 0.3525882905162053, 0.3583862692371926, 0.36398993641855787, 0.368672749666327, 0.37629171257616556, 0.3794725723236302, 0.3813205415636045, 0.389518100263198, 0.389518100263198, 0.39506284095468513, 0.3970298526059256, 0.4021358318880429, 0.40491221966683, 0.41385306258036725, 0.4225261347118946, 0.4225261347118946, 0.42518032340359435, 0.42518032340359435, 0.4310037188095543, 0.4333334774209613, 0.4333334774209613, 0.43771844812536276, 0.43771844812536276, 0.43771844812536276, 0.43771844812536276, 0.43771844812536276, 0.43771844812536276, 0.43771844812536276, 0.44626150150190613, 0.44626150150190613, 0.4504218127253464, 0.4553140659849422, 0.4553140659849422, 0.4553140659849422, 0.4553140659849422, 0.4553140659849422, 0.4553140659849422, 0.46137133526743535, 0.46137133526743535, 0.46137133526743535, 0.47775455016554824, 0.47775455016554824, 0.47775455016554824, 0.48442485847931027, 0.48442485847931027, 0.48442485847931027, 0.48442485847931027, 0.48442485847931027, 0.49329975128550535, 0.49329975128550535, 0.49329975128550535, 0.49329975128550535, 0.49329975128550535, 0.49329975128550535, 0.49329975128550535, 0.49329975128550535, 0.49329975128550535, 0.49329975128550535, 0.49329975128550535, 0.49329975128550535]
Training raw path: /home/anhnd/DTI Project/Codes/MPNN/data/KFold/ATCInchikeySideEffectByDrug.txt_train_1
('Number of substructures, proteins, pathways, drugs, se: ', 888, 1448, 330, 969, 598)
Train: 1.0000 1.0000
Test: 0.7686 0.4939
[0.6137930390059645, 0.6311087679615444, 0.63256834746796, 0.6345201064426411, 0.6376881660531795, 0.6425781763843189, 0.6444549549029893, 0.6457851195040765, 0.6500862409104995, 0.6511912615394913, 0.6508404466565406, 0.6536806290375171, 0.6593600161989982, 0.6636465912073477, 0.6650555326707774, 0.6687244923032777, 0.6699220096755387, 0.6730671077795817, 0.67431299005989, 0.6776564374656915, 0.6807710038653778, 0.6841036007505829, 0.6871518799722862, 0.6910511887077087, 0.6926816690534521, 0.693133729994591, 0.6951736324619795, 0.6974533032792005, 0.700974314624665, 0.7021352967467107, 0.7062935671323246, 0.7091152791808144, 0.7099932260539664, 0.7116969855702391, 0.7123669112039567, 0.7168922296757531, 0.7192743691626406, 0.722988635085531, 0.7251156870218123, 0.7287562423692437, 0.7301822144516456, 0.7311132563722484, 0.734368167265893, 0.734368167265893, 0.7356687804337931, 0.736558892052326, 0.7388370677642033, 0.7398017459809332, 0.7433891171816225, 0.7464460739199911, 0.7464460739199911, 0.7471467408249288, 0.7471467408249288, 0.7494870532237332, 0.7506800715436547, 0.7506800715436547, 0.7529675797057992, 0.7529675797057992, 0.7529675797057992, 0.7529675797057992, 0.7529675797057992, 0.7529675797057992, 0.7529675797057992, 0.7557705052764822, 0.7557705052764822, 0.7570645911845074, 0.7583446033751521, 0.7583446033751521, 0.7583446033751521, 0.7583446033751521, 0.7583446033751521, 0.7583446033751521, 0.7601390049699006, 0.7601390049699006, 0.7601390049699006, 0.7647562549650895, 0.7647562549650895, 0.7647562549650895, 0.7666406458587706, 0.7666406458587706, 0.7666406458587706, 0.7666406458587706, 0.7666406458587706, 0.7685902997047014, 0.7685902997047014, 0.7685902997047014, 0.7685902997047014, 0.7685902997047014, 0.7685902997047014, 0.7685902997047014, 0.7685902997047014, 0.7685902997047014, 0.7685902997047014, 0.7685902997047014, 0.7685902997047014]
[0.1166330609071837, 0.13437699995942293, 0.14099472978817945, 0.1478873319244339, 0.15464009348482188, 0.1593781129856493, 0.16354663098497807, 0.16801291393348575, 0.17757708028503344, 0.18062110167333945, 0.18028388797724654, 0.18608943479208412, 0.1986315127389515, 0.20690581446346262, 0.21115812744547632, 0.21885540617172727, 0.22086111425025765, 0.22745304738851893, 0.22996695014324595, 0.2383033482517927, 0.248109435431002, 0.2545664495399447, 0.26125463385438163, 0.27112501207558004, 0.27507430114036335, 0.27585576597800016, 0.28055458016924856, 0.28767948473218724, 0.29667118586460817, 0.29928516226210655, 0.3087818235779981, 0.3146563484423023, 0.31655218465019896, 0.3211848912909256, 0.32299025463413505, 0.3347351927783313, 0.34114363479075616, 0.3504088625509216, 0.3558588799914387, 0.3653381823790627, 0.36976493775880437, 0.37209857632340926, 0.38097501861395583, 0.38097501861395583, 0.3853954743107127, 0.3884444189122471, 0.39512694300622875, 0.39746649939372175, 0.40821799756478294, 0.41867118148124327, 0.41867118148124327, 0.4203734404070264, 0.4203734404070264, 0.42694489204824826, 0.4303855435955803, 0.4303855435955803, 0.4373257410838342, 0.4373257410838342, 0.4373257410838342, 0.4373257410838342, 0.4373257410838342, 0.4373257410838342, 0.4373257410838342, 0.44669560106746464, 0.44669560106746464, 0.450412433156845, 0.4543148147074336, 0.4543148147074336, 0.4543148147074336, 0.4543148147074336, 0.4543148147074336, 0.4543148147074336, 0.46162137829452127, 0.46162137829452127, 0.46162137829452127, 0.4782536398885146, 0.4782536398885146, 0.4782536398885146, 0.48566993748760773, 0.48566993748760773, 0.48566993748760773, 0.48566993748760773, 0.48566993748760773, 0.493862370244173, 0.493862370244173, 0.493862370244173, 0.493862370244173, 0.493862370244173, 0.493862370244173, 0.493862370244173, 0.493862370244173, 0.493862370244173, 0.493862370244173, 0.493862370244173, 0.493862370244173]
Training raw path: /home/anhnd/DTI Project/Codes/MPNN/data/KFold/ATCInchikeySideEffectByDrug.txt_train_2
('Number of substructures, proteins, pathways, drugs, se: ', 888, 1448, 330, 969, 598)
Train: 1.0000 1.0000
Test: 0.7903 0.5502
[0.6947552125234646, 0.7005571912537585, 0.709735057534232, 0.7101322950513441, 0.7126979283220379, 0.7090203970813423, 0.7093998976470451, 0.7117203388907759, 0.7119473577618968, 0.7131616340320165, 0.7149127834425177, 0.7175083494094363, 0.7175578871038965, 0.718072041270907, 0.7185903784774315, 0.7206358708230257, 0.7224144196424331, 0.7237775294269991, 0.7238812200659999, 0.7277145345750548, 0.7299452070233923, 0.7323610440773736, 0.7346195050246653, 0.7376726055498256, 0.7393514929467044, 0.7397280040811449, 0.741682016960823, 0.7433988636239819, 0.7451176786104765, 0.7459201692695021, 0.7477811892037048, 0.7491446336159351, 0.7495328512160577, 0.7502171632965455, 0.75073326441876, 0.7537211090138572, 0.7555008527461483, 0.757553635376778, 0.7591142048917171, 0.7609694361014865, 0.7620002964853312, 0.7626448660992111, 0.7647314472054665, 0.7647314472054665, 0.7662510357228192, 0.7668560875614215, 0.7681861851225816, 0.7689909761339211, 0.7717369096136899, 0.7736725961879763, 0.7736725961879763, 0.7742515057347922, 0.7742515057347922, 0.7756031673358438, 0.7764987453218789, 0.7764987453218789, 0.7779594918416106, 0.7779594918416106, 0.7779594918416106, 0.7779594918416106, 0.7779594918416106, 0.7779594918416106, 0.7779594918416106, 0.7800026536950744, 0.7800026536950744, 0.7811157682941846, 0.782207337595525, 0.782207337595525, 0.782207337595525, 0.782207337595525, 0.782207337595525, 0.782207337595525, 0.7835756692332664, 0.7835756692332664, 0.7835756692332664, 0.7874268549349113, 0.7874268549349113, 0.7874268549349113, 0.7887944911768743, 0.7887944911768743, 0.7887944911768743, 0.7887944911768743, 0.7887944911768743, 0.7903173689268964, 0.7903173689268964, 0.7903173689268964, 0.7903173689268964, 0.7903173689268964, 0.7903173689268964, 0.7903173689268964, 0.7903173689268964, 0.7903173689268964, 0.7903173689268964, 0.7903173689268964, 0.7903173689268964]
[0.21331513754782844, 0.24862737151948225, 0.2737210784887827, 0.27270889762493966, 0.275796394147941, 0.275720912104381, 0.27688574767220103, 0.2875100372699248, 0.29327916152225564, 0.2966150214375289, 0.3003616316712704, 0.3072671134614357, 0.3133937373856537, 0.31472464733219524, 0.31674373887245666, 0.3232496247102347, 0.32823999768733003, 0.33281265203379096, 0.3341596431206827, 0.3446925199694996, 0.35420450269096726, 0.3599796308461146, 0.36724901329757886, 0.37629044697177505, 0.3818268712009206, 0.38294517742719714, 0.38812961238656, 0.3931191866591883, 0.3977296459211058, 0.3997024688952301, 0.40613137236815244, 0.40953979978981075, 0.4105483251669687, 0.4125558071464699, 0.41391797143535775, 0.42342573677023854, 0.4296945109442668, 0.43528281673497066, 0.44183009937191886, 0.4477094661787525, 0.4507803468142887, 0.45313097496797733, 0.45982465581341425, 0.45982465581341425, 0.46543965957826244, 0.4674851806873107, 0.47158218865776547, 0.4739079052028194, 0.48199812252456314, 0.4887980742787188, 0.4887980742787188, 0.49115741321185546, 0.49115741321185546, 0.4947196929237153, 0.49794848968965244, 0.49794848968965244, 0.5026440196345126, 0.5026440196345126, 0.5026440196345126, 0.5026440196345126, 0.5026440196345126, 0.5026440196345126, 0.5026440196345126, 0.5101317734343341, 0.5101317734343341, 0.514049486708405, 0.5184087999231626, 0.5184087999231626, 0.5184087999231626, 0.5184087999231626, 0.5184087999231626, 0.5184087999231626, 0.5237550598122159, 0.5237550598122159, 0.5237550598122159, 0.5385215249518265, 0.5385215249518265, 0.5385215249518265, 0.5435744252739011, 0.5435744252739011, 0.5435744252739011, 0.5435744252739011, 0.5435744252739011, 0.5501550033195481, 0.5501550033195481, 0.5501550033195481, 0.5501550033195481, 0.5501550033195481, 0.5501550033195481, 0.5501550033195481, 0.5501550033195481, 0.5501550033195481, 0.5501550033195481, 0.5501550033195481, 0.5501550033195481]
Training raw path: /home/anhnd/DTI Project/Codes/MPNN/data/KFold/ATCInchikeySideEffectByDrug.txt_train_3
('Number of substructures, proteins, pathways, drugs, se: ', 888, 1448, 330, 969, 598)
Train: 1.0000 1.0000
Test: 0.7890 0.4970
[0.6866784377355923, 0.7082879711173805, 0.7012668844949304, 0.6979659969002816, 0.6979592861474474, 0.6978713080554771, 0.7017839534441159, 0.702999189075492, 0.7051855457788196, 0.7093504683672059, 0.7099546606329982, 0.7109289860057074, 0.7132867345666644, 0.7158086340090415, 0.7164464425015546, 0.7179037138880466, 0.7192571681352897, 0.7200137480924088, 0.7204581603877683, 0.7224167674287982, 0.7256268232597853, 0.7283657085477292, 0.7307098136996331, 0.732569158821599, 0.7329392694422356, 0.7333072039194017, 0.7353405355746538, 0.7365296588203912, 0.7384570289198052, 0.7389933828918478, 0.74224120910271, 0.7432731852794934, 0.7436768301812405, 0.744911763801222, 0.7454004356768213, 0.7490259375859216, 0.7508824837804585, 0.7526323293096888, 0.7543455500772367, 0.7566330389152411, 0.7575918363699792, 0.7582857749341917, 0.7605499127541665, 0.7605499127541665, 0.7617200969153004, 0.7625320411552426, 0.7640540916965217, 0.7649925027695121, 0.7676986740422811, 0.7701293988407457, 0.7701293988407457, 0.7707971018617564, 0.7707971018617564, 0.7724310963138912, 0.7733624200232532, 0.7733624200232532, 0.7752867423943455, 0.7752867423943455, 0.7752867423943455, 0.7752867423943455, 0.7752867423943455, 0.7752867423943455, 0.7752867423943455, 0.7774832533655657, 0.7774832533655657, 0.778662423796715, 0.7798758876471207, 0.7798758876471207, 0.7798758876471207, 0.7798758876471207, 0.7798758876471207, 0.7798758876471207, 0.7812770774091522, 0.7812770774091522, 0.7812770774091522, 0.7857336775131245, 0.7857336775131245, 0.7857336775131245, 0.7873192376056347, 0.7873192376056347, 0.7873192376056347, 0.7873192376056347, 0.7873192376056347, 0.7889736269104972, 0.7889736269104972, 0.7889736269104972, 0.7889736269104972, 0.7889736269104972, 0.7889736269104972, 0.7889736269104972, 0.7889736269104972, 0.7889736269104972, 0.7889736269104972, 0.7889736269104972, 0.7889736269104972]
[0.15015035092383794, 0.16544417829575186, 0.16920288927787355, 0.17323657234468884, 0.180422606532264, 0.1841943767309977, 0.19152288814745833, 0.19840009513031237, 0.20637004466027814, 0.21489320130339207, 0.21635670888134456, 0.22115780130218848, 0.22930936779315617, 0.23683307379252738, 0.23947920059422098, 0.24503655480868217, 0.25021883453717053, 0.25427853588408167, 0.25658755984176074, 0.2640408711361856, 0.27380512283580294, 0.28201746694727825, 0.2885981365762597, 0.2955612602857748, 0.29820163729182764, 0.2994393619568019, 0.3058979049073687, 0.3101871982614286, 0.3152137119488148, 0.31660675796017745, 0.3255204486411171, 0.3287425516945654, 0.3296582135825115, 0.33430923573042454, 0.3360328133362477, 0.3474534103206739, 0.3536945065077517, 0.3585286547565749, 0.3649265450036703, 0.37346808375585366, 0.37704203232265754, 0.3792365148285343, 0.387132307867895, 0.387132307867895, 0.39125874418792517, 0.39383717560714426, 0.3992095400720822, 0.4024787515032236, 0.41168997416250963, 0.42142516621150017, 0.42142516621150017, 0.42386333329150505, 0.42386333329150505, 0.4293994681636808, 0.4325469070803071, 0.4325469070803071, 0.43894050090088477, 0.43894050090088477, 0.43894050090088477, 0.43894050090088477, 0.43894050090088477, 0.43894050090088477, 0.43894050090088477, 0.4477151382615013, 0.4477151382615013, 0.4522282068918508, 0.4571416233412044, 0.4571416233412044, 0.4571416233412044, 0.4571416233412044, 0.4571416233412044, 0.4571416233412044, 0.4632001977777204, 0.4632001977777204, 0.4632001977777204, 0.481961588972801, 0.481961588972801, 0.481961588972801, 0.4889852875169291, 0.4889852875169291, 0.4889852875169291, 0.4889852875169291, 0.4889852875169291, 0.49696181405614276, 0.49696181405614276, 0.49696181405614276, 0.49696181405614276, 0.49696181405614276, 0.49696181405614276, 0.49696181405614276, 0.49696181405614276, 0.49696181405614276, 0.49696181405614276, 0.49696181405614276, 0.49696181405614276]
Training raw path: /home/anhnd/DTI Project/Codes/MPNN/data/KFold/ATCInchikeySideEffectByDrug.txt_train_4
('Number of substructures, proteins, pathways, drugs, se: ', 888, 1448, 330, 969, 598)
Train: 1.0000 1.0000
Test: 0.7890 0.4772
[0.7001431397900238, 0.6862549156038963, 0.6903949296947798, 0.6862760156722029, 0.6838612063585604, 0.6839424452187625, 0.6870526470745686, 0.6930189858205851, 0.6966287591582546, 0.6992060995943141, 0.7000219537728107, 0.7016725050377596, 0.7077687964645043, 0.7106962471435705, 0.7117491667129486, 0.7130167314150854, 0.7145477950707109, 0.7161475846951035, 0.7172868636775973, 0.720237460000693, 0.72275798479826, 0.724814714768269, 0.7261847415411176, 0.7280383880730313, 0.7304028475558022, 0.7305911583892178, 0.7324162377162746, 0.7336310657698921, 0.7363868600022832, 0.737267878419434, 0.7394129948633608, 0.7404850381667084, 0.7408397050877993, 0.7424203866792336, 0.7430028014373083, 0.7471416921871239, 0.7490736048130564, 0.7515030901691582, 0.7533204022920394, 0.7554638243256653, 0.7564250122452819, 0.7571549459704546, 0.7599041840754475, 0.7599041840754475, 0.7610947254181759, 0.7618482726823829, 0.7632450243778937, 0.7640273969206683, 0.7670403407723001, 0.7692434008864598, 0.7692434008864598, 0.7699739557548748, 0.7699739557548748, 0.7714581987657839, 0.7720709909096479, 0.7720709909096479, 0.7739987805918916, 0.7739987805918916, 0.7739987805918916, 0.7739987805918916, 0.7739987805918916, 0.7739987805918916, 0.7739987805918916, 0.7764288903461698, 0.7764288903461698, 0.7777286409623174, 0.7790398247437141, 0.7790398247437141, 0.7790398247437141, 0.7790398247437141, 0.7790398247437141, 0.7790398247437141, 0.7806045315467665, 0.7806045315467665, 0.7806045315467665, 0.7856625117993923, 0.7856625117993923, 0.7856625117993923, 0.7872655593864022, 0.7872655593864022, 0.7872655593864022, 0.7872655593864022, 0.7872655593864022, 0.7890143075458919, 0.7890143075458919, 0.7890143075458919, 0.7890143075458919, 0.7890143075458919, 0.7890143075458919, 0.7890143075458919, 0.7890143075458919, 0.7890143075458919, 0.7890143075458919, 0.7890143075458919, 0.7890143075458919]
[0.13633894973918487, 0.1620468346127682, 0.17933260158279768, 0.1750085906544484, 0.17732415895868958, 0.1812507256796594, 0.18582210780527098, 0.19936088288684856, 0.20808956885493465, 0.21503220381237012, 0.21714327554645227, 0.22094000469904046, 0.23335265539201316, 0.2398034828128588, 0.24243933668825274, 0.2438886000874209, 0.24834080921490959, 0.2535864448632158, 0.2571202614954437, 0.26376432323371857, 0.2706925346389495, 0.27717504749056987, 0.2804371482378762, 0.28718388508953174, 0.2939112186532308, 0.29424073418805113, 0.2995247287865372, 0.3035821633387622, 0.3094796725357347, 0.3109427320223219, 0.31424626406357575, 0.3173283616618067, 0.3180402016535258, 0.323672700320082, 0.32532418754103903, 0.3371700667892711, 0.3421907412090799, 0.34847589026828585, 0.35371336517509844, 0.3604395254367383, 0.36288368801341986, 0.3646419872812361, 0.37357313814694226, 0.37357313814694226, 0.3769238394736036, 0.37971218649166993, 0.38351189534266994, 0.3859029390240882, 0.3944300685968778, 0.4015947643914602, 0.4015947643914602, 0.403836531847769, 0.403836531847769, 0.4085798655784043, 0.41105962592911693, 0.41105962592911693, 0.41678423400294984, 0.41678423400294984, 0.41678423400294984, 0.41678423400294984, 0.41678423400294984, 0.41678423400294984, 0.41678423400294984, 0.4261467374306678, 0.4261467374306678, 0.43073265901950736, 0.4357624110606738, 0.4357624110606738, 0.4357624110606738, 0.4357624110606738, 0.4357624110606738, 0.4357624110606738, 0.4427791430275538, 0.4427791430275538, 0.4427791430275538, 0.463190539424051, 0.463190539424051, 0.463190539424051, 0.46979278748998105, 0.46979278748998105, 0.46979278748998105, 0.46979278748998105, 0.46979278748998105, 0.4772358172612548, 0.4772358172612548, 0.4772358172612548, 0.4772358172612548, 0.4772358172612548, 0.4772358172612548, 0.4772358172612548, 0.4772358172612548, 0.4772358172612548, 0.4772358172612548, 0.4772358172612548, 0.4772358172612548]
Training raw path: /home/anhnd/DTI Project/Codes/MPNN/data/KFold/ATCInchikeySideEffectByDrug.txt_train_5
('Number of substructures, proteins, pathways, drugs, se: ', 888, 1448, 330, 969, 598)
Train: 1.0000 1.0000
Test: 0.7880 0.4932
[0.6839278010780773, 0.6959813810183144, 0.6892106910102545, 0.6874058659258976, 0.6877420697039649, 0.6907267891831197, 0.6939713288948391, 0.6945047518268082, 0.6966442072042377, 0.6997987217267434, 0.7014994222581895, 0.704227001089093, 0.7075497730027311, 0.7096617642749671, 0.7101935481327623, 0.7120123010923705, 0.713774554340765, 0.7156146959006031, 0.7158325257246766, 0.7189901613362684, 0.7221942317757304, 0.7238642136489447, 0.7260180755983414, 0.728355688612041, 0.7301768803462728, 0.7304982472433061, 0.7328694849409704, 0.734985274350928, 0.7368935988913697, 0.7376889091095391, 0.7398699916729778, 0.7407654342209159, 0.740867497277204, 0.7416920829320175, 0.7420895158918448, 0.7462910833889356, 0.7482846482939909, 0.7502012631885421, 0.7519023947706629, 0.7537773447095389, 0.754695683262226, 0.7552739135991995, 0.7578211575653611, 0.7578211575653611, 0.7594823142808146, 0.7601003683194384, 0.761335438743175, 0.7619638108104563, 0.7656237634617098, 0.7678881696942055, 0.7678881696942055, 0.7685016562196347, 0.7685016562196347, 0.7704129330607331, 0.7712503172031372, 0.7712503172031372, 0.7736241555070504, 0.7736241555070504, 0.7736241555070504, 0.7736241555070504, 0.7736241555070504, 0.7736241555070504, 0.7736241555070504, 0.7758201096051096, 0.7758201096051096, 0.7769104239782583, 0.7784589496410945, 0.7784589496410945, 0.7784589496410945, 0.7784589496410945, 0.7784589496410945, 0.7784589496410945, 0.7801815400990377, 0.7801815400990377, 0.7801815400990377, 0.7846853970859468, 0.7846853970859468, 0.7846853970859468, 0.7862052010178155, 0.7862052010178155, 0.7862052010178155, 0.7862052010178155, 0.7862052010178155, 0.7879543703096525, 0.7879543703096525, 0.7879543703096525, 0.7879543703096525, 0.7879543703096525, 0.7879543703096525, 0.7879543703096525, 0.7879543703096525, 0.7879543703096525, 0.7879543703096525, 0.7879543703096525, 0.7879543703096525]
[0.1900402738628125, 0.20253038506048404, 0.1903812756921477, 0.19421058966110477, 0.20366124640254546, 0.20893174496724817, 0.2150339334720557, 0.2196560294968856, 0.2271022168912888, 0.23259866532953988, 0.23770225152883592, 0.2443426852687764, 0.25336565098927816, 0.25746497696520887, 0.2591093911198242, 0.264464983143052, 0.26830538611222565, 0.2737882402456773, 0.2756017216660666, 0.2836189314272404, 0.294363753238627, 0.2973927953871821, 0.3029171555219034, 0.3100357453247914, 0.31496715105688244, 0.3158081749849386, 0.3214593037684592, 0.3270666941533816, 0.33150249488040634, 0.33286632610717204, 0.33631726920589394, 0.33909012104121394, 0.34011209840339063, 0.34229738362431766, 0.34353900814150073, 0.3566808698030546, 0.3626387120123835, 0.36610471213706447, 0.3714155417093815, 0.37715315619187917, 0.37874791899334426, 0.38095770116193806, 0.38910460867470237, 0.38910460867470237, 0.39411632655688933, 0.396599706099645, 0.40022507200546764, 0.40243418650658963, 0.4133720508787441, 0.41997191326175987, 0.41997191326175987, 0.4211719342144654, 0.4211719342144654, 0.4270439452442215, 0.42985815945320455, 0.42985815945320455, 0.4375941545531819, 0.4375941545531819, 0.4375941545531819, 0.4375941545531819, 0.4375941545531819, 0.4375941545531819, 0.4375941545531819, 0.44389085226884173, 0.44389085226884173, 0.44732902313896084, 0.454159134119584, 0.454159134119584, 0.454159134119584, 0.454159134119584, 0.454159134119584, 0.454159134119584, 0.4613653715481995, 0.4613653715481995, 0.4613653715481995, 0.47885163732062724, 0.47885163732062724, 0.47885163732062724, 0.4851746319969691, 0.4851746319969691, 0.4851746319969691, 0.4851746319969691, 0.4851746319969691, 0.49322513419946856, 0.49322513419946856, 0.49322513419946856, 0.49322513419946856, 0.49322513419946856, 0.49322513419946856, 0.49322513419946856, 0.49322513419946856, 0.49322513419946856, 0.49322513419946856, 0.49322513419946856, 0.49322513419946856]
Training raw path: /home/anhnd/DTI Project/Codes/MPNN/data/KFold/ATCInchikeySideEffectByDrug.txt_train_6
('Number of substructures, proteins, pathways, drugs, se: ', 888, 1448, 330, 969, 598)
Train: 1.0000 1.0000
Test: 0.7846 0.4830
[0.6887064935064935, 0.694138223317643, 0.7034771244121445, 0.7000720644955879, 0.6966760394957736, 0.6981596108155308, 0.69739218732488, 0.6990972072446147, 0.7030027376625053, 0.7058414555188552, 0.7073360550774771, 0.7089104875025585, 0.7117674582236855, 0.7145815415961425, 0.7145236086498226, 0.7146953552741366, 0.7155777892195482, 0.7160640008626923, 0.7173556179887196, 0.7194875048711837, 0.7216314198998872, 0.7237734602202723, 0.7257065872481203, 0.7274379615854607, 0.7274158080703564, 0.7276402320630706, 0.7288200989965126, 0.7298994223427997, 0.7318565253018489, 0.7325248411259617, 0.7355193713515584, 0.7362883457077145, 0.7366998743669216, 0.7381169171234292, 0.7385633160978258, 0.7419412680236213, 0.7441896364490215, 0.7459572801737377, 0.7474513990002293, 0.7498489442679178, 0.7506750021349613, 0.751232893747461, 0.7540015078966823, 0.7540015078966823, 0.75584329989663, 0.7565347974451927, 0.7575817400149731, 0.7584079124426246, 0.7616254632691526, 0.763940964630892, 0.763940964630892, 0.7649292907457131, 0.7649292907457131, 0.7665718491701164, 0.7674493736489197, 0.7674493736489197, 0.7694096547300061, 0.7694096547300061, 0.7694096547300061, 0.7694096547300061, 0.7694096547300061, 0.7694096547300061, 0.7694096547300061, 0.771834461465855, 0.771834461465855, 0.7729058745436899, 0.7744675228295597, 0.7744675228295597, 0.7744675228295597, 0.7744675228295597, 0.7744675228295597, 0.7744675228295597, 0.7759495349351995, 0.7759495349351995, 0.7759495349351995, 0.7810724005673478, 0.7810724005673478, 0.7810724005673478, 0.7825634977792193, 0.7825634977792193, 0.7825634977792193, 0.7825634977792193, 0.7825634977792193, 0.7846014951693514, 0.7846014951693514, 0.7846014951693514, 0.7846014951693514, 0.7846014951693514, 0.7846014951693514, 0.7846014951693514, 0.7846014951693514, 0.7846014951693514, 0.7846014951693514, 0.7846014951693514, 0.7846014951693514]
[0.16434218247061524, 0.17574507920350063, 0.1893409432895521, 0.18837122996659428, 0.19288562987596145, 0.1984228950916308, 0.20165994162568812, 0.21082077364537316, 0.21934723142572554, 0.22526932074772194, 0.22909020293457566, 0.23489382898581734, 0.24135119927120852, 0.24815587153577168, 0.24916171499673234, 0.2516256741480217, 0.2561762031212693, 0.2581902569488421, 0.2607738955053585, 0.26722401508407956, 0.2731653614127637, 0.28109093191433354, 0.2866351653204, 0.29247871175846585, 0.2943873568635516, 0.2951058195213214, 0.2985962372832417, 0.3021969436342876, 0.3096336645914733, 0.3115482253354248, 0.31995125744080233, 0.32209751812973086, 0.323526141214926, 0.3286746025780889, 0.32952138347096543, 0.3382168579332797, 0.344024164002106, 0.349713597496213, 0.35448188221315946, 0.36236225234066144, 0.3649684648453055, 0.3663650565570524, 0.3757396848567448, 0.3757396848567448, 0.3812654176086411, 0.38317740369488246, 0.38605027118595525, 0.38884395269994226, 0.39833957072004395, 0.4076037202880069, 0.4076037202880069, 0.4107226941898704, 0.4107226941898704, 0.4154334630539834, 0.4188999305617046, 0.4188999305617046, 0.4250781847412629, 0.4250781847412629, 0.4250781847412629, 0.4250781847412629, 0.4250781847412629, 0.4250781847412629, 0.4250781847412629, 0.4334861245213558, 0.4334861245213558, 0.4368107193885605, 0.4425559132392197, 0.4425559132392197, 0.4425559132392197, 0.4425559132392197, 0.4425559132392197, 0.4425559132392197, 0.4474190264882837, 0.4474190264882837, 0.4474190264882837, 0.4677832104030633, 0.4677832104030633, 0.4677832104030633, 0.47352891528879676, 0.47352891528879676, 0.47352891528879676, 0.47352891528879676, 0.47352891528879676, 0.483027949974843, 0.483027949974843, 0.483027949974843, 0.483027949974843, 0.483027949974843, 0.483027949974843, 0.483027949974843, 0.483027949974843, 0.483027949974843, 0.483027949974843, 0.483027949974843, 0.483027949974843]
Training raw path: /home/anhnd/DTI Project/Codes/MPNN/data/KFold/ATCInchikeySideEffectByDrug.txt_train_7
('Number of substructures, proteins, pathways, drugs, se: ', 888, 1448, 330, 969, 598)
Train: 1.0000 1.0000
Test: 0.7777 0.4898
[0.6411770879061593, 0.6596906532357196, 0.6684551808951333, 0.6691615517367697, 0.6725223738807206, 0.673583835654143, 0.674239704422404, 0.6764905892589897, 0.6787741932816879, 0.6795633836597826, 0.6793098326113678, 0.6816710146497602, 0.6865987981891984, 0.6882930467177707, 0.6891797464909659, 0.6910111508974994, 0.6927850126606612, 0.693545004660124, 0.6948255087556738, 0.6972984565858722, 0.7009753817200197, 0.7038713266743266, 0.706486980223483, 0.7095818060169015, 0.7110553056423254, 0.711261665066116, 0.7132516058275504, 0.7148354304966209, 0.7165764930571163, 0.717000327794736, 0.720483286229417, 0.7217560438608233, 0.7224341603921893, 0.7235461052033167, 0.7241294675334982, 0.7278972881026038, 0.7307084580244191, 0.7329825522099436, 0.7353264119947547, 0.7381353375007342, 0.7392803494572306, 0.7401036895509742, 0.7429626246922751, 0.7429626246922751, 0.7447582889083298, 0.7457014930379884, 0.7480436121974479, 0.7491309291863846, 0.7533470776247002, 0.7560045522226659, 0.7560045522226659, 0.7569911999748109, 0.7569911999748109, 0.7590577538837747, 0.7599526060111657, 0.7599526060111657, 0.7617532755974179, 0.7617532755974179, 0.7617532755974179, 0.7617532755974179, 0.7617532755974179, 0.7617532755974179, 0.7617532755974179, 0.7645490479973914, 0.7645490479973914, 0.7659068639981059, 0.7673190493659404, 0.7673190493659404, 0.7673190493659404, 0.7673190493659404, 0.7673190493659404, 0.7673190493659404, 0.76878830197393, 0.76878830197393, 0.76878830197393, 0.7739913222444359, 0.7739913222444359, 0.7739913222444359, 0.7757252153239218, 0.7757252153239218, 0.7757252153239218, 0.7757252153239218, 0.7757252153239218, 0.7776502058782573, 0.7776502058782573, 0.7776502058782573, 0.7776502058782573, 0.7776502058782573, 0.7776502058782573, 0.7776502058782573, 0.7776502058782573, 0.7776502058782573, 0.7776502058782573, 0.7776502058782573, 0.7776502058782573]
[0.14849928664053041, 0.16011299441439797, 0.17241513264193298, 0.17657100795050476, 0.18161828061720814, 0.18833024470798335, 0.19047584231250878, 0.19239987128237165, 0.19449866468817456, 0.197899145589239, 0.198704527799189, 0.2044852172537992, 0.21641826666785663, 0.22034290691257732, 0.22205769101742096, 0.226570961519601, 0.23046920617137812, 0.23497258664294962, 0.23750307283931277, 0.24619728302509733, 0.25771610422482044, 0.2638970961798338, 0.27065975725140734, 0.28001078575827043, 0.28613302626404913, 0.28633505268874937, 0.2921556112303285, 0.2975429597900877, 0.30303718209782105, 0.3041374401239526, 0.3131844886287672, 0.31697411727371255, 0.318705929317345, 0.32199132139969017, 0.32272456015077455, 0.3335029409815313, 0.34106201038415207, 0.34564998372299804, 0.35213529999117565, 0.36035221804279743, 0.3628724258248307, 0.3652815520246962, 0.3722004863220243, 0.3722004863220243, 0.3783088207527157, 0.38039568992700745, 0.3867442333990392, 0.38944841905071914, 0.40268873946829675, 0.4114163506853644, 0.4114163506853644, 0.41469082501380244, 0.41469082501380244, 0.4214399575852282, 0.42390041640201215, 0.42390041640201215, 0.4292767184537322, 0.4292767184537322, 0.4292767184537322, 0.4292767184537322, 0.4292767184537322, 0.4292767184537322, 0.4292767184537322, 0.43810619680072915, 0.43810619680072915, 0.44192154411281803, 0.44742285034200036, 0.44742285034200036, 0.44742285034200036, 0.44742285034200036, 0.44742285034200036, 0.44742285034200036, 0.4532776309968426, 0.4532776309968426, 0.4532776309968426, 0.4740378543153544, 0.4740378543153544, 0.4740378543153544, 0.48113179670962647, 0.48113179670962647, 0.48113179670962647, 0.48113179670962647, 0.48113179670962647, 0.4898211403540493, 0.4898211403540493, 0.4898211403540493, 0.4898211403540493, 0.4898211403540493, 0.4898211403540493, 0.4898211403540493, 0.4898211403540493, 0.4898211403540493, 0.4898211403540493, 0.4898211403540493, 0.4898211403540493]
Training raw path: /home/anhnd/DTI Project/Codes/MPNN/data/KFold/ATCInchikeySideEffectByDrug.txt_train_8
('Number of substructures, proteins, pathways, drugs, se: ', 888, 1448, 330, 969, 598)
Train: 1.0000 1.0000
Test: 0.7766 0.4716
[0.668856927483793, 0.683078370971326, 0.680808452931817, 0.6790768111116452, 0.6767847379764927, 0.6788298729719076, 0.6788934386099957, 0.6806432437175, 0.6822095582744806, 0.6837269097331017, 0.6847011988107614, 0.6854622406161585, 0.6854550545401485, 0.6863530478776928, 0.6876234914140092, 0.688925135514135, 0.6905035937603216, 0.6921363844154655, 0.6934187854526819, 0.6957355350229107, 0.6977758554792722, 0.7010838242555714, 0.7032966176409222, 0.7056540379740994, 0.7081002021081118, 0.7082853210923605, 0.7102201802194739, 0.7121233866250073, 0.7148126515923547, 0.7155731240858129, 0.7189082015470691, 0.7204946574044035, 0.7207675829658831, 0.7225269893647006, 0.7233834665595117, 0.7276015305770218, 0.7297880120149882, 0.7319404214674983, 0.7338356183584576, 0.736710355409326, 0.7386872812030219, 0.7391459414299733, 0.7419923598714683, 0.7419923598714683, 0.7437337067020937, 0.744737042265035, 0.7462111495817692, 0.7469293574671827, 0.7506832866489102, 0.7536978323059943, 0.7536978323059943, 0.7544419918977117, 0.7544419918977117, 0.7565848357649416, 0.75769539053927, 0.75769539053927, 0.7598364514428317, 0.7598364514428317, 0.7598364514428317, 0.7598364514428317, 0.7598364514428317, 0.7598364514428317, 0.7598364514428317, 0.7625222051804739, 0.7625222051804739, 0.7638703714040082, 0.7654326552194481, 0.7654326552194481, 0.7654326552194481, 0.7654326552194481, 0.7654326552194481, 0.7654326552194481, 0.766965391298472, 0.766965391298472, 0.766965391298472, 0.7725919523972725, 0.7725919523972725, 0.7725919523972725, 0.7744149786315668, 0.7744149786315668, 0.7744149786315668, 0.7744149786315668, 0.7744149786315668, 0.7765635755482535, 0.7765635755482535, 0.7765635755482535, 0.7765635755482535, 0.7765635755482535, 0.7765635755482535, 0.7765635755482535, 0.7765635755482535, 0.7765635755482535, 0.7765635755482535, 0.7765635755482535, 0.7765635755482535]
[0.13589475703803378, 0.13983939554395097, 0.1560881651509768, 0.1619970996090175, 0.1689941602267897, 0.17500257928098178, 0.1840124694215649, 0.18704467191952207, 0.19410354922838802, 0.20132747844686585, 0.20497663004208388, 0.20847455956648842, 0.211127621050406, 0.21590885333017276, 0.21850420073838242, 0.22239730575542077, 0.2267161503226685, 0.22991800112774835, 0.23197862425298219, 0.2388888346994319, 0.24559475662656027, 0.2519636499210832, 0.2583703134582931, 0.2658492633952967, 0.2714207720221029, 0.2717210171058896, 0.2760388800840432, 0.2795206344022665, 0.28510839238341534, 0.2861199568470887, 0.29456672348172813, 0.2989658225875739, 0.2996547199515608, 0.3059826715450649, 0.30829521341309174, 0.31944766266914193, 0.32488939129792144, 0.33104174889020527, 0.3366278590225242, 0.3442774909532357, 0.34897643837818626, 0.3501980470912621, 0.3589871203656451, 0.3589871203656451, 0.363889334339281, 0.36685372591860693, 0.37169672437187906, 0.3741952732017367, 0.38525877717789636, 0.3940353486330899, 0.3940353486330899, 0.39672208917711904, 0.39672208917711904, 0.40250529727468265, 0.40631411693152153, 0.40631411693152153, 0.4116818622502576, 0.4116818622502576, 0.4116818622502576, 0.4116818622502576, 0.4116818622502576, 0.4116818622502576, 0.4116818622502576, 0.4191627831038399, 0.4191627831038399, 0.4232572951969605, 0.42889693683684493, 0.42889693683684493, 0.42889693683684493, 0.42889693683684493, 0.42889693683684493, 0.42889693683684493, 0.43459026971743997, 0.43459026971743997, 0.43459026971743997, 0.4563389820602972, 0.4563389820602972, 0.4563389820602972, 0.4626052725183872, 0.4626052725183872, 0.4626052725183872, 0.4626052725183872, 0.4626052725183872, 0.47160730265776124, 0.47160730265776124, 0.47160730265776124, 0.47160730265776124, 0.47160730265776124, 0.47160730265776124, 0.47160730265776124, 0.47160730265776124, 0.47160730265776124, 0.47160730265776124, 0.47160730265776124, 0.47160730265776124]
Training raw path: /home/anhnd/DTI Project/Codes/MPNN/data/KFold/ATCInchikeySideEffectByDrug.txt_train_9
('Number of substructures, proteins, pathways, drugs, se: ', 888, 1448, 330, 969, 598)
Train: 1.0000 1.0000
Test: 0.7832 0.4899
[0.6692740744320044, 0.689676506858206, 0.6940479693693081, 0.6889958708649672, 0.6923583831062536, 0.6898969401797368, 0.6906607399580886, 0.6927769795202036, 0.6968821738823887, 0.6994073151353642, 0.6994123572182578, 0.7016876263255243, 0.7073714388498168, 0.709553633512103, 0.7111833869057689, 0.7134665351406917, 0.7147084037280365, 0.7158412854870297, 0.7164858688100467, 0.7186190055704598, 0.7217700306634296, 0.7245877433701051, 0.7269656070111323, 0.729515878380617, 0.7298395163873568, 0.7301784790787149, 0.7318809458723141, 0.7336313617976302, 0.7352363005782274, 0.7362922573693729, 0.7385272335980733, 0.7392089402530907, 0.739857402236326, 0.7409087898652726, 0.7415967462353771, 0.7441864292184812, 0.7458260497684536, 0.7480000765338336, 0.7494387558080065, 0.7518461210909596, 0.7531731377850353, 0.7536624934316714, 0.7558118225302803, 0.7558118225302803, 0.75742965113645, 0.7579496430350412, 0.7596523826500574, 0.7601972353508607, 0.7628933725059532, 0.7650523355861875, 0.7650523355861875, 0.7656754167791365, 0.7656754167791365, 0.7673135626893016, 0.7681163699306015, 0.7681163699306015, 0.7699894148531975, 0.7699894148531975, 0.7699894148531975, 0.7699894148531975, 0.7699894148531975, 0.7699894148531975, 0.7699894148531975, 0.7721525824206386, 0.7721525824206386, 0.7733681865652785, 0.7746285408523209, 0.7746285408523209, 0.7746285408523209, 0.7746285408523209, 0.7746285408523209, 0.7746285408523209, 0.7758985451594745, 0.7758985451594745, 0.7758985451594745, 0.7801484232255582, 0.7801484232255582, 0.7801484232255582, 0.7815960874796427, 0.7815960874796427, 0.7815960874796427, 0.7815960874796427, 0.7815960874796427, 0.7831993727146307, 0.7831993727146307, 0.7831993727146307, 0.7831993727146307, 0.7831993727146307, 0.7831993727146307, 0.7831993727146307, 0.7831993727146307, 0.7831993727146307, 0.7831993727146307, 0.7831993727146307, 0.7831993727146307]
[0.12332316251920501, 0.14485230655254006, 0.1590926849795983, 0.16257239936560833, 0.173256431108036, 0.1764226433527305, 0.1823642104428045, 0.19048965724121777, 0.1986631020646548, 0.2065540869843818, 0.20857904969776314, 0.2143538835778083, 0.22839919498928557, 0.235835883633095, 0.2397373363971587, 0.24765065324226226, 0.25120937237188834, 0.25675381436919575, 0.2584284977706672, 0.2662480309318678, 0.27558570663619153, 0.2825631900804423, 0.29067878238339434, 0.2977738575735246, 0.30185313669099, 0.30297377548300897, 0.308550104190426, 0.31361667552699163, 0.3179632972975241, 0.3205215507721833, 0.3279437495411168, 0.32953140613351123, 0.3315470571707218, 0.33626894750764713, 0.33806397862103144, 0.34621508250690736, 0.351554972552558, 0.3585988943476498, 0.3633240180394005, 0.37201266819717715, 0.37610584341272923, 0.3775533131915857, 0.38585693878387456, 0.38585693878387456, 0.39152544140839685, 0.3933532324914957, 0.39932375896316274, 0.401176230288795, 0.4104705068562574, 0.4188631899144522, 0.4188631899144522, 0.42112369776936887, 0.42112369776936887, 0.4273166377495866, 0.42964238523044507, 0.42964238523044507, 0.43657276248059274, 0.43657276248059274, 0.43657276248059274, 0.43657276248059274, 0.43657276248059274, 0.43657276248059274, 0.43657276248059274, 0.4446819213181481, 0.4446819213181481, 0.44904120093714106, 0.45425579413491257, 0.45425579413491257, 0.45425579413491257, 0.45425579413491257, 0.45425579413491257, 0.45425579413491257, 0.45961609393208647, 0.45961609393208647, 0.45961609393208647, 0.476611531295746, 0.476611531295746, 0.476611531295746, 0.4824491755732704, 0.4824491755732704, 0.4824491755732704, 0.4824491755732704, 0.4824491755732704, 0.48987109106859394, 0.48987109106859394, 0.48987109106859394, 0.48987109106859394, 0.48987109106859394, 0.48987109106859394, 0.48987109106859394, 0.48987109106859394, 0.48987109106859394, 0.48987109106859394, 0.48987109106859394, 0.48987109106859394]
AUC: 0.7827 0.0021
AUPR: 0.4939 0.0064
('RARE AUC', [(0.6717721311550342, 0.007939833393946941), (0.6840849634356342, 0.006783885841749575), (0.6868295612141349, 0.006731389077569409), (0.6846898377307791, 0.006286693915556434), (0.6850071979853803, 0.0060348929441147075), (0.6854544528996387, 0.005444282159676749), (0.68692083760333, 0.005429444345755083), (0.6888945809736977, 0.005456248652859069), (0.6913401488026919, 0.005275254651779315), (0.6935013652798837, 0.0054562820998845345), (0.6941887190178516, 0.005618019996696842), (0.6960688597223197, 0.005561244832474212), (0.6995354471138762, 0.005326755721544505), (0.7017472745129054, 0.00519917965243237), (0.7026671961372312, 0.005117418598670805), (0.7043567376554121, 0.004959132159435601), (0.7057690619293275, 0.004965246753595936), (0.7071366345452984, 0.004822516545413445), (0.7079492158326282, 0.004734040224879406), (0.7106579486554608, 0.004719084279733259), (0.713551861836358, 0.004680423114773789), (0.7161002639554278, 0.0045656496504565885), (0.7183674827191486, 0.004483237399033519), (0.7208670092533829, 0.004355377275378198), (0.7222750145102779, 0.004268805511038271), (0.7225680419690499, 0.004267543132283583), (0.7244346419381864, 0.004257109808753644), (0.7261167738532415, 0.004194917980666441), (0.7283349251082725, 0.004066486383426291), (0.7291032853220455, 0.004053829939639042), (0.7319444089737368, 0.0038641499543628933), (0.7332470389106193, 0.003722479389021223), (0.7337222184197894, 0.003683701675617072), (0.7349800347778286, 0.0036133144923707347), (0.7355809235499019, 0.003589467784842191), (0.7393514461528693, 0.0034827793582891432), (0.7414292753617848, 0.003408067071318974), (0.743659599088281, 0.0032882993995533554), (0.7454318969502463, 0.003226699340389845), (0.7479145266418434, 0.0030757776763375797), (0.7490944644282742, 0.003010066934696341), (0.7497614868736996, 0.002992292725459534), (0.7523485591723901, 0.00290174915114485), (0.7523485591723901, 0.00290174915114485), (0.7538968014649824, 0.0028861739525323183), (0.7546479948456825, 0.002852516532693441), (0.7562332500525178, 0.0027640213107879654), (0.7570439296802884, 0.0027459019875037747), (0.7602899351033948, 0.002639453237965728), (0.7627218332609392, 0.002539445064142837), (0.7627218332609392, 0.002539445064142837), (0.7634731866025668, 0.0025230179242395185), (0.7634731866025668, 0.0025230179242395185), (0.7652846069082574, 0.0024363925941856017), (0.7661787852828377, 0.002402102173583771), (0.7661787852828377, 0.002402102173583771), (0.7681190416751094, 0.00236647454132674), (0.7681190416751094, 0.00236647454132674), (0.7681190416751094, 0.00236647454132674), (0.7681190416751094, 0.00236647454132674), (0.7681190416751094, 0.00236647454132674), (0.7681190416751094, 0.00236647454132674), (0.7681190416751094, 0.00236647454132674), (0.7705269341395328, 0.002294042140942976), (0.7705269341395328, 0.002294042140942976), (0.771741272861523, 0.0022742419124308784), (0.7730895869326109, 0.002260321543385581), (0.7730895869326109, 0.002260321543385581), (0.7730895869326109, 0.002260321543385581), (0.7730895869326109, 0.002260321543385581), (0.7730895869326109, 0.002260321543385581), (0.7730895869326109, 0.002260321543385581), (0.7745993011080508, 0.00223828378994427), (0.7745993011080508, 0.00223828378994427), (0.7745993011080508, 0.00223828378994427), (0.7793015264810383, 0.002170306022146305), (0.7793015264810383, 0.002170306022146305), (0.7793015264810383, 0.002170306022146305), (0.7809073312705064, 0.002128707214899141), (0.7809073312705064, 0.002128707214899141), (0.7809073312705064, 0.002128707214899141), (0.7809073312705064, 0.002128707214899141), (0.7809073312705064, 0.002128707214899141), (0.7827207696150272, 0.0020892994167423773), (0.7827207696150272, 0.0020892994167423773), (0.7827207696150272, 0.0020892994167423773), (0.7827207696150272, 0.0020892994167423773), (0.7827207696150272, 0.0020892994167423773), (0.7827207696150272, 0.0020892994167423773), (0.7827207696150272, 0.0020892994167423773), (0.7827207696150272, 0.0020892994167423773), (0.7827207696150272, 0.0020892994167423773), (0.7827207696150272, 0.0020892994167423773), (0.7827207696150272, 0.0020892994167423773), (0.7827207696150272, 0.0020892994167423773)])
('RARE AUPR', [(0.1561969686851305, 0.009361784608665664), (0.175196232483112, 0.011107472923727527), (0.18556693482062322, 0.011579123135792848), (0.18705585816389647, 0.010749037877007475), (0.19267492235085018, 0.010281747272460853), (0.1966601756148093, 0.009814184044968133), (0.20160207828170015, 0.009478144602029132), (0.20832664030936437, 0.009841132389263657), (0.21512837645928143, 0.009610963092215036), (0.22061340255491527, 0.009437568158407439), (0.22298096163677772, 0.009720860654948545), (0.22808702332478328, 0.00984349040455616), (0.23724211718131455, 0.009452608216270128), (0.24288962236156456, 0.009015641909871419), (0.2455664812742162, 0.008915931734455276), (0.2504962386174098, 0.008971727553652348), (0.2544499112072053, 0.009093172663916575), (0.2587325782731618, 0.009047136379933403), (0.26099279685748755, 0.008950123046219489), (0.2688566212631359, 0.009174928315794499), (0.2778127219096957, 0.009261317333332244), (0.28394747722715896, 0.00912873710185912), (0.2901087824812718, 0.009197012290619663), (0.2976694115472118, 0.009225978278348337), (0.30242850732176285, 0.009278281006279827), (0.3031245711203706, 0.00933506863995097), (0.3080944037180838, 0.009379104166052525), (0.31291765774713765, 0.009399079471932062), (0.31866201252876086, 0.009192916829963517), (0.3203577231783371, 0.009227129319546988), (0.32760376474377634, 0.009022628627396006), (0.3310748081742848, 0.008947238513872127), (0.33237153029093297, 0.008932849947917954), (0.33665986206910103, 0.008622542048026002), (0.3381898459015318, 0.00859271508979351), (0.3489436111068635, 0.008481972335000462), (0.35492789129381686, 0.008508859201358009), (0.3607795097323442, 0.008422499374729395), (0.3662986240184095, 0.008506186216639244), (0.37394047560523236, 0.008316559960558448), (0.37716146686871965, 0.008267122573134472), (0.37907842649912965, 0.00832939287795311), (0.38729120597083966, 0.008161984766988194), (0.38729120597083966, 0.008161984766988194), (0.39231858991711127, 0.008228488713274211), (0.3946888572435935, 0.008176699806252227), (0.3995606458892293, 0.00812081519915958), (0.40207663765384655, 0.008101641830660141), (0.41203188705303395, 0.00788599058439285), (0.42049058438574904, 0.007734663689349824), (0.42049058438574904, 0.007734663689349824), (0.42288422825263766, 0.007708502438793881), (0.42288422825263766, 0.007708502438793881), (0.42843869384313055, 0.007543965476815511), (0.4313889052294506, 0.007547037445477051), (0.4313889052294506, 0.007547037445477051), (0.43736166262265713, 0.007459367758971747), (0.43736166262265713, 0.007459367758971747), (0.43736166262265713, 0.007459367758971747), (0.43736166262265713, 0.007459367758971747), (0.43736166262265713, 0.007459367758971747), (0.43736166262265713, 0.007459367758971747), (0.43736166262265713, 0.007459367758971747), (0.44562786297087886, 0.007385442936392224), (0.44562786297087886, 0.007385442936392224), (0.4496204381276395, 0.007375556713050441), (0.45482323436899785, 0.007273583874832572), (0.45482323436899785, 0.007273583874832572), (0.45482323436899785, 0.007273583874832572), (0.45482323436899785, 0.007273583874832572), (0.45482323436899785, 0.007273583874832572), (0.45482323436899785, 0.007273583874832572), (0.4608995506862299, 0.007224307234498735), (0.4608995506862299, 0.007224307234498735), (0.4608995506862299, 0.007224307234498735), (0.479330505879783, 0.0066874700970057455), (0.479330505879783, 0.0066874700970057455), (0.479330505879783, 0.0066874700970057455), (0.4857337088334779, 0.006578838228959204), (0.4857337088334779, 0.006578838228959204), (0.4857337088334779, 0.006578838228959204), (0.4857337088334779, 0.006578838228959204), (0.4857337088334779, 0.006578838228959204), (0.493906737442134, 0.006403551221247005), (0.493906737442134, 0.006403551221247005), (0.493906737442134, 0.006403551221247005), (0.493906737442134, 0.006403551221247005), (0.493906737442134, 0.006403551221247005), (0.493906737442134, 0.006403551221247005), (0.493906737442134, 0.006403551221247005), (0.493906737442134, 0.006403551221247005), (0.493906737442134, 0.006403551221247005), (0.493906737442134, 0.006403551221247005), (0.493906737442134, 0.006403551221247005), (0.493906737442134, 0.006403551221247005)])
