Default
<models.baselines.omodels.LNSM object at 0x7f499c6397d0>
('Manual torch seed: ', 443181909)
Training raw path: /home/anhnd/DTI Project/Codes/MPNN/data/KFold/ATCInchikeySideEffectByDrug.txt_train_0
('Number of substructures, proteins, pathways, drugs, se: ', 888, 1448, 330, 969, 598)
Train: 1.0000 0.9998
Test: 0.7684 0.4577
[0.6482285954975894, 0.6715862035691833, 0.6818017383841084, 0.6775321708493708, 0.675317099643352, 0.6725223382930697, 0.6759909120579719, 0.6776124672113513, 0.678767618550423, 0.6813769833470811, 0.6812990974117752, 0.6834919592861698, 0.6870261449268483, 0.6881014663221747, 0.689453371967993, 0.690441679930085, 0.6915577662574264, 0.6922241955500639, 0.6929372756531182, 0.6959369436925199, 0.6995468055473467, 0.7017232566189315, 0.7037790923394991, 0.7059761709890713, 0.7080235717520027, 0.7083018594584091, 0.710135865476086, 0.7119278081792271, 0.7141437007845302, 0.7150002119398222, 0.717972888273519, 0.7194327771496543, 0.7199993829999842, 0.7212071667907411, 0.7219550395891393, 0.7260379894266888, 0.7281324446274089, 0.7303887930880013, 0.7321208130899947, 0.7345342523314002, 0.7357519336365875, 0.7364965278708739, 0.7388268354627262, 0.7388268354627262, 0.7404819733709352, 0.7411239210216516, 0.7427316486142199, 0.7434809690386249, 0.7464446679650307, 0.7487789499285715, 0.7487789499285715, 0.7496529757681973, 0.7496529757681973, 0.751615545485799, 0.7523938263487151, 0.7523938263487151, 0.7540103518915535, 0.7540103518915535, 0.7540103518915535, 0.7540103518915535, 0.7540103518915535, 0.7540103518915535, 0.7540103518915535, 0.7564244318881952, 0.7564244318881952, 0.7576187720538897, 0.7588962250479876, 0.7588962250479876, 0.7588962250479876, 0.7588962250479876, 0.7588962250479876, 0.7588962250479876, 0.7604011772194014, 0.7604011772194014, 0.7604011772194014, 0.7648807945441947, 0.7648807945441947, 0.7648807945441947, 0.7665650957762756, 0.7665650957762756, 0.7665650957762756, 0.7665650957762756, 0.7665650957762756, 0.7684267063630452, 0.7684267063630452, 0.7684267063630452, 0.7684267063630452, 0.7684267063630452, 0.7684267063630452, 0.7684267063630452, 0.7684267063630452, 0.7684267063630452, 0.7684267063630452, 0.7684267063630452, 0.7684267063630452]
[0.14048201502056548, 0.1709805060339503, 0.18187427153761676, 0.17871537894745693, 0.18070986100727712, 0.1837408470827403, 0.1899608529418833, 0.19693526974300896, 0.20072225683071998, 0.2026292991471922, 0.20319139439406014, 0.20589716593261903, 0.21429665336097933, 0.21982816761896762, 0.22305486145836934, 0.22656467260854968, 0.22887168348460468, 0.2315503034452751, 0.23468908305895175, 0.24280128874021023, 0.25079451868082825, 0.25580161333226725, 0.25938354117519463, 0.2641112513776031, 0.26969157325647286, 0.27029033294539917, 0.27366823600021795, 0.277951939882116, 0.28367344364666025, 0.2856649840138548, 0.2933464529842967, 0.29741721302324664, 0.29895087967070455, 0.3030276312921594, 0.3051181652933274, 0.31641842794721176, 0.3218944429105847, 0.32778817437365826, 0.332858569096545, 0.34072721482340224, 0.3441486394998733, 0.34592667245242537, 0.3527728949711516, 0.3527728949711516, 0.3574924214022403, 0.3597013085354308, 0.36491080374163143, 0.3670711154854981, 0.37552934894867945, 0.38360099589855745, 0.38360099589855745, 0.3863456700737555, 0.3863456700737555, 0.392674432533071, 0.39540528862756513, 0.39540528862756513, 0.4000966024925665, 0.4000966024925665, 0.4000966024925665, 0.4000966024925665, 0.4000966024925665, 0.4000966024925665, 0.4000966024925665, 0.40920477116840126, 0.40920477116840126, 0.41347756738232705, 0.41844178174539515, 0.41844178174539515, 0.41844178174539515, 0.41844178174539515, 0.41844178174539515, 0.41844178174539515, 0.4249743080929218, 0.4249743080929218, 0.4249743080929218, 0.4420708081267378, 0.4420708081267378, 0.4420708081267378, 0.4490772442770745, 0.4490772442770745, 0.4490772442770745, 0.4490772442770745, 0.4490772442770745, 0.45766866332657163, 0.45766866332657163, 0.45766866332657163, 0.45766866332657163, 0.45766866332657163, 0.45766866332657163, 0.45766866332657163, 0.45766866332657163, 0.45766866332657163, 0.45766866332657163, 0.45766866332657163, 0.45766866332657163]
Training raw path: /home/anhnd/DTI Project/Codes/MPNN/data/KFold/ATCInchikeySideEffectByDrug.txt_train_1
('Number of substructures, proteins, pathways, drugs, se: ', 888, 1448, 330, 969, 598)
Train: 1.0000 0.9998
Test: 0.7509 0.4761
[0.5904339899682653, 0.6028219960278324, 0.5985607969581199, 0.6052191688076969, 0.6129464555857269, 0.6176173737726695, 0.6197753414397331, 0.6227849787788707, 0.6276625851072524, 0.629282361298277, 0.6279853786884615, 0.6318984349331198, 0.6382231683853028, 0.642692743579323, 0.6444716216058642, 0.6469773580621127, 0.6481459986971976, 0.6510512621973784, 0.6529730491781042, 0.656261894682515, 0.6596238453600003, 0.6630619480684953, 0.6657739421408639, 0.6692246585916047, 0.6711227679493625, 0.6714697198726228, 0.6736234238590294, 0.6760646499887879, 0.679510013860603, 0.6807794508993956, 0.6853097732778091, 0.6881677155934987, 0.6891245149052567, 0.6908846027633413, 0.6917103674467029, 0.6964678151889785, 0.6991586725795841, 0.7027085693944182, 0.7049731595264226, 0.7087526220018772, 0.710444017446901, 0.7114694150390073, 0.7150757297763286, 0.7150757297763286, 0.7165019707957594, 0.7174835435235702, 0.7197844491932484, 0.7206872508309258, 0.7243866325507038, 0.7274803263737819, 0.7274803263737819, 0.7282511538764426, 0.7282511538764426, 0.730619907349638, 0.7317987161263192, 0.7317987161263192, 0.7342001368306401, 0.7342001368306401, 0.7342001368306401, 0.7342001368306401, 0.7342001368306401, 0.7342001368306401, 0.7342001368306401, 0.737151203552731, 0.737151203552731, 0.7384927413393132, 0.7398745674687989, 0.7398745674687989, 0.7398745674687989, 0.7398745674687989, 0.7398745674687989, 0.7398745674687989, 0.7417935148219879, 0.7417935148219879, 0.7417935148219879, 0.7468031227114991, 0.7468031227114991, 0.7468031227114991, 0.7488366896215771, 0.7488366896215771, 0.7488366896215771, 0.7488366896215771, 0.7488366896215771, 0.7509300227141492, 0.7509300227141492, 0.7509300227141492, 0.7509300227141492, 0.7509300227141492, 0.7509300227141492, 0.7509300227141492, 0.7509300227141492, 0.7509300227141492, 0.7509300227141492, 0.7509300227141492, 0.7509300227141492]
[0.11030188924449055, 0.13016343220483179, 0.13305415386353286, 0.14099575298914863, 0.14896853492114503, 0.15440689208224306, 0.1588916495136894, 0.16712346818808152, 0.17505990393033463, 0.17911498685829091, 0.1778845543195859, 0.1843085556639695, 0.1954020679665769, 0.2048398700803856, 0.20828855896424098, 0.21510107236115109, 0.21682948413374017, 0.22241292904021417, 0.22562728501447327, 0.234024348091326, 0.24222095119570375, 0.25007871430249573, 0.2548764254080497, 0.26204688265058496, 0.2650693359866416, 0.2656637736407614, 0.2690500886166139, 0.27517837998253475, 0.2841655453833056, 0.2860691553432014, 0.2962397604589275, 0.3026970211178779, 0.3052770201556588, 0.3102430351963109, 0.3116997152189187, 0.3219496425257176, 0.32849419520336404, 0.3377921663389524, 0.3426963908584283, 0.35183291339979683, 0.3558515019090341, 0.3584467760131662, 0.3674605249493951, 0.3674605249493951, 0.3715695694839374, 0.3749482158609492, 0.38155018472614527, 0.3834780799917338, 0.39353187451192406, 0.4027297039153893, 0.4027297039153893, 0.4043690781163964, 0.4043690781163964, 0.4105499517540483, 0.413858681864229, 0.413858681864229, 0.42005064365741807, 0.42005064365741807, 0.42005064365741807, 0.42005064365741807, 0.42005064365741807, 0.42005064365741807, 0.42005064365741807, 0.42932748788299846, 0.42932748788299846, 0.4328011111249398, 0.43634457608306987, 0.43634457608306987, 0.43634457608306987, 0.43634457608306987, 0.43634457608306987, 0.43634457608306987, 0.4436332809217647, 0.4436332809217647, 0.4436332809217647, 0.46018908961990396, 0.46018908961990396, 0.46018908961990396, 0.46770763283156197, 0.46770763283156197, 0.46770763283156197, 0.46770763283156197, 0.46770763283156197, 0.47608219156166154, 0.47608219156166154, 0.47608219156166154, 0.47608219156166154, 0.47608219156166154, 0.47608219156166154, 0.47608219156166154, 0.47608219156166154, 0.47608219156166154, 0.47608219156166154, 0.47608219156166154, 0.47608219156166154]
Training raw path: /home/anhnd/DTI Project/Codes/MPNN/data/KFold/ATCInchikeySideEffectByDrug.txt_train_2
('Number of substructures, proteins, pathways, drugs, se: ', 888, 1448, 330, 969, 598)
Train: 1.0000 0.9999
Test: 0.7661 0.5126
[0.6524953803801288, 0.6573649559880463, 0.6663783307310553, 0.6719026842374998, 0.6753360863854136, 0.6724101802347012, 0.6733261483292271, 0.6757114221237188, 0.677610057218548, 0.6788709419541636, 0.680383581078785, 0.6831262063510322, 0.6836919335749686, 0.6851205196698722, 0.685991782812459, 0.6881977047196652, 0.6903976856338251, 0.6919703971742434, 0.6921878392590276, 0.6963755783260162, 0.6988474796386022, 0.7015514802826548, 0.7039085610261336, 0.7071805996369954, 0.7092457741483006, 0.7096155808973501, 0.7117063425653165, 0.713515336458437, 0.7155520092588538, 0.7165822991110637, 0.7188456002497086, 0.720457565896986, 0.7209165389115617, 0.7219199975873452, 0.7224995668090062, 0.7260250642925183, 0.7281667946640364, 0.7301625861868665, 0.7319691368930463, 0.7340878029105498, 0.735219305364156, 0.7359484932796978, 0.7382175357450491, 0.7382175357450491, 0.739767712154951, 0.7404184734113969, 0.741970422909378, 0.7428214015976007, 0.7457732401001045, 0.7478368051620136, 0.7478368051620136, 0.748460942407216, 0.748460942407216, 0.7499298625229591, 0.750925342926489, 0.750925342926489, 0.7525350700157842, 0.7525350700157842, 0.7525350700157842, 0.7525350700157842, 0.7525350700157842, 0.7525350700157842, 0.7525350700157842, 0.7548000258398191, 0.7548000258398191, 0.7560274248037895, 0.7572168609258654, 0.7572168609258654, 0.7572168609258654, 0.7572168609258654, 0.7572168609258654, 0.7572168609258654, 0.7587272470214311, 0.7587272470214311, 0.7587272470214311, 0.7629578586832142, 0.7629578586832142, 0.7629578586832142, 0.764410754136263, 0.764410754136263, 0.764410754136263, 0.764410754136263, 0.764410754136263, 0.7661230400421625, 0.7661230400421625, 0.7661230400421625, 0.7661230400421625, 0.7661230400421625, 0.7661230400421625, 0.7661230400421625, 0.7661230400421625, 0.7661230400421625, 0.7661230400421625, 0.7661230400421625, 0.7661230400421625]
[0.17579426306138896, 0.2028882468532587, 0.22881128368212428, 0.23252687687391227, 0.23612647628243208, 0.23921220149207517, 0.24242607949896566, 0.2526923248766725, 0.2596502689905188, 0.2632626020546826, 0.26650036624785267, 0.2734876609162794, 0.28153409155834586, 0.284447059502032, 0.28620401863819733, 0.2915319516370969, 0.2967259023810187, 0.3014197510746325, 0.30295509031620005, 0.313207153346709, 0.32214246999108964, 0.3286279578176837, 0.3354668995762876, 0.34360930484358077, 0.34907271277780383, 0.34990314037454606, 0.3546729770305304, 0.3587489507481169, 0.3630686691675892, 0.36491847273375233, 0.3715409227119927, 0.37470866187321744, 0.37563255153336816, 0.3775514933426446, 0.3791717644642662, 0.38843819193352963, 0.3946936588394335, 0.40005644800851936, 0.40590300953958036, 0.4114408199475924, 0.41466691321246557, 0.4169188367795546, 0.4237090347598378, 0.4237090347598378, 0.4286210206328772, 0.4304727443697705, 0.43476394908192706, 0.436881708575792, 0.4452296977494582, 0.4515160579257365, 0.4515160579257365, 0.4536942029214909, 0.4536942029214909, 0.4571650534984979, 0.46057086181381607, 0.46057086181381607, 0.46552925153351, 0.46552925153351, 0.46552925153351, 0.46552925153351, 0.46552925153351, 0.46552925153351, 0.46552925153351, 0.4728831663422726, 0.4728831663422726, 0.47685989792489974, 0.4809679978578576, 0.4809679978578576, 0.4809679978578576, 0.4809679978578576, 0.4809679978578576, 0.4809679978578576, 0.48617965902405075, 0.48617965902405075, 0.48617965902405075, 0.5006242889926654, 0.5006242889926654, 0.5006242889926654, 0.5054919655325617, 0.5054919655325617, 0.5054919655325617, 0.5054919655325617, 0.5054919655325617, 0.5125596409896672, 0.5125596409896672, 0.5125596409896672, 0.5125596409896672, 0.5125596409896672, 0.5125596409896672, 0.5125596409896672, 0.5125596409896672, 0.5125596409896672, 0.5125596409896672, 0.5125596409896672, 0.5125596409896672]
Training raw path: /home/anhnd/DTI Project/Codes/MPNN/data/KFold/ATCInchikeySideEffectByDrug.txt_train_3
('Number of substructures, proteins, pathways, drugs, se: ', 888, 1448, 330, 969, 598)
Train: 1.0000 0.9998
Test: 0.7568 0.4417
[0.6434348627773807, 0.6485432803836237, 0.6439590405104049, 0.6478358063917243, 0.6479862970248936, 0.6481794323689354, 0.6503644857434829, 0.6546101094825464, 0.6573563366876303, 0.6617723529157292, 0.6626826776488022, 0.6634937954690944, 0.6677757399550817, 0.670664146917698, 0.6715404630018847, 0.6732830946658964, 0.6748642266216602, 0.6759601477715624, 0.6769883086490803, 0.6797745361033483, 0.683254699508431, 0.6863871535221254, 0.6893297507493722, 0.6918920084499416, 0.6925106381069007, 0.6930538581866441, 0.6956259295062677, 0.6971625492733905, 0.6991406293358853, 0.6997778305998057, 0.7034511652898731, 0.7046345814673507, 0.7050227972885467, 0.7062606557379887, 0.7068312913504072, 0.710632886268622, 0.7126101499700035, 0.7149229145122924, 0.7168512740504672, 0.7194741265698115, 0.7206327783982581, 0.7213840659917629, 0.7241465571627455, 0.7241465571627455, 0.7254620809691943, 0.7264808496465954, 0.728117352431658, 0.7291881881217587, 0.7323114458139987, 0.735212494617264, 0.735212494617264, 0.736044093756869, 0.736044093756869, 0.7378190733663677, 0.7388366058620821, 0.7388366058620821, 0.7409099473686447, 0.7409099473686447, 0.7409099473686447, 0.7409099473686447, 0.7409099473686447, 0.7409099473686447, 0.7409099473686447, 0.7435407997645037, 0.7435407997645037, 0.7448746283664143, 0.7462833137881936, 0.7462833137881936, 0.7462833137881936, 0.7462833137881936, 0.7462833137881936, 0.7462833137881936, 0.7478981229116616, 0.7478981229116616, 0.7478981229116616, 0.7530858312355985, 0.7530858312355985, 0.7530858312355985, 0.7549059330049224, 0.7549059330049224, 0.7549059330049224, 0.7549059330049224, 0.7549059330049224, 0.756783984051814, 0.756783984051814, 0.756783984051814, 0.756783984051814, 0.756783984051814, 0.756783984051814, 0.756783984051814, 0.756783984051814, 0.756783984051814, 0.756783984051814, 0.756783984051814, 0.756783984051814]
[0.1200985053046229, 0.1283314354090582, 0.13323669595429924, 0.14019207981181, 0.14645674924240748, 0.1501563222901959, 0.1533280992088345, 0.16165392925419356, 0.1685973420336661, 0.17564979706448167, 0.1766998523287246, 0.18171907621544975, 0.1900345897071115, 0.19653205442494864, 0.19863101871359493, 0.20270564978016536, 0.2074870904512628, 0.21092394301060774, 0.21394439134823723, 0.22012739372335927, 0.22842000364986098, 0.2351691807618038, 0.2412439628464083, 0.24740052672390245, 0.24981303918533396, 0.25105431391640126, 0.2560415050166547, 0.26051422703047555, 0.2645640329990457, 0.26603001405954335, 0.27488072497410687, 0.2779853786429104, 0.27879662671927596, 0.2823083249125007, 0.28356351295265314, 0.2934267018989152, 0.29934989813452745, 0.3050793963370797, 0.3107101685522877, 0.31840753868093036, 0.32139438161677464, 0.32335969620772087, 0.331063466445956, 0.331063466445956, 0.33486414100176376, 0.33727978554227145, 0.3419548859677093, 0.3452786170281922, 0.35454910982803817, 0.3632280978425301, 0.3632280978425301, 0.3657929621182675, 0.3657929621182675, 0.3710313564666104, 0.3745007794925608, 0.3745007794925608, 0.38017921363476714, 0.38017921363476714, 0.38017921363476714, 0.38017921363476714, 0.38017921363476714, 0.38017921363476714, 0.38017921363476714, 0.38948880523280166, 0.38948880523280166, 0.39392763985507767, 0.39913484691957196, 0.39913484691957196, 0.39913484691957196, 0.39913484691957196, 0.39913484691957196, 0.39913484691957196, 0.40517738080806537, 0.40517738080806537, 0.40517738080806537, 0.42609581584262646, 0.42609581584262646, 0.42609581584262646, 0.43344833923493065, 0.43344833923493065, 0.43344833923493065, 0.43344833923493065, 0.43344833923493065, 0.4417420167708074, 0.4417420167708074, 0.4417420167708074, 0.4417420167708074, 0.4417420167708074, 0.4417420167708074, 0.4417420167708074, 0.4417420167708074, 0.4417420167708074, 0.4417420167708074, 0.4417420167708074, 0.4417420167708074]
Training raw path: /home/anhnd/DTI Project/Codes/MPNN/data/KFold/ATCInchikeySideEffectByDrug.txt_train_4
('Number of substructures, proteins, pathways, drugs, se: ', 888, 1448, 330, 969, 598)
Train: 1.0000 0.9999
Test: 0.7625 0.4535
[0.6394084312098473, 0.6356448448107105, 0.6417758288972986, 0.6413160490343262, 0.6389128526063259, 0.6397232494606396, 0.6442183808005522, 0.652025783748299, 0.6563684589809067, 0.6590137643217077, 0.6602359175600381, 0.6621334732659593, 0.6684852100838354, 0.6716870147658529, 0.6734298894273274, 0.6745962770970566, 0.6764157844652985, 0.6786214896212974, 0.6801207336358415, 0.6836105438998721, 0.6865934645153916, 0.6893039069025312, 0.6908421373873279, 0.6929818131321426, 0.6947444066054791, 0.6949004715743252, 0.6970252846014232, 0.6990044195098266, 0.7019742729498815, 0.7028199525566822, 0.7053252848647078, 0.7067663471172395, 0.7071505614170657, 0.7090081107685855, 0.7097381754814434, 0.7141137313940323, 0.7161035049910676, 0.7189289553306575, 0.7208536400398824, 0.7234688559269358, 0.7245282959850303, 0.7253430706267388, 0.7284560815010346, 0.7284560815010346, 0.7299916215096085, 0.7309230087563567, 0.7326302126407955, 0.733459270880044, 0.737135204116826, 0.7397207855836888, 0.7397207855836888, 0.740649109504232, 0.740649109504232, 0.7424456493331066, 0.74323518725928, 0.74323518725928, 0.7453905479853873, 0.7453905479853873, 0.7453905479853873, 0.7453905479853873, 0.7453905479853873, 0.7453905479853873, 0.7453905479853873, 0.7481044959105739, 0.7481044959105739, 0.7495758097746662, 0.7511017803166677, 0.7511017803166677, 0.7511017803166677, 0.7511017803166677, 0.7511017803166677, 0.7511017803166677, 0.7529053054773179, 0.7529053054773179, 0.7529053054773179, 0.7586810719165591, 0.7586810719165591, 0.7586810719165591, 0.7605010659087181, 0.7605010659087181, 0.7605010659087181, 0.7605010659087181, 0.7605010659087181, 0.7624666363832013, 0.7624666363832013, 0.7624666363832013, 0.7624666363832013, 0.7624666363832013, 0.7624666363832013, 0.7624666363832013, 0.7624666363832013, 0.7624666363832013, 0.7624666363832013, 0.7624666363832013, 0.7624666363832013]
[0.1280514021719154, 0.1574461880092803, 0.17605704021752702, 0.1720196626657502, 0.1737451750234229, 0.17549035861381637, 0.18091848513711614, 0.19544440915464245, 0.20213984047206074, 0.20803065328082807, 0.20969829033007661, 0.21311638959279072, 0.22476174909495006, 0.23089681148651844, 0.23405221112878372, 0.23569198417402523, 0.23939840923812056, 0.2446888938759199, 0.2475748767686671, 0.2544123000768128, 0.26074303887548866, 0.26652070456826976, 0.2695050774057079, 0.27622398521946406, 0.28001889708011435, 0.2804608097959974, 0.2851477263372101, 0.28956401289594125, 0.2947862262167373, 0.2958169628357527, 0.2973855666580325, 0.30058425110230425, 0.30163970101652726, 0.30710016994106365, 0.3085494162640993, 0.3181293099235017, 0.3229953947330634, 0.3296246956763185, 0.3341111263556691, 0.34024099879299197, 0.3421845500900009, 0.3435690645392822, 0.35197687632119357, 0.35197687632119357, 0.3558340813341421, 0.358789662933369, 0.3633426689422486, 0.3658518041766694, 0.3747360656735477, 0.38160706592397664, 0.38160706592397664, 0.3841518805678005, 0.3841518805678005, 0.3889828997180141, 0.3914654650772702, 0.3914654650772702, 0.3965458734237437, 0.3965458734237437, 0.3965458734237437, 0.3965458734237437, 0.3965458734237437, 0.3965458734237437, 0.3965458734237437, 0.40564727858635974, 0.40564727858635974, 0.4100255560265823, 0.41435392963487944, 0.41435392963487944, 0.41435392963487944, 0.41435392963487944, 0.41435392963487944, 0.41435392963487944, 0.4210143596521792, 0.4210143596521792, 0.4210143596521792, 0.44034522017700956, 0.44034522017700956, 0.44034522017700956, 0.4461947552966229, 0.4461947552966229, 0.4461947552966229, 0.4461947552966229, 0.4461947552966229, 0.4535381715203163, 0.4535381715203163, 0.4535381715203163, 0.4535381715203163, 0.4535381715203163, 0.4535381715203163, 0.4535381715203163, 0.4535381715203163, 0.4535381715203163, 0.4535381715203163, 0.4535381715203163, 0.4535381715203163]
Training raw path: /home/anhnd/DTI Project/Codes/MPNN/data/KFold/ATCInchikeySideEffectByDrug.txt_train_5
('Number of substructures, proteins, pathways, drugs, se: ', 888, 1448, 330, 969, 598)
Train: 1.0000 0.9999
Test: 0.7634 0.4458
[0.6575425090724154, 0.6655234239391872, 0.6575248290000066, 0.6531235428165146, 0.6547179732607677, 0.6603829694493719, 0.6625557104080915, 0.6624720070230223, 0.6641827618476507, 0.666566378615973, 0.6681950388483935, 0.6705569242663247, 0.6729286063280238, 0.6749744922344122, 0.6758193831094027, 0.6778054122257924, 0.6795890400712111, 0.6811685797925233, 0.6820514516139078, 0.6861971939798954, 0.6896273773434057, 0.6915628848289739, 0.6939158826075348, 0.6964850440577653, 0.6989011797231468, 0.6991977734033206, 0.7017797419926137, 0.7040499487045087, 0.7059867062154341, 0.707042429931517, 0.7093778195039862, 0.7104981976927986, 0.7107384613484455, 0.7118138944826379, 0.7122834386481567, 0.716963280273368, 0.7193284087752251, 0.7215501964182374, 0.7235848009539425, 0.725751980671628, 0.7268456685357896, 0.7274770400527011, 0.7301329770291504, 0.7301329770291504, 0.7319283242204907, 0.7325961551083193, 0.7340965826997435, 0.7348426909405701, 0.7386528917898643, 0.7411069653475354, 0.7411069653475354, 0.7418370492797353, 0.7418370492797353, 0.7439686545351356, 0.7448513849569546, 0.7448513849569546, 0.7475428167640398, 0.7475428167640398, 0.7475428167640398, 0.7475428167640398, 0.7475428167640398, 0.7475428167640398, 0.7475428167640398, 0.7499847560143615, 0.7499847560143615, 0.7512240520281772, 0.7529016019772172, 0.7529016019772172, 0.7529016019772172, 0.7529016019772172, 0.7529016019772172, 0.7529016019772172, 0.7547420646194634, 0.7547420646194634, 0.7547420646194634, 0.7597790262313668, 0.7597790262313668, 0.7597790262313668, 0.7614529451389397, 0.7614529451389397, 0.7614529451389397, 0.7614529451389397, 0.7614529451389397, 0.7633737980877906, 0.7633737980877906, 0.7633737980877906, 0.7633737980877906, 0.7633737980877906, 0.7633737980877906, 0.7633737980877906, 0.7633737980877906, 0.7633737980877906, 0.7633737980877906, 0.7633737980877906, 0.7633737980877906]
[0.12419387946540267, 0.15011673429239625, 0.14755775581453928, 0.147337717862643, 0.15828782220577367, 0.1641740521650679, 0.16993812651711648, 0.17448299444663015, 0.18141120255635518, 0.1868530933492611, 0.19085663449436507, 0.19694075623288743, 0.20420482863941122, 0.2083463440719175, 0.21049733588337452, 0.2145986186825801, 0.2180479746626205, 0.22287504952073517, 0.22403930055565424, 0.2332852550382269, 0.24336538989573256, 0.24703744747809375, 0.25184989083977927, 0.2579785966321757, 0.262433699510968, 0.2631286968789892, 0.2680666725041244, 0.2721628607931677, 0.2759957379002388, 0.2779887328789436, 0.2818610182519822, 0.28504483035625156, 0.28619414916728714, 0.28813996961664745, 0.2893393737814977, 0.3019499621230751, 0.30795375213690096, 0.3124634065873258, 0.31785698891483455, 0.3243579125324567, 0.3264124840140994, 0.3282807502993479, 0.33688911113679987, 0.33688911113679987, 0.34222619960603184, 0.3443892557273195, 0.3485610012536617, 0.3505604050692488, 0.3610265688507053, 0.36738741046312984, 0.36738741046312984, 0.36960343872458357, 0.36960343872458357, 0.37616303165582116, 0.3789297986889231, 0.3789297986889231, 0.3875315991193041, 0.3875315991193041, 0.3875315991193041, 0.3875315991193041, 0.3875315991193041, 0.3875315991193041, 0.3875315991193041, 0.3943410439783014, 0.3943410439783014, 0.39803915873279383, 0.4048734975070988, 0.4048734975070988, 0.4048734975070988, 0.4048734975070988, 0.4048734975070988, 0.4048734975070988, 0.4118141396512969, 0.4118141396512969, 0.4118141396512969, 0.43114825464057305, 0.43114825464057305, 0.43114825464057305, 0.43720081781521963, 0.43720081781521963, 0.43720081781521963, 0.43720081781521963, 0.43720081781521963, 0.445825362560345, 0.445825362560345, 0.445825362560345, 0.445825362560345, 0.445825362560345, 0.445825362560345, 0.445825362560345, 0.445825362560345, 0.445825362560345, 0.445825362560345, 0.445825362560345, 0.445825362560345]
Training raw path: /home/anhnd/DTI Project/Codes/MPNN/data/KFold/ATCInchikeySideEffectByDrug.txt_train_6
('Number of substructures, proteins, pathways, drugs, se: ', 888, 1448, 330, 969, 598)
Train: 1.0000 0.9999
Test: 0.7735 0.4401
[0.6795597622716267, 0.6875932083758045, 0.6958747106160575, 0.6973121177103601, 0.6923460227557716, 0.6917741168340306, 0.6902955089256412, 0.6914172487716816, 0.6946837151951895, 0.6974458549171438, 0.6981112753973197, 0.6986953022399017, 0.7014067674656137, 0.7040672742582934, 0.7044242585786554, 0.7041096836226071, 0.7051837305114501, 0.7058633783526762, 0.7070654490548794, 0.7089775919183765, 0.7110725997976535, 0.7131687541298777, 0.7155533455859315, 0.7169614082731766, 0.7169826358694903, 0.7174715867437358, 0.7188294428032682, 0.7199402049222678, 0.7217683788700634, 0.7223757275471834, 0.7255075783497318, 0.7263714300056439, 0.7266998556075972, 0.7277962584930807, 0.7280943844977865, 0.7310644044758392, 0.7330873402153857, 0.7349896000123851, 0.7366007442235981, 0.7390569100581776, 0.7397563084606066, 0.7402960813091508, 0.7428640846901018, 0.7428640846901018, 0.7446819025554421, 0.7453164880436307, 0.7463466846908442, 0.7471899943397116, 0.7503179442823527, 0.7525628353344853, 0.7525628353344853, 0.7535516328119863, 0.7535516328119863, 0.7552514011862144, 0.7560893318541732, 0.7560893318541732, 0.7580661312122342, 0.7580661312122342, 0.7580661312122342, 0.7580661312122342, 0.7580661312122342, 0.7580661312122342, 0.7580661312122342, 0.7604907146602933, 0.7604907146602933, 0.761558790569437, 0.763191148361161, 0.763191148361161, 0.763191148361161, 0.763191148361161, 0.763191148361161, 0.763191148361161, 0.7646851112606947, 0.7646851112606947, 0.7646851112606947, 0.7699330948967236, 0.7699330948967236, 0.7699330948967236, 0.7714625434880724, 0.7714625434880724, 0.7714625434880724, 0.7714625434880724, 0.7714625434880724, 0.7735493450178267, 0.7735493450178267, 0.7735493450178267, 0.7735493450178267, 0.7735493450178267, 0.7735493450178267, 0.7735493450178267, 0.7735493450178267, 0.7735493450178267, 0.7735493450178267, 0.7735493450178267, 0.7735493450178267]
[0.11655740845191268, 0.13588640652689649, 0.14921324403399133, 0.1530775896587018, 0.153655921186649, 0.1601949603707553, 0.16255431200174622, 0.17235051688934494, 0.18009994309985955, 0.18659382167270994, 0.19034192947976325, 0.1946077799341004, 0.203135913167866, 0.20905934054712075, 0.21093381567504896, 0.21235803868558278, 0.21720720942108784, 0.2197746422366658, 0.2222701272994121, 0.2284560088006227, 0.23518833106914366, 0.24193417195123496, 0.24797037498954283, 0.2525040745340603, 0.2555642366313565, 0.2567398882443423, 0.2603378679741656, 0.2638980160080329, 0.2707204599583307, 0.27172213377026533, 0.2801408240760801, 0.2821374450876998, 0.28322111494990176, 0.28711447587001626, 0.2879212428148001, 0.29627370945259324, 0.30168106209796447, 0.307907685920759, 0.3130699067391629, 0.32071066690826333, 0.32276678152822613, 0.3245070679180349, 0.33258886499841456, 0.33258886499841456, 0.33833382061386513, 0.3398255827374297, 0.3429411298051857, 0.34531187961664156, 0.35456159588506775, 0.36240796556288124, 0.36240796556288124, 0.3650947668004865, 0.3650947668004865, 0.36961392235799206, 0.3730975910528779, 0.3730975910528779, 0.3791985424199604, 0.3791985424199604, 0.3791985424199604, 0.3791985424199604, 0.3791985424199604, 0.3791985424199604, 0.3791985424199604, 0.3881075330623893, 0.3881075330623893, 0.3913554831503115, 0.3976068435945932, 0.3976068435945932, 0.3976068435945932, 0.3976068435945932, 0.3976068435945932, 0.3976068435945932, 0.40309332727120273, 0.40309332727120273, 0.40309332727120273, 0.42418303070856334, 0.42418303070856334, 0.42418303070856334, 0.42998785381419646, 0.42998785381419646, 0.42998785381419646, 0.42998785381419646, 0.42998785381419646, 0.4401431391854199, 0.4401431391854199, 0.4401431391854199, 0.4401431391854199, 0.4401431391854199, 0.4401431391854199, 0.4401431391854199, 0.4401431391854199, 0.4401431391854199, 0.4401431391854199, 0.4401431391854199, 0.4401431391854199]
Training raw path: /home/anhnd/DTI Project/Codes/MPNN/data/KFold/ATCInchikeySideEffectByDrug.txt_train_7
('Number of substructures, proteins, pathways, drugs, se: ', 888, 1448, 330, 969, 598)
Train: 1.0000 0.9999
Test: 0.7598 0.4527
[0.6307824539465613, 0.6509568085583244, 0.6522276641876518, 0.6504219922429723, 0.6533889698635094, 0.6538827209148119, 0.6528481985603537, 0.6540781774117356, 0.6567408255845086, 0.65807400677775, 0.6566419621550943, 0.659045983880563, 0.6636491968972149, 0.6649516330084393, 0.6654719532793147, 0.6678028574073989, 0.6701983959571318, 0.671312744623846, 0.672493345024893, 0.6754270290816864, 0.6788400164383126, 0.6817737497651487, 0.6850588041120471, 0.6885780902291971, 0.6909310293817792, 0.6912700326355975, 0.6939413078974266, 0.6956544257510531, 0.6973864834965292, 0.6981148972538651, 0.7018631206311567, 0.7032663108949874, 0.7039101859324411, 0.7045584978834283, 0.7050736068305976, 0.7085380657526308, 0.711427268428213, 0.7139898376619606, 0.7163736506619164, 0.7191267321217425, 0.7204700859681091, 0.7211831852496713, 0.7240406837211626, 0.7240406837211626, 0.7259231943987199, 0.7268939528124073, 0.7291593586799814, 0.7300949149231117, 0.7344247596584407, 0.7371403937593434, 0.7371403937593434, 0.7381895061674625, 0.7381895061674625, 0.7402488068102848, 0.741004082056315, 0.741004082056315, 0.7429177793069448, 0.7429177793069448, 0.7429177793069448, 0.7429177793069448, 0.7429177793069448, 0.7429177793069448, 0.7429177793069448, 0.7458495935319779, 0.7458495935319779, 0.7473263691305931, 0.7487459125198653, 0.7487459125198653, 0.7487459125198653, 0.7487459125198653, 0.7487459125198653, 0.7487459125198653, 0.7503276015952338, 0.7503276015952338, 0.7503276015952338, 0.7558890358795555, 0.7558890358795555, 0.7558890358795555, 0.7577554777577677, 0.7577554777577677, 0.7577554777577677, 0.7577554777577677, 0.7577554777577677, 0.7598214417255936, 0.7598214417255936, 0.7598214417255936, 0.7598214417255936, 0.7598214417255936, 0.7598214417255936, 0.7598214417255936, 0.7598214417255936, 0.7598214417255936, 0.7598214417255936, 0.7598214417255936, 0.7598214417255936]
[0.12788494594379643, 0.13917622305270866, 0.15182812661436845, 0.15645486080865983, 0.16038933045793624, 0.16721466489595482, 0.17137230884013538, 0.1726212139795154, 0.17560629575397438, 0.17911827817863987, 0.17937895917504604, 0.18377457590923674, 0.19568696808162186, 0.20002660884595175, 0.2016655237893829, 0.20666493972076422, 0.21025552862447147, 0.215006427334961, 0.21686267937686343, 0.22413228663517626, 0.23515610987669416, 0.24058881189752504, 0.24729684965425539, 0.2553116975769085, 0.26210289722565105, 0.26201533719760994, 0.2670304552714813, 0.27202100928529327, 0.2767443315272631, 0.2778599666229054, 0.2861224052668976, 0.28966540748155345, 0.29087726717990264, 0.2928894389694685, 0.2932427295802636, 0.3018321133418289, 0.30908142952556605, 0.31372435047511193, 0.3196655289550614, 0.32724391358838056, 0.32921377514243627, 0.3309471520755084, 0.33822915749707283, 0.33822915749707283, 0.34378337707213896, 0.3460339757765589, 0.3523520570615377, 0.3546790434872791, 0.3660855460838789, 0.3742285744669789, 0.3742285744669789, 0.37734640526339436, 0.37734640526339436, 0.3829968136018658, 0.3854107942032651, 0.3854107942032651, 0.390525340270606, 0.390525340270606, 0.390525340270606, 0.390525340270606, 0.390525340270606, 0.390525340270606, 0.390525340270606, 0.39912684129976406, 0.39912684129976406, 0.4035137917302394, 0.4086176887335001, 0.4086176887335001, 0.4086176887335001, 0.4086176887335001, 0.4086176887335001, 0.4086176887335001, 0.41510393703987214, 0.41510393703987214, 0.41510393703987214, 0.43655402738057214, 0.43655402738057214, 0.43655402738057214, 0.44380697793591684, 0.44380697793591684, 0.44380697793591684, 0.44380697793591684, 0.44380697793591684, 0.45270496916163905, 0.45270496916163905, 0.45270496916163905, 0.45270496916163905, 0.45270496916163905, 0.45270496916163905, 0.45270496916163905, 0.45270496916163905, 0.45270496916163905, 0.45270496916163905, 0.45270496916163905, 0.45270496916163905]
Training raw path: /home/anhnd/DTI Project/Codes/MPNN/data/KFold/ATCInchikeySideEffectByDrug.txt_train_8
('Number of substructures, proteins, pathways, drugs, se: ', 888, 1448, 330, 969, 598)
Train: 1.0000 0.9998
Test: 0.7591 0.4474
[0.6500125634453993, 0.6574514674677903, 0.6541187081775828, 0.6503980922523546, 0.6505546003458362, 0.654066808195532, 0.6558172852255097, 0.6575309183242348, 0.659200446458822, 0.6607732838382994, 0.6622286293770969, 0.6625078119530736, 0.6620509802595628, 0.6625473701828084, 0.6635774445478773, 0.6650394064589251, 0.6668327686710329, 0.6685240769676862, 0.6698485055335087, 0.6722239909102439, 0.6748284924919618, 0.6781192291680751, 0.6803246927996425, 0.6831839944295601, 0.6852856096062557, 0.6855726515212135, 0.6880081098139095, 0.6899160727290131, 0.6924926604837804, 0.6932418217350114, 0.6966986644188483, 0.6983898974050506, 0.6990429941174082, 0.7010364929047521, 0.7020458217011922, 0.7063191889257807, 0.7087216790735054, 0.7112641162142279, 0.7134043482813879, 0.7165992347606527, 0.7186835506188665, 0.71910152682752, 0.7221769593080413, 0.7221769593080413, 0.723992237533998, 0.7251487411470813, 0.7264977225743977, 0.7273150207219785, 0.7313081745104788, 0.7343824640675626, 0.7343824640675626, 0.7351927778969831, 0.7351927778969831, 0.7374829794267213, 0.73862107708626, 0.73862107708626, 0.7409853770493319, 0.7409853770493319, 0.7409853770493319, 0.7409853770493319, 0.7409853770493319, 0.7409853770493319, 0.7409853770493319, 0.7439023417975832, 0.7439023417975832, 0.745448345963682, 0.7470893454775475, 0.7470893454775475, 0.7470893454775475, 0.7470893454775475, 0.7470893454775475, 0.7470893454775475, 0.7487799606667676, 0.7487799606667676, 0.7487799606667676, 0.7547813200644454, 0.7547813200644454, 0.7547813200644454, 0.7567602542411194, 0.7567602542411194, 0.7567602542411194, 0.7567602542411194, 0.7567602542411194, 0.7590826938726597, 0.7590826938726597, 0.7590826938726597, 0.7590826938726597, 0.7590826938726597, 0.7590826938726597, 0.7590826938726597, 0.7590826938726597, 0.7590826938726597, 0.7590826938726597, 0.7590826938726597, 0.7590826938726597]
[0.12412972005526601, 0.1276252372159288, 0.14300011286053163, 0.1454131572844959, 0.15244356037579648, 0.16071940098092072, 0.1656240015960589, 0.16844918188746322, 0.17627256698195404, 0.18232743697467135, 0.18646008403354136, 0.18857108851967727, 0.1910612894589948, 0.1961837466694452, 0.20031147454174042, 0.2029854766864212, 0.20701090115943416, 0.21037766167933106, 0.21243869081734232, 0.21882041752707682, 0.22444758557432254, 0.23192825627717262, 0.2377090010654037, 0.24336888720701388, 0.24867596746077097, 0.24924377112806492, 0.25423816343318945, 0.2583828639619803, 0.26370378681402984, 0.2652634672915264, 0.2743392048636196, 0.2781425802336015, 0.2793113587611489, 0.28502339581441005, 0.2877783319112628, 0.2977079278211236, 0.3036321032207696, 0.30902298217282004, 0.31535018447603286, 0.3225393363744775, 0.3272495511765099, 0.3275466415352521, 0.3354818481652045, 0.3354818481652045, 0.34030211476657457, 0.3431907864190094, 0.34695384847012145, 0.3495446781728761, 0.3585928463658585, 0.3666087317435216, 0.3666087317435216, 0.3696397238557512, 0.3696397238557512, 0.37504536619116874, 0.37853723258602145, 0.37853723258602145, 0.38445132355808315, 0.38445132355808315, 0.38445132355808315, 0.38445132355808315, 0.38445132355808315, 0.38445132355808315, 0.38445132355808315, 0.39228244792214895, 0.39228244792214895, 0.3972528205386769, 0.40321072982711614, 0.40321072982711614, 0.40321072982711614, 0.40321072982711614, 0.40321072982711614, 0.40321072982711614, 0.40905881835875735, 0.40905881835875735, 0.40905881835875735, 0.4313322225979882, 0.4313322225979882, 0.4313322225979882, 0.43789656296570273, 0.43789656296570273, 0.43789656296570273, 0.43789656296570273, 0.43789656296570273, 0.44738509225493056, 0.44738509225493056, 0.44738509225493056, 0.44738509225493056, 0.44738509225493056, 0.44738509225493056, 0.44738509225493056, 0.44738509225493056, 0.44738509225493056, 0.44738509225493056, 0.44738509225493056, 0.44738509225493056]
Training raw path: /home/anhnd/DTI Project/Codes/MPNN/data/KFold/ATCInchikeySideEffectByDrug.txt_train_9
('Number of substructures, proteins, pathways, drugs, se: ', 888, 1448, 330, 969, 598)
Train: 1.0000 0.9998
Test: 0.7401 0.4256
[0.6170692186036915, 0.6281093959586344, 0.6326727635910785, 0.6285277450566716, 0.6331852897648296, 0.6320741878463815, 0.6325404733892426, 0.6326709718729234, 0.6346439994270283, 0.6375358584563564, 0.6378835344984676, 0.6399829929793993, 0.6465388769941205, 0.6492585565741427, 0.6510718616834333, 0.6536338773518655, 0.6550099102700132, 0.6568379883287544, 0.6578863956202903, 0.6607588920564172, 0.6643978157195016, 0.6671667900343907, 0.6705218992061528, 0.6736312511757958, 0.674593390675478, 0.67511988521143, 0.6771959351820944, 0.679351805525222, 0.6814978994806618, 0.6826966363027647, 0.6858017475814111, 0.6867490149620052, 0.6874366824387923, 0.688830721215325, 0.6895862892689828, 0.6926326568870425, 0.6945413824597296, 0.6971967979467583, 0.6991610098160488, 0.7019401124282947, 0.7035504541158122, 0.7041455650612147, 0.7070185049847093, 0.7070185049847093, 0.7088166157158646, 0.7095197892175469, 0.7114146643438725, 0.7121125606475545, 0.7154658348259815, 0.7180975778282782, 0.7180975778282782, 0.7188222543044868, 0.7188222543044868, 0.7208294967219809, 0.7217968302523361, 0.7217968302523361, 0.724086202863309, 0.724086202863309, 0.724086202863309, 0.724086202863309, 0.724086202863309, 0.724086202863309, 0.724086202863309, 0.7267512904476451, 0.7267512904476451, 0.7281865675276558, 0.7296942187574917, 0.7296942187574917, 0.7296942187574917, 0.7296942187574917, 0.7296942187574917, 0.7296942187574917, 0.7312564627902377, 0.7312564627902377, 0.7312564627902377, 0.7363802985002028, 0.7363802985002028, 0.7363802985002028, 0.7381726380459385, 0.7381726380459385, 0.7381726380459385, 0.7381726380459385, 0.7381726380459385, 0.7400911565062105, 0.7400911565062105, 0.7400911565062105, 0.7400911565062105, 0.7400911565062105, 0.7400911565062105, 0.7400911565062105, 0.7400911565062105, 0.7400911565062105, 0.7400911565062105, 0.7400911565062105, 0.7400911565062105]
[0.09694498427810117, 0.10972171326863436, 0.1202750507404855, 0.12200889675713159, 0.13232295495243324, 0.1366117315855261, 0.1425582017071575, 0.15003512244936848, 0.15642052371592877, 0.16305222478131742, 0.16539009574487787, 0.1703076066330737, 0.18266050237325207, 0.18905545948192906, 0.1922783990127354, 0.19847431976499114, 0.20104196412024508, 0.2071407216802255, 0.2088296995133918, 0.215557614208499, 0.22403335176851863, 0.22956501377149974, 0.23684225850527948, 0.24267771328677742, 0.24649395473658003, 0.2476030862585872, 0.25263989093171696, 0.25709446591403484, 0.26077484505195514, 0.2627898210864681, 0.2699966833747891, 0.2716548587497714, 0.2735139785473756, 0.27807532195969303, 0.27950007059661713, 0.28667424066815345, 0.2915762494732592, 0.2975196102401504, 0.30253171890763964, 0.3092800005723725, 0.3123047267126723, 0.3139684297828552, 0.322692771662654, 0.322692771662654, 0.3273451637385202, 0.3292719943066325, 0.3341139914216686, 0.3360003228903702, 0.34498826657242815, 0.3524521520796551, 0.3524521520796551, 0.3545644289158791, 0.3545644289158791, 0.3601731161129005, 0.36291256060176064, 0.36291256060176064, 0.370031615614739, 0.370031615614739, 0.370031615614739, 0.370031615614739, 0.370031615614739, 0.370031615614739, 0.370031615614739, 0.3786627600246739, 0.3786627600246739, 0.3830953660913066, 0.388296221947946, 0.388296221947946, 0.388296221947946, 0.388296221947946, 0.388296221947946, 0.388296221947946, 0.393679929864975, 0.393679929864975, 0.393679929864975, 0.4114373191688187, 0.4114373191688187, 0.4114373191688187, 0.4178787284174629, 0.4178787284174629, 0.4178787284174629, 0.4178787284174629, 0.4178787284174629, 0.4256188965835432, 0.4256188965835432, 0.4256188965835432, 0.4256188965835432, 0.4256188965835432, 0.4256188965835432, 0.4256188965835432, 0.4256188965835432, 0.4256188965835432, 0.4256188965835432, 0.4256188965835432, 0.4256188965835432]
AUC: 0.7601 0.0028
AUPR: 0.4553 0.0072
('RARE AUC', [(0.6408967767172905, 0.007258436160278154), (0.6505595585079138, 0.007170004656528853), (0.6524894411053365, 0.00803182444717573), (0.6523589369399491, 0.007731175229842642), (0.6534691647236427, 0.00690828405107822), (0.6542633377370144, 0.006473873683572682), (0.6557732444879806, 0.0062941124530356595), (0.6580914084748384, 0.006147692155591537), (0.6607216805057959, 0.0059980486050098), (0.663071178644248, 0.00601723205417095), (0.6635647092664233, 0.006163820266912355), (0.6654932884624637, 0.00600669840024692), (0.6691776624870573, 0.005600456142307256), (0.6714065217513017, 0.0054608089612672665), (0.6725252030014212, 0.005362052976123646), (0.6741887351541405, 0.005154793982581487), (0.6758195307156246, 0.005147010723856913), (0.6773534260380032, 0.0049928467469641715), (0.678455235322265, 0.004916050929265673), (0.6815544194650892, 0.00490333836096786), (0.6846632596360607, 0.004815403172537516), (0.6873819153321205, 0.004702059951839801), (0.6899008107954505, 0.004622774473577711), (0.6926095038965252, 0.004485298968374968), (0.6942341003818194, 0.004437211997156961), (0.694597341950465, 0.004435092810665097), (0.6967871383697435, 0.004380078275843137), (0.6986587221041733, 0.004300954949291547), (0.7009452754736223, 0.004210309868602399), (0.7018431257877111, 0.004174135669115149), (0.7050153642440751, 0.004046300776411776), (0.7064733838185214, 0.00397350965717878), (0.70700419749671, 0.0039290755858658695), (0.7083316398627225, 0.003870797623610581), (0.7089817981623415, 0.00383444056933964), (0.7128795082885502, 0.0037961218423026026), (0.715127764578416, 0.0037685048247356723), (0.7176102366765804, 0.0036599562247758327), (0.7195892577536707, 0.003611493343061491), (0.722279262978107, 0.0035090051913611205), (0.7235882398530118, 0.0034248141168463195), (0.7242844971308339, 0.0034169620546278777), (0.7270955949381049, 0.0033329122949496957), (0.7270955949381049, 0.0033329122949496957), (0.7287547633224963, 0.0033365991890298486), (0.7295904922688556, 0.0033082675088665567), (0.731274909877814, 0.003234710534856269), (0.732119226204188, 0.003235263094145609), (0.7356220795613783, 0.003179829252538576), (0.7382319598002525, 0.003107195794309901), (0.7382319598002525, 0.003107195794309901), (0.739065149577361, 0.003117755032065231), (0.739065149577361, 0.003117755032065231), (0.7410211376738207, 0.0030725894213668808), (0.7419552384728926, 0.003050391758477165), (0.7419552384728926, 0.003050391758477165), (0.7440644361287869, 0.002996261803631865), (0.7440644361287869, 0.002996261803631865), (0.7440644361287869, 0.002996261803631865), (0.7440644361287869, 0.002996261803631865), (0.7440644361287869, 0.002996261803631865), (0.7440644361287869, 0.002996261803631865), (0.7440644361287869, 0.002996261803631865), (0.7466999653407684, 0.0029509018806496428), (0.7466999653407684, 0.0029509018806496428), (0.7480333501557619, 0.0029212333532313344), (0.7494994974640796, 0.0029173070119479817), (0.7494994974640796, 0.0029173070119479817), (0.7494994974640796, 0.0029173070119479817), (0.7494994974640796, 0.0029173070119479817), (0.7494994974640796, 0.0029173070119479817), (0.7494994974640796, 0.0029173070119479817), (0.7511516568384197, 0.0029023214072244983), (0.7511516568384197, 0.0029023214072244983), (0.7511516568384197, 0.0029023214072244983), (0.756317145466336, 0.0028659726589998695), (0.756317145466336, 0.0028659726589998695), (0.756317145466336, 0.0028659726589998695), (0.7580823397119594, 0.002832083375085503), (0.7580823397119594, 0.002832083375085503), (0.7580823397119594, 0.002832083375085503), (0.7580823397119594, 0.002832083375085503), (0.7580823397119594, 0.002832083375085503), (0.7600648824764453, 0.002827283308264822), (0.7600648824764453, 0.002827283308264822), (0.7600648824764453, 0.002827283308264822), (0.7600648824764453, 0.002827283308264822), (0.7600648824764453, 0.002827283308264822), (0.7600648824764453, 0.002827283308264822), (0.7600648824764453, 0.002827283308264822), (0.7600648824764453, 0.002827283308264822), (0.7600648824764453, 0.002827283308264822), (0.7600648824764453, 0.002827283308264822), (0.7600648824764453, 0.002827283308264822), (0.7600648824764453, 0.002827283308264822)])
('RARE AUPR', [(0.12644390129974623, 0.006258085165973911), (0.14523361228669437, 0.007979948174137065), (0.15649077353190163, 0.009484472698540773), (0.15887419736597103, 0.00915021717311383), (0.16431063856552733, 0.008601636155024038), (0.1691921431559296, 0.00835369291525465), (0.17375721169627037, 0.00827822098876502), (0.1811788430868921, 0.00864448241100876), (0.18759801443653723, 0.0086209444469037), (0.19266321933620753, 0.00838478665932607), (0.19464021605478934, 0.008517358220089165), (0.1992730655550084, 0.008658140360319337), (0.20827786534091097, 0.008559931039893401), (0.21392154627292165, 0.008284028070628136), (0.21659172178054686, 0.008204980832145827), (0.22066767241013277, 0.00821159960941713), (0.2242876147676606, 0.00834226973605426), (0.2286170322898568, 0.00837197368320337), (0.2309231224069193, 0.008334351755262384), (0.2384824066188019, 0.008636311544601226), (0.24665117505773831, 0.008686530402621632), (0.25272518721580467, 0.008684021207524926), (0.2582144281465909, 0.008682057669734046), (0.2645232920052071, 0.00888137453887604), (0.2688936313851693, 0.009004334832868135), (0.26961031503806987, 0.00899415977486978), (0.27408935831159054, 0.008998142937734885), (0.27855167265016934, 0.008975161267653806), (0.28381970786651556, 0.008938772923340003), (0.28541237106362133, 0.008957106999036828), (0.2925853563620725, 0.008797288859008486), (0.2960037647668435, 0.008860778980289585), (0.297341464770115, 0.008840650412951115), (0.30114732569149144, 0.0086837848719258), (0.3025884322877706, 0.008707652011213813), (0.31228002276356503, 0.008740955096952309), (0.31813521862754335, 0.008792744924954674), (0.3240978916130695, 0.008832810796005107), (0.3294753592395242, 0.008846970510893651), (0.33667813156206644, 0.008734040275748192), (0.33961933049020926, 0.008786734670406353), (0.3413471087603147, 0.00886310439610749), (0.34928645509076794, 0.008759592899864551), (0.34928645509076794, 0.008759592899864551), (0.35403719096520914, 0.008743716551887853), (0.3563903312208741, 0.008746333130654059), (0.36114445204718365, 0.008787781685014618), (0.3634657654494301, 0.008752898446799653), (0.3728830920469586, 0.008667045672965622), (0.3805766755822356, 0.00858183162388848), (0.3805766755822356, 0.00858183162388848), (0.38306025573578056, 0.008533452439295779), (0.38306025573578056, 0.008533452439295779), (0.388439594388999, 0.008394328645447043), (0.3914689054008289, 0.00842254295395645), (0.3914689054008289, 0.00842254295395645), (0.39741400057246984, 0.008277582568921547), (0.39741400057246984, 0.008277582568921547), (0.39741400057246984, 0.008277582568921547), (0.39741400057246984, 0.008277582568921547), (0.39741400057246984, 0.008277582568921547), (0.39741400057246984, 0.008277582568921547), (0.39741400057246984, 0.008277582568921547), (0.40590721355001114, 0.008209303213153656), (0.40590721355001114, 0.008209303213153656), (0.4100348392557155, 0.008172906404722869), (0.4151848113851028, 0.0079805218882423), (0.4151848113851028, 0.0079805218882423), (0.4151848113851028, 0.0079805218882423), (0.4151848113851028, 0.0079805218882423), (0.4151848113851028, 0.0079805218882423), (0.4151848113851028, 0.0079805218882423), (0.4213729140685086, 0.007971313495292936), (0.4213729140685086, 0.007971313495292936), (0.4213729140685086, 0.007971313495292936), (0.4403980077255459, 0.007423217063055822), (0.4403980077255459, 0.007423217063055822), (0.4403980077255459, 0.007423217063055822), (0.4468690878121251, 0.007324690495379986), (0.4468690878121251, 0.007324690495379986), (0.4468690878121251, 0.007324690495379986), (0.4468690878121251, 0.007324690495379986), (0.4468690878121251, 0.007324690495379986), (0.45532681439149025, 0.007192314878461368), (0.45532681439149025, 0.007192314878461368), (0.45532681439149025, 0.007192314878461368), (0.45532681439149025, 0.007192314878461368), (0.45532681439149025, 0.007192314878461368), (0.45532681439149025, 0.007192314878461368), (0.45532681439149025, 0.007192314878461368), (0.45532681439149025, 0.007192314878461368), (0.45532681439149025, 0.007192314878461368), (0.45532681439149025, 0.007192314878461368), (0.45532681439149025, 0.007192314878461368), (0.45532681439149025, 0.007192314878461368)])
