Default
<models.baselines.omodels.LNSM object at 0x7fef10d86490>
('Manual torch seed: ', 1772727637)
('Config: ', 'Protein Test: ', False, 'KNN: ', 2)
Training raw path: /home/anhnd/DTI Project/Codes/MPNN/data/KFold/ATCInchikeySideEffectByDrug.txt_train_0
('Number of substructures, proteins, pathways, drugs, se: ', 2936, 1448, 330, 969, 598)
((872, 4714), (97, 4714), (872, 598), (97, 598))
('VALIDATE SUM PROTEIN TRAIN: ', 22497.0)
('VALIDATE SUM PROTEIN TEST: ', 0.0)
Train: 1.0000 1.0000
Test: 0.7505 0.4493
[0.6390604057133831, 0.6568225712514788, 0.659384634423619, 0.6527714724690873, 0.6488931393913163, 0.6490958077073833, 0.6511397772536245, 0.6533935037740336, 0.6543856648639353, 0.6578535855654335, 0.6572848187624946, 0.6585076622640572, 0.6621023165948656, 0.6648984876134477, 0.6661085703907613, 0.6674005144866777, 0.6683811111440399, 0.6694698767484594, 0.6707130135531169, 0.6742268888253722, 0.6781340378112449, 0.6805721479588962, 0.682708259418024, 0.6859238876415092, 0.6877968511123362, 0.6881823353960557, 0.6901018270777377, 0.6917347739325941, 0.6939023010917178, 0.6945758396785716, 0.6978636241473503, 0.6996296105606019, 0.7003650158521071, 0.7018300829328893, 0.7027918935343489, 0.7071135554608281, 0.7090282167984931, 0.7114611795760319, 0.7131584774032871, 0.7154329704227999, 0.7167573386975225, 0.7173938774088919, 0.7200596768537811, 0.7200596768537811, 0.7217317638888807, 0.7224112539544337, 0.7242037299286943, 0.7249134940061216, 0.7278161692506333, 0.7301635720601338, 0.7301635720601338, 0.7310327396012166, 0.7310327396012166, 0.7329938071035613, 0.7338629102676112, 0.7338629102676112, 0.7356877201945262, 0.7356877201945262, 0.7356877201945262, 0.7356877201945262, 0.7356877201945262, 0.7356877201945262, 0.7356877201945262, 0.7382641837553738, 0.7382641837553738, 0.7394807958546221, 0.7408017695661152, 0.7408017695661152, 0.7408017695661152, 0.7408017695661152, 0.7408017695661152, 0.7408017695661152, 0.7423535149684041, 0.7423535149684041, 0.7423535149684041, 0.7467993615301015, 0.7467993615301015, 0.7467993615301015, 0.7485230502155996, 0.7485230502155996, 0.7485230502155996, 0.7485230502155996, 0.7485230502155996, 0.7504590597759525, 0.7504590597759525, 0.7504590597759525, 0.7504590597759525, 0.7504590597759525, 0.7504590597759525, 0.7504590597759525, 0.7504590597759525, 0.7504590597759525, 0.7504590597759525, 0.7504590597759525, 0.7504590597759525]
[0.14666308253868993, 0.1637861543200239, 0.17074524028783628, 0.16939721523713372, 0.17075784241224648, 0.17455148516210445, 0.17883060272885407, 0.18573957402101435, 0.19145248524675418, 0.19502778321247521, 0.19613816054953365, 0.19994853888691927, 0.2095691626839889, 0.21626818647842927, 0.21838081524489536, 0.22183909481460745, 0.22442620754208573, 0.22963008522519113, 0.23213707899200184, 0.24074280668154122, 0.25108066464457934, 0.25552541913519494, 0.2595319506466538, 0.26569904427514324, 0.270954892441464, 0.27176685624069663, 0.27586982617880473, 0.2795622535244127, 0.28495528395994707, 0.2871013649990918, 0.2955962161529883, 0.2997993518519241, 0.30093902726880817, 0.30513964208612765, 0.3074414637491831, 0.3193903920563772, 0.32405655251303295, 0.3308653137901999, 0.3357894120220296, 0.3426859680855657, 0.34533649401942046, 0.34703424618710266, 0.3541675306267864, 0.3541675306267864, 0.35896220782490307, 0.36107565721205154, 0.3667343215549861, 0.3686342853000343, 0.37728070559303717, 0.3849161895936845, 0.3849161895936845, 0.38755138773421477, 0.38755138773421477, 0.3928687947555819, 0.39551437074466345, 0.39551437074466345, 0.4006766096837602, 0.4006766096837602, 0.4006766096837602, 0.4006766096837602, 0.4006766096837602, 0.4006766096837602, 0.4006766096837602, 0.40866917752492615, 0.40866917752492615, 0.41209704229394195, 0.41657577435646864, 0.41657577435646864, 0.41657577435646864, 0.41657577435646864, 0.41657577435646864, 0.41657577435646864, 0.42192054575732785, 0.42192054575732785, 0.42192054575732785, 0.4359995468402059, 0.4359995468402059, 0.4359995468402059, 0.4420154906412611, 0.4420154906412611, 0.4420154906412611, 0.4420154906412611, 0.4420154906412611, 0.4492771627572167, 0.4492771627572167, 0.4492771627572167, 0.4492771627572167, 0.4492771627572167, 0.4492771627572167, 0.4492771627572167, 0.4492771627572167, 0.4492771627572167, 0.4492771627572167, 0.4492771627572167, 0.4492771627572167]
Training raw path: /home/anhnd/DTI Project/Codes/MPNN/data/KFold/ATCInchikeySideEffectByDrug.txt_train_1
('Number of substructures, proteins, pathways, drugs, se: ', 2936, 1448, 330, 969, 598)
((872, 4714), (97, 4714), (872, 598), (97, 598))
('VALIDATE SUM PROTEIN TRAIN: ', 22668.0)
('VALIDATE SUM PROTEIN TEST: ', 0.0)
Train: 1.0000 1.0000
Test: 0.7194 0.4298
[0.5633740189866382, 0.5615774596066734, 0.5640579633918217, 0.5682599993584588, 0.5766786085428588, 0.5841615465785888, 0.5837338086098409, 0.5837040899787034, 0.5900344914882508, 0.5906167736105856, 0.5896804969600556, 0.5929316200289583, 0.5981798922009007, 0.6026821449686575, 0.6047036012708548, 0.6081503915440273, 0.6093332288246024, 0.6123533291370845, 0.6138414087197941, 0.6173076461952288, 0.6199643439445008, 0.6242494315050552, 0.6279871426990637, 0.6321215422523678, 0.634770380693741, 0.6353600655253239, 0.6384317810705782, 0.6412381023775693, 0.6443273635025804, 0.6460008728791271, 0.6507685501021205, 0.6537443149113469, 0.6547509027155707, 0.6569328094801702, 0.6576181629275526, 0.6620536929048331, 0.6646262554812497, 0.6684890860442487, 0.6703548919034845, 0.6743800328759506, 0.676180661733198, 0.67734359136405, 0.6817747117926398, 0.6817747117926398, 0.682762117690422, 0.6837659418445774, 0.6861062924426828, 0.6870892721662758, 0.690784583062198, 0.6944708796431844, 0.6944708796431844, 0.6954030885323731, 0.6954030885323731, 0.6977825553038666, 0.6990974451869132, 0.6990974451869132, 0.7014486969246388, 0.7014486969246388, 0.7014486969246388, 0.7014486969246388, 0.7014486969246388, 0.7014486969246388, 0.7014486969246388, 0.7044927063456681, 0.7044927063456681, 0.7060377786912928, 0.7073957579649287, 0.7073957579649287, 0.7073957579649287, 0.7073957579649287, 0.7073957579649287, 0.7073957579649287, 0.7094582797657855, 0.7094582797657855, 0.7094582797657855, 0.7149349393054578, 0.7149349393054578, 0.7149349393054578, 0.7171516662676459, 0.7171516662676459, 0.7171516662676459, 0.7171516662676459, 0.7171516662676459, 0.7194211504281856, 0.7194211504281856, 0.7194211504281856, 0.7194211504281856, 0.7194211504281856, 0.7194211504281856, 0.7194211504281856, 0.7194211504281856, 0.7194211504281856, 0.7194211504281856, 0.7194211504281856, 0.7194211504281856]
[0.11826766492345467, 0.12513350032930515, 0.12563269398064641, 0.1336481520594171, 0.1408582008469084, 0.14534381574485844, 0.14931951241532548, 0.1529309673591364, 0.16188971389393758, 0.16463799702571624, 0.1635112989274546, 0.16923505187730167, 0.17933746658164856, 0.18757086614901436, 0.19051510609330638, 0.19673402006119187, 0.1981085564174843, 0.20355969504136498, 0.20555397008995882, 0.21319057919169793, 0.22153925198329869, 0.2280526203625175, 0.2314688118657865, 0.23860340795950497, 0.24139500616706563, 0.2425935908763885, 0.24588594571850803, 0.25166921064952363, 0.25835574384171506, 0.26057189588575214, 0.26986277049250085, 0.27478092317850017, 0.27682490734930665, 0.28109963391617154, 0.28289349451148627, 0.29214204891798107, 0.2967645788025747, 0.3046720624228042, 0.3084600227110286, 0.3172611562634309, 0.3215844439651488, 0.32365533588162226, 0.33241489358694104, 0.33241489358694104, 0.3357606447032963, 0.33819799897683156, 0.3439501122944289, 0.34578507606953357, 0.3533684305202252, 0.362750277502748, 0.362750277502748, 0.36417801168877595, 0.36417801168877595, 0.37039211063209915, 0.3733251593503207, 0.3733251593503207, 0.3791798168797627, 0.3791798168797627, 0.3791798168797627, 0.3791798168797627, 0.3791798168797627, 0.3791798168797627, 0.3791798168797627, 0.38682834038817104, 0.38682834038817104, 0.39047009651059994, 0.39388249415563037, 0.39388249415563037, 0.39388249415563037, 0.39388249415563037, 0.39388249415563037, 0.39388249415563037, 0.40010159240427334, 0.40010159240427334, 0.40010159240427334, 0.4149991371397216, 0.4149991371397216, 0.4149991371397216, 0.42200549506389784, 0.42200549506389784, 0.42200549506389784, 0.42200549506389784, 0.42200549506389784, 0.42976197455036114, 0.42976197455036114, 0.42976197455036114, 0.42976197455036114, 0.42976197455036114, 0.42976197455036114, 0.42976197455036114, 0.42976197455036114, 0.42976197455036114, 0.42976197455036114, 0.42976197455036114, 0.42976197455036114]
Training raw path: /home/anhnd/DTI Project/Codes/MPNN/data/KFold/ATCInchikeySideEffectByDrug.txt_train_2
('Number of substructures, proteins, pathways, drugs, se: ', 2936, 1448, 330, 969, 598)
((872, 4714), (97, 4714), (872, 598), (97, 598))
('VALIDATE SUM PROTEIN TRAIN: ', 22376.0)
('VALIDATE SUM PROTEIN TEST: ', 0.0)
Train: 1.0000 1.0000
Test: 0.7368 0.4709
[0.6152229830802494, 0.6122751018002454, 0.6211051478101639, 0.630214361674075, 0.6327167716482158, 0.6327149105356807, 0.6346288861567401, 0.6358963145005058, 0.6362405030957378, 0.6369925696114638, 0.6390819364785854, 0.6416431797309611, 0.6450743398180339, 0.6471070313852912, 0.6477113584000365, 0.6495063502892812, 0.6507634256173043, 0.6543736266104627, 0.654923423841412, 0.6591663475550027, 0.6624076128014813, 0.6650710060297742, 0.6673619845508056, 0.6706158460239351, 0.6725335540315759, 0.6728499489820852, 0.6752828425613229, 0.677333240931882, 0.679449361293585, 0.6802625969725158, 0.6833774238440926, 0.6853886730327935, 0.6859847167473775, 0.687126230991413, 0.6878162691328833, 0.6915578121579702, 0.694081683750345, 0.6964162074382456, 0.6981422420047273, 0.7004448548727955, 0.7017418868479318, 0.7025964875221152, 0.7053781078804239, 0.7053781078804239, 0.707131569182932, 0.7078148777389798, 0.7096420464594879, 0.7106605677152907, 0.713769713216281, 0.7160130258369415, 0.7160130258369415, 0.7168071038334312, 0.7168071038334312, 0.7185858967148249, 0.7197127696242903, 0.7197127696242903, 0.7216826880857194, 0.7216826880857194, 0.7216826880857194, 0.7216826880857194, 0.7216826880857194, 0.7216826880857194, 0.7216826880857194, 0.7242545996866362, 0.7242545996866362, 0.7256225663171961, 0.7269195846011718, 0.7269195846011718, 0.7269195846011718, 0.7269195846011718, 0.7269195846011718, 0.7269195846011718, 0.7285557024680368, 0.7285557024680368, 0.7285557024680368, 0.7332320750533168, 0.7332320750533168, 0.7332320750533168, 0.734919465651456, 0.734919465651456, 0.734919465651456, 0.734919465651456, 0.734919465651456, 0.7367709959636979, 0.7367709959636979, 0.7367709959636979, 0.7367709959636979, 0.7367709959636979, 0.7367709959636979, 0.7367709959636979, 0.7367709959636979, 0.7367709959636979, 0.7367709959636979, 0.7367709959636979, 0.7367709959636979]
[0.1447805462985275, 0.16772297538445174, 0.19553629514162263, 0.19729611613487888, 0.20084796654519177, 0.20610162598924114, 0.2093105858854366, 0.21638166720699098, 0.22034546529860652, 0.2235656893264863, 0.22662564038143437, 0.23354893503416702, 0.24380499630349964, 0.24909777802986777, 0.2506747796880636, 0.25415792607729315, 0.2579234808991258, 0.2630846929266463, 0.26458431379834646, 0.27462311962548613, 0.2842476913649752, 0.2896713802923241, 0.29580629217067994, 0.3023850501920917, 0.3085900702419082, 0.30946298592018207, 0.3129164238670056, 0.31797076047853323, 0.3226675649107331, 0.323872614516437, 0.32935836216923153, 0.33293659992343105, 0.33359166775266524, 0.3361395758461102, 0.33730241142926076, 0.34629525490911595, 0.35261306759805755, 0.3575605590572261, 0.3629871895078832, 0.36881172414286456, 0.37184070957783216, 0.37412016459250136, 0.3809820842407968, 0.3809820842407968, 0.38595716362870003, 0.38809358518677317, 0.39221990090198267, 0.3942394094102271, 0.4021838635979656, 0.4085701319619322, 0.4085701319619322, 0.41104762929914074, 0.41104762929914074, 0.41563401784476994, 0.41905646403566477, 0.41905646403566477, 0.42380432234706106, 0.42380432234706106, 0.42380432234706106, 0.42380432234706106, 0.42380432234706106, 0.42380432234706106, 0.42380432234706106, 0.43082878492234755, 0.43082878492234755, 0.4348312469933101, 0.43892789364783735, 0.43892789364783735, 0.43892789364783735, 0.43892789364783735, 0.43892789364783735, 0.43892789364783735, 0.44434554802315585, 0.44434554802315585, 0.44434554802315585, 0.4587009614208861, 0.4587009614208861, 0.4587009614208861, 0.4642161317295653, 0.4642161317295653, 0.4642161317295653, 0.4642161317295653, 0.4642161317295653, 0.4708787383940537, 0.4708787383940537, 0.4708787383940537, 0.4708787383940537, 0.4708787383940537, 0.4708787383940537, 0.4708787383940537, 0.4708787383940537, 0.4708787383940537, 0.4708787383940537, 0.4708787383940537, 0.4708787383940537]
Training raw path: /home/anhnd/DTI Project/Codes/MPNN/data/KFold/ATCInchikeySideEffectByDrug.txt_train_3
('Number of substructures, proteins, pathways, drugs, se: ', 2936, 1448, 330, 969, 598)
((872, 4714), (97, 4714), (872, 598), (97, 598))
('VALIDATE SUM PROTEIN TRAIN: ', 22809.0)
('VALIDATE SUM PROTEIN TEST: ', 0.0)
Train: 1.0000 1.0000
Test: 0.7302 0.4052
[0.6078008291894529, 0.6179215281608179, 0.6179947839454731, 0.6191587788022641, 0.6212867071918455, 0.6240854388470597, 0.6239570344037514, 0.6263160757959926, 0.6282831221371163, 0.6322167085060424, 0.632641872850166, 0.6346925810917672, 0.6362568524147554, 0.6390313137667645, 0.639869280484651, 0.6422379381936479, 0.6445925364998372, 0.6451365412245447, 0.6460345522695468, 0.6489843703348659, 0.6528011225147577, 0.6562038662792735, 0.660113028423633, 0.6626058657860886, 0.6641116482174146, 0.6644397039845652, 0.667213618961136, 0.6691726666403839, 0.6715850800130676, 0.6722517395378813, 0.6758409073630965, 0.6767903258588183, 0.6772759732446523, 0.6786826001160315, 0.6791701616714654, 0.6831011103417408, 0.6854543790603751, 0.6876068605067158, 0.6890952446614659, 0.6917589576776292, 0.6929274847458236, 0.693707814218586, 0.6964516158721379, 0.6964516158721379, 0.6981651113341039, 0.6990403105365981, 0.700274030677362, 0.70121798536526, 0.7046537354130463, 0.7075811758634527, 0.7075811758634527, 0.7084947415397086, 0.7084947415397086, 0.7103569257091937, 0.7114112599797027, 0.7114112599797027, 0.7135834666128853, 0.7135834666128853, 0.7135834666128853, 0.7135834666128853, 0.7135834666128853, 0.7135834666128853, 0.7135834666128853, 0.7162815938958296, 0.7162815938958296, 0.7175978753699184, 0.7190620209706661, 0.7190620209706661, 0.7190620209706661, 0.7190620209706661, 0.7190620209706661, 0.7190620209706661, 0.7207626741485316, 0.7207626741485316, 0.7207626741485316, 0.7262400283986536, 0.7262400283986536, 0.7262400283986536, 0.7281674053966987, 0.7281674053966987, 0.7281674053966987, 0.7281674053966987, 0.7281674053966987, 0.7301998789877336, 0.7301998789877336, 0.7301998789877336, 0.7301998789877336, 0.7301998789877336, 0.7301998789877336, 0.7301998789877336, 0.7301998789877336, 0.7301998789877336, 0.7301998789877336, 0.7301998789877336, 0.7301998789877336]
[0.10540598587249898, 0.12185454793333855, 0.12791114125344138, 0.13419884044780475, 0.1429488899056477, 0.14916020029339555, 0.15112636012070882, 0.15916121908902756, 0.1650924793724171, 0.17218498315791403, 0.1735772071874524, 0.17799980299417595, 0.1845607026668598, 0.19120720090008203, 0.1930659712396038, 0.19706025900479235, 0.20174256761806086, 0.20519190035163068, 0.20739284799393262, 0.2140733170788232, 0.22322391287951665, 0.22927658516103755, 0.2346650567465005, 0.23939951260541548, 0.2424718700506197, 0.24368006487484745, 0.2490500831609503, 0.2523074965744921, 0.2567454741195344, 0.2578549204814762, 0.263906184295579, 0.2667099971089698, 0.26714048195670087, 0.2702997334926448, 0.2714025163671159, 0.2800613375373781, 0.2849013454792906, 0.28960745636060437, 0.29374199804131135, 0.3007761609159699, 0.30364969268699316, 0.3052327106860046, 0.3117836000114678, 0.3117836000114678, 0.3154267244573161, 0.31753994693011045, 0.3214889251626195, 0.32442976286425484, 0.33188653248820754, 0.3392573729671111, 0.3392573729671111, 0.3415861577244077, 0.3415861577244077, 0.34618838950998576, 0.34925840936559216, 0.34925840936559216, 0.35474188938815754, 0.35474188938815754, 0.35474188938815754, 0.35474188938815754, 0.35474188938815754, 0.35474188938815754, 0.35474188938815754, 0.361561470029115, 0.361561470029115, 0.36560880366924897, 0.3698202294645105, 0.3698202294645105, 0.3698202294645105, 0.3698202294645105, 0.3698202294645105, 0.3698202294645105, 0.37496286290075376, 0.37496286290075376, 0.37496286290075376, 0.3920264006208506, 0.3920264006208506, 0.3920264006208506, 0.3983052727087956, 0.3983052727087956, 0.3983052727087956, 0.3983052727087956, 0.3983052727087956, 0.40524859726667106, 0.40524859726667106, 0.40524859726667106, 0.40524859726667106, 0.40524859726667106, 0.40524859726667106, 0.40524859726667106, 0.40524859726667106, 0.40524859726667106, 0.40524859726667106, 0.40524859726667106, 0.40524859726667106]
Training raw path: /home/anhnd/DTI Project/Codes/MPNN/data/KFold/ATCInchikeySideEffectByDrug.txt_train_4
('Number of substructures, proteins, pathways, drugs, se: ', 2936, 1448, 330, 969, 598)
((872, 4714), (97, 4714), (872, 598), (97, 598))
('VALIDATE SUM PROTEIN TRAIN: ', 22764.0)
('VALIDATE SUM PROTEIN TEST: ', 0.0)
Train: 1.0000 1.0000
Test: 0.7501 0.4385
[0.6100189907112379, 0.6068829243496652, 0.6208789728912885, 0.6174647564299073, 0.6182661814043278, 0.6206592962109737, 0.6227203053610794, 0.6285027581940861, 0.6334002902113336, 0.636632727407195, 0.6397958389794214, 0.6428429689991404, 0.6491965802847086, 0.6520219502015322, 0.6530213852968076, 0.6545824876623059, 0.6565880523628651, 0.6584748642957265, 0.6606049551865115, 0.6637486330266428, 0.6674498865061165, 0.6710482870815615, 0.6735579790883587, 0.6755785992827965, 0.6786139129439883, 0.6790566688708087, 0.6818124532271144, 0.6835156578558174, 0.6869213547863096, 0.6879905196867699, 0.690150745727016, 0.6919481736038327, 0.6922917329345031, 0.6945209020406722, 0.6953479059063002, 0.7001961558370219, 0.7024682441933613, 0.7054283591160537, 0.7076582055315477, 0.7106070649284841, 0.7118324670501128, 0.7126432452310598, 0.7158610785510595, 0.7158610785510595, 0.7173135503565892, 0.7180691542500857, 0.719707289902183, 0.7205911291115916, 0.7243236853479819, 0.7268777575271952, 0.7268777575271952, 0.7278104628027633, 0.7278104628027633, 0.7298248312067055, 0.7305521202455341, 0.7305521202455341, 0.7329226063138023, 0.7329226063138023, 0.7329226063138023, 0.7329226063138023, 0.7329226063138023, 0.7329226063138023, 0.7329226063138023, 0.7357290856043841, 0.7357290856043841, 0.7371567038163613, 0.7386794181897338, 0.7386794181897338, 0.7386794181897338, 0.7386794181897338, 0.7386794181897338, 0.7386794181897338, 0.7404818165564516, 0.7404818165564516, 0.7404818165564516, 0.7462322733648514, 0.7462322733648514, 0.7462322733648514, 0.748106657375063, 0.748106657375063, 0.748106657375063, 0.748106657375063, 0.748106657375063, 0.7500794843472471, 0.7500794843472471, 0.7500794843472471, 0.7500794843472471, 0.7500794843472471, 0.7500794843472471, 0.7500794843472471, 0.7500794843472471, 0.7500794843472471, 0.7500794843472471, 0.7500794843472471, 0.7500794843472471]
[0.1172837860760502, 0.14044392092551797, 0.16070473896058496, 0.15643108527887853, 0.15927831811054083, 0.16202965322266785, 0.16481087072709777, 0.17834748542865259, 0.1865043036475154, 0.193341126786874, 0.19494292377619798, 0.1991344537470657, 0.2110063902141248, 0.21747541728101952, 0.22045421341330526, 0.22262265571151849, 0.2261073238251786, 0.23206513235396103, 0.23553481311548463, 0.2434379035733204, 0.2508576389657011, 0.25664939030581835, 0.2604099621581839, 0.2668705836388464, 0.2721785483713537, 0.2727218065044692, 0.27844217070537747, 0.28280640580730887, 0.2883841032877839, 0.28888900514835014, 0.29272862717988674, 0.2963398113172747, 0.2972250526084884, 0.30204506601769, 0.30325460029367013, 0.3124573438897358, 0.3172990242186345, 0.3233048654260573, 0.32741285286763033, 0.33303013555207295, 0.33509739459614624, 0.33696404809790403, 0.3444016851461528, 0.3444016851461528, 0.3483136081275947, 0.35031607101941825, 0.3542497067766617, 0.356514735626195, 0.36483307031017354, 0.3710202852093498, 0.3710202852093498, 0.37339687717964576, 0.37339687717964576, 0.3781206269533246, 0.3800846148631343, 0.3800846148631343, 0.38612178322435126, 0.38612178322435126, 0.38612178322435126, 0.38612178322435126, 0.38612178322435126, 0.38612178322435126, 0.38612178322435126, 0.39365304660907574, 0.39365304660907574, 0.397830301140636, 0.40218908740009374, 0.40218908740009374, 0.40218908740009374, 0.40218908740009374, 0.40218908740009374, 0.40218908740009374, 0.4077078565750516, 0.4077078565750516, 0.4077078565750516, 0.4252996463074139, 0.4252996463074139, 0.4252996463074139, 0.4315643158688785, 0.4315643158688785, 0.4315643158688785, 0.4315643158688785, 0.4315643158688785, 0.43846635627420305, 0.43846635627420305, 0.43846635627420305, 0.43846635627420305, 0.43846635627420305, 0.43846635627420305, 0.43846635627420305, 0.43846635627420305, 0.43846635627420305, 0.43846635627420305, 0.43846635627420305, 0.43846635627420305]
Training raw path: /home/anhnd/DTI Project/Codes/MPNN/data/KFold/ATCInchikeySideEffectByDrug.txt_train_5
('Number of substructures, proteins, pathways, drugs, se: ', 2936, 1448, 330, 969, 598)
((872, 4714), (97, 4714), (872, 598), (97, 598))
('VALIDATE SUM PROTEIN TRAIN: ', 22673.0)
('VALIDATE SUM PROTEIN TEST: ', 0.0)
Train: 1.0000 1.0000
Test: 0.7469 0.4307
[0.6205196119914382, 0.6355091297850665, 0.6307231646664146, 0.6302944116848902, 0.6301270996871838, 0.6322863919096298, 0.6369507887031821, 0.6398377102991684, 0.6424179149683009, 0.6443622856231581, 0.6456479489466846, 0.6494203070847707, 0.6537035506328245, 0.6554175993185716, 0.6556912477114991, 0.6591232273859895, 0.660638457453144, 0.663615507234232, 0.6643883208505381, 0.6695564461144006, 0.672733018170381, 0.6757061105317196, 0.6788802953876993, 0.681631248795795, 0.683335078955423, 0.683742239870873, 0.6864141635111759, 0.688457709656617, 0.6903556494320948, 0.6909047129778525, 0.693552966898499, 0.6948268295737702, 0.6952571448549061, 0.6964906335279135, 0.696979108720077, 0.701168937291994, 0.7032390571936071, 0.7051589253487395, 0.7071797492462095, 0.7090692070954236, 0.710347961143357, 0.7109347512159198, 0.7135990899521036, 0.7135990899521036, 0.7154416899730502, 0.7160085453645837, 0.7174136716579607, 0.7179106281397148, 0.7217843577919314, 0.724269590288905, 0.724269590288905, 0.725036929204887, 0.725036929204887, 0.7271329998927045, 0.7280178443246695, 0.7280178443246695, 0.7306674659542076, 0.7306674659542076, 0.7306674659542076, 0.7306674659542076, 0.7306674659542076, 0.7306674659542076, 0.7306674659542076, 0.7331191194126243, 0.7331191194126243, 0.7344682849822229, 0.736178819464978, 0.736178819464978, 0.736178819464978, 0.736178819464978, 0.736178819464978, 0.736178819464978, 0.7380195012604034, 0.7380195012604034, 0.7380195012604034, 0.7430887984779759, 0.7430887984779759, 0.7430887984779759, 0.7448990434012965, 0.7448990434012965, 0.7448990434012965, 0.7448990434012965, 0.7448990434012965, 0.7468750222198063, 0.7468750222198063, 0.7468750222198063, 0.7468750222198063, 0.7468750222198063, 0.7468750222198063, 0.7468750222198063, 0.7468750222198063, 0.7468750222198063, 0.7468750222198063, 0.7468750222198063, 0.7468750222198063]
[0.12261161274437145, 0.1461561988720707, 0.1429203816619058, 0.14650201280674552, 0.15502288313074036, 0.15782134368733985, 0.1658561567378452, 0.1722050176686742, 0.17990439935732164, 0.18455694273529055, 0.18722480435853184, 0.1934554608161494, 0.2012962304132331, 0.20583517405271173, 0.20696215971720158, 0.21290595643085536, 0.21662652255879042, 0.2238646355184868, 0.22490171017462612, 0.23628542696027544, 0.24457098669480873, 0.24729986136005971, 0.25234992338700946, 0.25759869682506403, 0.2614260908080847, 0.26253462778334397, 0.26834580813554126, 0.2730344562560669, 0.2774832087099087, 0.2794401312367274, 0.2844769698048686, 0.2874068579794753, 0.28839214104954997, 0.2910271460517421, 0.29233798049767334, 0.30280190085316344, 0.3072191861978961, 0.31267415546896205, 0.3176171331274015, 0.3236675563141779, 0.32661191406258516, 0.32824826090251247, 0.3361387244763835, 0.3361387244763835, 0.3412928797493261, 0.34332571866756045, 0.3466559497431736, 0.34748893150096616, 0.3565569586396138, 0.3627293382210028, 0.3627293382210028, 0.36485143902011097, 0.36485143902011097, 0.3706240745622896, 0.37340098311669156, 0.37340098311669156, 0.3807062241190394, 0.3807062241190394, 0.3807062241190394, 0.3807062241190394, 0.3807062241190394, 0.3807062241190394, 0.3807062241190394, 0.387050714346358, 0.387050714346358, 0.39055807084891625, 0.39625738899803964, 0.39625738899803964, 0.39625738899803964, 0.39625738899803964, 0.39625738899803964, 0.39625738899803964, 0.40242388567964993, 0.40242388567964993, 0.40242388567964993, 0.41751834738092397, 0.41751834738092397, 0.41751834738092397, 0.4233338523510756, 0.4233338523510756, 0.4233338523510756, 0.4233338523510756, 0.4233338523510756, 0.4307347847112671, 0.4307347847112671, 0.4307347847112671, 0.4307347847112671, 0.4307347847112671, 0.4307347847112671, 0.4307347847112671, 0.4307347847112671, 0.4307347847112671, 0.4307347847112671, 0.4307347847112671, 0.4307347847112671]
Training raw path: /home/anhnd/DTI Project/Codes/MPNN/data/KFold/ATCInchikeySideEffectByDrug.txt_train_6
('Number of substructures, proteins, pathways, drugs, se: ', 2936, 1448, 330, 969, 598)
((872, 4714), (97, 4714), (872, 598), (97, 598))
('VALIDATE SUM PROTEIN TRAIN: ', 22942.0)
('VALIDATE SUM PROTEIN TEST: ', 0.0)
Train: 1.0000 1.0000
Test: 0.7454 0.4083
[0.6314967202289236, 0.6393579575016916, 0.6546160861234029, 0.6563605138092089, 0.6537861540180102, 0.653420290971362, 0.6558165582958164, 0.6549521976733698, 0.6593192708085582, 0.6621707643872325, 0.6628215835459905, 0.6636698994745455, 0.6674600777153691, 0.6710436361459489, 0.671838394095302, 0.6726756182697683, 0.6737317639399314, 0.6740776077778807, 0.6754314970653148, 0.6778180299364256, 0.6783910424296431, 0.6798045871242354, 0.6817076570274331, 0.6824754507195723, 0.6831152911938324, 0.6835687754982862, 0.6844338367787502, 0.6860391652273864, 0.6883964380021533, 0.689150004310402, 0.6927580185988462, 0.694025472679899, 0.6945326510434551, 0.6959133296663695, 0.6962724627116292, 0.6996724101581278, 0.7020200260232641, 0.7043664733900197, 0.7057238943768145, 0.7082507195318348, 0.7091836876357975, 0.709865609602925, 0.7132013048425451, 0.7132013048425451, 0.7151743614126574, 0.7158932133663984, 0.7169902484122891, 0.7178141649525491, 0.7206964443005481, 0.7233032987777381, 0.7233032987777381, 0.7244029945842625, 0.7244029945842625, 0.7260322359989373, 0.7269498304751278, 0.7269498304751278, 0.7290115822862264, 0.7290115822862264, 0.7290115822862264, 0.7290115822862264, 0.7290115822862264, 0.7290115822862264, 0.7290115822862264, 0.7314816888404755, 0.7314816888404755, 0.732620542485755, 0.7342241019013989, 0.7342241019013989, 0.7342241019013989, 0.7342241019013989, 0.7342241019013989, 0.7342241019013989, 0.7357953181044949, 0.7357953181044949, 0.7357953181044949, 0.7413860032339941, 0.7413860032339941, 0.7413860032339941, 0.7431023168975988, 0.7431023168975988, 0.7431023168975988, 0.7431023168975988, 0.7431023168975988, 0.7453648824461765, 0.7453648824461765, 0.7453648824461765, 0.7453648824461765, 0.7453648824461765, 0.7453648824461765, 0.7453648824461765, 0.7453648824461765, 0.7453648824461765, 0.7453648824461765, 0.7453648824461765, 0.7453648824461765]
[0.11724892117593744, 0.13111299451430125, 0.14764168881340348, 0.14581392442999092, 0.14766677596186856, 0.15321530029545916, 0.15663683197236083, 0.1634859361639047, 0.17149958230465967, 0.17680485675921565, 0.17912691847243428, 0.1832238297804135, 0.1922575972446118, 0.19992782232255873, 0.20207964753561414, 0.2041277804025658, 0.2087971948280169, 0.21072010797733126, 0.21337962929627374, 0.22024339054489928, 0.2249122337132284, 0.2297005926086459, 0.23516973816758752, 0.2392859122115133, 0.24067203027542064, 0.24174571640037357, 0.24457206106876955, 0.2479099840306434, 0.2537667589179666, 0.25520970998030457, 0.26331239341383544, 0.26566469263351455, 0.26687685124401883, 0.2712215061203128, 0.2718571699486447, 0.2796703884481999, 0.28507512729279677, 0.29119842713378097, 0.2954163786547084, 0.30186702760177386, 0.30401678534795873, 0.30551786157395555, 0.3145934619976411, 0.3145934619976411, 0.319976857432842, 0.32181656396349406, 0.32424054347309317, 0.32647089107147764, 0.33398618036505123, 0.3413868986041889, 0.3413868986041889, 0.3442402599843779, 0.3442402599843779, 0.3483568947988919, 0.3510632632492802, 0.3510632632492802, 0.35692265342952667, 0.35692265342952667, 0.35692265342952667, 0.35692265342952667, 0.35692265342952667, 0.35692265342952667, 0.35692265342952667, 0.3637972903054144, 0.3637972903054144, 0.36687956302105784, 0.3720045364965403, 0.3720045364965403, 0.3720045364965403, 0.3720045364965403, 0.3720045364965403, 0.3720045364965403, 0.3766600599806557, 0.3766600599806557, 0.3766600599806557, 0.393828504899285, 0.393828504899285, 0.393828504899285, 0.39987494173641697, 0.39987494173641697, 0.39987494173641697, 0.39987494173641697, 0.39987494173641697, 0.4083358274826434, 0.4083358274826434, 0.4083358274826434, 0.4083358274826434, 0.4083358274826434, 0.4083358274826434, 0.4083358274826434, 0.4083358274826434, 0.4083358274826434, 0.4083358274826434, 0.4083358274826434, 0.4083358274826434]
Training raw path: /home/anhnd/DTI Project/Codes/MPNN/data/KFold/ATCInchikeySideEffectByDrug.txt_train_7
('Number of substructures, proteins, pathways, drugs, se: ', 2936, 1448, 330, 969, 598)
((872, 4714), (97, 4714), (872, 598), (97, 598))
('VALIDATE SUM PROTEIN TRAIN: ', 22445.0)
('VALIDATE SUM PROTEIN TEST: ', 0.0)
Train: 1.0000 1.0000
Test: 0.7343 0.4122
[0.6155895860031247, 0.6222920332464992, 0.6266670908703829, 0.6265029170960299, 0.6279743494598089, 0.6300355265297952, 0.6320335725257425, 0.6337166238418961, 0.6355954431971562, 0.6358036640660623, 0.6338916610104974, 0.6361824318120053, 0.6407501243366415, 0.6429284122683803, 0.644176076474331, 0.6465028765976748, 0.6479420613501246, 0.6488901952746535, 0.6500395894097718, 0.6517591322480164, 0.6541743231559747, 0.6570691515650626, 0.6599827235439566, 0.66215101460761, 0.6646693359388416, 0.6646363879623935, 0.6663491826817917, 0.6684802375473912, 0.6703742563704347, 0.6709374326366122, 0.6746008666607268, 0.67665851815668, 0.6772039604607967, 0.6780247324206934, 0.6785490205156016, 0.6824915717808483, 0.6853946400465141, 0.6879508175347044, 0.6899088493215981, 0.6924613931969785, 0.6938285928171103, 0.6948648727746719, 0.6982040184723923, 0.6982040184723923, 0.6999258468258833, 0.7009903566541729, 0.7032886972719569, 0.7043088715062743, 0.7081439222854075, 0.7109427229136294, 0.7109427229136294, 0.7122373913910911, 0.7122373913910911, 0.7141713245591946, 0.7150969170531546, 0.7150969170531546, 0.7166761042682438, 0.7166761042682438, 0.7166761042682438, 0.7166761042682438, 0.7166761042682438, 0.7166761042682438, 0.7166761042682438, 0.7195683742764223, 0.7195683742764223, 0.7211006176430458, 0.7225928910851642, 0.7225928910851642, 0.7225928910851642, 0.7225928910851642, 0.7225928910851642, 0.7225928910851642, 0.724342963852796, 0.724342963852796, 0.724342963852796, 0.7301450596914516, 0.7301450596914516, 0.7301450596914516, 0.7321368926252527, 0.7321368926252527, 0.7321368926252527, 0.7321368926252527, 0.7321368926252527, 0.7343396424120998, 0.7343396424120998, 0.7343396424120998, 0.7343396424120998, 0.7343396424120998, 0.7343396424120998, 0.7343396424120998, 0.7343396424120998, 0.7343396424120998, 0.7343396424120998, 0.7343396424120998, 0.7343396424120998]
[0.11912922314763741, 0.127177306195764, 0.1366370715843499, 0.1415584298896341, 0.14568186776249578, 0.15423253665633357, 0.15841170833646204, 0.16039948855374653, 0.16250855561655345, 0.16559544868186657, 0.1649059210757996, 0.16898238881115601, 0.17976044180467488, 0.18552308405824372, 0.18666295540008615, 0.19102931577938456, 0.19368697268641266, 0.19767623096001705, 0.19965298590207714, 0.2071499026892298, 0.21663045975913914, 0.2209617440178454, 0.2270891599372356, 0.23367015001422603, 0.2396609143591913, 0.23954483630803763, 0.24354860567720304, 0.24794760458688186, 0.2514985565423443, 0.2528510619726084, 0.26053566998785815, 0.2644100962344114, 0.2658729823616939, 0.2677179282771693, 0.2682843110097636, 0.27688686247240957, 0.2824768798468597, 0.2879194134861618, 0.2928116147602149, 0.2993496476758184, 0.30164588019051874, 0.30375387348273775, 0.31151271523045576, 0.31151271523045576, 0.3165968965750029, 0.31859302542244083, 0.32407460768161694, 0.3261513848357692, 0.3356345206887084, 0.3422223486999819, 0.3422223486999819, 0.3452790002651445, 0.3452790002651445, 0.3506207277829703, 0.35308120274156257, 0.35308120274156257, 0.35832217466732436, 0.35832217466732436, 0.35832217466732436, 0.35832217466732436, 0.35832217466732436, 0.35832217466732436, 0.35832217466732436, 0.3664671992960058, 0.3664671992960058, 0.37038592671710824, 0.3744207130144572, 0.3744207130144572, 0.3744207130144572, 0.3744207130144572, 0.3744207130144572, 0.3744207130144572, 0.37963023792733536, 0.37963023792733536, 0.37963023792733536, 0.39778482073447663, 0.39778482073447663, 0.39778482073447663, 0.40440506150217403, 0.40440506150217403, 0.40440506150217403, 0.40440506150217403, 0.40440506150217403, 0.41224346251191085, 0.41224346251191085, 0.41224346251191085, 0.41224346251191085, 0.41224346251191085, 0.41224346251191085, 0.41224346251191085, 0.41224346251191085, 0.41224346251191085, 0.41224346251191085, 0.41224346251191085, 0.41224346251191085]
Training raw path: /home/anhnd/DTI Project/Codes/MPNN/data/KFold/ATCInchikeySideEffectByDrug.txt_train_8
('Number of substructures, proteins, pathways, drugs, se: ', 2936, 1448, 330, 969, 598)
((872, 4714), (97, 4714), (872, 598), (97, 598))
('VALIDATE SUM PROTEIN TRAIN: ', 22705.0)
('VALIDATE SUM PROTEIN TEST: ', 0.0)
Train: 1.0000 1.0000
Test: 0.7437 0.4164
[0.6333715262073472, 0.6457270838870468, 0.6516959536066922, 0.6460344140815975, 0.6450596549767931, 0.6462014367692323, 0.6495322874187024, 0.6509437720225005, 0.6530901073975212, 0.6542584913327947, 0.6560074702595373, 0.6573495375285334, 0.6559572634334961, 0.6552330364334344, 0.6566528072145367, 0.6583660186015374, 0.6604111790520446, 0.661753695958479, 0.6632736903615897, 0.6651471663205881, 0.6678590758783486, 0.6705602522788795, 0.6722933265701464, 0.6746663763794085, 0.6766163075769586, 0.6769340043939766, 0.6782583340545485, 0.6797704737122334, 0.6821625568731884, 0.682921977806318, 0.6853863374350366, 0.6875287935336227, 0.6878211690604604, 0.6896036631940835, 0.6902022427274321, 0.69433802159517, 0.6968200597985876, 0.6991673259584636, 0.7012101219161725, 0.703915255857545, 0.7054525972504817, 0.7060307695339755, 0.7085885231457465, 0.7085885231457465, 0.7104156432255049, 0.7112399805222309, 0.7126842944616592, 0.713195234639422, 0.7167835612017733, 0.7195214034643702, 0.7195214034643702, 0.7203895649139322, 0.7203895649139322, 0.7225153945405349, 0.7236818071120458, 0.7236818071120458, 0.7260125427318608, 0.7260125427318608, 0.7260125427318608, 0.7260125427318608, 0.7260125427318608, 0.7260125427318608, 0.7260125427318608, 0.7289129739702265, 0.7289129739702265, 0.7303276179816168, 0.7319424876491506, 0.7319424876491506, 0.7319424876491506, 0.7319424876491506, 0.7319424876491506, 0.7319424876491506, 0.7334691883316627, 0.7334691883316627, 0.7334691883316627, 0.7394867121066322, 0.7394867121066322, 0.7394867121066322, 0.7413579842283071, 0.7413579842283071, 0.7413579842283071, 0.7413579842283071, 0.7413579842283071, 0.7436727910328199, 0.7436727910328199, 0.7436727910328199, 0.7436727910328199, 0.7436727910328199, 0.7436727910328199, 0.7436727910328199, 0.7436727910328199, 0.7436727910328199, 0.7436727910328199, 0.7436727910328199, 0.7436727910328199]
[0.10682537088781344, 0.11696835235117069, 0.1302778379288393, 0.13425271733185723, 0.14184784182890148, 0.14779265838664885, 0.15518889077862072, 0.15954508922535351, 0.16745962622937904, 0.17306456587147018, 0.1760859615062053, 0.18013251769169547, 0.18245877127980742, 0.18596630063786646, 0.1886781355415948, 0.19088991309249623, 0.19398609629880567, 0.1988221243398579, 0.2019515067898196, 0.206801809651231, 0.21402522016006303, 0.2196833114481499, 0.22420707915395702, 0.22993296325682608, 0.2353941818135011, 0.2357128640673143, 0.23845230441204635, 0.24097903140548843, 0.24579317602666614, 0.24726351980682762, 0.2537455666584913, 0.25825534534122846, 0.25942653737014637, 0.263541862328978, 0.26573450530150233, 0.2767819974612832, 0.2826707272328174, 0.28802978776601024, 0.29349771816132986, 0.29970582088729425, 0.30367151361062494, 0.3053300798333952, 0.31273712589682806, 0.31273712589682806, 0.3169340742412752, 0.31950787663327873, 0.32359707714843866, 0.32575248697832737, 0.3346898179747242, 0.3414721343902288, 0.3414721343902288, 0.3446098355804243, 0.3446098355804243, 0.350272790125828, 0.3530806361255428, 0.3530806361255428, 0.3589719167432247, 0.3589719167432247, 0.3589719167432247, 0.3589719167432247, 0.3589719167432247, 0.3589719167432247, 0.3589719167432247, 0.36719774402947825, 0.36719774402947825, 0.37211880648502027, 0.37760143052421663, 0.37760143052421663, 0.37760143052421663, 0.37760143052421663, 0.37760143052421663, 0.37760143052421663, 0.3827158336566287, 0.3827158336566287, 0.3827158336566287, 0.4028456167463108, 0.4028456167463108, 0.4028456167463108, 0.40837250477661463, 0.40837250477661463, 0.40837250477661463, 0.40837250477661463, 0.40837250477661463, 0.41638408081346473, 0.41638408081346473, 0.41638408081346473, 0.41638408081346473, 0.41638408081346473, 0.41638408081346473, 0.41638408081346473, 0.41638408081346473, 0.41638408081346473, 0.41638408081346473, 0.41638408081346473, 0.41638408081346473]
Training raw path: /home/anhnd/DTI Project/Codes/MPNN/data/KFold/ATCInchikeySideEffectByDrug.txt_train_9
('Number of substructures, proteins, pathways, drugs, se: ', 2936, 1448, 330, 969, 598)
((873, 4714), (96, 4714), (873, 598), (96, 598))
('VALIDATE SUM PROTEIN TRAIN: ', 22759.0)
('VALIDATE SUM PROTEIN TEST: ', 0.0)
Train: 1.0000 1.0000
Test: 0.7170 0.4138
[0.6142684196160733, 0.6247218315953442, 0.6246975804647527, 0.6185058028714028, 0.6195733589047958, 0.6208970057771309, 0.6208524224057987, 0.6213891780628549, 0.6234728342304283, 0.6243136890472126, 0.6239074929026189, 0.6246691291702319, 0.6299020478003393, 0.6321461777263335, 0.6328150449398968, 0.6360566479138464, 0.6371349513082998, 0.6388694429155674, 0.6393077658727693, 0.6416080063588544, 0.6451478273146181, 0.6474605210599443, 0.6498027431141203, 0.652105857649818, 0.6530892404687784, 0.6535672026747741, 0.6551292944224756, 0.6571745079835238, 0.6590198475850259, 0.6599317904035418, 0.6629841552608402, 0.6636351668979389, 0.6645869066692307, 0.666047399095915, 0.6668853351847525, 0.6696958702958333, 0.671788083489254, 0.6743213066458114, 0.6756509356287761, 0.6779431065140569, 0.6797079407965584, 0.6803341423950893, 0.6833219248315664, 0.6833219248315664, 0.6852140788656951, 0.6858838889484966, 0.6876349919722868, 0.6882222336419918, 0.6915466738079382, 0.6944734275115352, 0.6944734275115352, 0.6950835132703261, 0.6950835132703261, 0.6970890482687643, 0.6979781189206002, 0.6979781189206002, 0.7002234879020488, 0.7002234879020488, 0.7002234879020488, 0.7002234879020488, 0.7002234879020488, 0.7002234879020488, 0.7002234879020488, 0.7029439593613807, 0.7029439593613807, 0.7043541445025963, 0.7058165906329559, 0.7058165906329559, 0.7058165906329559, 0.7058165906329559, 0.7058165906329559, 0.7058165906329559, 0.7075266000751931, 0.7075266000751931, 0.7075266000751931, 0.7129369068465278, 0.7129369068465278, 0.7129369068465278, 0.7148888375586686, 0.7148888375586686, 0.7148888375586686, 0.7148888375586686, 0.7148888375586686, 0.7169935657406137, 0.7169935657406137, 0.7169935657406137, 0.7169935657406137, 0.7169935657406137, 0.7169935657406137, 0.7169935657406137, 0.7169935657406137, 0.7169935657406137, 0.7169935657406137, 0.7169935657406137, 0.7169935657406137]
[0.11062250852799665, 0.1180359332521368, 0.13292361139834932, 0.1301164146689294, 0.13940621247002244, 0.14447982023637213, 0.14959566503600763, 0.15723522682133806, 0.16453949823649294, 0.1707151176715447, 0.17194133257729116, 0.17666172353891135, 0.1889995881809085, 0.19586544884640222, 0.19786777540633896, 0.20367131748803413, 0.2056568467036229, 0.21057575214200244, 0.21238580244549465, 0.2197724668828547, 0.22916702134984304, 0.23461823307203855, 0.2410520516243707, 0.24595294961120967, 0.24937761963258093, 0.25041955191883797, 0.2550465939074896, 0.25931740653403984, 0.26365432756669366, 0.26537438897690846, 0.2715889992041629, 0.27313849755371444, 0.27504405275748045, 0.27827705488339766, 0.27992909092305773, 0.28738039967734674, 0.29263556811641867, 0.2979430639368281, 0.3020599933832549, 0.30862035587338743, 0.31201464509896504, 0.3138107059038052, 0.32156588181690926, 0.32156588181690926, 0.3266154780517038, 0.3284125553304221, 0.33304831054117856, 0.33476508298478547, 0.3426554948308938, 0.3499683519359529, 0.3499683519359529, 0.35168668360370064, 0.35168668360370064, 0.35692519553685614, 0.3591398281857551, 0.3591398281857551, 0.36511505788975723, 0.36511505788975723, 0.36511505788975723, 0.36511505788975723, 0.36511505788975723, 0.36511505788975723, 0.36511505788975723, 0.3726936103060927, 0.3726936103060927, 0.37633639442214284, 0.38029345592943686, 0.38029345592943686, 0.38029345592943686, 0.38029345592943686, 0.38029345592943686, 0.38029345592943686, 0.3856036855993162, 0.3856036855993162, 0.3856036855993162, 0.40130583298278166, 0.40130583298278166, 0.40130583298278166, 0.40697311849720097, 0.40697311849720097, 0.40697311849720097, 0.40697311849720097, 0.40697311849720097, 0.41383097804102514, 0.41383097804102514, 0.41383097804102514, 0.41383097804102514, 0.41383097804102514, 0.41383097804102514, 0.41383097804102514, 0.41383097804102514, 0.41383097804102514, 0.41383097804102514, 0.41383097804102514, 0.41383097804102514]
AUC: 0.7374 0.0036
AUPR: 0.4275 0.0062
('RARE AUC', [(0.6150723091727869, 0.006294270950170496), (0.6223087621184529, 0.007909828383763999), (0.6271821378194012, 0.008096453053859861), (0.6265567428276922, 0.007471900531566669), (0.6274362025225156, 0.0065274683733231404), (0.6293557651836836, 0.0059079224399890985), (0.6311365441134278, 0.006220613545186044), (0.6328652224143111, 0.006249036494015106), (0.6356239642398338, 0.0059581511359191675), (0.637522125915718, 0.00612744991506946), (0.6380761120696052, 0.0062881429313492495), (0.6401909317184971, 0.00616131059160529), (0.6438583045231935, 0.005926140897862152), (0.6462509789828361, 0.0057632442057656795), (0.6472587766278677, 0.005688507023945619), (0.6494602070944755, 0.005483430043131753), (0.6509516767552193, 0.0054866485103706375), (0.6527014687177091, 0.0053538372509126875), (0.6538558217130365, 0.00537078216759514), (0.6569322666915397, 0.005393052374208862), (0.6599062290527067, 0.005349187984953389), (0.6627745361414402, 0.005198824101847839), (0.6654395139823241, 0.005065010854696049), (0.6679875689138901, 0.004928008743002279), (0.6698651601132891, 0.004879511998177838), (0.6702337333159143, 0.004869173260830996), (0.672342733434663, 0.004797275409638896), (0.6742916535865399, 0.004704046242227967), (0.6766494208950158, 0.004677397176502737), (0.6774927486889591, 0.0046103384041810405), (0.6807283596037625, 0.004465620371429327), (0.6824175878809304, 0.004416490360878354), (0.683007017358306, 0.0043665587014506905), (0.6845172383466152, 0.004340450252188281), (0.6851632563032044, 0.004338703150239873), (0.6891389137824369, 0.0043888398288637965), (0.6914920645835052, 0.00435381146052175), (0.6940366541559035, 0.0042609083474017696), (0.6958082611994084, 0.004286920461735153), (0.6984263562973498, 0.00419453156936152), (0.6997960618717893, 0.004137415201450407), (0.7005715161267284, 0.004105073959403038), (0.7036440052194396, 0.004011494833960673), (0.7036440052194396, 0.004011494833960673), (0.705327573275572, 0.004043996191074172), (0.7061117523180557, 0.0040202136171436165), (0.7077945293186563, 0.00396135707576061), (0.7085923581244492, 0.00394682167116883), (0.712030284567774, 0.00392002654221691), (0.7147616853887085, 0.0038223970201721174), (0.7147616853887085, 0.0038223970201721174), (0.7156698529673993, 0.00383248578899966), (0.7156698529673993, 0.00383248578899966), (0.7176485019298287, 0.0038094018601160145), (0.7186361023189649, 0.0037826396227722257), (0.7186361023189649, 0.0037826396227722257), (0.720791636127416, 0.0037792836038602735), (0.720791636127416, 0.0037792836038602735), (0.720791636127416, 0.0037792836038602735), (0.720791636127416, 0.0037792836038602735), (0.720791636127416, 0.0037792836038602735), (0.720791636127416, 0.0037792836038602735), (0.720791636127416, 0.0037792836038602735), (0.7235048285149022, 0.003748369022334587), (0.7235048285149022, 0.003748369022334587), (0.7248766927644626, 0.0037277779681236505), (0.7263613442026262, 0.0037405736514888547), (0.7263613442026262, 0.0037405736514888547), (0.7263613442026262, 0.0037405736514888547), (0.7263613442026262, 0.0037405736514888547), (0.7263613442026262, 0.0037405736514888547), (0.7263613442026262, 0.0037405736514888547), (0.7280765559531759, 0.003717320321202314), (0.7280765559531759, 0.003717320321202314), (0.7280765559531759, 0.003717320321202314), (0.7334482158008964, 0.0036884531795213565), (0.7334482158008964, 0.0036884531795213565), (0.7334482158008964, 0.0036884531795213565), (0.7353253319617588, 0.0036545473030754026), (0.7353253319617588, 0.0036545473030754026), (0.7353253319617588, 0.0036545473030754026), (0.7353253319617588, 0.0036545473030754026), (0.7353253319617588, 0.0036545473030754026), (0.7374176473354332, 0.0036402380765432588), (0.7374176473354332, 0.0036402380765432588), (0.7374176473354332, 0.0036402380765432588), (0.7374176473354332, 0.0036402380765432588), (0.7374176473354332, 0.0036402380765432588), (0.7374176473354332, 0.0036402380765432588), (0.7374176473354332, 0.0036402380765432588), (0.7374176473354332, 0.0036402380765432588), (0.7374176473354332, 0.0036402380765432588), (0.7374176473354332, 0.0036402380765432588), (0.7374176473354332, 0.0036402380765432588), (0.7374176473354332, 0.0036402380765432588)])
('RARE AUPR', [(0.12088387021929776, 0.004262865981502559), (0.13583918840780806, 0.005482576427532083), (0.14709307010109793, 0.006730905349785897), (0.14892149082852701, 0.006248451246716094), (0.15443167989745638, 0.005716108169892014), (0.1594728439674421, 0.005607752390434916), (0.1639087184738719, 0.0055034794036458905), (0.1705431671537839, 0.005732594562520613), (0.17711961092036374, 0.00551631863856255), (0.18194945112288535, 0.005416296057305533), (0.1834080168812335, 0.0056707304500664985), (0.18823227031779552, 0.005829008516647329), (0.19730513473733574, 0.006020170178317886), (0.20347372787561957, 0.00595771728997545), (0.205534155928001, 0.005932404249347276), (0.20950382388627392, 0.00582961516878817), (0.21270617693775837, 0.00590538698488421), (0.21751903568364894, 0.0060492393411439626), (0.2197474658598016, 0.006007471709426198), (0.22763207228793592, 0.006377253664081389), (0.23602550815151532, 0.0065188271506493), (0.2411439137763632, 0.0064758668794746765), (0.2461750025857965, 0.006500313152445233), (0.2519398270589841, 0.0065864663300487306), (0.25621212241611896, 0.00681673412328859), (0.2570182900894491, 0.006831555130771269), (0.2612129822831696, 0.006901933432255171), (0.26535046098473913, 0.007020907536251824), (0.2703304197883293, 0.007024062482084306), (0.2718428613004483, 0.006995883905661072), (0.27851117593594027, 0.006795981164470535), (0.28194421731224445, 0.006819580935162722), (0.2831333701718859, 0.006763524934396051), (0.28665091490203437, 0.0067423617649651525), (0.28804375440313573, 0.006761615257512544), (0.2973867926222991, 0.006869587550066571), (0.30257120572983787, 0.006895579696886112), (0.3083775104848635, 0.006905481921920982), (0.3129794313236793, 0.00696805557076123), (0.31957755533123555, 0.006893719872591587), (0.3225469473156194, 0.006876584661568989), (0.3243667287141541, 0.0069163497706366175), (0.33202977030303626, 0.006835997711616392), (0.33202977030303626, 0.006835997711616392), (0.33658365347919605, 0.006860999525097553), (0.3386878999342381, 0.006861657974163533), (0.343025945527818, 0.006910179505445064), (0.34502320466415715, 0.00686982304581603), (0.35330755750086007, 0.006864112256744144), (0.3604293329086181, 0.006819938216173101), (0.3604293329086181, 0.006819938216173101), (0.36284272820799435, 0.00679316727541192), (0.36284272820799435, 0.00679316727541192), (0.3680003622502598, 0.006784566278366815), (0.3707004931778207, 0.00682363772946249), (0.3707004931778207, 0.00682363772946249), (0.37645624483719653, 0.006755451498686648), (0.37645624483719653, 0.006755451498686648), (0.37645624483719653, 0.006755451498686648), (0.37645624483719653, 0.006755451498686648), (0.37645624483719653, 0.006755451498686648), (0.37645624483719653, 0.006755451498686648), (0.37645624483719653, 0.006755451498686648), (0.38387473777569847, 0.006738709555557558), (0.38387473777569847, 0.006738709555557558), (0.38771162521019825, 0.006729210635193919), (0.3921973003987231, 0.006690625792863491), (0.3921973003987231, 0.006690625792863491), (0.3921973003987231, 0.006690625792863491), (0.3921973003987231, 0.006690625792863491), (0.3921973003987231, 0.006690625792863491), (0.3921973003987231, 0.006690625792863491), (0.39760721085041484, 0.006743600424146034), (0.39760721085041484, 0.006743600424146034), (0.39760721085041484, 0.006743600424146034), (0.4140308815072856, 0.006372933383739641), (0.4140308815072856, 0.006372933383739641), (0.4140308815072856, 0.006372933383739641), (0.42010661848758807, 0.006334259228756893), (0.42010661848758807, 0.006334259228756893), (0.42010661848758807, 0.006334259228756893), (0.42010661848758807, 0.006334259228756893), (0.42010661848758807, 0.006334259228756893), (0.4275161962802817, 0.006242881272957527), (0.4275161962802817, 0.006242881272957527), (0.4275161962802817, 0.006242881272957527), (0.4275161962802817, 0.006242881272957527), (0.4275161962802817, 0.006242881272957527), (0.4275161962802817, 0.006242881272957527), (0.4275161962802817, 0.006242881272957527), (0.4275161962802817, 0.006242881272957527), (0.4275161962802817, 0.006242881272957527), (0.4275161962802817, 0.006242881272957527), (0.4275161962802817, 0.006242881272957527), (0.4275161962802817, 0.006242881272957527)])
