Default
<models.baselines.omodels.LNSM object at 0x7f128f5c54d0>
('Manual torch seed: ', 1772727637)
('Config: ', 'Protein Test: ', False)
Training raw path: /home/anhnd/DTI Project/Codes/MPNN/data/KFold/ATCInchikeySideEffectByDrug.txt_train_0
('Number of substructures, proteins, pathways, drugs, se: ', 2936, 1448, 330, 969, 598)
((872, 4714), (97, 4714), (872, 598), (97, 598))
('VALIDATE SUM PROTEIN TEST: ', 0.0)
Train: 1.0000 1.0000
Test: 0.7788 0.4835
[0.6639766530526284, 0.674502577513722, 0.6847164397381507, 0.6810299483630953, 0.6773578440747114, 0.678580324754105, 0.6814649148358932, 0.683666963893157, 0.6843078310308454, 0.6860288482541089, 0.6853975342192171, 0.6876705111227805, 0.6906574322440575, 0.6925797690926634, 0.6932928688894411, 0.694222600604054, 0.6957511943793815, 0.6967114418904565, 0.6974172885897585, 0.7009599923780061, 0.7046414928032984, 0.7072360600401865, 0.7095130406429715, 0.7122497145093609, 0.7147666590774908, 0.7150406133645305, 0.7168085324039452, 0.7185169135053209, 0.7212319358890905, 0.7222356672626622, 0.725446942140211, 0.7270718282642342, 0.7277748808435531, 0.7289697607085776, 0.7297831291304573, 0.7341131767035677, 0.7360498184040127, 0.7387267649411884, 0.7404832757558408, 0.7433289726837715, 0.7444609591648733, 0.7452321539475604, 0.7478365595943612, 0.7478365595943612, 0.7496173399885415, 0.7503248283652073, 0.7520515453677848, 0.752915852518877, 0.7559357187551528, 0.7585529931678487, 0.7585529931678487, 0.7595909317744176, 0.7595909317744176, 0.7616181916069927, 0.7624938899257465, 0.7624938899257465, 0.7642150145591573, 0.7642150145591573, 0.7642150145591573, 0.7642150145591573, 0.7642150145591573, 0.7642150145591573, 0.7642150145591573, 0.7667795841291519, 0.7667795841291519, 0.7680535584572736, 0.7693356051054933, 0.7693356051054933, 0.7693356051054933, 0.7693356051054933, 0.7693356051054933, 0.7693356051054933, 0.770837501083777, 0.770837501083777, 0.770837501083777, 0.7753180014353677, 0.7753180014353677, 0.7753180014353677, 0.7769784569144492, 0.7769784569144492, 0.7769784569144492, 0.7769784569144492, 0.7769784569144492, 0.7788115446447396, 0.7788115446447396, 0.7788115446447396, 0.7788115446447396, 0.7788115446447396, 0.7788115446447396, 0.7788115446447396, 0.7788115446447396, 0.7788115446447396, 0.7788115446447396, 0.7788115446447396, 0.7788115446447396]
[0.1490186678754226, 0.1610468280277146, 0.17762066190226689, 0.1739907640661935, 0.17691911633477428, 0.18181979738594461, 0.18861082521730882, 0.19370127961085026, 0.19759390766101, 0.2014027255335415, 0.20183324548117057, 0.2045801244330865, 0.2136513687313332, 0.21976419206831618, 0.22258871834778468, 0.22536174554607197, 0.22747617847651386, 0.23043008772972956, 0.23358777573664521, 0.24304448951548668, 0.25056829080786924, 0.25628484552657627, 0.2607480018473387, 0.26733930986194865, 0.2730260791675675, 0.27382816290876494, 0.277962052155724, 0.2815294445612822, 0.2880606432757821, 0.2903834467920678, 0.29895078546031095, 0.3034515857104793, 0.3054149492028774, 0.30928463774334886, 0.3114393134541811, 0.3235832642210564, 0.3295509885190183, 0.336260221224306, 0.34191264905653285, 0.3504857169033666, 0.35369957008827146, 0.35560097136324, 0.3636549709621264, 0.3636549709621264, 0.36982087927845564, 0.37215199898804824, 0.3779333273398472, 0.3805704731123844, 0.38994104926236717, 0.3991123192647879, 0.3991123192647879, 0.4026171721627808, 0.4026171721627808, 0.40970957552103315, 0.41284704924942633, 0.41284704924942633, 0.4187300556945186, 0.4187300556945186, 0.4187300556945186, 0.4187300556945186, 0.4187300556945186, 0.4187300556945186, 0.4187300556945186, 0.4289597098907729, 0.4289597098907729, 0.4340371999001734, 0.43950970693137725, 0.43950970693137725, 0.43950970693137725, 0.43950970693137725, 0.43950970693137725, 0.43950970693137725, 0.44621057904922584, 0.44621057904922584, 0.44621057904922584, 0.4662012507826678, 0.4662012507826678, 0.4662012507826678, 0.47383639487372325, 0.47383639487372325, 0.47383639487372325, 0.47383639487372325, 0.47383639487372325, 0.48352370365214986, 0.48352370365214986, 0.48352370365214986, 0.48352370365214986, 0.48352370365214986, 0.48352370365214986, 0.48352370365214986, 0.48352370365214986, 0.48352370365214986, 0.48352370365214986, 0.48352370365214986, 0.48352370365214986]
Training raw path: /home/anhnd/DTI Project/Codes/MPNN/data/KFold/ATCInchikeySideEffectByDrug.txt_train_1
('Number of substructures, proteins, pathways, drugs, se: ', 2936, 1448, 330, 969, 598)
((872, 4714), (97, 4714), (872, 598), (97, 598))
('VALIDATE SUM PROTEIN TEST: ', 0.0)
