Default
<models.baselines.omodels.LNSM object at 0x7fa1a9f47b10>
('Manual torch seed: ', 443181909)
Training raw path: /home/anhnd/DTI Project/Codes/MPNN/data/KFold/ATCInchikeySideEffectByDrug.txt_train_0
('Number of substructures, proteins, pathways, drugs, se: ', 2936, 1448, 330, 969, 598)
Train: 1.0000 1.0000
Test: 0.7773 0.4765
[0.6674113019082217, 0.6839864298370291, 0.6921049956898013, 0.6873691411589785, 0.6845096971008511, 0.6832372545214527, 0.6859288858277944, 0.6872790238629087, 0.6887129491074937, 0.6903745963301269, 0.6902051567179478, 0.6921649095457579, 0.6952046211384764, 0.6968991384146048, 0.6977979727554207, 0.6988093528366212, 0.6999956209107352, 0.7006156290847354, 0.7012781659290352, 0.704814206051639, 0.7084721013297133, 0.7106703918254978, 0.7123876843872102, 0.7149324626462825, 0.7171946241186207, 0.7174597229729577, 0.7191694572926082, 0.720785292116445, 0.7231689399814709, 0.7239724347303087, 0.727157082820293, 0.7286147756352315, 0.729232683997267, 0.7302695468227018, 0.7309868525556126, 0.7352009070083767, 0.7371971052440363, 0.7394012281146417, 0.7410712241813626, 0.7435751828062497, 0.7447176637836106, 0.7454859171102438, 0.7477573363712885, 0.7477573363712885, 0.7494867064893277, 0.7501281609451501, 0.7517068997652839, 0.7524997924808888, 0.7555090005851309, 0.7578725883694128, 0.7578725883694128, 0.7587837365992294, 0.7587837365992294, 0.760709812934206, 0.7614825667587916, 0.7614825667587916, 0.7631305675832294, 0.7631305675832294, 0.7631305675832294, 0.7631305675832294, 0.7631305675832294, 0.7631305675832294, 0.7631305675832294, 0.7655621249811742, 0.7655621249811742, 0.7667581852130332, 0.7680033568159015, 0.7680033568159015, 0.7680033568159015, 0.7680033568159015, 0.7680033568159015, 0.7680033568159015, 0.7694845442801044, 0.7694845442801044, 0.7694845442801044, 0.7738172166653798, 0.7738172166653798, 0.7738172166653798, 0.7754454130376649, 0.7754454130376649, 0.7754454130376649, 0.7754454130376649, 0.7754454130376649, 0.7772620204345412, 0.7772620204345412, 0.7772620204345412, 0.7772620204345412, 0.7772620204345412, 0.7772620204345412, 0.7772620204345412, 0.7772620204345412, 0.7772620204345412, 0.7772620204345412, 0.7772620204345412, 0.7772620204345412]
[0.15491556147286886, 0.17790284854303248, 0.18902690800391125, 0.18599983666574632, 0.18884410523150885, 0.19238422538837768, 0.19919212736493613, 0.20479043010203035, 0.209286740814697, 0.2109615984889545, 0.21077762279787715, 0.21365277229089974, 0.22236151915430644, 0.2278016566443446, 0.23043895533621017, 0.23399211628063657, 0.23573482786490507, 0.23871899102677002, 0.2413955482656927, 0.2506546746873869, 0.2592006950716841, 0.2643665508512565, 0.2682516653414796, 0.27448023480309924, 0.28034093683330896, 0.2811116728452757, 0.28518086765057477, 0.2890661012433252, 0.2956538380597481, 0.2975987900141285, 0.30599800807162736, 0.3097934304983785, 0.3117236716764015, 0.31596939726083373, 0.3181075950889119, 0.3297758926402227, 0.3354305085949454, 0.34160353116392034, 0.3471778651653037, 0.3548264309737863, 0.3583312476229601, 0.360158008356232, 0.36757236865513954, 0.36757236865513954, 0.3722302051526972, 0.3744615191473562, 0.37984042281790253, 0.38245899622964874, 0.39142145181169663, 0.40038395364060486, 0.40038395364060486, 0.40317526957933997, 0.40317526957933997, 0.40962785613876973, 0.41242520856590975, 0.41242520856590975, 0.4176802411327157, 0.4176802411327157, 0.4176802411327157, 0.4176802411327157, 0.4176802411327157, 0.4176802411327157, 0.4176802411327157, 0.426882939851696, 0.426882939851696, 0.4314203294007352, 0.43636666686420367, 0.43636666686420367, 0.43636666686420367, 0.43636666686420367, 0.43636666686420367, 0.43636666686420367, 0.4428171770226076, 0.4428171770226076, 0.4428171770226076, 0.46072963473412154, 0.46072963473412154, 0.46072963473412154, 0.4677556964042966, 0.4677556964042966, 0.4677556964042966, 0.4677556964042966, 0.4677556964042966, 0.4765366002017923, 0.4765366002017923, 0.4765366002017923, 0.4765366002017923, 0.4765366002017923, 0.4765366002017923, 0.4765366002017923, 0.4765366002017923, 0.4765366002017923, 0.4765366002017923, 0.4765366002017923, 0.4765366002017923]
Training raw path: /home/anhnd/DTI Project/Codes/MPNN/data/KFold/ATCInchikeySideEffectByDrug.txt_train_1
('Number of substructures, proteins, pathways, drugs, se: ', 2936, 1448, 330, 969, 598)
Train: 1.0000 1.0000
Test: 0.7605 0.4879
[0.5942695963430277, 0.604751814542587, 0.607272651927978, 0.6090749549060819, 0.6156068717886655, 0.6201068065856974, 0.622073320083054, 0.6256497042115376, 0.631928811339195, 0.6346428286307553, 0.6345825753811737, 0.6373929640232316, 0.6443261557365674, 0.6498996904893216, 0.6513370848108293, 0.6545068573161934, 0.6555792341698683, 0.658702045623199, 0.6603464523559625, 0.6642562655437887, 0.6680181511338728, 0.6712816032007509, 0.6744849461610762, 0.6782400789880775, 0.6802160188931785, 0.6808780240278245, 0.6831862190223725, 0.6857573867314178, 0.6893398613481467, 0.6906479860479815, 0.6955888974009667, 0.6984910727383326, 0.6993800350090124, 0.701280136418672, 0.7020687581740442, 0.7068132269078542, 0.7093896611486782, 0.7129716562782407, 0.7153347109201305, 0.719099097886436, 0.7206961731572485, 0.7217178315356471, 0.7253202770105338, 0.7253202770105338, 0.7267081643118407, 0.7276298358459147, 0.7299256094215795, 0.730915122479945, 0.7346249100431295, 0.7377566368714014, 0.7377566368714014, 0.7385028563398714, 0.7385028563398714, 0.7408571792532828, 0.7420225216468304, 0.7420225216468304, 0.7443584749745928, 0.7443584749745928, 0.7443584749745928, 0.7443584749745928, 0.7443584749745928, 0.7443584749745928, 0.7443584749745928, 0.747239729092402, 0.747239729092402, 0.7485642773079064, 0.7498584255179408, 0.7498584255179408, 0.7498584255179408, 0.7498584255179408, 0.7498584255179408, 0.7498584255179408, 0.7517319058529994, 0.7517319058529994, 0.7517319058529994, 0.7565727159431318, 0.7565727159431318, 0.7565727159431318, 0.7585263541051763, 0.7585263541051763, 0.7585263541051763, 0.7585263541051763, 0.7585263541051763, 0.7605303954394476, 0.7605303954394476, 0.7605303954394476, 0.7605303954394476, 0.7605303954394476, 0.7605303954394476, 0.7605303954394476, 0.7605303954394476, 0.7605303954394476, 0.7605303954394476, 0.7605303954394476, 0.7605303954394476]
[0.12452178835665412, 0.1417500423296746, 0.14286690564016863, 0.149073171235461, 0.15753993313628, 0.16217256786295425, 0.16438596426257496, 0.1721161544488852, 0.18106615121364572, 0.1854017833149603, 0.18484726950448876, 0.1911403958971885, 0.2015566564925189, 0.21288601975405047, 0.21616540452341818, 0.22315831370545744, 0.22515999430537398, 0.2306044497723455, 0.23327064951497656, 0.24175835845900961, 0.25094440309211163, 0.25842063103067137, 0.2636047239961553, 0.2708870005951219, 0.2735941681838835, 0.27465653961042025, 0.27870329596506127, 0.2848100477856371, 0.2930325092102498, 0.2953901422646768, 0.30634010646891896, 0.31241574399032024, 0.31500894005775804, 0.32004159778186425, 0.3219949937031138, 0.333260347629086, 0.33908863720103455, 0.34850228153298224, 0.3536177370284991, 0.363254351030334, 0.3672858961664874, 0.3698604779398963, 0.37880683313138264, 0.37880683313138264, 0.3827486356102869, 0.385483947477405, 0.3923090933975809, 0.3943988944220734, 0.40473414949723385, 0.4143233923337368, 0.4143233923337368, 0.4158903820139116, 0.4158903820139116, 0.4225156961405864, 0.42577490004170593, 0.42577490004170593, 0.432255831800813, 0.432255831800813, 0.432255831800813, 0.432255831800813, 0.432255831800813, 0.432255831800813, 0.432255831800813, 0.441437345686719, 0.441437345686719, 0.4450460480097886, 0.4482650623408161, 0.4482650623408161, 0.4482650623408161, 0.4482650623408161, 0.4482650623408161, 0.4482650623408161, 0.4556521299882267, 0.4556521299882267, 0.4556521299882267, 0.47215859049839304, 0.47215859049839304, 0.47215859049839304, 0.4797478459919223, 0.4797478459919223, 0.4797478459919223, 0.4797478459919223, 0.4797478459919223, 0.4878618456599224, 0.4878618456599224, 0.4878618456599224, 0.4878618456599224, 0.4878618456599224, 0.4878618456599224, 0.4878618456599224, 0.4878618456599224, 0.4878618456599224, 0.4878618456599224, 0.4878618456599224, 0.4878618456599224]
Training raw path: /home/anhnd/DTI Project/Codes/MPNN/data/KFold/ATCInchikeySideEffectByDrug.txt_train_2
('Number of substructures, proteins, pathways, drugs, se: ', 2936, 1448, 330, 969, 598)
Train: 1.0000 1.0000
Test: 0.7746 0.5231
[0.6771165925013408, 0.678279432124677, 0.6842412012163899, 0.6861636961351923, 0.6891268370901755, 0.6864929868882581, 0.6864743865607468, 0.6889466519576205, 0.6902900032973973, 0.6920623313492146, 0.6936836940042722, 0.6957136342337238, 0.6956200392489134, 0.6963356307096714, 0.696895186478227, 0.6992690053664016, 0.7009194469352218, 0.702282042935244, 0.7026144176044524, 0.7063463351278747, 0.7089257188387081, 0.711332761601973, 0.7136721509479671, 0.717056163543121, 0.7189017772511799, 0.7192871156485585, 0.7211252583369245, 0.7228969539418275, 0.7248556151056229, 0.7257099854635625, 0.7278131797022664, 0.7294839231061863, 0.7299368353235127, 0.7308885487201765, 0.7314837842969071, 0.7349606537211818, 0.7369767754462158, 0.7390223645428561, 0.7407245201704301, 0.7428207608395767, 0.7439520966229733, 0.7447651888866716, 0.7469837168850675, 0.7469837168850675, 0.7485262175498137, 0.749174742787013, 0.7507061440250458, 0.751573725954318, 0.7544241356582233, 0.7564510639710627, 0.7564510639710627, 0.7570964971200774, 0.7570964971200774, 0.7585979767750487, 0.7595588186198028, 0.7595588186198028, 0.7612547365003848, 0.7612547365003848, 0.7612547365003848, 0.7612547365003848, 0.7612547365003848, 0.7612547365003848, 0.7612547365003848, 0.7634990843492404, 0.7634990843492404, 0.7647453432837259, 0.7659183488758583, 0.7659183488758583, 0.7659183488758583, 0.7659183488758583, 0.7659183488758583, 0.7659183488758583, 0.7673632984073205, 0.7673632984073205, 0.7673632984073205, 0.7715310125051403, 0.7715310125051403, 0.7715310125051403, 0.7729958498678685, 0.7729958498678685, 0.7729958498678685, 0.7729958498678685, 0.7729958498678685, 0.774630684166512, 0.774630684166512, 0.774630684166512, 0.774630684166512, 0.774630684166512, 0.774630684166512, 0.774630684166512, 0.774630684166512, 0.774630684166512, 0.774630684166512, 0.774630684166512, 0.774630684166512]
[0.17930335454519755, 0.20546496944471088, 0.23108616332489768, 0.234262083920896, 0.23778183590998844, 0.2417884428032881, 0.24575587957814798, 0.25524509137982276, 0.26099220710091137, 0.2656611590659633, 0.2682348577061723, 0.27477066772306924, 0.28350630059069715, 0.2876556810861296, 0.2890308301207295, 0.29478714575784476, 0.29934887420998696, 0.3038405015899934, 0.305497831495518, 0.3160744630711292, 0.3251677784259649, 0.33148440665734596, 0.3383901834066615, 0.3469606183362862, 0.352200700520808, 0.35306233525401975, 0.35755734041328796, 0.3619877959278057, 0.3671282825794391, 0.3688095723526168, 0.375274143385324, 0.3788026433021141, 0.37979453700780097, 0.38251562286770935, 0.38399060506395527, 0.39380764707923555, 0.40015929143605533, 0.4058220105333009, 0.4118187976925921, 0.41760865073207587, 0.4205263685687314, 0.42312256761689915, 0.43058569410319725, 0.43058569410319725, 0.435924151154009, 0.43778946719915335, 0.44244047577264234, 0.444779408790924, 0.4535653390680031, 0.46007899946698455, 0.46007899946698455, 0.4624384290859074, 0.4624384290859074, 0.4662988905849734, 0.4697644427968818, 0.4697644427968818, 0.47445665973805096, 0.47445665973805096, 0.47445665973805096, 0.47445665973805096, 0.47445665973805096, 0.47445665973805096, 0.47445665973805096, 0.482565960824033, 0.482565960824033, 0.4867436049055736, 0.4908904519187335, 0.4908904519187335, 0.4908904519187335, 0.4908904519187335, 0.4908904519187335, 0.4908904519187335, 0.4960176441840656, 0.4960176441840656, 0.4960176441840656, 0.5110729102353571, 0.5110729102353571, 0.5110729102353571, 0.5162701923808157, 0.5162701923808157, 0.5162701923808157, 0.5162701923808157, 0.5162701923808157, 0.5231455605766755, 0.5231455605766755, 0.5231455605766755, 0.5231455605766755, 0.5231455605766755, 0.5231455605766755, 0.5231455605766755, 0.5231455605766755, 0.5231455605766755, 0.5231455605766755, 0.5231455605766755, 0.5231455605766755]
Training raw path: /home/anhnd/DTI Project/Codes/MPNN/data/KFold/ATCInchikeySideEffectByDrug.txt_train_3
('Number of substructures, proteins, pathways, drugs, se: ', 2936, 1448, 330, 969, 598)
Train: 1.0000 1.0000
Test: 0.7677 0.4652
[0.6441016356443993, 0.6649100980963968, 0.6604611842237319, 0.6608825509752766, 0.6603847452571763, 0.6617664709504165, 0.6647887749513024, 0.6672760063928226, 0.6710849213623293, 0.6755664905870855, 0.6762008591913482, 0.6776295862781287, 0.6815922182823593, 0.6844567412181758, 0.6854516500321635, 0.6868846480498978, 0.688550040104376, 0.6892931761816272, 0.6901626227649724, 0.6933757056685707, 0.6971953181914257, 0.7001326531241783, 0.7030692502877969, 0.7052505631074897, 0.7058152872395644, 0.7062910560261524, 0.7091071525614892, 0.7102428100274181, 0.7121778136705917, 0.7127976876756411, 0.7163665309217702, 0.7174274794746632, 0.7177409302879255, 0.7189613917055837, 0.7194533749787111, 0.7232274428497381, 0.7253084532589346, 0.7272204027727889, 0.729082526531883, 0.7317562254420614, 0.7327504106624565, 0.73345400359589, 0.7361404860650705, 0.7361404860650705, 0.7373908763410304, 0.7383214685502542, 0.7398664998261404, 0.7408894689378143, 0.7437708675051999, 0.7464724148981633, 0.7464724148981633, 0.7473255137862108, 0.7473255137862108, 0.749083907028582, 0.7501471450944343, 0.7501471450944343, 0.7522772312316194, 0.7522772312316194, 0.7522772312316194, 0.7522772312316194, 0.7522772312316194, 0.7522772312316194, 0.7522772312316194, 0.7547923636466658, 0.7547923636466658, 0.7561091877805579, 0.7574605360218102, 0.7574605360218102, 0.7574605360218102, 0.7574605360218102, 0.7574605360218102, 0.7574605360218102, 0.7590413973584688, 0.7590413973584688, 0.7590413973584688, 0.764074431104398, 0.764074431104398, 0.764074431104398, 0.7658428674083422, 0.7658428674083422, 0.7658428674083422, 0.7658428674083422, 0.7658428674083422, 0.7676595419771062, 0.7676595419771062, 0.7676595419771062, 0.7676595419771062, 0.7676595419771062, 0.7676595419771062, 0.7676595419771062, 0.7676595419771062, 0.7676595419771062, 0.7676595419771062, 0.7676595419771062, 0.7676595419771062]
[0.1266126533033442, 0.1413625753135345, 0.1468975105331483, 0.15332197644487477, 0.16116609450032998, 0.16594552930367756, 0.17037309856586544, 0.17779205680527607, 0.18631090714954612, 0.19409690530364865, 0.19509558828850804, 0.19969523278036885, 0.2080149716386772, 0.2149200320883283, 0.21764464492026436, 0.22200458188721628, 0.2270172023384361, 0.22964016521157155, 0.23219808277243684, 0.2397968764252671, 0.24978392361874202, 0.25653121896230446, 0.2628731575382393, 0.2694390755586022, 0.2715936025985225, 0.2729530244974891, 0.27831351891372696, 0.282288021179382, 0.28731300065082, 0.28857267664081954, 0.29741495020112435, 0.3003193696288834, 0.30099743832608283, 0.3044560358648365, 0.30579391739090955, 0.3160766098060682, 0.32218390328229013, 0.32754528290941365, 0.3335432693326539, 0.3415476742659974, 0.34434878582722406, 0.34645980283532574, 0.3541281794140554, 0.3541281794140554, 0.3584636304893064, 0.36103308173955884, 0.365522164332227, 0.36887695167108814, 0.37810647071384107, 0.3864925688840881, 0.3864925688840881, 0.38917824677324864, 0.38917824677324864, 0.39447175481900976, 0.3979762671200784, 0.3979762671200784, 0.40445866697235844, 0.40445866697235844, 0.40445866697235844, 0.40445866697235844, 0.40445866697235844, 0.40445866697235844, 0.40445866697235844, 0.4136983186913679, 0.4136983186913679, 0.41822767787286164, 0.42339086161219674, 0.42339086161219674, 0.42339086161219674, 0.42339086161219674, 0.42339086161219674, 0.42339086161219674, 0.4296869411943166, 0.4296869411943166, 0.4296869411943166, 0.449513068589184, 0.449513068589184, 0.449513068589184, 0.45664326476689693, 0.45664326476689693, 0.45664326476689693, 0.45664326476689693, 0.45664326476689693, 0.46515957248337925, 0.46515957248337925, 0.46515957248337925, 0.46515957248337925, 0.46515957248337925, 0.46515957248337925, 0.46515957248337925, 0.46515957248337925, 0.46515957248337925, 0.46515957248337925, 0.46515957248337925, 0.46515957248337925]
Training raw path: /home/anhnd/DTI Project/Codes/MPNN/data/KFold/ATCInchikeySideEffectByDrug.txt_train_4
('Number of substructures, proteins, pathways, drugs, se: ', 2936, 1448, 330, 969, 598)
Train: 1.0000 1.0000
Test: 0.7754 0.4753
[0.6551613756403547, 0.6597573771937676, 0.6678955134515594, 0.6628720526327467, 0.6620267943976194, 0.660995865545798, 0.6634151320939896, 0.6701809024569809, 0.6741387979046011, 0.6767325196611456, 0.6780940614627485, 0.680466958736518, 0.6871602365131556, 0.6896118025281013, 0.6909553848247907, 0.6921832054584529, 0.6939610222412371, 0.6959801488298324, 0.6972826749030625, 0.6996906529070354, 0.7026027077438932, 0.705321742735756, 0.7068113849630302, 0.709103268833041, 0.7110032424351662, 0.7112141280532884, 0.7135665802747497, 0.715497582718212, 0.7181884068842228, 0.7190994917703357, 0.7214630348689458, 0.7227781447074537, 0.7231126648201913, 0.7248702256836368, 0.7255249982098223, 0.7299918274149313, 0.7320480403782017, 0.7345289057725248, 0.7363656743983196, 0.7388227355382107, 0.7397255423373961, 0.740487447961449, 0.7432242195981857, 0.7432242195981857, 0.7446576264686149, 0.7455300457286109, 0.7471317150411806, 0.7479688737389167, 0.7514123297531045, 0.7538574276556973, 0.7538574276556973, 0.7547465735576993, 0.7547465735576993, 0.7564509164053526, 0.7572006852485258, 0.7572006852485258, 0.7592853957587767, 0.7592853957587767, 0.7592853957587767, 0.7592853957587767, 0.7592853957587767, 0.7592853957587767, 0.7592853957587767, 0.7618661875038597, 0.7618661875038597, 0.7632535278671516, 0.7647095194500194, 0.7647095194500194, 0.7647095194500194, 0.7647095194500194, 0.7647095194500194, 0.7647095194500194, 0.7663932834906947, 0.7663932834906947, 0.7663932834906947, 0.7718458790175229, 0.7718458790175229, 0.7718458790175229, 0.7735433665824816, 0.7735433665824816, 0.7735433665824816, 0.7735433665824816, 0.7735433665824816, 0.7754234712952224, 0.7754234712952224, 0.7754234712952224, 0.7754234712952224, 0.7754234712952224, 0.7754234712952224, 0.7754234712952224, 0.7754234712952224, 0.7754234712952224, 0.7754234712952224, 0.7754234712952224, 0.7754234712952224]
[0.12947012307256023, 0.16289065376900966, 0.18334780574197404, 0.17703439837164517, 0.18099532812040295, 0.18482296110785038, 0.19027100969723906, 0.20526251688112956, 0.21351777021073132, 0.22049220210631987, 0.22212740263323727, 0.22541815859204398, 0.23805477161456168, 0.24383974292967778, 0.24728192149919337, 0.24862174614431193, 0.2534106956604316, 0.2588205594207746, 0.2617902266739273, 0.26861102683653587, 0.27621824642401066, 0.282280109278505, 0.286107522198064, 0.2932378773639784, 0.29787537103365713, 0.2984473302276785, 0.30393175703687975, 0.30835030287074694, 0.31348384052008527, 0.31472632354945174, 0.31745558560729126, 0.3212754795960771, 0.32231866424363526, 0.327844533095542, 0.32944725272977676, 0.34025348620969453, 0.34514980987561283, 0.3510441246940292, 0.35523113238162307, 0.3620122623737704, 0.3638981927882039, 0.365465882119557, 0.37380082863529107, 0.37380082863529107, 0.3775446734561766, 0.38030492012349426, 0.3843435319854364, 0.3870546117867331, 0.3961555235969218, 0.4031971591310103, 0.4031971591310103, 0.4056450023158046, 0.4056450023158046, 0.4101571148343811, 0.4127082028184964, 0.4127082028184964, 0.4175883735647167, 0.4175883735647167, 0.4175883735647167, 0.4175883735647167, 0.4175883735647167, 0.4175883735647167, 0.4175883735647167, 0.42666940068274106, 0.42666940068274106, 0.43108323173451707, 0.43557255441278875, 0.43557255441278875, 0.43557255441278875, 0.43557255441278875, 0.43557255441278875, 0.43557255441278875, 0.44218123898612144, 0.44218123898612144, 0.44218123898612144, 0.4618754548213159, 0.4618754548213159, 0.4618754548213159, 0.46757660694556674, 0.46757660694556674, 0.46757660694556674, 0.46757660694556674, 0.46757660694556674, 0.47531294775447946, 0.47531294775447946, 0.47531294775447946, 0.47531294775447946, 0.47531294775447946, 0.47531294775447946, 0.47531294775447946, 0.47531294775447946, 0.47531294775447946, 0.47531294775447946, 0.47531294775447946, 0.47531294775447946]
Training raw path: /home/anhnd/DTI Project/Codes/MPNN/data/KFold/ATCInchikeySideEffectByDrug.txt_train_5
('Number of substructures, proteins, pathways, drugs, se: ', 2936, 1448, 330, 969, 598)
Train: 1.0000 1.0000
Test: 0.7805 0.4746
[0.6726942695964859, 0.6825839267129663, 0.6773697845831315, 0.6716220582719559, 0.6744334913381541, 0.677958131152613, 0.6812106752771823, 0.681779527694314, 0.6849869684365578, 0.6874020140362743, 0.6888371024364754, 0.6913944073100449, 0.6946519664239298, 0.6961238060555215, 0.696500888618512, 0.6986639600562448, 0.7004751137991094, 0.7026562260954302, 0.7030208162970883, 0.7068900439479338, 0.7101637844418848, 0.712446627995958, 0.7146493622227286, 0.7168463785824125, 0.7191501762345883, 0.7195126179777374, 0.7222436716003109, 0.7243870869430413, 0.7261361386945724, 0.7271144588473513, 0.7296759447833798, 0.730855079413, 0.7311563333378553, 0.7321918904635322, 0.7326347245467064, 0.7370989510528634, 0.7393878595740957, 0.7416341057371346, 0.7434808809126878, 0.7454814372184869, 0.7465245760617003, 0.7472024466446983, 0.7496622686532268, 0.7496622686532268, 0.7513629164303441, 0.7519955833278194, 0.7533278412308535, 0.7539435382536954, 0.7575542060096955, 0.7599414977628312, 0.7599414977628312, 0.7605735100007157, 0.7605735100007157, 0.7625288851276855, 0.7633671684151357, 0.7633671684151357, 0.7657959674115062, 0.7657959674115062, 0.7657959674115062, 0.7657959674115062, 0.7657959674115062, 0.7657959674115062, 0.7657959674115062, 0.7680721976561463, 0.7680721976561463, 0.7692255797215488, 0.7707825279446352, 0.7707825279446352, 0.7707825279446352, 0.7707825279446352, 0.7707825279446352, 0.7707825279446352, 0.7724643467864885, 0.7724643467864885, 0.7724643467864885, 0.7771709912915739, 0.7771709912915739, 0.7771709912915739, 0.7787622718092353, 0.7787622718092353, 0.7787622718092353, 0.7787622718092353, 0.7787622718092353, 0.7804999171848994, 0.7804999171848994, 0.7804999171848994, 0.7804999171848994, 0.7804999171848994, 0.7804999171848994, 0.7804999171848994, 0.7804999171848994, 0.7804999171848994, 0.7804999171848994, 0.7804999171848994, 0.7804999171848994]
[0.12776014761649285, 0.15500248875802766, 0.15455861326607193, 0.15537857869102206, 0.16625534742790413, 0.17119323728018687, 0.1798808075042858, 0.1851170722949479, 0.19424620681917631, 0.20020205689815354, 0.20445513001226495, 0.21096621056910364, 0.21913288200145584, 0.22345301071015394, 0.22487784269173666, 0.23032731786774435, 0.23488510999776646, 0.2405966486240461, 0.24204569353370348, 0.2528042703423119, 0.26300028917727225, 0.26749654553757385, 0.2730824927929627, 0.2802386486209061, 0.2849354996896136, 0.28595552577690597, 0.29168918919418096, 0.29652023140165734, 0.30038041965820295, 0.3024342543691712, 0.3070446888689312, 0.31036130212441293, 0.3115612938330449, 0.3143819412902562, 0.3153417782104123, 0.32858242552759775, 0.3350972924269207, 0.34093974859943726, 0.3460266124705025, 0.352674886407888, 0.3553515821728603, 0.3573633572063219, 0.3662495282014096, 0.3662495282014096, 0.37157972708166176, 0.3739729371051663, 0.3776968531935224, 0.3792834819958679, 0.3900330965565645, 0.39781423264494276, 0.39781423264494276, 0.3997155777289599, 0.3997155777289599, 0.40629106388918385, 0.4093766607234052, 0.4093766607234052, 0.4174551785472498, 0.4174551785472498, 0.4174551785472498, 0.4174551785472498, 0.4174551785472498, 0.4174551785472498, 0.4174551785472498, 0.42404814965630677, 0.42404814965630677, 0.42751064654012694, 0.4342880411366576, 0.4342880411366576, 0.4342880411366576, 0.4342880411366576, 0.4342880411366576, 0.4342880411366576, 0.44157031970470145, 0.44157031970470145, 0.44157031970470145, 0.46026391385555276, 0.46026391385555276, 0.46026391385555276, 0.4667516216684446, 0.4667516216684446, 0.4667516216684446, 0.4667516216684446, 0.4667516216684446, 0.47464852013803294, 0.47464852013803294, 0.47464852013803294, 0.47464852013803294, 0.47464852013803294, 0.47464852013803294, 0.47464852013803294, 0.47464852013803294, 0.47464852013803294, 0.47464852013803294, 0.47464852013803294, 0.47464852013803294]
Training raw path: /home/anhnd/DTI Project/Codes/MPNN/data/KFold/ATCInchikeySideEffectByDrug.txt_train_6
('Number of substructures, proteins, pathways, drugs, se: ', 2936, 1448, 330, 969, 598)
Train: 1.0000 1.0000
Test: 0.7858 0.4676
[0.6808822364076601, 0.6912923471801388, 0.7022346401357648, 0.6985179555786015, 0.6951242371129263, 0.6968151021571155, 0.696070243296192, 0.697695627564711, 0.7029658233649321, 0.7059024148240343, 0.7070831903956306, 0.709011401656005, 0.7117887661640397, 0.7155513130184916, 0.7155852433715745, 0.7155066220634441, 0.7170817547973463, 0.7178695022783185, 0.7189979856885051, 0.7215678510854711, 0.7235734716379987, 0.7260024505368571, 0.7286378065105455, 0.7301020414414382, 0.7300568512246381, 0.7304777626831536, 0.7317924274917282, 0.732798342713493, 0.734981318361911, 0.7354046117418338, 0.7386578201310621, 0.7394775800157734, 0.7398554734227236, 0.7411787388162001, 0.7415802980831702, 0.7448121802845258, 0.7468542366880352, 0.7486856490065039, 0.7501887357783827, 0.7525457293228899, 0.7533329108132173, 0.7539114524053494, 0.7565944850362266, 0.7565944850362266, 0.7582936804912301, 0.7588870582609681, 0.7598089880361325, 0.7606668151035213, 0.7635976834863007, 0.7658765910867101, 0.7658765910867101, 0.7667554448135844, 0.7667554448135844, 0.7683912917153544, 0.7692042637613387, 0.7692042637613387, 0.7710276904550489, 0.7710276904550489, 0.7710276904550489, 0.7710276904550489, 0.7710276904550489, 0.7710276904550489, 0.7710276904550489, 0.7732943195771271, 0.7732943195771271, 0.7743432468426261, 0.775901017258612, 0.775901017258612, 0.775901017258612, 0.775901017258612, 0.775901017258612, 0.775901017258612, 0.7773330199082319, 0.7773330199082319, 0.7773330199082319, 0.7823510671967951, 0.7823510671967951, 0.7823510671967951, 0.7838415262986993, 0.7838415262986993, 0.7838415262986993, 0.7838415262986993, 0.7838415262986993, 0.7858324260787862, 0.7858324260787862, 0.7858324260787862, 0.7858324260787862, 0.7858324260787862, 0.7858324260787862, 0.7858324260787862, 0.7858324260787862, 0.7858324260787862, 0.7858324260787862, 0.7858324260787862, 0.7858324260787862]
[0.13267039634577302, 0.1531031226432718, 0.1726027420059798, 0.16910547726661412, 0.17068558297966446, 0.1774003039186667, 0.18093059733992067, 0.1911684849878937, 0.20069553725606662, 0.2078658893948076, 0.21120729060491059, 0.2165601474900429, 0.2242180057945214, 0.23224644381044846, 0.23399572645100764, 0.23556403437345663, 0.24162440636348168, 0.24357350760059107, 0.24579396772658, 0.2528976800303487, 0.25940588665487274, 0.26651807310047837, 0.27319570748436434, 0.2788135710904731, 0.2807293910089359, 0.28194734582557074, 0.2854202300007215, 0.2888366894365165, 0.295917828429411, 0.2970111994883121, 0.3049593448227183, 0.3070003531916313, 0.3082280966879979, 0.31332772364321215, 0.31439916622837266, 0.3233195191865106, 0.32886797716886923, 0.3351082022751076, 0.33993871190492486, 0.34807503791255057, 0.350583738025693, 0.35231048632240214, 0.3612523354787668, 0.3612523354787668, 0.3669379540100006, 0.36872663485163987, 0.37146046030737756, 0.3740445626712703, 0.3832111292300533, 0.3913386243862106, 0.3913386243862106, 0.39432253284730506, 0.39432253284730506, 0.39908366387840233, 0.4024211131504935, 0.4024211131504935, 0.40842739411292445, 0.40842739411292445, 0.40842739411292445, 0.40842739411292445, 0.40842739411292445, 0.40842739411292445, 0.40842739411292445, 0.4166862080748237, 0.4166862080748237, 0.4199230475203274, 0.42580887855917776, 0.42580887855917776, 0.42580887855917776, 0.42580887855917776, 0.42580887855917776, 0.42580887855917776, 0.4313584515166935, 0.4313584515166935, 0.4313584515166935, 0.4516611390623466, 0.4516611390623466, 0.4516611390623466, 0.45800432718268025, 0.45800432718268025, 0.45800432718268025, 0.45800432718268025, 0.45800432718268025, 0.46762475539441184, 0.46762475539441184, 0.46762475539441184, 0.46762475539441184, 0.46762475539441184, 0.46762475539441184, 0.46762475539441184, 0.46762475539441184, 0.46762475539441184, 0.46762475539441184, 0.46762475539441184, 0.46762475539441184]
Training raw path: /home/anhnd/DTI Project/Codes/MPNN/data/KFold/ATCInchikeySideEffectByDrug.txt_train_7
('Number of substructures, proteins, pathways, drugs, se: ', 2936, 1448, 330, 969, 598)
Train: 1.0000 1.0000
Test: 0.7687 0.4582
[0.6275993975324847, 0.6480154101495702, 0.6523240615087459, 0.6516537298660162, 0.6552826916455963, 0.655293873312565, 0.6540040524007712, 0.6577500858484576, 0.6606309676973487, 0.662615450320454, 0.6617599094847878, 0.6648212337028557, 0.6697932581537008, 0.6709881541252927, 0.6714386592972477, 0.6737132191368884, 0.6759550794375798, 0.6774665109253887, 0.6785097180242369, 0.681869602051394, 0.6855550541603495, 0.6884533987537846, 0.6921214260197843, 0.6955984546068272, 0.6982069129823216, 0.698410520100367, 0.701445260486443, 0.7036034018248448, 0.7054965441765235, 0.7062733080909176, 0.7102997683441181, 0.7115246171312348, 0.7121899870515569, 0.7129980488925269, 0.713491640322218, 0.7173110121439266, 0.7202153027151943, 0.7227840389762588, 0.7251100936941555, 0.7280187742190751, 0.7294249992836038, 0.7302894289253495, 0.733314621795884, 0.733314621795884, 0.7350993809570012, 0.736050055160742, 0.7382336955257589, 0.7393487456787444, 0.7435113231329152, 0.7463977144692759, 0.7463977144692759, 0.74738486989619, 0.74738486989619, 0.7495839679663352, 0.7503816775786529, 0.7503816775786529, 0.752443432745797, 0.752443432745797, 0.752443432745797, 0.752443432745797, 0.752443432745797, 0.752443432745797, 0.752443432745797, 0.7552524220929024, 0.7552524220929024, 0.7566853905065125, 0.7580423699895482, 0.7580423699895482, 0.7580423699895482, 0.7580423699895482, 0.7580423699895482, 0.7580423699895482, 0.7596189208015963, 0.7596189208015963, 0.7596189208015963, 0.7649448784130202, 0.7649448784130202, 0.7649448784130202, 0.7667358803915074, 0.7667358803915074, 0.7667358803915074, 0.7667358803915074, 0.7667358803915074, 0.7687011565406774, 0.7687011565406774, 0.7687011565406774, 0.7687011565406774, 0.7687011565406774, 0.7687011565406774, 0.7687011565406774, 0.7687011565406774, 0.7687011565406774, 0.7687011565406774, 0.7687011565406774, 0.7687011565406774]
[0.13203098248364734, 0.14296228734814892, 0.15213756931325806, 0.15882011795658108, 0.16379804545535925, 0.1702915783965874, 0.171929281783614, 0.17302027325258246, 0.17494995514350448, 0.17914713825629588, 0.17867842810842313, 0.18333728672481564, 0.1934348485719324, 0.19847135190452947, 0.19943044686763597, 0.20424812745129672, 0.20810871232504877, 0.212771086643732, 0.21425320732673783, 0.2214789465247303, 0.23218328045743922, 0.23752469453706973, 0.24411166943783452, 0.2521023972587784, 0.25886131604169194, 0.2586639510793369, 0.26398361265173953, 0.26909437610382214, 0.27453947425139896, 0.275629373403678, 0.28468506899266455, 0.28831759764177967, 0.2896089490264937, 0.2921658645825956, 0.29278919832494116, 0.3027444248888845, 0.3098987204633248, 0.3152468013025234, 0.3209850646591509, 0.3289152752416796, 0.3316909310094738, 0.3339248468097733, 0.3418067825009552, 0.3418067825009552, 0.3473854739124239, 0.3495910314271457, 0.35532389141641696, 0.3581098350987423, 0.36965518327628566, 0.3786694164952162, 0.3786694164952162, 0.3817247730264711, 0.3817247730264711, 0.38756159886652686, 0.38981580596815807, 0.38981580596815807, 0.39545243979467304, 0.39545243979467304, 0.39545243979467304, 0.39545243979467304, 0.39545243979467304, 0.39545243979467304, 0.39545243979467304, 0.40423051630326395, 0.40423051630326395, 0.40866798472205607, 0.4136507696090557, 0.4136507696090557, 0.4136507696090557, 0.4136507696090557, 0.4136507696090557, 0.4136507696090557, 0.4202592186769907, 0.4202592186769907, 0.4202592186769907, 0.4421242194994181, 0.4421242194994181, 0.4421242194994181, 0.4495198109014052, 0.4495198109014052, 0.4495198109014052, 0.4495198109014052, 0.4495198109014052, 0.45822941135353895, 0.45822941135353895, 0.45822941135353895, 0.45822941135353895, 0.45822941135353895, 0.45822941135353895, 0.45822941135353895, 0.45822941135353895, 0.45822941135353895, 0.45822941135353895, 0.45822941135353895, 0.45822941135353895]
Training raw path: /home/anhnd/DTI Project/Codes/MPNN/data/KFold/ATCInchikeySideEffectByDrug.txt_train_8
('Number of substructures, proteins, pathways, drugs, se: ', 2936, 1448, 330, 969, 598)
Train: 1.0000 1.0000
Test: 0.7717 0.4690
[0.6599455249007488, 0.6659951756124979, 0.6707104769224417, 0.6685862947465423, 0.6702089143028135, 0.6725794588218923, 0.6745677708061797, 0.6763430493894149, 0.6768554709991286, 0.6784691691812434, 0.6799560992900627, 0.6808409074458359, 0.680492265507733, 0.6811566447307495, 0.6820881716678172, 0.6833599639110587, 0.6849729233660696, 0.686233658112114, 0.6875239412695714, 0.6894198892452056, 0.69188521420692, 0.6949027999666326, 0.6969513408192296, 0.6996146558144785, 0.7015681785426273, 0.7018650995948275, 0.7039406673915639, 0.705666980935321, 0.7082504704495393, 0.7090096891586941, 0.7122632243217539, 0.7138906977204192, 0.7144163723525985, 0.716288031448409, 0.7171202674034698, 0.7213661032311582, 0.7239190179823161, 0.7261100116624681, 0.7281975722335055, 0.7311729468342381, 0.7329983397614183, 0.7334382939769818, 0.7363884111874788, 0.7363884111874788, 0.7382143049112913, 0.7392684000877294, 0.7407731204600094, 0.7414941750503381, 0.7453213072794418, 0.7482232953959589, 0.7482232953959589, 0.7489962143150712, 0.7489962143150712, 0.7512104389267505, 0.7523035372942516, 0.7523035372942516, 0.754607453114899, 0.754607453114899, 0.754607453114899, 0.754607453114899, 0.754607453114899, 0.754607453114899, 0.754607453114899, 0.7574086066818899, 0.7574086066818899, 0.7587802815861789, 0.7603719047147371, 0.7603719047147371, 0.7603719047147371, 0.7603719047147371, 0.7603719047147371, 0.7603719047147371, 0.7619377558182394, 0.7619377558182394, 0.7619377558182394, 0.7676845621648481, 0.7676845621648481, 0.7676845621648481, 0.7695213489044506, 0.7695213489044506, 0.7695213489044506, 0.7695213489044506, 0.7695213489044506, 0.7717114312756641, 0.7717114312756641, 0.7717114312756641, 0.7717114312756641, 0.7717114312756641, 0.7717114312756641, 0.7717114312756641, 0.7717114312756641, 0.7717114312756641, 0.7717114312756641, 0.7717114312756641, 0.7717114312756641]
[0.14024937541641042, 0.14896472550182618, 0.16910480534421288, 0.17254366370876034, 0.180362729292406, 0.18631213021686688, 0.19656839160994666, 0.19925553361361342, 0.2063664425847893, 0.21355072500485486, 0.21708148071272726, 0.22099843748798084, 0.22192984677783598, 0.22741483363473833, 0.23032426726584967, 0.232299860773093, 0.23617023201197118, 0.23893071975640645, 0.24097450638550746, 0.24690551208314335, 0.25434008679984405, 0.2607727863123697, 0.26624321402962464, 0.27212756405953664, 0.27817422186960217, 0.2785455641351415, 0.28271911939847183, 0.2863786027377641, 0.291685604687504, 0.2930947231168177, 0.301300164214751, 0.30535533210933463, 0.30598348454735336, 0.3114255397048816, 0.3134846480068125, 0.3240589669871676, 0.33044693595009733, 0.335500987099484, 0.34116820359647215, 0.3483623882669046, 0.3526602560456137, 0.35349351795807765, 0.36143895857765057, 0.36143895857765057, 0.3659696390171677, 0.368797269160012, 0.37259471581002396, 0.3748599133401113, 0.3839433447213566, 0.3915812815843305, 0.3915812815843305, 0.3943950055947983, 0.3943950055947983, 0.4002134805967101, 0.4034067023155833, 0.4034067023155833, 0.40914693370935434, 0.40914693370935434, 0.40914693370935434, 0.40914693370935434, 0.40914693370935434, 0.40914693370935434, 0.40914693370935434, 0.41734514382859755, 0.41734514382859755, 0.4215100454962648, 0.4274827222723482, 0.4274827222723482, 0.4274827222723482, 0.4274827222723482, 0.4274827222723482, 0.4274827222723482, 0.43272372717726393, 0.43272372717726393, 0.43272372717726393, 0.4536573898236117, 0.4536573898236117, 0.4536573898236117, 0.4598796215068144, 0.4598796215068144, 0.4598796215068144, 0.4598796215068144, 0.4598796215068144, 0.46895117006347203, 0.46895117006347203, 0.46895117006347203, 0.46895117006347203, 0.46895117006347203, 0.46895117006347203, 0.46895117006347203, 0.46895117006347203, 0.46895117006347203, 0.46895117006347203, 0.46895117006347203, 0.46895117006347203]
Training raw path: /home/anhnd/DTI Project/Codes/MPNN/data/KFold/ATCInchikeySideEffectByDrug.txt_train_9
('Number of substructures, proteins, pathways, drugs, se: ', 2936, 1448, 330, 969, 598)
Train: 1.0000 1.0000
Test: 0.7535 0.4451
[0.6447814080622265, 0.65580064687811, 0.6545378845422744, 0.6500535995692124, 0.6545771646369428, 0.6520651515422579, 0.6534596738686924, 0.6531448261178884, 0.6548916736964947, 0.657449130772331, 0.6582814591552121, 0.6598830468465097, 0.6657970123930674, 0.6683748245417436, 0.6701583220691663, 0.6727180096778103, 0.6736788227244042, 0.6755278227284183, 0.6759061010468519, 0.6785934981453341, 0.6819149771569555, 0.6844588355135345, 0.6877031728186085, 0.690511798136773, 0.6916561629187528, 0.6921536886658721, 0.6939880119156643, 0.6960161925457725, 0.6979576366925747, 0.6991205312934823, 0.7021543209317924, 0.7031477999576397, 0.7038275079747748, 0.7050313386332671, 0.7057362966663843, 0.7084485695891303, 0.710242873080478, 0.7129243933164965, 0.7144989815402035, 0.7171271655651255, 0.7186068502293013, 0.7191454841440299, 0.7218353696902823, 0.7218353696902823, 0.7234742410889666, 0.7241186681970146, 0.7258523901560976, 0.7265516957664895, 0.7297451026595935, 0.7323213953991595, 0.7323213953991595, 0.7330662138304741, 0.7330662138304741, 0.7349888907275863, 0.7358912839787369, 0.7358912839787369, 0.7381282278986336, 0.7381282278986336, 0.7381282278986336, 0.7381282278986336, 0.7381282278986336, 0.7381282278986336, 0.7381282278986336, 0.740672240273569, 0.740672240273569, 0.7420405187447953, 0.7434528710650871, 0.7434528710650871, 0.7434528710650871, 0.7434528710650871, 0.7434528710650871, 0.7434528710650871, 0.7449619862807506, 0.7449619862807506, 0.7449619862807506, 0.7498844293294521, 0.7498844293294521, 0.7498844293294521, 0.7516226175377041, 0.7516226175377041, 0.7516226175377041, 0.7516226175377041, 0.7516226175377041, 0.7534644763452354, 0.7534644763452354, 0.7534644763452354, 0.7534644763452354, 0.7534644763452354, 0.7534644763452354, 0.7534644763452354, 0.7534644763452354, 0.7534644763452354, 0.7534644763452354, 0.7534644763452354, 0.7534644763452354]
[0.11507421628295625, 0.13294118107619546, 0.14290947968816092, 0.13991105421645833, 0.15138518861701253, 0.15508983636146853, 0.15941346577656162, 0.16519323698570298, 0.17170423017401043, 0.17901924358945606, 0.18118751725175344, 0.18584492688775378, 0.19787368210771, 0.20363557345426905, 0.20644279254342168, 0.21270901744269954, 0.21536455708216706, 0.22096691874288882, 0.22250585571089437, 0.22969678491069398, 0.23935143711548174, 0.24538781218419486, 0.25254622946682037, 0.25861613209720896, 0.2628819700547139, 0.26386206678814816, 0.26845719890722236, 0.27332717007290536, 0.2778927562391027, 0.2797240183051244, 0.2870987724558427, 0.2885932617798132, 0.29039924783408155, 0.29493410076870347, 0.2961824154010758, 0.3030284780037328, 0.30853820462419945, 0.31493316700597834, 0.31950476101036585, 0.3268000999848494, 0.3302954809181876, 0.332036793162513, 0.3405920105503615, 0.3405920105503615, 0.34528573177449745, 0.34743491891548417, 0.3522323041735891, 0.3543275579142242, 0.3629547951208137, 0.37110007659011573, 0.37110007659011573, 0.37330369245777456, 0.37330369245777456, 0.3790501462763809, 0.38157574866273025, 0.38157574866273025, 0.38887337269810823, 0.38887337269810823, 0.38887337269810823, 0.38887337269810823, 0.38887337269810823, 0.38887337269810823, 0.38887337269810823, 0.39771643576678034, 0.39771643576678034, 0.40231480199663405, 0.4071619707970817, 0.4071619707970817, 0.4071619707970817, 0.4071619707970817, 0.4071619707970817, 0.4071619707970817, 0.41316599771820034, 0.41316599771820034, 0.41316599771820034, 0.4306845934526462, 0.4306845934526462, 0.4306845934526462, 0.4375594233798211, 0.4375594233798211, 0.4375594233798211, 0.4375594233798211, 0.4375594233798211, 0.4450636784809445, 0.4450636784809445, 0.4450636784809445, 0.4450636784809445, 0.4450636784809445, 0.4450636784809445, 0.4450636784809445, 0.4450636784809445, 0.4450636784809445, 0.4450636784809445, 0.4450636784809445, 0.4450636784809445]
AUC: 0.7716 0.0029
AUPR: 0.4743 0.0062
('RARE AUC', [(0.6523963338536951, 0.007902546306292273), (0.6635372658327741, 0.007448050559615143), (0.6669152394201818, 0.007919488352977464), (0.6646796033840605, 0.007535270738245477), (0.666128144467092, 0.0068165107491222265), (0.6667311101478066, 0.006561667026268988), (0.6681992915165905, 0.006492955713319561), (0.6706045405496657, 0.006331258812012416), (0.6736486387205478, 0.006140722813422617), (0.6761216945692665, 0.006106682899527556), (0.6768684107519659, 0.006237082773088588), (0.678931904977861, 0.006174122853922968), (0.6826426539561943, 0.005712361838175778), (0.6849397745831673, 0.005539193785985507), (0.6858208563925748, 0.005429364264656461), (0.6875614843873012, 0.005207647288319254), (0.6891169058485949, 0.0052402203960753915), (0.6906626762794308, 0.005091737719014911), (0.6915642895883739, 0.0050412969485023485), (0.6946824049774247, 0.005013790189241167), (0.6978306498841721, 0.00490147782029209), (0.7005003265254922, 0.004821565682159524), (0.7030488525137978, 0.004702729674474735), (0.7057255865699942, 0.004549155147382475), (0.7073769231840638, 0.004472666610633516), (0.7077549735750739, 0.0044537945021636575), (0.7099564706373853, 0.004394801618078928), (0.7117652030497793, 0.0043028738001745885), (0.7140552745365176, 0.004220300575356584), (0.714915018482011, 0.004167874214099658), (0.7181439804226348, 0.004004028766735276), (0.7195691169899934, 0.003911053137684797), (0.7200848823577417, 0.003868219785665421), (0.7213957897604706, 0.0038259912655339997), (0.7220080995237046, 0.0038000892087961557), (0.7259230874203686, 0.0037930909962937344), (0.7281539325516186, 0.003758517162591656), (0.7305282756179915, 0.003644833851274252), (0.732405492036106, 0.003595717446691628), (0.735042005567235, 0.003483087262340836), (0.7362729562712926, 0.0034104161329375007), (0.736989749518631, 0.003401730947721049), (0.7397221192293244, 0.00332474076835454), (0.7397221192293244, 0.00332474076835454), (0.7413214115039461, 0.003338392885659197), (0.7421104018891216, 0.003313014359188853), (0.7437332903488082, 0.003222686380790328), (0.7445851953444671, 0.00321222347892968), (0.7479470866112734, 0.0031641502367367722), (0.7505170625879672, 0.003094688361520903), (0.7505170625879672, 0.003094688361520903), (0.7513231430259124, 0.0030968016154903914), (0.7513231430259124, 0.0030968016154903914), (0.7532403266860184, 0.0030526334000912023), (0.7541559668396501, 0.003029858408108364), (0.7541559668396501, 0.003029858408108364), (0.7562309177674489, 0.002989787635518874), (0.7562309177674489, 0.002989787635518874), (0.7562309177674489, 0.002989787635518874), (0.7562309177674489, 0.002989787635518874), (0.7562309177674489, 0.002989787635518874), (0.7562309177674489, 0.002989787635518874), (0.7562309177674489, 0.002989787635518874), (0.7587659275854978, 0.002942948425550132), (0.7587659275854978, 0.002942948425550132), (0.7600505538854037, 0.002916372365366027), (0.761450087765415, 0.00292645925187), (0.761450087765415, 0.00292645925187), (0.761450087765415, 0.00292645925187), (0.761450087765415, 0.00292645925187), (0.761450087765415, 0.00292645925187), (0.761450087765415, 0.00292645925187), (0.7630330458984894, 0.0029123374436926014), (0.7630330458984894, 0.0029123374436926014), (0.7630330458984894, 0.0029123374436926014), (0.7679877183631262, 0.0028892172447931744), (0.7679877183631262, 0.0028892172447931744), (0.7679877183631262, 0.0028892172447931744), (0.769683749594313, 0.002856722373673548), (0.769683749594313, 0.002856722373673548), (0.769683749594313, 0.002856722373673548), (0.769683749594313, 0.002856722373673548), (0.769683749594313, 0.002856722373673548), (0.7715715520738091, 0.002851317455011642), (0.7715715520738091, 0.002851317455011642), (0.7715715520738091, 0.002851317455011642), (0.7715715520738091, 0.002851317455011642), (0.7715715520738091, 0.002851317455011642), (0.7715715520738091, 0.002851317455011642), (0.7715715520738091, 0.002851317455011642), (0.7715715520738091, 0.002851317455011642), (0.7715715520738091, 0.002851317455011642), (0.7715715520738091, 0.002851317455011642), (0.7715715520738091, 0.002851317455011642), (0.7715715520738091, 0.002851317455011642)])
('RARE AUPR', [(0.1362608598895905, 0.005518595435928047), (0.1562344894727432, 0.006443087632086648), (0.16845385028617835, 0.008256334126168736), (0.16954503584780592, 0.008000314024857893), (0.17588141906708565, 0.0073922994529930786), (0.18074008126399244, 0.007309746997315234), (0.18587006234830925, 0.007452449139881545), (0.19289608507518846, 0.007815481922890336), (0.19991361484670786, 0.00776988230222392), (0.20563987014234147, 0.007682393557490412), (0.2073692587620363, 0.007885506400913232), (0.2122384236443267, 0.007948189610663693), (0.2210083484744217, 0.0077818898170964), (0.22723243460166703, 0.007555117226498806), (0.2295632832219467, 0.007521560402885058), (0.2337712261683757, 0.007434437829427975), (0.23768246121595693, 0.0075649345412560345), (0.2418463548389119, 0.007557061316589186), (0.24397255694059744, 0.007564863813780985), (0.25206785933705567, 0.00780602903150378), (0.2609596026837423, 0.0077001271339155325), (0.26707828284517704, 0.00771811664712195), (0.27284065656922063, 0.007719709701229696), (0.2796903119783991, 0.007862595175234943), (0.28411871778347375, 0.00790110477265553), (0.28492053560399866, 0.007920085900294516), (0.28959561301318665, 0.00791305868398941), (0.29406593387595625, 0.007882226956105283), (0.2997027554285962, 0.007834818663661276), (0.30129910735047966, 0.007848521909568753), (0.3087570833089194, 0.007591960574873267), (0.3122234513862745, 0.007661704948927618), (0.313562432324065, 0.007633425447938582), (0.3177062356860435, 0.0075681108528512925), (0.31915315701482816, 0.007608859253656304), (0.32949077979582003, 0.007701143568534121), (0.33548612810233497, 0.007691674546859216), (0.34162461371161773, 0.007709874860623305), (0.3469012155242088, 0.0077534665282964835), (0.3544077057189836, 0.007607695261351457), (0.3574972479145435, 0.007592586187735175), (0.3594195740326998, 0.007656256110445205), (0.367623351924821, 0.0076075770912644985), (0.367623351924821, 0.0076075770912644985), (0.3724069821658228, 0.00761307876942201), (0.37475957271464155, 0.007589263768895127), (0.3793763913206719, 0.007607863761522544), (0.3818194213920683, 0.007583395123990541), (0.39137804835927703, 0.007515418793170503), (0.39949797051572405, 0.0073795775916343205), (0.39949797051572405, 0.0073795775916343205), (0.4019788911423521, 0.007335780493977702), (0.4019788911423521, 0.007335780493977702), (0.40752712660249235, 0.007208619931354215), (0.41052450521634426, 0.007274826866170668), (0.41052450521634426, 0.007274826866170668), (0.4165795092070965, 0.00712818763517922), (0.4165795092070965, 0.00712818763517922), (0.4165795092070965, 0.00712818763517922), (0.4165795092070965, 0.00712818763517922), (0.4165795092070965, 0.00712818763517922), (0.4165795092070965, 0.00712818763517922), (0.4165795092070965, 0.00712818763517922), (0.42512804193663295, 0.00708682503066355), (0.42512804193663295, 0.00708682503066355), (0.42924474181988853, 0.007059490525366603), (0.434287797952306, 0.006930972831706179), (0.434287797952306, 0.006930972831706179), (0.434287797952306, 0.006930972831706179), (0.434287797952306, 0.006930972831706179), (0.434287797952306, 0.006930972831706179), (0.434287797952306, 0.006930972831706179), (0.4405432846169187, 0.006883978543857893), (0.4405432846169187, 0.006883978543857893), (0.4405432846169187, 0.006883978543857893), (0.45937409145719466, 0.0064460475032968815), (0.45937409145719466, 0.0064460475032968815), (0.45937409145719466, 0.0064460475032968815), (0.46597084111286646, 0.006317928019224157), (0.46597084111286646, 0.006317928019224157), (0.46597084111286646, 0.006317928019224157), (0.46597084111286646, 0.006317928019224157), (0.46597084111286646, 0.006317928019224157), (0.474253406210665, 0.006201357310036279), (0.474253406210665, 0.006201357310036279), (0.474253406210665, 0.006201357310036279), (0.474253406210665, 0.006201357310036279), (0.474253406210665, 0.006201357310036279), (0.474253406210665, 0.006201357310036279), (0.474253406210665, 0.006201357310036279), (0.474253406210665, 0.006201357310036279), (0.474253406210665, 0.006201357310036279), (0.474253406210665, 0.006201357310036279), (0.474253406210665, 0.006201357310036279), (0.474253406210665, 0.006201357310036279)])
