Default
<models.baselines.omodels.LNSM object at 0x7fd50ce58fd0>
('Manual torch seed: ', 443181909)
Training raw path: /home/anhnd/DTI Project/Codes/MPNN/data/KFold/ATCInchikeySideEffectByDrug.txt_train_0
('Number of substructures, proteins, pathways, drugs, se: ', 2936, 1448, 330, 969, 598)
Train: 0.9940 0.9869
Test: 0.7690 0.4874
[0.6307612579070485, 0.6558076644540403, 0.6671203825348486, 0.6673164102700692, 0.6660824584889264, 0.6657430916438238, 0.667706221670282, 0.6700569014764207, 0.6707570735028761, 0.6722808125888637, 0.6723447820692952, 0.6736109133466104, 0.6775252315144551, 0.6806388159095015, 0.6817432878252604, 0.6835071060587483, 0.6842524200908024, 0.6854858737159315, 0.6858178839966609, 0.6885741827373046, 0.6921923566668369, 0.6941757974169407, 0.696867760012631, 0.6996966366622447, 0.7017522084225909, 0.7021436113828068, 0.7039801990746957, 0.7058010753375349, 0.7087485995839218, 0.7094869190578088, 0.7131086028553524, 0.7148063269597205, 0.7152277572533634, 0.7165277714679705, 0.717369748341588, 0.7220120303302918, 0.7240915706700489, 0.7267715655609769, 0.728678910047168, 0.7315734323600707, 0.7328208377911367, 0.7336996207676347, 0.7362859491690475, 0.7362859491690475, 0.7383370547636561, 0.7392176397187022, 0.7411718386128855, 0.7420495802159319, 0.7454084057079022, 0.7481094028707032, 0.7481094028707032, 0.7490023241924788, 0.7490023241924788, 0.7511073281792716, 0.7520623918942791, 0.7520623918942791, 0.7539515948513487, 0.7539515948513487, 0.7539515948513487, 0.7539515948513487, 0.7539515948513487, 0.7539515948513487, 0.7539515948513487, 0.7565786976899012, 0.7565786976899012, 0.7578975793034988, 0.7592628543316351, 0.7592628543316351, 0.7592628543316351, 0.7592628543316351, 0.7592628543316351, 0.7592628543316351, 0.7608180065701062, 0.7608180065701062, 0.7608180065701062, 0.7653973124468689, 0.7653973124468689, 0.7653973124468689, 0.7671257578612645, 0.7671257578612645, 0.7671257578612645, 0.7671257578612645, 0.7671257578612645, 0.769002853988351, 0.769002853988351, 0.769002853988351, 0.769002853988351, 0.769002853988351, 0.769002853988351, 0.769002853988351, 0.769002853988351, 0.769002853988351, 0.769002853988351, 0.769002853988351, 0.769002853988351]
[0.15875397265320113, 0.1737242483391289, 0.18061717498465563, 0.18092962678857447, 0.182676545218246, 0.18738815149965946, 0.1935214671353736, 0.19581553400728063, 0.1984188346748265, 0.20341970508592086, 0.20395430486406207, 0.206519899462822, 0.21937585674075105, 0.22607322357340023, 0.22977902227863967, 0.23474395488681168, 0.23630202351764512, 0.23817531838913072, 0.23959670857229956, 0.24868349293121755, 0.26045868068686195, 0.2660438138684491, 0.27344395068357413, 0.28140629904108894, 0.2866736212009491, 0.287264837130098, 0.291877709814961, 0.29747746455319163, 0.30486821625596994, 0.30715820195124643, 0.3166213579988818, 0.31940521657508003, 0.32082988666086887, 0.325255142825872, 0.32724192753701054, 0.33954561250593607, 0.34514060379120404, 0.3520273262556918, 0.3576685617148847, 0.36526529638170746, 0.36822267693070265, 0.3703211580937489, 0.3778681678906788, 0.3778681678906788, 0.3856436731572317, 0.3883610198847651, 0.3942437783381472, 0.39668333953051127, 0.40695888213086795, 0.41535045005189947, 0.41535045005189947, 0.4167266544104814, 0.4167266544104814, 0.42341207860899444, 0.42679527417841767, 0.42679527417841767, 0.4319249903947744, 0.4319249903947744, 0.4319249903947744, 0.4319249903947744, 0.4319249903947744, 0.4319249903947744, 0.4319249903947744, 0.44107859676665917, 0.44107859676665917, 0.4456131987101984, 0.450674858727334, 0.450674858727334, 0.450674858727334, 0.450674858727334, 0.450674858727334, 0.450674858727334, 0.45607441812928723, 0.45607441812928723, 0.45607441812928723, 0.47234915639808644, 0.47234915639808644, 0.47234915639808644, 0.47903870795392905, 0.47903870795392905, 0.47903870795392905, 0.47903870795392905, 0.47903870795392905, 0.48738093868885357, 0.48738093868885357, 0.48738093868885357, 0.48738093868885357, 0.48738093868885357, 0.48738093868885357, 0.48738093868885357, 0.48738093868885357, 0.48738093868885357, 0.48738093868885357, 0.48738093868885357, 0.48738093868885357]
Training raw path: /home/anhnd/DTI Project/Codes/MPNN/data/KFold/ATCInchikeySideEffectByDrug.txt_train_1
('Number of substructures, proteins, pathways, drugs, se: ', 2936, 1448, 330, 969, 598)
Train: 0.9932 0.9860
Test: 0.7601 0.4644
[0.6306276262255719, 0.6293662830224354, 0.6321166822596489, 0.6317600701781474, 0.6334130701987363, 0.6334446048299613, 0.6359811169907366, 0.6377747366013322, 0.6408322552610028, 0.6419298336655812, 0.6431941221396568, 0.6456071446641374, 0.65114258265156, 0.6547636711178694, 0.6567693173902975, 0.6599913291483528, 0.6615993282988578, 0.6647647596605399, 0.6659849788403915, 0.6701307174523283, 0.6734083111569615, 0.6758577528796835, 0.6793175636474247, 0.6828257630428052, 0.684534666379438, 0.6849094769681634, 0.6869909717107945, 0.6887431065145616, 0.6921602467070818, 0.6932624676814885, 0.6978327829074802, 0.7002440675186093, 0.7007246503393867, 0.7022222939510587, 0.7029393363994159, 0.7079500749329681, 0.7101371372953253, 0.7135742143313144, 0.7160962656730601, 0.7199937446993301, 0.7214303023226138, 0.722340530870369, 0.7252295834590896, 0.7252295834590896, 0.72665845050614, 0.7273075081136432, 0.72951692316352, 0.7304433362662167, 0.734299632569818, 0.7375534864311343, 0.7375534864311343, 0.7383062981551638, 0.7383062981551638, 0.7406338375206769, 0.7418217865616329, 0.7418217865616329, 0.744168712621807, 0.744168712621807, 0.744168712621807, 0.744168712621807, 0.744168712621807, 0.744168712621807, 0.744168712621807, 0.7470730222077778, 0.7470730222077778, 0.7484029597097455, 0.7497437983560651, 0.7497437983560651, 0.7497437983560651, 0.7497437983560651, 0.7497437983560651, 0.7497437983560651, 0.7515331909431079, 0.7515331909431079, 0.7515331909431079, 0.7562691631837138, 0.7562691631837138, 0.7562691631837138, 0.7581658418621604, 0.7581658418621604, 0.7581658418621604, 0.7581658418621604, 0.7581658418621604, 0.7601187151701463, 0.7601187151701463, 0.7601187151701463, 0.7601187151701463, 0.7601187151701463, 0.7601187151701463, 0.7601187151701463, 0.7601187151701463, 0.7601187151701463, 0.7601187151701463, 0.7601187151701463, 0.7601187151701463]
[0.12046686390076242, 0.13460537479121387, 0.13719055319121237, 0.1366127659827695, 0.14504931010776578, 0.14744468351002138, 0.1532356057073748, 0.15831311864139877, 0.1652914072636451, 0.16995669429343926, 0.17105070157953983, 0.17409918207438635, 0.18303230758204753, 0.19062006304138185, 0.19503926735828003, 0.2015174285414414, 0.20469551612432546, 0.20939163565601293, 0.21123558838506737, 0.22014572938496543, 0.23092601393440373, 0.23555339440254086, 0.2418320385107544, 0.2505588889431778, 0.2543196748593761, 0.25484479534395954, 0.2586380017787031, 0.2621474403649326, 0.27073331274804857, 0.27349786725302644, 0.2830560354193581, 0.2880152202785753, 0.2897134117951291, 0.295374235225539, 0.2968125082167856, 0.30845623813625767, 0.3133269201738021, 0.3207628430612437, 0.32618391658584583, 0.3373433232728784, 0.3409368394916009, 0.34309106579921766, 0.3511006361328966, 0.3511006361328966, 0.35503940000021184, 0.35701655882251315, 0.3634068543466174, 0.36598169648720774, 0.3777793808366038, 0.38888207979625333, 0.38888207979625333, 0.39043846163652784, 0.39043846163652784, 0.3977955857926305, 0.40144822607399033, 0.40144822607399033, 0.40840245713693063, 0.40840245713693063, 0.40840245713693063, 0.40840245713693063, 0.40840245713693063, 0.40840245713693063, 0.40840245713693063, 0.41823070399910917, 0.41823070399910917, 0.4224961987273126, 0.4270061925282189, 0.4270061925282189, 0.4270061925282189, 0.4270061925282189, 0.4270061925282189, 0.4270061925282189, 0.433849230643514, 0.433849230643514, 0.433849230643514, 0.44935059393116855, 0.44935059393116855, 0.44935059393116855, 0.4565389688360937, 0.4565389688360937, 0.4565389688360937, 0.4565389688360937, 0.4565389688360937, 0.4644300621306209, 0.4644300621306209, 0.4644300621306209, 0.4644300621306209, 0.4644300621306209, 0.4644300621306209, 0.4644300621306209, 0.4644300621306209, 0.4644300621306209, 0.4644300621306209, 0.4644300621306209, 0.4644300621306209]
Training raw path: /home/anhnd/DTI Project/Codes/MPNN/data/KFold/ATCInchikeySideEffectByDrug.txt_train_2
('Number of substructures, proteins, pathways, drugs, se: ', 2936, 1448, 330, 969, 598)
Train: 0.9934 0.9858
Test: 0.7806 0.5390
[0.6658326995759587, 0.6824262427869506, 0.689718066870987, 0.6873974783679231, 0.6898228713926595, 0.6884590403437999, 0.6898556944207833, 0.6921108785402583, 0.691244077320006, 0.6939581810587289, 0.6946984698232934, 0.6962606109356615, 0.6986020656673997, 0.6990203560996588, 0.6997268801630947, 0.7020326431548941, 0.7033962423708906, 0.7050215819869265, 0.7057796278943269, 0.7097722971901934, 0.7118120188399841, 0.714093680751016, 0.7171268978261189, 0.7203246590595427, 0.723095249594825, 0.7233759455420358, 0.7257774085635307, 0.7278675088083632, 0.7301032844270456, 0.7310637281551091, 0.733346898921974, 0.7347536636687344, 0.7352039570598251, 0.7362409724641314, 0.7366848013449416, 0.7401957952304785, 0.7421491130369661, 0.7445327464614838, 0.7465847290021852, 0.7490105863360846, 0.7499998600108144, 0.7506270855374232, 0.7530129677461617, 0.7530129677461617, 0.7545245899078676, 0.7551527452950144, 0.7565398320574794, 0.757485953978157, 0.7606617725598096, 0.7628927261250488, 0.7628927261250488, 0.7635381936813991, 0.7635381936813991, 0.7650520618767811, 0.7659930624446749, 0.7659930624446749, 0.7676145913292655, 0.7676145913292655, 0.7676145913292655, 0.7676145913292655, 0.7676145913292655, 0.7676145913292655, 0.7676145913292655, 0.7697761282058094, 0.7697761282058094, 0.7710129348616441, 0.772141151622741, 0.772141151622741, 0.772141151622741, 0.772141151622741, 0.772141151622741, 0.772141151622741, 0.7735116612475669, 0.7735116612475669, 0.7735116612475669, 0.7775354669085048, 0.7775354669085048, 0.7775354669085048, 0.7790356185866009, 0.7790356185866009, 0.7790356185866009, 0.7790356185866009, 0.7790356185866009, 0.7805618289181867, 0.7805618289181867, 0.7805618289181867, 0.7805618289181867, 0.7805618289181867, 0.7805618289181867, 0.7805618289181867, 0.7805618289181867, 0.7805618289181867, 0.7805618289181867, 0.7805618289181867, 0.7805618289181867]
[0.19987845488884834, 0.225023092783165, 0.23704614827236972, 0.23532035209618288, 0.2420053013254495, 0.24386370047920014, 0.24967638216361893, 0.2595010180933423, 0.26252820662589277, 0.26791346279069295, 0.27110047551758526, 0.2757743178263996, 0.2836565368334657, 0.2855626567374241, 0.289009216100112, 0.29512599954599217, 0.2996094430895194, 0.30453112473746746, 0.30656297017572837, 0.31799846632454426, 0.32493711351963606, 0.33160993523367405, 0.3406859971303591, 0.3512606491111173, 0.358153273970813, 0.35902012872803946, 0.365380917628221, 0.3710973689149253, 0.37724880709015995, 0.3795157768375658, 0.38627543836674344, 0.38996509930920276, 0.39112702304053404, 0.39373313007923627, 0.3947083671112125, 0.40395052787515767, 0.4098790227184355, 0.41604041903264044, 0.4232928494024528, 0.4312871465247703, 0.43389251504510884, 0.4359723347616307, 0.4434859159612376, 0.4434859159612376, 0.44909929540388316, 0.4510389324747856, 0.45571113559856313, 0.45871453732504436, 0.4688246939381854, 0.4755532666476524, 0.4755532666476524, 0.4776618824989854, 0.4776618824989854, 0.48270606751132983, 0.4863332447807175, 0.4863332447807175, 0.4904637255119988, 0.4904637255119988, 0.4904637255119988, 0.4904637255119988, 0.4904637255119988, 0.4904637255119988, 0.4904637255119988, 0.4978740987709296, 0.4978740987709296, 0.5024440440669412, 0.5069865962551777, 0.5069865962551777, 0.5069865962551777, 0.5069865962551777, 0.5069865962551777, 0.5069865962551777, 0.512542114481634, 0.512542114481634, 0.512542114481634, 0.5271217028115069, 0.5271217028115069, 0.5271217028115069, 0.5324627934670758, 0.5324627934670758, 0.5324627934670758, 0.5324627934670758, 0.5324627934670758, 0.5390474090339585, 0.5390474090339585, 0.5390474090339585, 0.5390474090339585, 0.5390474090339585, 0.5390474090339585, 0.5390474090339585, 0.5390474090339585, 0.5390474090339585, 0.5390474090339585, 0.5390474090339585, 0.5390474090339585]
Training raw path: /home/anhnd/DTI Project/Codes/MPNN/data/KFold/ATCInchikeySideEffectByDrug.txt_train_3
('Number of substructures, proteins, pathways, drugs, se: ', 2936, 1448, 330, 969, 598)
Train: 0.9925 0.9853
Test: 0.7914 0.5200
[0.6787576085079836, 0.7023811798486723, 0.7098922186496718, 0.7101871925070339, 0.7075346138706369, 0.7055701743624154, 0.7060077774028874, 0.7059037928603737, 0.706700316666634, 0.7105013753023502, 0.7113813757547218, 0.7119060772275437, 0.714815845935471, 0.7178450437266921, 0.7178029455003125, 0.7196102231987234, 0.7208431061350935, 0.7211699883940756, 0.721976039362485, 0.7237380947205981, 0.7267081020286393, 0.7291268745992991, 0.7317143734428712, 0.733600913149777, 0.7346046831744864, 0.7348952947784051, 0.7368236245860906, 0.7381133991886981, 0.7399478055995117, 0.7404322306772539, 0.7433926054889919, 0.7446477578533819, 0.7449834239678867, 0.7460420626240043, 0.7464836630805434, 0.7499454570837996, 0.7520339473042869, 0.7541067848271636, 0.755798066671447, 0.7580583395690517, 0.7589544128210551, 0.7596166668785925, 0.7621591411834063, 0.7621591411834063, 0.7636026776258642, 0.7644265766729712, 0.7659199506367498, 0.7669162342400964, 0.7699377528010141, 0.7724346354945246, 0.7724346354945246, 0.7730433214636505, 0.7730433214636505, 0.7747681439696829, 0.775768020522126, 0.775768020522126, 0.7777767394406931, 0.7777767394406931, 0.7777767394406931, 0.7777767394406931, 0.7777767394406931, 0.7777767394406931, 0.7777767394406931, 0.7798956472515299, 0.7798956472515299, 0.7811036488619569, 0.7823577798741806, 0.7823577798741806, 0.7823577798741806, 0.7823577798741806, 0.7823577798741806, 0.7823577798741806, 0.7837228312698944, 0.7837228312698944, 0.7837228312698944, 0.7881994967739294, 0.7881994967739294, 0.7881994967739294, 0.7897378916121088, 0.7897378916121088, 0.7897378916121088, 0.7897378916121088, 0.7897378916121088, 0.7913631556287765, 0.7913631556287765, 0.7913631556287765, 0.7913631556287765, 0.7913631556287765, 0.7913631556287765, 0.7913631556287765, 0.7913631556287765, 0.7913631556287765, 0.7913631556287765, 0.7913631556287765, 0.7913631556287765]
[0.1842070982641504, 0.21196984549950332, 0.21878982511267256, 0.22284095677987045, 0.2274544998216343, 0.22742015691412126, 0.23632522234721573, 0.23970611863570152, 0.24771918453988626, 0.2561299947827316, 0.25909789179300213, 0.2615780335531531, 0.2690595576464729, 0.27736085368938396, 0.27848257279007693, 0.28441533899172, 0.28802225787684615, 0.2894973911042887, 0.29173005838160204, 0.29816420858621506, 0.30851109188193915, 0.31561354221560217, 0.3228112536077973, 0.32896127582158363, 0.32994176100848094, 0.33113822967360346, 0.33788629034005846, 0.34212876332140896, 0.3465885693034467, 0.34813419090987474, 0.35696150609701355, 0.36124562389059867, 0.3619197259388729, 0.3657158851231279, 0.3669713017796285, 0.37966058335491915, 0.38520476602241377, 0.3911355931844828, 0.3971505502288757, 0.40537940053800453, 0.40787056662640564, 0.41001452779087366, 0.4180190755018569, 0.4180190755018569, 0.4218755525627934, 0.4248092232108893, 0.4300312114291108, 0.43318233713458926, 0.4426454851985042, 0.4520787142990286, 0.4520787142990286, 0.45385270279628454, 0.45385270279628454, 0.4593706927181793, 0.462538500050998, 0.462538500050998, 0.4691381139446789, 0.4691381139446789, 0.4691381139446789, 0.4691381139446789, 0.4691381139446789, 0.4691381139446789, 0.4691381139446789, 0.47559219881599335, 0.47559219881599335, 0.4794023250951631, 0.48398806939622, 0.48398806939622, 0.48398806939622, 0.48398806939622, 0.48398806939622, 0.48398806939622, 0.4897030550636573, 0.4897030550636573, 0.4897030550636573, 0.5069820769390185, 0.5069820769390185, 0.5069820769390185, 0.5131391123071407, 0.5131391123071407, 0.5131391123071407, 0.5131391123071407, 0.5131391123071407, 0.5200461936814703, 0.5200461936814703, 0.5200461936814703, 0.5200461936814703, 0.5200461936814703, 0.5200461936814703, 0.5200461936814703, 0.5200461936814703, 0.5200461936814703, 0.5200461936814703, 0.5200461936814703, 0.5200461936814703]
Training raw path: /home/anhnd/DTI Project/Codes/MPNN/data/KFold/ATCInchikeySideEffectByDrug.txt_train_4
('Number of substructures, proteins, pathways, drugs, se: ', 2936, 1448, 330, 969, 598)
Train: 0.9882 0.9800
Test: 0.7779 0.4451
[0.6780209855115895, 0.6717947774652717, 0.6730426804595214, 0.6788944087784934, 0.6774536691292556, 0.6763868400253786, 0.6792539033699058, 0.6857668788364598, 0.6902619546934997, 0.6933083542452572, 0.693582877029143, 0.696367900255809, 0.7015577388596246, 0.7048682827880043, 0.7054602350507452, 0.7065957649966215, 0.7080668229438227, 0.7091097787745508, 0.7102365354348182, 0.7133153580973329, 0.7158996962547053, 0.7183181720986583, 0.7199679170033809, 0.7220308739810246, 0.7243969633044107, 0.7244858542154557, 0.7261482678203992, 0.7270280739637034, 0.7288868315659809, 0.7293937761828639, 0.7311657674721012, 0.7322555987892603, 0.7324718416961843, 0.7339868742409285, 0.7343690037903811, 0.7378148755650521, 0.7394141211029415, 0.7414164510944349, 0.742818062329631, 0.7449232546869905, 0.7458121396504315, 0.7462599458133881, 0.7487864260146815, 0.7487864260146815, 0.7501656706759972, 0.7508099582986967, 0.7522483369443419, 0.7530491281564191, 0.7554090883677635, 0.7575443379613843, 0.7575443379613843, 0.7583311971211952, 0.7583311971211952, 0.7597554253797364, 0.7603725815595717, 0.7603725815595717, 0.7623652190943504, 0.7623652190943504, 0.7623652190943504, 0.7623652190943504, 0.7623652190943504, 0.7623652190943504, 0.7623652190943504, 0.7649408702843798, 0.7649408702843798, 0.766105465104667, 0.7674208742338643, 0.7674208742338643, 0.7674208742338643, 0.7674208742338643, 0.7674208742338643, 0.7674208742338643, 0.769045433941048, 0.769045433941048, 0.769045433941048, 0.7743283688616799, 0.7743283688616799, 0.7743283688616799, 0.7760754920490902, 0.7760754920490902, 0.7760754920490902, 0.7760754920490902, 0.7760754920490902, 0.7779490071041884, 0.7779490071041884, 0.7779490071041884, 0.7779490071041884, 0.7779490071041884, 0.7779490071041884, 0.7779490071041884, 0.7779490071041884, 0.7779490071041884, 0.7779490071041884, 0.7779490071041884, 0.7779490071041884]
[0.1298350831403902, 0.13268292518855107, 0.13558856593849225, 0.145269728751162, 0.14606960626109164, 0.14841114122074353, 0.15449570569536258, 0.16683183796093107, 0.1753599069660474, 0.1820734267285924, 0.18443935237476702, 0.1888752773272187, 0.19867198572284406, 0.2064072609415033, 0.20836453428110815, 0.21110289291829307, 0.21621247221253975, 0.22058598093647078, 0.22419222003696188, 0.2317065805159127, 0.23918969631293427, 0.24474140174161804, 0.24842670899427613, 0.25349687094615914, 0.2601948483477128, 0.2609000486650457, 0.26583755928170183, 0.26826894071491203, 0.27347273515631126, 0.2754120655984539, 0.2796521465418287, 0.282848943425266, 0.28360228611086813, 0.2892249528074911, 0.2902993190287406, 0.299707415612841, 0.3040733084230849, 0.3088568672850329, 0.3131150798930581, 0.32013314772938795, 0.32291716693765404, 0.3240258430365235, 0.3321661183081026, 0.3321661183081026, 0.33678049868968085, 0.33894952064738787, 0.3445716268904958, 0.34763329747404553, 0.3558117806799532, 0.3650175990754361, 0.3650175990754361, 0.36729664508241633, 0.36729664508241633, 0.37182871830246045, 0.37397117866619695, 0.37397117866619695, 0.38104380872393273, 0.38104380872393273, 0.38104380872393273, 0.38104380872393273, 0.38104380872393273, 0.38104380872393273, 0.38104380872393273, 0.3903853648393011, 0.3903853648393011, 0.3955162004103735, 0.40084465812850134, 0.40084465812850134, 0.40084465812850134, 0.40084465812850134, 0.40084465812850134, 0.40084465812850134, 0.40790140889193804, 0.40790140889193804, 0.40790140889193804, 0.4291069989490027, 0.4291069989490027, 0.4291069989490027, 0.43610436212677695, 0.43610436212677695, 0.43610436212677695, 0.43610436212677695, 0.43610436212677695, 0.4450538595512516, 0.4450538595512516, 0.4450538595512516, 0.4450538595512516, 0.4450538595512516, 0.4450538595512516, 0.4450538595512516, 0.4450538595512516, 0.4450538595512516, 0.4450538595512516, 0.4450538595512516, 0.4450538595512516]
Training raw path: /home/anhnd/DTI Project/Codes/MPNN/data/KFold/ATCInchikeySideEffectByDrug.txt_train_5
('Number of substructures, proteins, pathways, drugs, se: ', 2936, 1448, 330, 969, 598)
Train: 0.9866 0.9776
Test: 0.7818 0.4786
[0.660503017706543, 0.666305978577974, 0.6660647113068978, 0.6660420918295101, 0.6672919009906773, 0.666790985462829, 0.6733985926397144, 0.6779976221574138, 0.6825258171656934, 0.6863374272309603, 0.6869117975956236, 0.6897086129675047, 0.6931312396933406, 0.6944995038728378, 0.6947432123399644, 0.697295277954392, 0.6991789633765668, 0.7024265042988633, 0.702955798628023, 0.7065497055789833, 0.7097587033526548, 0.7115327696601573, 0.715044602251117, 0.7177726216912791, 0.7207063413608348, 0.7211095509595431, 0.7236443181999792, 0.7261317805943627, 0.7283067482161463, 0.729392261858879, 0.7317508593301044, 0.7327434406457336, 0.7329829351204136, 0.7336741126340165, 0.7340983882049305, 0.738330841657165, 0.7401028185907155, 0.7424972915718304, 0.7440643476965136, 0.7461670733173518, 0.7473400895599239, 0.7479829972818859, 0.7504983021787767, 0.7504983021787767, 0.7524419234658037, 0.753149854496543, 0.754533829883507, 0.7552232971760602, 0.7589518064136217, 0.761214317581368, 0.761214317581368, 0.7619597782378149, 0.7619597782378149, 0.7639049833236133, 0.7646904657648099, 0.7646904657648099, 0.7669179995428398, 0.7669179995428398, 0.7669179995428398, 0.7669179995428398, 0.7669179995428398, 0.7669179995428398, 0.7669179995428398, 0.7692313456979778, 0.7692313456979778, 0.7702509358756131, 0.7716999610911881, 0.7716999610911881, 0.7716999610911881, 0.7716999610911881, 0.7716999610911881, 0.7716999610911881, 0.7735271511879026, 0.7735271511879026, 0.7735271511879026, 0.7783130573383106, 0.7783130573383106, 0.7783130573383106, 0.7799534012423227, 0.7799534012423227, 0.7799534012423227, 0.7799534012423227, 0.7799534012423227, 0.7817630233795765, 0.7817630233795765, 0.7817630233795765, 0.7817630233795765, 0.7817630233795765, 0.7817630233795765, 0.7817630233795765, 0.7817630233795765, 0.7817630233795765, 0.7817630233795765, 0.7817630233795765, 0.7817630233795765]
[0.1578214713279329, 0.16405628676997588, 0.15622418431838608, 0.15414950971721453, 0.16121891333288343, 0.1624366766339973, 0.17404505106078527, 0.18166811293728904, 0.18990695938495813, 0.19693114813778495, 0.20091612105636147, 0.2053503273932448, 0.21472196316504719, 0.2186034983592408, 0.2200698591605118, 0.22652751622779715, 0.23055388204888097, 0.23850788052739166, 0.23957801272348692, 0.24815449744082296, 0.25703883787875215, 0.2598976289164683, 0.2671719983747337, 0.27392411591795773, 0.2803547138657003, 0.2811672588690225, 0.2884031884847764, 0.2946626004382104, 0.3001828625629634, 0.30333236663184526, 0.30964126871336317, 0.31253515922911657, 0.3133189211716031, 0.3152940487103253, 0.3160056954708826, 0.32876638995889695, 0.33328715831104144, 0.34007325715934766, 0.3450174228707758, 0.35146369019294665, 0.35428815845673867, 0.3562453826016506, 0.3637871990775802, 0.3637871990775802, 0.37033034829430533, 0.3717833223798175, 0.37623160965722724, 0.37889054141972056, 0.3913886786286148, 0.39898285768519753, 0.39898285768519753, 0.40104551894447205, 0.40104551894447205, 0.4075369529195084, 0.41029502623209635, 0.41029502623209635, 0.4186104788286467, 0.4186104788286467, 0.4186104788286467, 0.4186104788286467, 0.4186104788286467, 0.4186104788286467, 0.4186104788286467, 0.4270733898611603, 0.4270733898611603, 0.43060464334679255, 0.4367112811444859, 0.4367112811444859, 0.4367112811444859, 0.4367112811444859, 0.4367112811444859, 0.4367112811444859, 0.44451794024581165, 0.44451794024581165, 0.44451794024581165, 0.46393337160856973, 0.46393337160856973, 0.46393337160856973, 0.47037711950979844, 0.47037711950979844, 0.47037711950979844, 0.47037711950979844, 0.47037711950979844, 0.47859016790478537, 0.47859016790478537, 0.47859016790478537, 0.47859016790478537, 0.47859016790478537, 0.47859016790478537, 0.47859016790478537, 0.47859016790478537, 0.47859016790478537, 0.47859016790478537, 0.47859016790478537, 0.47859016790478537]
Training raw path: /home/anhnd/DTI Project/Codes/MPNN/data/KFold/ATCInchikeySideEffectByDrug.txt_train_6
('Number of substructures, proteins, pathways, drugs, se: ', 2936, 1448, 330, 969, 598)
Train: 0.9876 0.9790
Test: 0.7934 0.4985
[0.6781504732555581, 0.6954353617034592, 0.7007571148026257, 0.6985640086490955, 0.6959241807000986, 0.6953257372566962, 0.6974446842869411, 0.7045915637777549, 0.7079228550587924, 0.7122952699118661, 0.7147123701859179, 0.7165432229002486, 0.7196079796867296, 0.7228882356408177, 0.7230878991406448, 0.7243589772635398, 0.7254490604406105, 0.7262394117459001, 0.7269471145829791, 0.7302086907659212, 0.7327232394975683, 0.735278822635867, 0.7373207928764389, 0.7389876719432846, 0.7400319477110101, 0.7403313096919825, 0.7418143361153444, 0.7429005864021945, 0.7449133157540087, 0.7451759453535428, 0.7476188190363948, 0.7484000307477472, 0.7488226588732761, 0.7501276116192237, 0.7505510901273169, 0.7536737616797816, 0.7554989944517108, 0.7573101289488585, 0.758730286609117, 0.7609877731041506, 0.7618208504402453, 0.7624481097672378, 0.7649107218293512, 0.7649107218293512, 0.7666541217190275, 0.7674723368168707, 0.7687287115713197, 0.769461666486899, 0.7719801591115192, 0.7741895984924669, 0.7741895984924669, 0.7750498414721096, 0.7750498414721096, 0.7765867144492211, 0.7773326756184737, 0.7773326756184737, 0.7791557658777711, 0.7791557658777711, 0.7791557658777711, 0.7791557658777711, 0.7791557658777711, 0.7791557658777711, 0.7791557658777711, 0.7814642143426738, 0.7814642143426738, 0.7824728766492978, 0.7838580626468601, 0.7838580626468601, 0.7838580626468601, 0.7838580626468601, 0.7838580626468601, 0.7838580626468601, 0.7852180334620418, 0.7852180334620418, 0.7852180334620418, 0.7900906726232972, 0.7900906726232972, 0.7900906726232972, 0.7914976637282543, 0.7914976637282543, 0.7914976637282543, 0.7914976637282543, 0.7914976637282543, 0.7933689104502719, 0.7933689104502719, 0.7933689104502719, 0.7933689104502719, 0.7933689104502719, 0.7933689104502719, 0.7933689104502719, 0.7933689104502719, 0.7933689104502719, 0.7933689104502719, 0.7933689104502719, 0.7933689104502719]
[0.18283689674544332, 0.19647818340170708, 0.2006559628291309, 0.1950909831214106, 0.2039900025599303, 0.20460315234676474, 0.21511218377436167, 0.22529467792822352, 0.23194260052919308, 0.24193457553548586, 0.24665440610867356, 0.25293384063489005, 0.25993476743801486, 0.26642528452277936, 0.2665830116405221, 0.26928780998849333, 0.27563832537262817, 0.2774991234303526, 0.27924138304802804, 0.2875568689196113, 0.2946000825777013, 0.30138530827780874, 0.308361144272707, 0.3149755287475397, 0.318648376627219, 0.31930451725040043, 0.32344555435690364, 0.32737445987674135, 0.3328315685293356, 0.33433521897208823, 0.34112537138957394, 0.343678912084264, 0.34489509041390054, 0.35094461734963034, 0.3524588749516289, 0.361800261936279, 0.36740033852493703, 0.3721473406679392, 0.37686102980659175, 0.3833642605038156, 0.38606753166124996, 0.38757635057912143, 0.3963778395973755, 0.3963778395973755, 0.402670600211955, 0.4054571963664166, 0.4100153872246194, 0.4125564080752325, 0.42199928855704505, 0.4306433485188029, 0.4306433485188029, 0.43290184783697455, 0.43290184783697455, 0.43733034596165604, 0.4397754254826086, 0.4397754254826086, 0.4457112761764289, 0.4457112761764289, 0.4457112761764289, 0.4457112761764289, 0.4457112761764289, 0.4457112761764289, 0.4457112761764289, 0.4533145255356721, 0.4533145255356721, 0.45625534025663983, 0.4617822044251816, 0.4617822044251816, 0.4617822044251816, 0.4617822044251816, 0.4617822044251816, 0.4617822044251816, 0.46697607484267944, 0.46697607484267944, 0.46697607484267944, 0.4848119209513153, 0.4848119209513153, 0.4848119209513153, 0.4893885016813654, 0.4893885016813654, 0.4893885016813654, 0.4893885016813654, 0.4893885016813654, 0.4985131945196021, 0.4985131945196021, 0.4985131945196021, 0.4985131945196021, 0.4985131945196021, 0.4985131945196021, 0.4985131945196021, 0.4985131945196021, 0.4985131945196021, 0.4985131945196021, 0.4985131945196021, 0.4985131945196021]
Training raw path: /home/anhnd/DTI Project/Codes/MPNN/data/KFold/ATCInchikeySideEffectByDrug.txt_train_7
('Number of substructures, proteins, pathways, drugs, se: ', 2936, 1448, 330, 969, 598)
Train: 0.9862 0.9769
Test: 0.7915 0.5107
[0.6614606659364926, 0.6729089260210457, 0.686008472973664, 0.6856103578523415, 0.6836976563392081, 0.6873144415668906, 0.6878921172731761, 0.6895806470583614, 0.6923688783967156, 0.6947040694598872, 0.694687092306207, 0.6964685596511325, 0.7016507333339045, 0.703655346632422, 0.70392444237467, 0.7056952938445913, 0.7074100892469579, 0.7089587684749381, 0.7106481537558825, 0.7141536750522269, 0.717642730159415, 0.7203327065169873, 0.7235404493059512, 0.7266626465367669, 0.7283998011629038, 0.7287484256094938, 0.7312454633096492, 0.7333454803404228, 0.7351764692807505, 0.7357796335818263, 0.7391523853809434, 0.7405784608909609, 0.7412123974467847, 0.7421770469351168, 0.7426667305988015, 0.7459427511926306, 0.7480080742175078, 0.7502848602749416, 0.7523472009153691, 0.7551566129718356, 0.7562868975720052, 0.7569097368340594, 0.7593609807412207, 0.7593609807412207, 0.7613383035496123, 0.7620712677099553, 0.7641421589780233, 0.7652072307378632, 0.7691589312962217, 0.7713977019838576, 0.7713977019838576, 0.7722793473795336, 0.7722793473795336, 0.7741718515859262, 0.7751152419033935, 0.7751152419033935, 0.7768950648723747, 0.7768950648723747, 0.7768950648723747, 0.7768950648723747, 0.7768950648723747, 0.7768950648723747, 0.7768950648723747, 0.7794526750728734, 0.7794526750728734, 0.7805561499396958, 0.7816970970492885, 0.7816970970492885, 0.7816970970492885, 0.7816970970492885, 0.7816970970492885, 0.7816970970492885, 0.78308975176107, 0.78308975176107, 0.78308975176107, 0.7880573115900873, 0.7880573115900873, 0.7880573115900873, 0.7896832079684944, 0.7896832079684944, 0.7896832079684944, 0.7896832079684944, 0.7896832079684944, 0.7914944410421514, 0.7914944410421514, 0.7914944410421514, 0.7914944410421514, 0.7914944410421514, 0.7914944410421514, 0.7914944410421514, 0.7914944410421514, 0.7914944410421514, 0.7914944410421514, 0.7914944410421514, 0.7914944410421514]
[0.14962865888231264, 0.1571184109585584, 0.17763839724984729, 0.1809983205884873, 0.18728088590822153, 0.19528755264714903, 0.19960724425958087, 0.2050117853559626, 0.20988507640455126, 0.21371850314272284, 0.21484488639119503, 0.21974439796283474, 0.23232059063990168, 0.23753679843840342, 0.23957271379397824, 0.24435994739005418, 0.24846302634637235, 0.25187176149869406, 0.2541010571441701, 0.261944560987106, 0.2731249182157489, 0.2789147367784841, 0.28627740386100764, 0.29487613453820105, 0.299323414705985, 0.2999907233072103, 0.306258920995754, 0.3126135030949987, 0.31718806118830456, 0.31870581286754773, 0.32971463160878933, 0.33376482984404765, 0.3358696933365548, 0.33929923400259193, 0.3405772721833723, 0.3513479492259311, 0.35873791797847954, 0.36540445405624766, 0.3710204083733613, 0.3805364891085279, 0.38363780894313193, 0.38597364320897143, 0.3947502808887311, 0.3947502808887311, 0.40231386454208506, 0.4049440470716651, 0.41099271623445954, 0.4145802758717322, 0.42854456709230476, 0.4368133575771388, 0.4368133575771388, 0.4398374695835946, 0.4398374695835946, 0.4461447748548582, 0.44892121917369665, 0.44892121917369665, 0.4541688329627392, 0.4541688329627392, 0.4541688329627392, 0.4541688329627392, 0.4541688329627392, 0.4541688329627392, 0.4541688329627392, 0.46381413422617135, 0.46381413422617135, 0.468342333034506, 0.4729437330806675, 0.4729437330806675, 0.4729437330806675, 0.4729437330806675, 0.4729437330806675, 0.4729437330806675, 0.4778210724861002, 0.4778210724861002, 0.4778210724861002, 0.49713630062353287, 0.49713630062353287, 0.49713630062353287, 0.5027275926875279, 0.5027275926875279, 0.5027275926875279, 0.5027275926875279, 0.5027275926875279, 0.5106675588880917, 0.5106675588880917, 0.5106675588880917, 0.5106675588880917, 0.5106675588880917, 0.5106675588880917, 0.5106675588880917, 0.5106675588880917, 0.5106675588880917, 0.5106675588880917, 0.5106675588880917, 0.5106675588880917]
Training raw path: /home/anhnd/DTI Project/Codes/MPNN/data/KFold/ATCInchikeySideEffectByDrug.txt_train_8
('Number of substructures, proteins, pathways, drugs, se: ', 2936, 1448, 330, 969, 598)
Train: 0.9885 0.9806
Test: 0.7711 0.4584
[0.6868869792451882, 0.697180636222229, 0.6826708228396845, 0.6741000534326445, 0.6702283757868979, 0.67171181454031, 0.6727120286795623, 0.6760092813725485, 0.6787857028177442, 0.6826844334584273, 0.6833744544619511, 0.6836057691349904, 0.6853075258410564, 0.6877565183877946, 0.6889921724849104, 0.6899866416334419, 0.691388867294199, 0.6934223812509834, 0.6943295270209344, 0.6958628118776429, 0.6979292918937042, 0.7010928505236174, 0.7032011729647492, 0.7058412499535773, 0.7081932565866975, 0.7084166873253259, 0.7102296742471147, 0.7119423150962639, 0.7135449450389715, 0.7139925905795012, 0.7178349460971521, 0.7189243178788104, 0.7192020539312018, 0.7211204182903234, 0.7215359540437922, 0.7249280182349984, 0.7268353454841624, 0.7292075995855617, 0.7307006601131394, 0.7332925084205575, 0.7346146423775968, 0.7349386629997836, 0.7378587238801069, 0.7378587238801069, 0.7395298313276135, 0.7402985126161233, 0.7416900423338271, 0.7425113541320318, 0.7452741208867366, 0.7483363780481666, 0.7483363780481666, 0.7492815126975532, 0.7492815126975532, 0.751176334261292, 0.752228695302793, 0.752228695302793, 0.7542885582873116, 0.7542885582873116, 0.7542885582873116, 0.7542885582873116, 0.7542885582873116, 0.7542885582873116, 0.7542885582873116, 0.7572084488959887, 0.7572084488959887, 0.7582864472138537, 0.759569846476084, 0.759569846476084, 0.759569846476084, 0.759569846476084, 0.759569846476084, 0.759569846476084, 0.7611001601598985, 0.7611001601598985, 0.7611001601598985, 0.7669079088531934, 0.7669079088531934, 0.7669079088531934, 0.7688542383042936, 0.7688542383042936, 0.7688542383042936, 0.7688542383042936, 0.7688542383042936, 0.7710846019352311, 0.7710846019352311, 0.7710846019352311, 0.7710846019352311, 0.7710846019352311, 0.7710846019352311, 0.7710846019352311, 0.7710846019352311, 0.7710846019352311, 0.7710846019352311, 0.7710846019352311, 0.7710846019352311]
[0.1279549595024581, 0.13754103831590844, 0.144692733721021, 0.14703214325480002, 0.15560953976687147, 0.16180269343737785, 0.17130870689852054, 0.17799874832328644, 0.18763659441662905, 0.1965320705762102, 0.19774711438073828, 0.2025100045274104, 0.20813144190349886, 0.21083023130006054, 0.2137305285740725, 0.2174563132555029, 0.22108584807364212, 0.22611365732033373, 0.22831411510468883, 0.23463767624264814, 0.24182505081004707, 0.2470039152468436, 0.25063853283779214, 0.25737916825284435, 0.26282188346159935, 0.263092112355102, 0.2683215024464189, 0.27297225730587227, 0.27685210067364746, 0.2779831771229447, 0.2873638072278987, 0.2911244318289753, 0.29212019448022286, 0.29839975075253433, 0.2990927497024719, 0.30843551612811027, 0.3143316061788496, 0.32009668679324, 0.32354286595602405, 0.3314145348996916, 0.334624978888528, 0.335662460612659, 0.3438160139103459, 0.3438160139103459, 0.3494358821943467, 0.35179908780269503, 0.35684365887798836, 0.3594737040689363, 0.3689869851486117, 0.3792043974237298, 0.3792043974237298, 0.3819336996482035, 0.3819336996482035, 0.38803766446291293, 0.39170141864453695, 0.39170141864453695, 0.39749200045275085, 0.39749200045275085, 0.39749200045275085, 0.39749200045275085, 0.39749200045275085, 0.39749200045275085, 0.39749200045275085, 0.4058750372844534, 0.4058750372844534, 0.410139191709895, 0.4148499868566171, 0.4148499868566171, 0.4148499868566171, 0.4148499868566171, 0.4148499868566171, 0.4148499868566171, 0.41930879860951714, 0.41930879860951714, 0.41930879860951714, 0.44181233502866174, 0.44181233502866174, 0.44181233502866174, 0.44829898665766355, 0.44829898665766355, 0.44829898665766355, 0.44829898665766355, 0.44829898665766355, 0.458378595263243, 0.458378595263243, 0.458378595263243, 0.458378595263243, 0.458378595263243, 0.458378595263243, 0.458378595263243, 0.458378595263243, 0.458378595263243, 0.458378595263243, 0.458378595263243, 0.458378595263243]
Training raw path: /home/anhnd/DTI Project/Codes/MPNN/data/KFold/ATCInchikeySideEffectByDrug.txt_train_9
('Number of substructures, proteins, pathways, drugs, se: ', 2936, 1448, 330, 969, 598)
Train: 0.9869 0.9777
Test: 0.7951 0.5064
[0.6995802311291741, 0.7174420730388126, 0.7163922573440362, 0.7128305089181604, 0.7148509656769705, 0.7139839612617571, 0.7150036471132776, 0.716166079278304, 0.7183559922244284, 0.7203512410624666, 0.7206595176561612, 0.7224929969777214, 0.7262791703822509, 0.7274560034523623, 0.7282155964426308, 0.7306075405619854, 0.7323030397854711, 0.7319858853167958, 0.732255592175773, 0.7345229266793081, 0.7368622209290479, 0.7394606188070925, 0.7420541174680141, 0.7438573320467928, 0.7449140861041534, 0.7450847916379797, 0.7466636636791235, 0.747988329561017, 0.7495202982376952, 0.7506482140603764, 0.7530033949379359, 0.7536893215606879, 0.7543488091150745, 0.7552711149195697, 0.7559241027213182, 0.7585424678063424, 0.7599515356205957, 0.7618912542711637, 0.7629900277435062, 0.7652926918739583, 0.7665211561503991, 0.7668886563024413, 0.7685859867964591, 0.7685859867964591, 0.7702015122536765, 0.770678912789182, 0.7720958029865148, 0.7727254250798905, 0.7753365980890976, 0.777545234212748, 0.777545234212748, 0.778177666449819, 0.778177666449819, 0.7799459148842232, 0.7808155951276405, 0.7808155951276405, 0.7825347740264359, 0.7825347740264359, 0.7825347740264359, 0.7825347740264359, 0.7825347740264359, 0.7825347740264359, 0.7825347740264359, 0.7845642473749695, 0.7845642473749695, 0.7857138151080252, 0.7868977455098896, 0.7868977455098896, 0.7868977455098896, 0.7868977455098896, 0.7868977455098896, 0.7868977455098896, 0.7881422284189091, 0.7881422284189091, 0.7881422284189091, 0.7921742480496483, 0.7921742480496483, 0.7921742480496483, 0.7935873195231012, 0.7935873195231012, 0.7935873195231012, 0.7935873195231012, 0.7935873195231012, 0.795129646346294, 0.795129646346294, 0.795129646346294, 0.795129646346294, 0.795129646346294, 0.795129646346294, 0.795129646346294, 0.795129646346294, 0.795129646346294, 0.795129646346294, 0.795129646346294, 0.795129646346294]
[0.15670260657411844, 0.17596095982741006, 0.18397777723840142, 0.1850932054385276, 0.1976063064043736, 0.2008042773371188, 0.20620346848936133, 0.21185157090700651, 0.2196272501813507, 0.2264439006707538, 0.22865919419307246, 0.2337733076778781, 0.24672327046868808, 0.2532880164661717, 0.257172677313418, 0.2653169245170189, 0.27038550786958715, 0.27244563044649583, 0.2732436610877352, 0.28205444759972687, 0.2917600690680832, 0.29946121236962536, 0.308772834156542, 0.3157156486618782, 0.3180351935283249, 0.3193100058777335, 0.32488082746598934, 0.3295073648128828, 0.33446259347257035, 0.33718420141245053, 0.3431890688673783, 0.345297703068486, 0.34801126765485685, 0.3528091601577418, 0.35489014944080144, 0.364097461249275, 0.3691837735005842, 0.3756658335723245, 0.3793003664208737, 0.38810451390591727, 0.39242392457591474, 0.3936867213409641, 0.40063798454101646, 0.40063798454101646, 0.4069826470636798, 0.40907234508687346, 0.41445856605713105, 0.4161194332385143, 0.42490905187782535, 0.43440855000800105, 0.43440855000800105, 0.43673357568161864, 0.43673357568161864, 0.4436249228275141, 0.4466952211664344, 0.4466952211664344, 0.45345847016079693, 0.45345847016079693, 0.45345847016079693, 0.45345847016079693, 0.45345847016079693, 0.45345847016079693, 0.45345847016079693, 0.4607341087352372, 0.4607341087352372, 0.46560833690678016, 0.47118138715712843, 0.47118138715712843, 0.47118138715712843, 0.47118138715712843, 0.47118138715712843, 0.47118138715712843, 0.4756951136823437, 0.4756951136823437, 0.4756951136823437, 0.49369570415498865, 0.49369570415498865, 0.49369570415498865, 0.49925106501610184, 0.49925106501610184, 0.49925106501610184, 0.49925106501610184, 0.49925106501610184, 0.5064292073964012, 0.5064292073964012, 0.5064292073964012, 0.5064292073964012, 0.5064292073964012, 0.5064292073964012, 0.5064292073964012, 0.5064292073964012, 0.5064292073964012, 0.5064292073964012, 0.5064292073964012, 0.5064292073964012]
AUC: 0.7812 0.0035
AUPR: 0.4909 0.0089
('RARE AUC', [(0.667058154500111, 0.006746421059570374), (0.6791049123140891, 0.007673527972871969), (0.6823783410041585, 0.007369669586792064), (0.6812702580783419, 0.007157243708008088), (0.6806299762574068, 0.007042741849350265), (0.6804730691293862, 0.0069233889107592475), (0.6825255783847266, 0.006699000212437939), (0.6855958381959228, 0.006666404751375558), (0.6879754923107393, 0.006587726799238819), (0.6908350997984389, 0.0067616510473853895), (0.691554685902197, 0.0067797590228064), (0.693257180806136, 0.006734989245621557), (0.6969620113565792, 0.006606511945781536), (0.699339177762796, 0.006504723529768086), (0.7000465988712531, 0.0063579789822903994), (0.7019680797815291, 0.006274052178037984), (0.7033887939983272, 0.006276685405072853), (0.7048584933619505, 0.0060112572079754345), (0.7056931251692274, 0.005979982272519852), (0.7086828460151839, 0.005890532943552773), (0.7114936670779517, 0.00582503219793407), (0.7139270045889319, 0.005838724834615289), (0.7166155646798698, 0.005767828639697768), (0.7191600368067095, 0.005617682813893222), (0.7210629203801351, 0.005526418188239744), (0.7213500948111191, 0.005513533962709181), (0.7233317927306722, 0.005487670288795482), (0.7249861655807123, 0.005438548926476694), (0.7271308544411114, 0.005296450164090492), (0.727862776718865, 0.005274234282309472), (0.7308207062428431, 0.005079011084358829), (0.7321042986513647, 0.0049558757730870555), (0.7325180484803397, 0.004967818561904462), (0.7337390279146343, 0.004909040456197805), (0.7342622818653028, 0.004887645186975776), (0.7379336073713508, 0.004698778641644807), (0.7398222657774262, 0.004658391548878989), (0.7421592896927729, 0.004533872637221767), (0.7438808556801138, 0.004454929015547365), (0.7464456017339381, 0.004336225596662162), (0.7475601188696223, 0.004295964691480566), (0.7481712013052816, 0.004269664923892586), (0.7506688782998301, 0.004193596996336658), (0.7506688782998301, 0.004193596996336658), (0.7523454135795259, 0.004196403450768672), (0.7530585312527702, 0.004190049177453029), (0.7546587427168168, 0.004135606486247735), (0.7555073206469566, 0.004127573208251167), (0.7586418267803504, 0.004069179535952548), (0.7611217819201401, 0.003972743169125403), (0.7611217819201401, 0.003972743169125403), (0.7618969480850719, 0.003959100609561255), (0.7618969480850719, 0.003959100609561255), (0.7637102595430425, 0.003907754842321436), (0.7646200516699395, 0.0038849262615796108), (0.7646200516699395, 0.0038849262615796108), (0.7665669019944198, 0.0038421888064080765), (0.7665669019944198, 0.0038421888064080765), (0.7665669019944198, 0.0038421888064080765), (0.7665669019944198, 0.0038421888064080765), (0.7665669019944198, 0.0038421888064080765), (0.7665669019944198, 0.0038421888064080765), (0.7665669019944198, 0.0038421888064080765), (0.7690185297023883, 0.0037640759300650853), (0.7690185297023883, 0.0037640759300650853), (0.7701802812627998, 0.0037460104193741796), (0.7714649171191796, 0.003733860036418576), (0.7714649171191796, 0.003733860036418576), (0.7714649171191796, 0.003733860036418576), (0.7714649171191796, 0.003733860036418576), (0.7714649171191796, 0.003733860036418576), (0.7714649171191796, 0.003733860036418576), (0.7729708448961545, 0.0036910031774095254), (0.7729708448961545, 0.0036910031774095254), (0.7729708448961545, 0.0036910031774095254), (0.7777273006629234, 0.003632375852313198), (0.7777273006629234, 0.003632375852313198), (0.7777273006629234, 0.003632375852313198), (0.7793716432737691, 0.003583982132364917), (0.7793716432737691, 0.003583982132364917), (0.7793716432737691, 0.003583982132364917), (0.7793716432737691, 0.003583982132364917), (0.7793716432737691, 0.003583982132364917), (0.7811836183963174, 0.0035470909565376175), (0.7811836183963174, 0.0035470909565376175), (0.7811836183963174, 0.0035470909565376175), (0.7811836183963174, 0.0035470909565376175), (0.7811836183963174, 0.0035470909565376175), (0.7811836183963174, 0.0035470909565376175), (0.7811836183963174, 0.0035470909565376175), (0.7811836183963174, 0.0035470909565376175), (0.7811836183963174, 0.0035470909565376175), (0.7811836183963174, 0.0035470909565376175), (0.7811836183963174, 0.0035470909565376175), (0.7811836183963174, 0.0035470909565376175)])
('RARE AUPR', [(0.15680860658796178, 0.007886926191702162), (0.17091603658751217, 0.009711490888296544), (0.17724213228561894, 0.010367362963284119), (0.17833375925189995, 0.009983604538263455), (0.18489609107064675, 0.010061308771728783), (0.18794621860261537, 0.009858784739419875), (0.1953531037531555, 0.009815657944845511), (0.20219925227904226, 0.009772166764347025), (0.20883160209869805, 0.00947588655440686), (0.21550534817443348, 0.009623795184374761), (0.2178464448258997, 0.009840214992060347), (0.22211585884402382, 0.009923207858213436), (0.2315628278140732, 0.009784337060194758), (0.23727078870697493, 0.009668365229860271), (0.23978034032907192, 0.009538397818535826), (0.24498541262631246, 0.009650952875404375), (0.24909683025319868, 0.009782532528310916), (0.25286195040466386, 0.009524686093841878), (0.25477957746597685, 0.009476451710745392), (0.2631046528932771, 0.00963016532568229), (0.2722371554886108, 0.009522856312844117), (0.2780224889051114, 0.009816488099006197), (0.2848421862429543, 0.010235264260186542), (0.2922554579981548, 0.010398706470944432), (0.29684667615761606, 0.010231935266072918), (0.2976032657200215, 0.010289756932834116), (0.3030930472593488, 0.010442299437284575), (0.30782501633980763, 0.010583729087182744), (0.3134428826980758, 0.010493601239261513), (0.31552588795570435, 0.010485523942318789), (0.3233600632230829, 0.010440651380793434), (0.3267881139533612, 0.010401331688975298), (0.3281407500603411, 0.010428097912055824), (0.33260501570340895, 0.010204895037647816), (0.3339058165422535, 0.010234038555400959), (0.3445767955983604, 0.010187784201002213), (0.3500565415622832, 0.010296273116901388), (0.35622106210681903, 0.010294378020574129), (0.3613153051252744, 0.010510877621976538), (0.36942918030576477, 0.010502363663729941), (0.37248821675570354, 0.010471094640736376), (0.3742569487825361, 0.01053732153138826), (0.38220092318098214, 0.010506729158935591), (0.38220092318098214, 0.010506729158935591), (0.38801717621201726, 0.010571625534825761), (0.39032312537478087, 0.010606740844252668), (0.395650654465436, 0.010544447471732353), (0.3983815570625534, 0.010559763926912935), (0.4087848794088516, 0.01059891472901908), (0.41769346210831404, 0.010384889741584306), (0.41769346210831404, 0.010384889741584306), (0.4198428458119558, 0.01038325824277857), (0.4198428458119558, 0.01038325824277857), (0.42577878039600436, 0.010340336332917897), (0.4288474734449694, 0.010378331934216249), (0.4288474734449694, 0.010378331934216249), (0.4350414154293678, 0.01018240208195383), (0.4350414154293678, 0.01018240208195383), (0.4350414154293678, 0.01018240208195383), (0.4350414154293678, 0.01018240208195383), (0.4350414154293678, 0.01018240208195383), (0.4350414154293678, 0.01018240208195383), (0.4350414154293678, 0.01018240208195383), (0.44339721588346864, 0.009971652813475862), (0.44339721588346864, 0.009971652813475862), (0.44764218122646027, 0.009943703260984251), (0.4526968967699532, 0.009900175052242713), (0.4526968967699532, 0.009900175052242713), (0.4526968967699532, 0.009900175052242713), (0.4526968967699532, 0.009900175052242713), (0.4526968967699532, 0.009900175052242713), (0.4526968967699532, 0.009900175052242713), (0.4584389227076483, 0.009767380744444205), (0.4584389227076483, 0.009767380744444205), (0.4584389227076483, 0.009767380744444205), (0.47663001613958506, 0.009297178332273006), (0.47663001613958506, 0.009297178332273006), (0.47663001613958506, 0.009297178332273006), (0.4827327210243474, 0.009125176121138178), (0.4827327210243474, 0.009125176121138178), (0.4827327210243474, 0.009125176121138178), (0.4827327210243474, 0.009125176121138178), (0.4827327210243474, 0.009125176121138178), (0.49085371870582784, 0.008877842818161516), (0.49085371870582784, 0.008877842818161516), (0.49085371870582784, 0.008877842818161516), (0.49085371870582784, 0.008877842818161516), (0.49085371870582784, 0.008877842818161516), (0.49085371870582784, 0.008877842818161516), (0.49085371870582784, 0.008877842818161516), (0.49085371870582784, 0.008877842818161516), (0.49085371870582784, 0.008877842818161516), (0.49085371870582784, 0.008877842818161516), (0.49085371870582784, 0.008877842818161516), (0.49085371870582784, 0.008877842818161516)])
