Default
<models.baselines.omodels.LNSM object at 0x7f3621ec6d50>
('Manual torch seed: ', 1772727637)
('Config: ', 'Protein Test: ', True, 'KNN: ', 2)
Training raw path: /home/anhnd/DTI Project/Codes/MPNN/data/KFold/ATCInchikeySideEffectByDrug.txt_train_0
('Number of substructures, proteins, pathways, drugs, se: ', 2936, 1448, 330, 969, 598)
((872, 4714), (97, 4714), (872, 598), (97, 598))
('VALIDATE SUM PROTEIN TRAIN: ', 22497.0)
('VALIDATE SUM PROTEIN TEST: ', 2685.0)
Train: 1.0000 1.0000
Test: 0.7582 0.4698
[0.6345874795977465, 0.6581119435059012, 0.6628560619464029, 0.6565444584858743, 0.6557381992464428, 0.6554681357000098, 0.6584707370681312, 0.6635465292338064, 0.6637354436285628, 0.6662043138498446, 0.6669351108166861, 0.6676995835051024, 0.6718289626258147, 0.6748033102134029, 0.6765520889875813, 0.6777865882723992, 0.679234483677831, 0.6806727814583006, 0.6816615941409657, 0.6851017524981646, 0.689270076071151, 0.6917504275008078, 0.6935833451035163, 0.6964192329850273, 0.6981026167536621, 0.6986164873722568, 0.7003999454773906, 0.7027132190593091, 0.7051800117987566, 0.7058071822232406, 0.7084193725557582, 0.709827790005471, 0.7102794990507664, 0.7116434225432491, 0.7124343954486385, 0.7168711312403206, 0.7186136836283313, 0.7209085279872562, 0.7226527658629203, 0.7249887740619453, 0.7261944416647517, 0.7269518155001335, 0.7291288985831361, 0.7291288985831361, 0.7305713001941054, 0.7313055764685407, 0.7330770821658992, 0.73388742543752, 0.7367381423656784, 0.7388424239419357, 0.7388424239419357, 0.7395445261977681, 0.7395445261977681, 0.7415213999892187, 0.7422854996614197, 0.7422854996614197, 0.7439982139563479, 0.7439982139563479, 0.7439982139563479, 0.7439982139563479, 0.7439982139563479, 0.7439982139563479, 0.7439982139563479, 0.7463552962156685, 0.7463552962156685, 0.74754425291696, 0.7488291524408424, 0.7488291524408424, 0.7488291524408424, 0.7488291524408424, 0.7488291524408424, 0.7488291524408424, 0.7503706063012439, 0.7503706063012439, 0.7503706063012439, 0.7546954411151718, 0.7546954411151718, 0.7546954411151718, 0.7563566417920994, 0.7563566417920994, 0.7563566417920994, 0.7563566417920994, 0.7563566417920994, 0.7582023567205183, 0.7582023567205183, 0.7582023567205183, 0.7582023567205183, 0.7582023567205183, 0.7582023567205183, 0.7582023567205183, 0.7582023567205183, 0.7582023567205183, 0.7582023567205183, 0.7582023567205183, 0.7582023567205183]
[0.17077403565762303, 0.19179640101248127, 0.20106374581350173, 0.19662217113961394, 0.19840575891620021, 0.2005956599447368, 0.20636058585669456, 0.21315289108727614, 0.21900892798181962, 0.2223267049995242, 0.22350264199052478, 0.227212263468202, 0.23610032880510431, 0.24159585539048556, 0.24521557981306807, 0.24837550221731236, 0.25097954567137326, 0.25515922457720164, 0.25714351883070424, 0.26595333142196925, 0.27690102429666763, 0.2813482884914847, 0.2856710162161624, 0.29129047549958803, 0.29686033169063697, 0.29759107170665394, 0.3002177753699772, 0.3050494067288829, 0.3109024113533544, 0.3127111689678616, 0.3199517975283036, 0.3238032923471708, 0.3243419434473157, 0.3281048262887965, 0.3296796084109517, 0.34125019024161174, 0.34605700157548763, 0.35266357336356263, 0.3578076840005002, 0.3646145761292271, 0.36667083026217206, 0.3685458990605224, 0.37530154704905344, 0.37530154704905344, 0.3798097443699133, 0.3817763884982398, 0.3874234084051655, 0.3897601743555683, 0.399038045037965, 0.4061489287159469, 0.4061489287159469, 0.4084291500325384, 0.4084291500325384, 0.41369239249365924, 0.41609903734780784, 0.41609903734780784, 0.42118499257045017, 0.42118499257045017, 0.42118499257045017, 0.42118499257045017, 0.42118499257045017, 0.42118499257045017, 0.42118499257045017, 0.42885938859911354, 0.42885938859911354, 0.4326698803371424, 0.4371357312760517, 0.4371357312760517, 0.4371357312760517, 0.4371357312760517, 0.4371357312760517, 0.4371357312760517, 0.4426115945320888, 0.4426115945320888, 0.4426115945320888, 0.4570303938737245, 0.4570303938737245, 0.4570303938737245, 0.4628430271682049, 0.4628430271682049, 0.4628430271682049, 0.4628430271682049, 0.4628430271682049, 0.4698048436662642, 0.4698048436662642, 0.4698048436662642, 0.4698048436662642, 0.4698048436662642, 0.4698048436662642, 0.4698048436662642, 0.4698048436662642, 0.4698048436662642, 0.4698048436662642, 0.4698048436662642, 0.4698048436662642]
Training raw path: /home/anhnd/DTI Project/Codes/MPNN/data/KFold/ATCInchikeySideEffectByDrug.txt_train_1
('Number of substructures, proteins, pathways, drugs, se: ', 2936, 1448, 330, 969, 598)
((872, 4714), (97, 4714), (872, 598), (97, 598))
('VALIDATE SUM PROTEIN TRAIN: ', 22668.0)
('VALIDATE SUM PROTEIN TEST: ', 2514.0)
Train: 1.0000 1.0000
Test: 0.7518 0.4562
[0.6007905138339921, 0.6008869587019164, 0.6061498775140696, 0.6111366897253123, 0.6194429419638563, 0.6249400865342261, 0.626903815396097, 0.6311284212761875, 0.636335864731032, 0.6381448208490786, 0.6387671827526716, 0.6408837220051945, 0.6465845106879395, 0.6499140674235555, 0.651484551822838, 0.655038510443716, 0.6561911026956961, 0.6596372742388399, 0.6607609900948096, 0.663800936074226, 0.666663832282026, 0.6695066482979657, 0.6734257287016303, 0.6772405645665875, 0.6794922980754775, 0.680049019722887, 0.6824851334647752, 0.6850272827050284, 0.6878682174528034, 0.6891003918763159, 0.6929527062119478, 0.6954372919894671, 0.6963379148090144, 0.6980766385997568, 0.6986113244295089, 0.7026058239860131, 0.7049633609713235, 0.7084568501134193, 0.7101033265179786, 0.7134652858754422, 0.7148398703146526, 0.715799774067283, 0.7193477200694713, 0.7193477200694713, 0.7203490937966295, 0.7211205176440856, 0.7230954070583162, 0.7240501297672841, 0.727374615938255, 0.7307059903013111, 0.7307059903013111, 0.7313342037253063, 0.7313342037253063, 0.733268246195668, 0.7343800664519411, 0.7343800664519411, 0.7363962577063622, 0.7363962577063622, 0.7363962577063622, 0.7363962577063622, 0.7363962577063622, 0.7363962577063622, 0.7363962577063622, 0.7388946773820064, 0.7388946773820064, 0.7401744724403222, 0.7412669453748009, 0.7412669453748009, 0.7412669453748009, 0.7412669453748009, 0.7412669453748009, 0.7412669453748009, 0.7430806988033156, 0.7430806988033156, 0.7430806988033156, 0.7478048044883772, 0.7478048044883772, 0.7478048044883772, 0.7497791851867974, 0.7497791851867974, 0.7497791851867974, 0.7497791851867974, 0.7497791851867974, 0.7517838685974684, 0.7517838685974684, 0.7517838685974684, 0.7517838685974684, 0.7517838685974684, 0.7517838685974684, 0.7517838685974684, 0.7517838685974684, 0.7517838685974684, 0.7517838685974684, 0.7517838685974684, 0.7517838685974684]
[0.1385655568454793, 0.1457596306682686, 0.14643319817246103, 0.15264740277623828, 0.15747265583348552, 0.15925104333273424, 0.16367171552775744, 0.17110633657258326, 0.18012572666254512, 0.18378584891010336, 0.18319215504582181, 0.1880593040244602, 0.19828621053995382, 0.20544822730141934, 0.20911857241954007, 0.21593955980652876, 0.21780319319220995, 0.22494580597858788, 0.22690144020052494, 0.23432433355359333, 0.24397963880243473, 0.24996656269374762, 0.25535821747850507, 0.26318516755934934, 0.2668742064597591, 0.2680602415696428, 0.27178018808747717, 0.27779280760358877, 0.28454164371670687, 0.28697293064928725, 0.2958731975812513, 0.30077808336587797, 0.30297857961813, 0.3073637783324526, 0.30905131326328006, 0.3186263917597645, 0.32338394368734263, 0.3312555146988028, 0.335392197603156, 0.344586602193506, 0.3486963187602236, 0.3510744889096835, 0.359751266001506, 0.359751266001506, 0.36331898515836647, 0.36606493303236964, 0.3720381285927239, 0.37417528539496236, 0.3825946463143922, 0.3925846655219314, 0.3925846655219314, 0.39347002410277726, 0.39347002410277726, 0.39932076516241083, 0.4023438657519636, 0.4023438657519636, 0.40797180971811464, 0.40797180971811464, 0.40797180971811464, 0.40797180971811464, 0.40797180971811464, 0.40797180971811464, 0.40797180971811464, 0.4149265821237226, 0.4149265821237226, 0.41833492645795095, 0.42147731885451784, 0.42147731885451784, 0.42147731885451784, 0.42147731885451784, 0.42147731885451784, 0.42147731885451784, 0.42747440462541764, 0.42747440462541764, 0.42747440462541764, 0.44189848923408487, 0.44189848923408487, 0.44189848923408487, 0.4487887438849759, 0.4487887438849759, 0.4487887438849759, 0.4487887438849759, 0.4487887438849759, 0.4562260098451167, 0.4562260098451167, 0.4562260098451167, 0.4562260098451167, 0.4562260098451167, 0.4562260098451167, 0.4562260098451167, 0.4562260098451167, 0.4562260098451167, 0.4562260098451167, 0.4562260098451167, 0.4562260098451167]
Training raw path: /home/anhnd/DTI Project/Codes/MPNN/data/KFold/ATCInchikeySideEffectByDrug.txt_train_2
('Number of substructures, proteins, pathways, drugs, se: ', 2936, 1448, 330, 969, 598)
((872, 4714), (97, 4714), (872, 598), (97, 598))
('VALIDATE SUM PROTEIN TRAIN: ', 22376.0)
('VALIDATE SUM PROTEIN TEST: ', 2806.0)
Train: 1.0000 1.0000
Test: 0.7774 0.5217
[0.6723668166733708, 0.6791752760500136, 0.6916538249183816, 0.6960007656223393, 0.6992607600995995, 0.6957991133778315, 0.6968435983905408, 0.699989011375955, 0.7009834655287691, 0.7028446050356866, 0.7045211982056513, 0.7072731950698407, 0.7084197689223024, 0.7092890574153607, 0.709598931507868, 0.7114678667516632, 0.7126877020854759, 0.7148734121894162, 0.7149311577836304, 0.7186852819134076, 0.7210079642238276, 0.7233873136149651, 0.7251495509994971, 0.7279963365790556, 0.7291600991791626, 0.7295193878722879, 0.7311467452622011, 0.7324471637185295, 0.7338941138643543, 0.7346198484073687, 0.7365815296003528, 0.7380321978935818, 0.7384935687695415, 0.739260536838366, 0.7397841798300921, 0.7424131464765196, 0.7440165757821895, 0.7459886242032778, 0.7474324602189871, 0.7491812752937821, 0.7502042559855705, 0.7506680769477763, 0.7527721446869193, 0.7527721446869193, 0.754063533811596, 0.7544170582035878, 0.7558681303080226, 0.7566666694229245, 0.759203250657906, 0.7608903621816929, 0.7608903621816929, 0.7614537302505433, 0.7614537302505433, 0.7627946467014779, 0.7636832457049554, 0.7636832457049554, 0.7652417762904237, 0.7652417762904237, 0.7652417762904237, 0.7652417762904237, 0.7652417762904237, 0.7652417762904237, 0.7652417762904237, 0.7673038349118058, 0.7673038349118058, 0.7684009656751162, 0.7693692670751748, 0.7693692670751748, 0.7693692670751748, 0.7693692670751748, 0.7693692670751748, 0.7693692670751748, 0.7706943808163559, 0.7706943808163559, 0.7706943808163559, 0.7745146371038207, 0.7745146371038207, 0.7745146371038207, 0.7758725919442128, 0.7758725919442128, 0.7758725919442128, 0.7758725919442128, 0.7758725919442128, 0.7773938161485959, 0.7773938161485959, 0.7773938161485959, 0.7773938161485959, 0.7773938161485959, 0.7773938161485959, 0.7773938161485959, 0.7773938161485959, 0.7773938161485959, 0.7773938161485959, 0.7773938161485959, 0.7773938161485959]
[0.18385910744480283, 0.21300105744558234, 0.24136927541953038, 0.2434153145507963, 0.24889199505006843, 0.25249405974069217, 0.25478777712112755, 0.26424389067869136, 0.2693364840272532, 0.27257169813836146, 0.27578138759928195, 0.28341527819024326, 0.2911348462943648, 0.29493767099154333, 0.29684079631083127, 0.30248308208989255, 0.3067864447485499, 0.3129331412140525, 0.3142148025498137, 0.32588341887103356, 0.3354902247761187, 0.3412860033806131, 0.34840288990231494, 0.35654643842560185, 0.3617723719773145, 0.3627939497041087, 0.3663367414508861, 0.37136137840474315, 0.3765622805297519, 0.37838511724167323, 0.38410504094855724, 0.38753231162206103, 0.38846262961522116, 0.39061186364863076, 0.39197101682227514, 0.40153989506249027, 0.4067750230068151, 0.4124208102331979, 0.41842315924858553, 0.42410547638280943, 0.4271463517341544, 0.42925603369624216, 0.43583681065376045, 0.43583681065376045, 0.4409326597228009, 0.4426600677237431, 0.446811416496662, 0.44867378699750377, 0.45688372634583096, 0.4634461519805208, 0.4634461519805208, 0.46555113781466056, 0.46555113781466056, 0.4702156512186013, 0.4733806212886327, 0.4733806212886327, 0.4779349747070128, 0.4779349747070128, 0.4779349747070128, 0.4779349747070128, 0.4779349747070128, 0.4779349747070128, 0.4779349747070128, 0.48479109656667085, 0.48479109656667085, 0.488586457937324, 0.4923389952943294, 0.4923389952943294, 0.4923389952943294, 0.4923389952943294, 0.4923389952943294, 0.4923389952943294, 0.4971284075112869, 0.4971284075112869, 0.4971284075112869, 0.5108240466646824, 0.5108240466646824, 0.5108240466646824, 0.5157570689802862, 0.5157570689802862, 0.5157570689802862, 0.5157570689802862, 0.5157570689802862, 0.5217202965116883, 0.5217202965116883, 0.5217202965116883, 0.5217202965116883, 0.5217202965116883, 0.5217202965116883, 0.5217202965116883, 0.5217202965116883, 0.5217202965116883, 0.5217202965116883, 0.5217202965116883, 0.5217202965116883]
Training raw path: /home/anhnd/DTI Project/Codes/MPNN/data/KFold/ATCInchikeySideEffectByDrug.txt_train_3
('Number of substructures, proteins, pathways, drugs, se: ', 2936, 1448, 330, 969, 598)
((872, 4714), (97, 4714), (872, 598), (97, 598))
('VALIDATE SUM PROTEIN TRAIN: ', 22809.0)
('VALIDATE SUM PROTEIN TEST: ', 2373.0)
Train: 1.0000 1.0000
Test: 0.7599 0.4512
[0.6443997279490391, 0.658880534581817, 0.6529547422985252, 0.6512616719616615, 0.6553710282034619, 0.6576307111086656, 0.6575074108136553, 0.6589058621278737, 0.6622398209790037, 0.6674136335744295, 0.6678131078793001, 0.6706569081575172, 0.6742484489934053, 0.6784331130509133, 0.6792776964293998, 0.6806282679404275, 0.6820998171824701, 0.6830152614294738, 0.6834567479499963, 0.6864572103169746, 0.6903009968086682, 0.6930371802100884, 0.6964477149775414, 0.6986195524098906, 0.6993226335915279, 0.6996310725741797, 0.7025572931796191, 0.7040081760695032, 0.7058741207408357, 0.7063435491815896, 0.7096297149471474, 0.7105575903329655, 0.7109209303668261, 0.7121632490708426, 0.7127754411642533, 0.716687516551441, 0.7188202075876176, 0.7205995899910573, 0.7223095811805944, 0.7249211890842933, 0.7260466969098867, 0.7267924308504652, 0.7290451239475507, 0.7290451239475507, 0.7305990974984069, 0.7314135834597435, 0.7328920518535721, 0.7339386344210013, 0.7369983222349816, 0.7397150895150524, 0.7397150895150524, 0.7405544818320193, 0.7405544818320193, 0.7422134744360104, 0.7432211749401942, 0.7432211749401942, 0.7450052667130097, 0.7450052667130097, 0.7450052667130097, 0.7450052667130097, 0.7450052667130097, 0.7450052667130097, 0.7450052667130097, 0.7474647777178025, 0.7474647777178025, 0.748597317532216, 0.7499859345872567, 0.7499859345872567, 0.7499859345872567, 0.7499859345872567, 0.7499859345872567, 0.7499859345872567, 0.7515064713473237, 0.7515064713473237, 0.7515064713473237, 0.7563582966272255, 0.7563582966272255, 0.7563582966272255, 0.7580941086459824, 0.7580941086459824, 0.7580941086459824, 0.7580941086459824, 0.7580941086459824, 0.7599201375580655, 0.7599201375580655, 0.7599201375580655, 0.7599201375580655, 0.7599201375580655, 0.7599201375580655, 0.7599201375580655, 0.7599201375580655, 0.7599201375580655, 0.7599201375580655, 0.7599201375580655, 0.7599201375580655]
[0.1391412870428821, 0.1626652369788053, 0.16810099913546253, 0.17437734346248634, 0.18359982781924472, 0.18862689167594615, 0.19116309108840107, 0.19737314268902142, 0.2042636218511481, 0.21284541156394313, 0.21385985139946287, 0.21875709697131257, 0.22700538034491458, 0.23451067926255093, 0.23681170662300668, 0.24102334789977456, 0.24548191410810682, 0.2491100969894851, 0.2508298145761149, 0.25811868019288375, 0.2687478229394023, 0.274133197567511, 0.27950272261141695, 0.28466279740410344, 0.287058026430572, 0.288395888427751, 0.2942652352628238, 0.2968800024302893, 0.3015039079146472, 0.3021489501786888, 0.3087670198131632, 0.31149546914035525, 0.3117117226673738, 0.3156286391008117, 0.3170201453631176, 0.32638019612561875, 0.3314408551540078, 0.3354493624957307, 0.33998358914562016, 0.3477217400976763, 0.3502938309509129, 0.35217371314653545, 0.3583369926854832, 0.3583369926854832, 0.36224621307442645, 0.3642799856994949, 0.3682738012896732, 0.37128791298484226, 0.37901354616132515, 0.38645809499012324, 0.38645809499012324, 0.3884551439555739, 0.3884551439555739, 0.39300781265689927, 0.3960145531592345, 0.3960145531592345, 0.4013013929711541, 0.4013013929711541, 0.4013013929711541, 0.4013013929711541, 0.4013013929711541, 0.4013013929711541, 0.4013013929711541, 0.40830758287806457, 0.40830758287806457, 0.41184441464080435, 0.4165492996916895, 0.4165492996916895, 0.4165492996916895, 0.4165492996916895, 0.4165492996916895, 0.4165492996916895, 0.4215932753852968, 0.4215932753852968, 0.4215932753852968, 0.4383248577452199, 0.4383248577452199, 0.4383248577452199, 0.444637421986367, 0.444637421986367, 0.444637421986367, 0.444637421986367, 0.444637421986367, 0.4512449069382765, 0.4512449069382765, 0.4512449069382765, 0.4512449069382765, 0.4512449069382765, 0.4512449069382765, 0.4512449069382765, 0.4512449069382765, 0.4512449069382765, 0.4512449069382765, 0.4512449069382765, 0.4512449069382765]
Training raw path: /home/anhnd/DTI Project/Codes/MPNN/data/KFold/ATCInchikeySideEffectByDrug.txt_train_4
('Number of substructures, proteins, pathways, drugs, se: ', 2936, 1448, 330, 969, 598)
((872, 4714), (97, 4714), (872, 598), (97, 598))
('VALIDATE SUM PROTEIN TRAIN: ', 22764.0)
('VALIDATE SUM PROTEIN TEST: ', 2418.0)
Train: 1.0000 1.0000
Test: 0.7645 0.4552
[0.6302290198802741, 0.6320044297180217, 0.6424850086779623, 0.640952294162594, 0.6412355935118895, 0.645875393173299, 0.6495873701102115, 0.6549742199218865, 0.6600080825414155, 0.6638266864382558, 0.6668570463319352, 0.6701276456537419, 0.6757649639932645, 0.678107666370583, 0.679098142546495, 0.6802234175645866, 0.6821242072379118, 0.6833828101784112, 0.6851492460683174, 0.6873252059180213, 0.6902099809276441, 0.6933311665563868, 0.6956309111680804, 0.6976991236979033, 0.700063934899729, 0.7003036622900443, 0.7025661653271346, 0.7041806640522448, 0.7069951281906619, 0.7080379868626878, 0.7096511037230722, 0.7110147379732703, 0.7113558824038904, 0.713454792024114, 0.714143427712844, 0.7187564897614868, 0.7209610185695633, 0.7235945291772765, 0.7255348028986732, 0.7282382077517694, 0.7291811830795922, 0.7300357479506219, 0.7327930387461792, 0.7327930387461792, 0.7341558612400358, 0.7348946507990786, 0.7364273578728309, 0.7372138581899403, 0.7406166632142648, 0.742959425359651, 0.742959425359651, 0.7437432646364441, 0.7437432646364441, 0.7455781764323948, 0.7462211487797975, 0.7462211487797975, 0.7483618909733039, 0.7483618909733039, 0.7483618909733039, 0.7483618909733039, 0.7483618909733039, 0.7483618909733039, 0.7483618909733039, 0.7509510715621766, 0.7509510715621766, 0.7523434388856685, 0.7538387742008044, 0.7538387742008044, 0.7538387742008044, 0.7538387742008044, 0.7538387742008044, 0.7538387742008044, 0.7555527017063257, 0.7555527017063257, 0.7555527017063257, 0.7608679938434302, 0.7608679938434302, 0.7608679938434302, 0.7625965949156102, 0.7625965949156102, 0.7625965949156102, 0.7625965949156102, 0.7625965949156102, 0.7644640971738333, 0.7644640971738333, 0.7644640971738333, 0.7644640971738333, 0.7644640971738333, 0.7644640971738333, 0.7644640971738333, 0.7644640971738333, 0.7644640971738333, 0.7644640971738333, 0.7644640971738333, 0.7644640971738333]
[0.1344437583478623, 0.15742536968832735, 0.17499763979117255, 0.17303570573655763, 0.17481072624235883, 0.17948116933959582, 0.18284573565086737, 0.19796574991219884, 0.20690994104592492, 0.21426954168870913, 0.21655426690114543, 0.22211455040330297, 0.23401245623494177, 0.24070833965189745, 0.24331826830186687, 0.24485032808674304, 0.24852987809465965, 0.2547057359469691, 0.257928484690353, 0.2651330000348126, 0.27152856174849005, 0.277990625984053, 0.2822337170602005, 0.288341911895162, 0.293481901840967, 0.29363718635369795, 0.2986431806733697, 0.3028098957594722, 0.30752157695844085, 0.30822654038190056, 0.31097225616162133, 0.31421582979192475, 0.315231008745027, 0.32027135016054975, 0.321479991699214, 0.33164780095033164, 0.33625888064143405, 0.3413883275543701, 0.3450721465425562, 0.3506557291283867, 0.3523572147942421, 0.3540432704694516, 0.36166130121166384, 0.36166130121166384, 0.3656205682882849, 0.36768866316275634, 0.37143019017674295, 0.3737885975188298, 0.3825613690306967, 0.38862298303474874, 0.38862298303474874, 0.39075004455746, 0.39075004455746, 0.39554960725733573, 0.3974677572459797, 0.3974677572459797, 0.40334866548518306, 0.40334866548518306, 0.40334866548518306, 0.40334866548518306, 0.40334866548518306, 0.40334866548518306, 0.40334866548518306, 0.41108244549747835, 0.41108244549747835, 0.41536910072071387, 0.41992064999155365, 0.41992064999155365, 0.41992064999155365, 0.41992064999155365, 0.41992064999155365, 0.41992064999155365, 0.4256227710203948, 0.4256227710203948, 0.4256227710203948, 0.44259800258335996, 0.44259800258335996, 0.44259800258335996, 0.44833164291043237, 0.44833164291043237, 0.44833164291043237, 0.44833164291043237, 0.44833164291043237, 0.45519815533124647, 0.45519815533124647, 0.45519815533124647, 0.45519815533124647, 0.45519815533124647, 0.45519815533124647, 0.45519815533124647, 0.45519815533124647, 0.45519815533124647, 0.45519815533124647, 0.45519815533124647, 0.45519815533124647]
Training raw path: /home/anhnd/DTI Project/Codes/MPNN/data/KFold/ATCInchikeySideEffectByDrug.txt_train_5
('Number of substructures, proteins, pathways, drugs, se: ', 2936, 1448, 330, 969, 598)
((872, 4714), (97, 4714), (872, 598), (97, 598))
('VALIDATE SUM PROTEIN TRAIN: ', 22673.0)
('VALIDATE SUM PROTEIN TEST: ', 2509.0)
Train: 1.0000 1.0000
Test: 0.7499 0.4365
[0.6164821632111319, 0.6349672688563031, 0.6299794280318359, 0.6307973258926631, 0.6354943219733736, 0.636528263423136, 0.6405149568719544, 0.6439296962684846, 0.6469006801196218, 0.6494935879926915, 0.6506661855554114, 0.6536759636174285, 0.656494681868, 0.6580968176907449, 0.6583920760583859, 0.6617249122653139, 0.6630107697025946, 0.6653954354705648, 0.6662416483475044, 0.6713771460100341, 0.6751016751345523, 0.6781040392496093, 0.6809359966996651, 0.6839818971950873, 0.685880114581169, 0.6862416568171354, 0.6890392522019684, 0.6911633855581478, 0.6928353027754439, 0.6932463801306464, 0.6957679138439976, 0.6968718472677127, 0.6972227582211836, 0.698284652312851, 0.6987576453085302, 0.7033712337522435, 0.7056368200812007, 0.7075128513665666, 0.7094373776670995, 0.7114515636255107, 0.7125225271815046, 0.7134105382628364, 0.7160969805458184, 0.7160969805458184, 0.7179971753084937, 0.7186804954109418, 0.7201397454451229, 0.7208293778937842, 0.7246863761724969, 0.7272660806774942, 0.7272660806774942, 0.7279929141879578, 0.7279929141879578, 0.7301922113588102, 0.7311571048817744, 0.7311571048817744, 0.7337810128764557, 0.7337810128764557, 0.7337810128764557, 0.7337810128764557, 0.7337810128764557, 0.7337810128764557, 0.7337810128764557, 0.736138649349555, 0.736138649349555, 0.7374145641816776, 0.7391494450901678, 0.7391494450901678, 0.7391494450901678, 0.7391494450901678, 0.7391494450901678, 0.7391494450901678, 0.741032462422338, 0.741032462422338, 0.741032462422338, 0.7460379418787065, 0.7460379418787065, 0.7460379418787065, 0.7478226476016117, 0.7478226476016117, 0.7478226476016117, 0.7478226476016117, 0.7478226476016117, 0.749854071133644, 0.749854071133644, 0.749854071133644, 0.749854071133644, 0.749854071133644, 0.749854071133644, 0.749854071133644, 0.749854071133644, 0.749854071133644, 0.749854071133644, 0.749854071133644, 0.749854071133644]
[0.13321481867264112, 0.15510018015309068, 0.14749395564609502, 0.14949258316660372, 0.15716560752031222, 0.1602916692690541, 0.1683315710817892, 0.17616430765371355, 0.18360402269668868, 0.1878477078340719, 0.191770336887935, 0.19842345139656764, 0.2065332539203984, 0.21027832117619688, 0.21111859779055753, 0.21687828650345575, 0.22069336924154292, 0.22723738775085872, 0.2274683282597238, 0.2376490211221751, 0.2466497136257089, 0.25014116089523397, 0.25585590004113323, 0.2618148229208031, 0.26585590514068186, 0.26682035089754824, 0.2728248481937336, 0.2777746846105497, 0.28177339337566065, 0.2837168946639217, 0.28813109127383607, 0.29046572968987183, 0.2915224473895736, 0.29412988731447764, 0.2953781661522742, 0.30645055847719127, 0.3108658731228365, 0.3157492933630666, 0.3202929836418225, 0.32648198830896125, 0.32917791391678664, 0.3311653179945597, 0.3388000100488615, 0.3388000100488615, 0.3438591025906024, 0.34650309126819445, 0.3499808873755686, 0.35128571987242446, 0.36060599971351015, 0.3670708381861527, 0.3670708381861527, 0.36897804413344953, 0.36897804413344953, 0.3748651268440116, 0.3778055771774804, 0.3778055771774804, 0.38495493844713546, 0.38495493844713546, 0.38495493844713546, 0.38495493844713546, 0.38495493844713546, 0.38495493844713546, 0.38495493844713546, 0.3913691081744435, 0.3913691081744435, 0.39461485616754377, 0.4007278632231771, 0.4007278632231771, 0.4007278632231771, 0.4007278632231771, 0.4007278632231771, 0.4007278632231771, 0.40693692326935205, 0.40693692326935205, 0.40693692326935205, 0.4227013690330552, 0.4227013690330552, 0.4227013690330552, 0.4285666603169151, 0.4285666603169151, 0.4285666603169151, 0.4285666603169151, 0.4285666603169151, 0.4365068636305537, 0.4365068636305537, 0.4365068636305537, 0.4365068636305537, 0.4365068636305537, 0.4365068636305537, 0.4365068636305537, 0.4365068636305537, 0.4365068636305537, 0.4365068636305537, 0.4365068636305537, 0.4365068636305537]
Training raw path: /home/anhnd/DTI Project/Codes/MPNN/data/KFold/ATCInchikeySideEffectByDrug.txt_train_6
('Number of substructures, proteins, pathways, drugs, se: ', 2936, 1448, 330, 969, 598)
((872, 4714), (97, 4714), (872, 598), (97, 598))
('VALIDATE SUM PROTEIN TRAIN: ', 22942.0)
('VALIDATE SUM PROTEIN TEST: ', 2240.0)
Train: 1.0000 1.0000
Test: 0.7639 0.4365
[0.6601190402817522, 0.661655151604612, 0.6731519401800706, 0.6732664146228617, 0.6706564220998402, 0.6729562508567033, 0.6770451020570492, 0.6796570895413407, 0.6839238749497695, 0.6867474799344907, 0.6880010931788497, 0.6899764149638283, 0.6918095979541595, 0.6953194461477143, 0.6961546273660653, 0.696829235896803, 0.6979600308041605, 0.6990339145525712, 0.7000342945832058, 0.7024328595713962, 0.703630997077225, 0.7054811789631477, 0.7077161616780905, 0.70876806119254, 0.7090616887307413, 0.7094609111006087, 0.7102685066034622, 0.7114978370294828, 0.7137418362241998, 0.7142072617561022, 0.7172377750504069, 0.7182896089468584, 0.7187554996550936, 0.7198999904464352, 0.7201513484620615, 0.72324453753897, 0.7252681614943892, 0.727188778057902, 0.7286726531455509, 0.730925933298946, 0.7315746220301871, 0.7321783561262281, 0.7352111777985746, 0.7352111777985746, 0.7368676150813522, 0.737578574536822, 0.7384368146264564, 0.7392303878415057, 0.7417396280388941, 0.7439762861764551, 0.7439762861764551, 0.7449481194091738, 0.7449481194091738, 0.7463095320281017, 0.7471807699860379, 0.7471807699860379, 0.7489582197349134, 0.7489582197349134, 0.7489582197349134, 0.7489582197349134, 0.7489582197349134, 0.7489582197349134, 0.7489582197349134, 0.7510047833246807, 0.7510047833246807, 0.7520932293293034, 0.7536697542217505, 0.7536697542217505, 0.7536697542217505, 0.7536697542217505, 0.7536697542217505, 0.7536697542217505, 0.7550959057709713, 0.7550959057709713, 0.7550959057709713, 0.7602134105458708, 0.7602134105458708, 0.7602134105458708, 0.7617902149161817, 0.7617902149161817, 0.7617902149161817, 0.7617902149161817, 0.7617902149161817, 0.7639315984615209, 0.7639315984615209, 0.7639315984615209, 0.7639315984615209, 0.7639315984615209, 0.7639315984615209, 0.7639315984615209, 0.7639315984615209, 0.7639315984615209, 0.7639315984615209, 0.7639315984615209, 0.7639315984615209]
[0.16274020261052724, 0.16559994161077185, 0.1769450751107422, 0.17606366794837616, 0.17722483024445929, 0.18227815462622776, 0.18692682201553767, 0.1939227476404164, 0.20024591653874535, 0.20649879779775832, 0.20943402469821681, 0.2146594723714818, 0.223300528226585, 0.23075541960398555, 0.23259548960903698, 0.23462634153932066, 0.239543885692143, 0.2414192377152177, 0.2437346648166186, 0.251184563850978, 0.25678928918196664, 0.26212484374269795, 0.26813396852081, 0.27319516892720197, 0.2746427826437144, 0.27566825365254516, 0.27911723604037963, 0.2819436853778463, 0.2879672729438727, 0.28921361286160246, 0.29610561571030564, 0.298035038062671, 0.2994225176553779, 0.30381913848569814, 0.30450330156335953, 0.3122630515787264, 0.3175618843232183, 0.32306876348779917, 0.3274884646035111, 0.33419911505416294, 0.3363549665951175, 0.33785557451040527, 0.3466404167649583, 0.3466404167649583, 0.35189095350621036, 0.35369958929420564, 0.35629797813125813, 0.3583350912794483, 0.3653288225069229, 0.3725442104788928, 0.3725442104788928, 0.37531952452655143, 0.37531952452655143, 0.37859560148832583, 0.3811924922935676, 0.3811924922935676, 0.38619910576860034, 0.38619910576860034, 0.38619910576860034, 0.38619910576860034, 0.38619910576860034, 0.38619910576860034, 0.38619910576860034, 0.3923633500103818, 0.3923633500103818, 0.3953515584249615, 0.40054083701307164, 0.40054083701307164, 0.40054083701307164, 0.40054083701307164, 0.40054083701307164, 0.40054083701307164, 0.40449743867614546, 0.40449743867614546, 0.40449743867614546, 0.42165797370558605, 0.42165797370558605, 0.42165797370558605, 0.4279505458458993, 0.4279505458458993, 0.4279505458458993, 0.4279505458458993, 0.4279505458458993, 0.43648552594871914, 0.43648552594871914, 0.43648552594871914, 0.43648552594871914, 0.43648552594871914, 0.43648552594871914, 0.43648552594871914, 0.43648552594871914, 0.43648552594871914, 0.43648552594871914, 0.43648552594871914, 0.43648552594871914]
Training raw path: /home/anhnd/DTI Project/Codes/MPNN/data/KFold/ATCInchikeySideEffectByDrug.txt_train_7
('Number of substructures, proteins, pathways, drugs, se: ', 2936, 1448, 330, 969, 598)
((872, 4714), (97, 4714), (872, 598), (97, 598))
('VALIDATE SUM PROTEIN TRAIN: ', 22445.0)
('VALIDATE SUM PROTEIN TEST: ', 2737.0)
Train: 1.0000 1.0000
Test: 0.7528 0.4371
[0.6349634026111852, 0.6484418847625051, 0.6531998439564648, 0.6540301511854071, 0.6565512139006581, 0.6552627356779142, 0.6584741369603413, 0.6596732458978722, 0.6609674037404231, 0.6614351998960071, 0.6599302248842422, 0.6628654331805924, 0.6678113622022175, 0.6697558999837201, 0.6708126803067354, 0.6721471603464791, 0.6733328079912668, 0.6744126286345196, 0.675403812335124, 0.6779311448154139, 0.6808841495368242, 0.6837859685820675, 0.6864192769664941, 0.6883074890466025, 0.6905669491863373, 0.6904766566757455, 0.6921747838315102, 0.694262220063997, 0.6957637973946772, 0.6960677550767549, 0.6991225827865346, 0.7007736731541878, 0.7012792887946309, 0.7021869288917588, 0.7026823124032751, 0.7063158562103811, 0.7088570039736216, 0.7111722486728944, 0.7132091590605715, 0.7155283929905742, 0.7166623598446098, 0.717587879036612, 0.7202439909540298, 0.7202439909540298, 0.7215463971380195, 0.7225155439799636, 0.7246986418373379, 0.7256977131852861, 0.7291703656348599, 0.7317773166213741, 0.7317773166213741, 0.7328195648903775, 0.7328195648903775, 0.7346523792627769, 0.7353650242519155, 0.7353650242519155, 0.7368163494630382, 0.7368163494630382, 0.7368163494630382, 0.7368163494630382, 0.7368163494630382, 0.7368163494630382, 0.7368163494630382, 0.7393633011403383, 0.7393633011403383, 0.7407011450875874, 0.7420764869759671, 0.7420764869759671, 0.7420764869759671, 0.7420764869759671, 0.7420764869759671, 0.7420764869759671, 0.743650229670933, 0.743650229670933, 0.743650229670933, 0.748946550087338, 0.748946550087338, 0.748946550087338, 0.750766349179242, 0.750766349179242, 0.750766349179242, 0.750766349179242, 0.750766349179242, 0.7527963733198998, 0.7527963733198998, 0.7527963733198998, 0.7527963733198998, 0.7527963733198998, 0.7527963733198998, 0.7527963733198998, 0.7527963733198998, 0.7527963733198998, 0.7527963733198998, 0.7527963733198998, 0.7527963733198998]
[0.13849683712883948, 0.15032696181946154, 0.15493502157278702, 0.1609694793951081, 0.16792444209478852, 0.175218604766943, 0.17988055641206158, 0.1807146549378607, 0.183473568986245, 0.1868584139158049, 0.18655465562228185, 0.1917782355542627, 0.20312684755068205, 0.20748997592857615, 0.20893444647949333, 0.21259328752170803, 0.2156945040493335, 0.2197128506643221, 0.22189956521516957, 0.22931936289973642, 0.24024639758204003, 0.24542627300052816, 0.2517397916559587, 0.25870130568765004, 0.26446227129695943, 0.2643063890536984, 0.26841743711090477, 0.27332713390138275, 0.2764337218719415, 0.27750304637434087, 0.28590154854175054, 0.2893782494924577, 0.29080912377273777, 0.29372562139591246, 0.29469438580713175, 0.30413252089134535, 0.31006876789960985, 0.3150200130294622, 0.32005528009419565, 0.3271327018752605, 0.329389721314471, 0.3316675357536196, 0.33862074782924095, 0.33862074782924095, 0.34325642623730823, 0.3449417181775629, 0.35082510164443803, 0.35347178215115393, 0.36318838437363693, 0.3700764006730378, 0.3700764006730378, 0.37286397979383423, 0.37286397979383423, 0.3778113310333811, 0.379795220961641, 0.379795220961641, 0.38497319656123186, 0.38497319656123186, 0.38497319656123186, 0.38497319656123186, 0.38497319656123186, 0.38497319656123186, 0.38497319656123186, 0.3927226740843685, 0.3927226740843685, 0.3961845262588396, 0.40001203379810757, 0.40001203379810757, 0.40001203379810757, 0.40001203379810757, 0.40001203379810757, 0.40001203379810757, 0.4051164275404201, 0.4051164275404201, 0.4051164275404201, 0.4232487882072644, 0.4232487882072644, 0.4232487882072644, 0.42967884212287466, 0.42967884212287466, 0.42967884212287466, 0.42967884212287466, 0.42967884212287466, 0.437115514627606, 0.437115514627606, 0.437115514627606, 0.437115514627606, 0.437115514627606, 0.437115514627606, 0.437115514627606, 0.437115514627606, 0.437115514627606, 0.437115514627606, 0.437115514627606, 0.437115514627606]
Training raw path: /home/anhnd/DTI Project/Codes/MPNN/data/KFold/ATCInchikeySideEffectByDrug.txt_train_8
('Number of substructures, proteins, pathways, drugs, se: ', 2936, 1448, 330, 969, 598)
((872, 4714), (97, 4714), (872, 598), (97, 598))
('VALIDATE SUM PROTEIN TRAIN: ', 22705.0)
('VALIDATE SUM PROTEIN TEST: ', 2477.0)
Train: 1.0000 1.0000
Test: 0.7488 0.4356
[0.6188614503241369, 0.6325851484242585, 0.6353172231344066, 0.6388145038707159, 0.6397052026075033, 0.640776019802997, 0.6437423099061272, 0.6451484826376395, 0.6489399072574588, 0.651163643036708, 0.6525467411408542, 0.6550419247743652, 0.6551314953978785, 0.6554519071089728, 0.6566494851242832, 0.6586720553920298, 0.6608583444895539, 0.6624496420361892, 0.6631729444476118, 0.6657175853332241, 0.6686543465205113, 0.6714991521781846, 0.6730810536091965, 0.675740571158677, 0.6782318956684122, 0.6786367480300863, 0.6803702284567998, 0.6819539727756058, 0.6847155498950239, 0.6854517974728831, 0.6883976070928868, 0.6903949618864456, 0.6907096251131364, 0.6927615641232467, 0.693428450619926, 0.6977863336078642, 0.7004632932552843, 0.7027339963842647, 0.7050763055848732, 0.7082593364256987, 0.7099153465515176, 0.71046697927313, 0.7133255029894086, 0.7133255029894086, 0.7152537323061015, 0.7160787805595497, 0.7176505803914526, 0.7182153057233264, 0.7220456648079092, 0.724962384135893, 0.724962384135893, 0.7257982418977439, 0.7257982418977439, 0.7279442642680335, 0.7290791769782292, 0.7290791769782292, 0.7312374585955013, 0.7312374585955013, 0.7312374585955013, 0.7312374585955013, 0.7312374585955013, 0.7312374585955013, 0.7312374585955013, 0.7340009126591334, 0.7340009126591334, 0.7353675832930193, 0.7370112318298238, 0.7370112318298238, 0.7370112318298238, 0.7370112318298238, 0.7370112318298238, 0.7370112318298238, 0.7385651096132779, 0.7385651096132779, 0.7385651096132779, 0.74459145998211, 0.74459145998211, 0.74459145998211, 0.7464846108902659, 0.7464846108902659, 0.7464846108902659, 0.7464846108902659, 0.7464846108902659, 0.7487753534157087, 0.7487753534157087, 0.7487753534157087, 0.7487753534157087, 0.7487753534157087, 0.7487753534157087, 0.7487753534157087, 0.7487753534157087, 0.7487753534157087, 0.7487753534157087, 0.7487753534157087, 0.7487753534157087]
[0.11875553555729902, 0.13161227615304855, 0.14539897955601053, 0.15368657790433665, 0.15999973973638387, 0.16291374668550287, 0.17243427373386083, 0.17864282301952847, 0.1871488358096321, 0.1920078294945456, 0.19482142201254166, 0.1989530603449276, 0.2024713049441662, 0.20631635578589452, 0.209020895921787, 0.21173889101775922, 0.21547482818700336, 0.21884421393551962, 0.2212281760356368, 0.22744491223785257, 0.23450780177101296, 0.23969296416742522, 0.2440834529725822, 0.250334646815844, 0.2567270115118917, 0.25723105339106556, 0.259880773548565, 0.26245882907369184, 0.2680722815839619, 0.2693293925111977, 0.2758186550271068, 0.27951200053223396, 0.28114531494441297, 0.2871047594478264, 0.2890974977213353, 0.29989802547630984, 0.3064684731323287, 0.3116257868563957, 0.3164776023310383, 0.3230481733519932, 0.32713259939452166, 0.3287696388772994, 0.3365748448272962, 0.3365748448272962, 0.3411212068597975, 0.34345820236589475, 0.347704064673943, 0.34996933167728334, 0.3595769318813103, 0.36750739824208245, 0.36750739824208245, 0.37027795193121943, 0.37027795193121943, 0.37605133687871506, 0.37853905285712164, 0.37853905285712164, 0.3828619761913362, 0.3828619761913362, 0.3828619761913362, 0.3828619761913362, 0.3828619761913362, 0.3828619761913362, 0.3828619761913362, 0.3898491650594741, 0.3898491650594741, 0.39370288358399663, 0.3988206842693948, 0.3988206842693948, 0.3988206842693948, 0.3988206842693948, 0.3988206842693948, 0.3988206842693948, 0.4039928722448436, 0.4039928722448436, 0.4039928722448436, 0.422196003026641, 0.422196003026641, 0.422196003026641, 0.427977957488105, 0.427977957488105, 0.427977957488105, 0.427977957488105, 0.427977957488105, 0.43555744019177717, 0.43555744019177717, 0.43555744019177717, 0.43555744019177717, 0.43555744019177717, 0.43555744019177717, 0.43555744019177717, 0.43555744019177717, 0.43555744019177717, 0.43555744019177717, 0.43555744019177717, 0.43555744019177717]
Training raw path: /home/anhnd/DTI Project/Codes/MPNN/data/KFold/ATCInchikeySideEffectByDrug.txt_train_9
('Number of substructures, proteins, pathways, drugs, se: ', 2936, 1448, 330, 969, 598)
((873, 4714), (96, 4714), (873, 598), (96, 598))
('VALIDATE SUM PROTEIN TRAIN: ', 22759.0)
('VALIDATE SUM PROTEIN TEST: ', 2423.0)
Train: 1.0000 1.0000
Test: 0.7316 0.4456
[0.615237117010287, 0.6355024663580113, 0.6371145309406855, 0.6324381636750638, 0.6318624119786633, 0.6314860563443029, 0.6338100792183993, 0.6341414253410823, 0.6374150946313981, 0.6394087866420393, 0.6390832519239749, 0.6396361936629874, 0.6452534923785176, 0.6476328798318516, 0.6485714273508217, 0.6513900723403718, 0.6522070485541309, 0.6535243630133473, 0.6536781952549123, 0.6562032594667351, 0.6599561500630658, 0.6622133983436425, 0.6644818535900507, 0.6675699150857664, 0.6682126379121609, 0.6686817210948399, 0.6703754966202464, 0.672510537816564, 0.6744273507524905, 0.675262582241857, 0.6782346256894963, 0.6787745636738585, 0.6797231783925688, 0.6813787722781756, 0.6823462480925175, 0.6852865682340421, 0.6872857536650968, 0.6897585458476634, 0.6910197149345678, 0.6935146732215307, 0.6952402677359117, 0.695802468271381, 0.69872421815792, 0.69872421815792, 0.7004943902832333, 0.7012193334243225, 0.7029871446774947, 0.703577799504544, 0.7068107475008755, 0.7096528228818761, 0.7096528228818761, 0.7102735443230125, 0.7102735443230125, 0.7123545184511069, 0.7132915806917138, 0.7132915806917138, 0.7155655212689811, 0.7155655212689811, 0.7155655212689811, 0.7155655212689811, 0.7155655212689811, 0.7155655212689811, 0.7155655212689811, 0.7181348982686988, 0.7181348982686988, 0.71952656168529, 0.7209743123724267, 0.7209743123724267, 0.7209743123724267, 0.7209743123724267, 0.7209743123724267, 0.7209743123724267, 0.7225837786629264, 0.7225837786629264, 0.7225837786629264, 0.7277854165195805, 0.7277854165195805, 0.7277854165195805, 0.7296042398374694, 0.7296042398374694, 0.7296042398374694, 0.7296042398374694, 0.7296042398374694, 0.7315811066645863, 0.7315811066645863, 0.7315811066645863, 0.7315811066645863, 0.7315811066645863, 0.7315811066645863, 0.7315811066645863, 0.7315811066645863, 0.7315811066645863, 0.7315811066645863, 0.7315811066645863, 0.7315811066645863]
[0.12735793182683405, 0.1382518444703214, 0.151560722108726, 0.1516117437726841, 0.16180651868444407, 0.1666722230372698, 0.1720785892335519, 0.1789178146704246, 0.18647768954184385, 0.1930677626867543, 0.1945129576212094, 0.1988995088392141, 0.2124373243163265, 0.22117120891793818, 0.22371156793221839, 0.22955241175176677, 0.23230308182758952, 0.2371050159243523, 0.2386820210780342, 0.24658041952221144, 0.25557276224388553, 0.2614503106140521, 0.2679703131072941, 0.2737267872915313, 0.2770923597219598, 0.27807349571390705, 0.2826610610962482, 0.28731239427451444, 0.2922408644156414, 0.2939135902680934, 0.3010502977894527, 0.3024225552084515, 0.30460503539496664, 0.3084214719972983, 0.31040214433198654, 0.31768655919903416, 0.322842556273207, 0.3279651877692995, 0.33200827255433163, 0.33972946114453084, 0.3430115037145001, 0.34466173195027483, 0.35257047757309157, 0.35257047757309157, 0.35763465760008656, 0.3596760907829206, 0.36445380719279097, 0.36603523228408585, 0.3739496725055744, 0.3814851418559444, 0.3814851418559444, 0.38322300930323244, 0.38322300930323244, 0.38935561441737104, 0.39173590079563153, 0.39173590079563153, 0.3982099297389692, 0.3982099297389692, 0.3982099297389692, 0.3982099297389692, 0.3982099297389692, 0.3982099297389692, 0.3982099297389692, 0.40555154042739966, 0.40555154042739966, 0.40916656087797515, 0.41324338345209377, 0.41324338345209377, 0.41324338345209377, 0.41324338345209377, 0.41324338345209377, 0.41324338345209377, 0.418415926865385, 0.418415926865385, 0.418415926865385, 0.43399136133835076, 0.43399136133835076, 0.43399136133835076, 0.439258995494109, 0.439258995494109, 0.439258995494109, 0.439258995494109, 0.439258995494109, 0.44564337002588267, 0.44564337002588267, 0.44564337002588267, 0.44564337002588267, 0.44564337002588267, 0.44564337002588267, 0.44564337002588267, 0.44564337002588267, 0.44564337002588267, 0.44564337002588267, 0.44564337002588267, 0.44564337002588267]
AUC: 0.7559 0.0036
AUPR: 0.4546 0.0078
('RARE AUC', [(0.6328036731372916, 0.006522667290423288), (0.644221106256336, 0.006538767716914054), (0.6484862481598805, 0.007207036657435193), (0.6485242439204493, 0.007134967257690779), (0.6505318095585289, 0.006790503359934077), (0.6516722765999086, 0.006298218039527495), (0.6542899516792506, 0.006218111668523091), (0.6571093983622128, 0.00626271732883485), (0.6601449638107454, 0.006029659565911806), (0.6626682757249232, 0.006066434316755843), (0.6635121142669578, 0.006188721394937737), (0.6657836984590599, 0.006266701347590057), (0.66933472850235, 0.005975676982428175), (0.6716804165236818, 0.005977888356559836), (0.6726591707500473, 0.005923559638698147), (0.6745908087213791, 0.005725671321744951), (0.6759706314421092, 0.005724507035693498), (0.6776397523201634, 0.005667320331257965), (0.6784490631006077, 0.0056526748663105865), (0.6815032381917597, 0.005665584465462838), (0.6845680168645496, 0.005532455492385146), (0.6872096473496866, 0.005490342610829199), (0.6896871593493762, 0.005423657367502664), (0.6922342743917138, 0.005318972647774596), (0.693809486857838, 0.005240677664270384), (0.6941617323550073, 0.005232057579216613), (0.6961383550425108, 0.0051872975056883154), (0.6979764458848412, 0.005100485985129979), (0.7001295429089247, 0.0050515186727161645), (0.7008144735229445, 0.005035658007047956), (0.70359949315016, 0.00493886478703324), (0.7049974263123818, 0.0049341320570817715), (0.7055078145576653, 0.0049033410625779145), (0.7069110547128795, 0.0048320672756121535), (0.7075114773471647, 0.004804169446761497), (0.7113338637359282, 0.0047423243270622376), (0.7134885879008618, 0.004683240904850449), (0.7157914541801578, 0.004630158662435187), (0.7175448147071816, 0.004613765325415535), (0.7200474631629492, 0.004541985900929592), (0.7212381571298184, 0.004470559645832425), (0.7219694066286468, 0.004459281362290258), (0.7246688796479008, 0.004392207062005044), (0.7246688796479008, 0.004392207062005044), (0.7261898196657974, 0.004353968473834479), (0.7269224114486635, 0.004326306689531193), (0.7285272956236506, 0.004281354565983117), (0.7293307301387116, 0.004300603910635084), (0.7325383776566121, 0.004207298576642843), (0.7350748181792737, 0.004102497005962316), (0.7350748181792737, 0.004102497005962316), (0.7358462591350345, 0.0041023342327135455), (0.7358462591350345, 0.0041023342327135455), (0.7376828849123598, 0.004029597694128916), (0.7385864792327979, 0.004013288961339007), (0.7385864792327979, 0.004013288961339007), (0.7405361967578337, 0.0039510831485399306), (0.7405361967578337, 0.0039510831485399306), (0.7405361967578337, 0.0039510831485399306), (0.7405361967578337, 0.0039510831485399306), (0.7405361967578337, 0.0039510831485399306), (0.7405361967578337, 0.0039510831485399306), (0.7405361967578337, 0.0039510831485399306), (0.7429612202531866, 0.0039058468259487895), (0.7429612202531866, 0.0039058468259487895), (0.744216353102716, 0.0038808533865398154), (0.7456171304169015, 0.003847894097909206), (0.7456171304169015, 0.003847894097909206), (0.7456171304169015, 0.003847894097909206), (0.7456171304169015, 0.003847894097909206), (0.7456171304169015, 0.003847894097909206), (0.7456171304169015, 0.003847894097909206), (0.747213234511501, 0.003822071805132957), (0.747213234511501, 0.003822071805132957), (0.747213234511501, 0.003822071805132957), (0.7521815952191632, 0.003718390206389498), (0.7521815952191632, 0.003718390206389498), (0.7521815952191632, 0.003718390206389498), (0.7539167184909472, 0.003678737479537718), (0.7539167184909472, 0.003678737479537718), (0.7539167184909472, 0.003678737479537718), (0.7539167184909472, 0.003678737479537718), (0.7539167184909472, 0.003678737479537718), (0.755870277919384, 0.003642232062173946), (0.755870277919384, 0.003642232062173946), (0.755870277919384, 0.003642232062173946), (0.755870277919384, 0.003642232062173946), (0.755870277919384, 0.003642232062173946), (0.755870277919384, 0.003642232062173946), (0.755870277919384, 0.003642232062173946), (0.755870277919384, 0.003642232062173946), (0.755870277919384, 0.003642232062173946), (0.755870277919384, 0.003642232062173946), (0.755870277919384, 0.003642232062173946), (0.755870277919384, 0.003642232062173946)])
('RARE AUPR', [(0.14473490711347908, 0.006210233582856813), (0.16115389000001587, 0.00738316280251655), (0.1708298612326489, 0.009144696107125597), (0.1731921989852801, 0.008642490707426632), (0.17873021021417457, 0.008379777538047825), (0.18278232224187024, 0.008362659926042952), (0.18784807177216492, 0.007984755351140104), (0.1952204358861715, 0.008243361782790217), (0.2020594735141846, 0.008048231057732228), (0.20720797170295763, 0.007969725369170315), (0.20899836997784216, 0.008141596843554852), (0.2142272221563975, 0.008333804576663714), (0.22344084811774376, 0.008221499101424003), (0.2293212054010488, 0.008136117425685633), (0.23166859212014063, 0.00813501211184263), (0.23580610384342618, 0.008139001628668359), (0.23932906448125119, 0.00824404286887286), (0.24411727106965664, 0.008329359166911587), (0.24600308162526935, 0.008309265720845595), (0.25415910437072464, 0.008650162925777551), (0.26304132369677274, 0.008721354538844801), (0.2683560230537347, 0.008784985263837676), (0.27389519895663783, 0.00889267979593973), (0.2801799522426835, 0.009005888715850703), (0.28448271687144566, 0.009052165787268576), (0.2852577880470619, 0.009081715220865514), (0.2894144476834365, 0.009051732376689313), (0.2936710218164961, 0.009126841875580204), (0.29875193546639794, 0.009151400943515419), (0.3002121244098568, 0.00917206524166652), (0.3066676520375349, 0.00904548614919483), (0.30976385592530764, 0.00907922154474398), (0.31102303232501366, 0.00900804903078313), (0.3149181336172454, 0.008837370369780224), (0.3163277571134926, 0.008833714964972797), (0.3259875189762424, 0.008845762954196349), (0.33117232588162876, 0.008801447115424712), (0.33666066328516875, 0.008855182603826508), (0.34130013797653175, 0.008976206590039485), (0.34822755636665137, 0.008869205328693697), (0.3510231251437102, 0.008855866746777588), (0.3529213204368594, 0.008876875920535677), (0.36040944146449155, 0.008762531776048946), (0.36040944146449155, 0.008762531776048946), (0.36496905174077965, 0.008781739403437232), (0.36707487300053826, 0.008742383200167373), (0.37152387839789663, 0.008759898385413217), (0.37367829145161024, 0.008749056856663854), (0.3822741143871165, 0.008697018888964252), (0.3895944813679382, 0.008648944011251675), (0.3895944813679382, 0.008648944011251675), (0.3917318010151297, 0.008613115477445333), (0.3917318010151297, 0.008613115477445333), (0.39684652394507103, 0.008577016835581595), (0.39943740788790605, 0.008632458900223789), (0.39943740788790605, 0.008632458900223789), (0.4048940982159189, 0.008543499719441619), (0.4048940982159189, 0.008543499719441619), (0.4048940982159189, 0.008543499719441619), (0.4048940982159189, 0.008543499719441619), (0.4048940982159189, 0.008543499719441619), (0.4048940982159189, 0.008543499719441619), (0.4048940982159189, 0.008543499719441619), (0.4119822933421117, 0.008556231329074317), (0.4119822933421117, 0.008556231329074317), (0.41558251654072514, 0.008595491535449582), (0.4200766796863987, 0.008476089418966177), (0.4200766796863987, 0.008476089418966177), (0.4200766796863987, 0.008476089418966177), (0.4200766796863987, 0.008476089418966177), (0.4200766796863987, 0.008476089418966177), (0.4200766796863987, 0.008476089418966177), (0.4253390041670631, 0.008459478789826912), (0.4253390041670631, 0.008459478789826912), (0.4253390041670631, 0.008459478789826912), (0.44144712854119694, 0.008104109930714727), (0.44144712854119694, 0.008104109930714727), (0.44144712854119694, 0.008104109930714727), (0.4473790906198169, 0.008007563348334789), (0.4473790906198169, 0.008007563348334789), (0.4473790906198169, 0.008007563348334789), (0.4473790906198169, 0.008007563348334789), (0.4473790906198169, 0.008007563348334789), (0.45455029267171304, 0.007845124856199258), (0.45455029267171304, 0.007845124856199258), (0.45455029267171304, 0.007845124856199258), (0.45455029267171304, 0.007845124856199258), (0.45455029267171304, 0.007845124856199258), (0.45455029267171304, 0.007845124856199258), (0.45455029267171304, 0.007845124856199258), (0.45455029267171304, 0.007845124856199258), (0.45455029267171304, 0.007845124856199258), (0.45455029267171304, 0.007845124856199258), (0.45455029267171304, 0.007845124856199258), (0.45455029267171304, 0.007845124856199258)])
