Default
<models.baselines.omodels.LNSM object at 0x7f3afd399b50>
('Manual torch seed: ', 1772727637)
('Config: ', 'Protein Test: ', False, 'KNN: ', 3)
Training raw path: /home/anhnd/DTI Project/Codes/MPNN/data/KFold/ATCInchikeySideEffectByDrug.txt_train_0
('Number of substructures, proteins, pathways, drugs, se: ', 2936, 1448, 330, 969, 598)
((872, 4714), (97, 4714), (872, 598), (97, 598))
('VALIDATE SUM PROTEIN TRAIN: ', 22497.0)
('VALIDATE SUM PROTEIN TEST: ', 0.0)
Train: 1.0000 1.0000
Test: 0.7588 0.4495
[0.6557704718279667, 0.6743155471511963, 0.6757894345546192, 0.6701646187272494, 0.6698047935266546, 0.669742274483523, 0.6709608476514007, 0.6711745368846403, 0.6714272461674939, 0.6738163632291236, 0.6731045079697792, 0.6743283159860032, 0.6767778113266865, 0.678875103361202, 0.679969589651198, 0.6803952687668399, 0.6810202747497224, 0.6818334805449101, 0.6823210972278814, 0.6854502009180018, 0.6894402015988362, 0.6914833123956917, 0.6929433330661325, 0.6959108945415662, 0.6977175393707971, 0.6981149045505695, 0.6997823960944924, 0.7013694037058809, 0.7035470605445213, 0.7041109811831807, 0.7075358863699934, 0.7091903640594628, 0.7098449777678241, 0.7110181347179956, 0.7118189627041749, 0.7157974599683069, 0.7176561170322822, 0.7201186108760353, 0.7216000418980097, 0.7240033558833774, 0.7251373953188329, 0.7258403797565397, 0.7283147702618521, 0.7283147702618521, 0.730008198956108, 0.7307067155128472, 0.732379479903453, 0.733161475354292, 0.7360982829398645, 0.738510171182709, 0.738510171182709, 0.7394202510397374, 0.7394202510397374, 0.7414143703740091, 0.7423040354703638, 0.7423040354703638, 0.7440721022083783, 0.7440721022083783, 0.7440721022083783, 0.7440721022083783, 0.7440721022083783, 0.7440721022083783, 0.7440721022083783, 0.7466452651359565, 0.7466452651359565, 0.7478240874640015, 0.7491605385484177, 0.7491605385484177, 0.7491605385484177, 0.7491605385484177, 0.7491605385484177, 0.7491605385484177, 0.7506936318945475, 0.7506936318945475, 0.7506936318945475, 0.7551567484186894, 0.7551567484186894, 0.7551567484186894, 0.7568503290078193, 0.7568503290078193, 0.7568503290078193, 0.7568503290078193, 0.7568503290078193, 0.7587889731296522, 0.7587889731296522, 0.7587889731296522, 0.7587889731296522, 0.7587889731296522, 0.7587889731296522, 0.7587889731296522, 0.7587889731296522, 0.7587889731296522, 0.7587889731296522, 0.7587889731296522, 0.7587889731296522]
[0.13762090338639227, 0.15560816350883608, 0.16351559058313528, 0.16259407853820126, 0.16583389188010228, 0.17013218226840018, 0.1766283419711397, 0.18163181527552086, 0.18629656685888496, 0.18998603161126432, 0.19084746549910997, 0.19463389067649894, 0.2043583236901619, 0.21012025942256088, 0.21233224438824932, 0.21526291277453827, 0.21752516708115824, 0.22169856033971225, 0.22443937574025336, 0.23309758206591363, 0.24290530262437207, 0.24764817039251355, 0.25092568163835305, 0.2574528522229594, 0.2624165907449189, 0.2633391826571204, 0.2674797926209153, 0.2714008180750083, 0.27718471797132765, 0.2792921762307863, 0.28700693876279676, 0.2911583803559235, 0.2925219807707123, 0.2962319141279918, 0.2981788513887349, 0.3095450305861036, 0.3143275843933446, 0.32114366826365803, 0.3260190500799571, 0.33357063412686616, 0.3361840448552311, 0.33795555509411707, 0.34549348977364436, 0.34549348977364436, 0.35062964264003, 0.3531486956848941, 0.35905876459493935, 0.3614073403330528, 0.37076129053034534, 0.3788816410930101, 0.3788816410930101, 0.3817647246813889, 0.3817647246813889, 0.3879935196019457, 0.3908402382362438, 0.3908402382362438, 0.39658562065952385, 0.39658562065952385, 0.39658562065952385, 0.39658562065952385, 0.39658562065952385, 0.39658562065952385, 0.39658562065952385, 0.40491697013016853, 0.40491697013016853, 0.40820232399258455, 0.4131978152361149, 0.4131978152361149, 0.4131978152361149, 0.4131978152361149, 0.4131978152361149, 0.4131978152361149, 0.41889822436791385, 0.41889822436791385, 0.41889822436791385, 0.4350835728553324, 0.4350835728553324, 0.4350835728553324, 0.44157891139919825, 0.44157891139919825, 0.44157891139919825, 0.44157891139919825, 0.44157891139919825, 0.44945981278664004, 0.44945981278664004, 0.44945981278664004, 0.44945981278664004, 0.44945981278664004, 0.44945981278664004, 0.44945981278664004, 0.44945981278664004, 0.44945981278664004, 0.44945981278664004, 0.44945981278664004, 0.44945981278664004]
Training raw path: /home/anhnd/DTI Project/Codes/MPNN/data/KFold/ATCInchikeySideEffectByDrug.txt_train_1
('Number of substructures, proteins, pathways, drugs, se: ', 2936, 1448, 330, 969, 598)
((872, 4714), (97, 4714), (872, 598), (97, 598))
('VALIDATE SUM PROTEIN TRAIN: ', 22668.0)
('VALIDATE SUM PROTEIN TEST: ', 0.0)
Train: 1.0000 1.0000
Test: 0.7457 0.4554
[0.6321592588618651, 0.6346398373383542, 0.6361567522394657, 0.6346531011629724, 0.6377555977225371, 0.6395659607392894, 0.6379064157416438, 0.6359782793873521, 0.6398822009721863, 0.6407007118086472, 0.6393277137354197, 0.6408469189941796, 0.6450468260264419, 0.6488437568404706, 0.6491798811387623, 0.6515389744896201, 0.6520793954470854, 0.6547223951167163, 0.6558527709043037, 0.6580134775239326, 0.6604508291227051, 0.6634219652114377, 0.6667029357921685, 0.670204402402558, 0.6724961474210798, 0.6730633985363759, 0.6751948595698763, 0.6773862706552357, 0.6806074635266977, 0.6820786642718268, 0.6863273643393697, 0.6889739772046657, 0.6897924074920296, 0.6915910157893668, 0.6920282035225335, 0.6959351304219408, 0.6981948703309035, 0.701302726117303, 0.7030241310165437, 0.7065887908109059, 0.7079768777177085, 0.708933479326868, 0.7125836236891501, 0.7125836236891501, 0.7133020329527734, 0.7141878316174468, 0.716275496082534, 0.7172290678224391, 0.7201416046089174, 0.7233409147730994, 0.7233409147730994, 0.7240904446166909, 0.7240904446166909, 0.7261745978606118, 0.7272693406709494, 0.7272693406709494, 0.7294225659228802, 0.7294225659228802, 0.7294225659228802, 0.7294225659228802, 0.7294225659228802, 0.7294225659228802, 0.7294225659228802, 0.7321464504103161, 0.7321464504103161, 0.7334936693572547, 0.7346874895427016, 0.7346874895427016, 0.7346874895427016, 0.7346874895427016, 0.7346874895427016, 0.7346874895427016, 0.736594223694282, 0.736594223694282, 0.736594223694282, 0.7416040228717162, 0.7416040228717162, 0.7416040228717162, 0.7436489859195226, 0.7436489859195226, 0.7436489859195226, 0.7436489859195226, 0.7436489859195226, 0.7457169135149838, 0.7457169135149838, 0.7457169135149838, 0.7457169135149838, 0.7457169135149838, 0.7457169135149838, 0.7457169135149838, 0.7457169135149838, 0.7457169135149838, 0.7457169135149838, 0.7457169135149838, 0.7457169135149838]
[0.12597896708493064, 0.13534211739722277, 0.13572653994193312, 0.1437375932259886, 0.1514343787631313, 0.1539256475417758, 0.15780971157135731, 0.16230342480020832, 0.17067788801147754, 0.17372289240373784, 0.17303656189923272, 0.1792558812661748, 0.18947569349907614, 0.19836376509610384, 0.2010054331676851, 0.20735014667491114, 0.20849071434300556, 0.21521049777209136, 0.21729680216497355, 0.22528301171854967, 0.234149387760095, 0.24098143076952022, 0.24492929233607674, 0.25200749954789864, 0.25543490888550135, 0.2566022996642015, 0.25995489619105233, 0.2662270446857158, 0.2735486456814806, 0.2762570713012063, 0.286347239709957, 0.2916010471966976, 0.2937766253637053, 0.2982782654597468, 0.29991988615267373, 0.30970105142824533, 0.3149355058597627, 0.3234199793812922, 0.32742371240076235, 0.33698754583194007, 0.34098264580426585, 0.34303935102066874, 0.3525925347236404, 0.3525925347236404, 0.35605205438887966, 0.35841807890387756, 0.3644253030245833, 0.3666934589473936, 0.3748668573509967, 0.3844852836051373, 0.3844852836051373, 0.3862078461184243, 0.3862078461184243, 0.39237452201363454, 0.39530729959720823, 0.39530729959720823, 0.40129053441755835, 0.40129053441755835, 0.40129053441755835, 0.40129053441755835, 0.40129053441755835, 0.40129053441755835, 0.40129053441755835, 0.4096373754630969, 0.4096373754630969, 0.41324129229632967, 0.41695556805702605, 0.41695556805702605, 0.41695556805702605, 0.41695556805702605, 0.41695556805702605, 0.41695556805702605, 0.4238420586408943, 0.4238420586408943, 0.4238420586408943, 0.4401338470737891, 0.4401338470737891, 0.4401338470737891, 0.44738633608125, 0.44738633608125, 0.44738633608125, 0.44738633608125, 0.44738633608125, 0.4554272801669938, 0.4554272801669938, 0.4554272801669938, 0.4554272801669938, 0.4554272801669938, 0.4554272801669938, 0.4554272801669938, 0.4554272801669938, 0.4554272801669938, 0.4554272801669938, 0.4554272801669938, 0.4554272801669938]
Training raw path: /home/anhnd/DTI Project/Codes/MPNN/data/KFold/ATCInchikeySideEffectByDrug.txt_train_2
('Number of substructures, proteins, pathways, drugs, se: ', 2936, 1448, 330, 969, 598)
((872, 4714), (97, 4714), (872, 598), (97, 598))
('VALIDATE SUM PROTEIN TRAIN: ', 22376.0)
('VALIDATE SUM PROTEIN TEST: ', 0.0)
Train: 1.0000 1.0000
Test: 0.7500 0.4868
[0.6331568764246447, 0.6311900020144124, 0.6446586119624463, 0.6479353308289655, 0.6500133642460851, 0.6493630560806058, 0.6508969966203911, 0.6520558833652071, 0.6530285253211846, 0.653666588089025, 0.6552111487429086, 0.6579873207858674, 0.6611849176355612, 0.6621905307783661, 0.6624859050745272, 0.6644567507587689, 0.6657950583183949, 0.668881798250353, 0.668839150646552, 0.6732035288801006, 0.6761919924244612, 0.6784492846997361, 0.6812346597197938, 0.6851060908928214, 0.6872659836733535, 0.6876421027443277, 0.6901039921414609, 0.6920497991401884, 0.6942089600133616, 0.6951768250151458, 0.6981084220715368, 0.7000031338000505, 0.700543711750951, 0.7014094506556492, 0.7021393303676612, 0.7059462918508008, 0.7082506794513403, 0.7105400423877681, 0.712421556163511, 0.7148180161147346, 0.7161699934277077, 0.7170127800698957, 0.7195876987358645, 0.7195876987358645, 0.7212257476773201, 0.7218904669778428, 0.7237369726598812, 0.7246608225510272, 0.7276793816189984, 0.7297707499586692, 0.7297707499586692, 0.7304840613603008, 0.7304840613603008, 0.7321455738492368, 0.7332185060808957, 0.7332185060808957, 0.7351657849373681, 0.7351657849373681, 0.7351657849373681, 0.7351657849373681, 0.7351657849373681, 0.7351657849373681, 0.7351657849373681, 0.7376407556371769, 0.7376407556371769, 0.7390095422624869, 0.7403395312247887, 0.7403395312247887, 0.7403395312247887, 0.7403395312247887, 0.7403395312247887, 0.7403395312247887, 0.7419469354905656, 0.7419469354905656, 0.7419469354905656, 0.746535189741735, 0.746535189741735, 0.746535189741735, 0.7481756439009069, 0.7481756439009069, 0.7481756439009069, 0.7481756439009069, 0.7481756439009069, 0.7499689594376033, 0.7499689594376033, 0.7499689594376033, 0.7499689594376033, 0.7499689594376033, 0.7499689594376033, 0.7499689594376033, 0.7499689594376033, 0.7499689594376033, 0.7499689594376033, 0.7499689594376033, 0.7499689594376033]
[0.1478403660036971, 0.17007159715054765, 0.19895707494520753, 0.20019812580931629, 0.20362904120500364, 0.20839474090711127, 0.2116297093225773, 0.21944786094056828, 0.22340592077821256, 0.22729895984011667, 0.23000658508495828, 0.23762117929565735, 0.24752118788664154, 0.25318591958823655, 0.25417196823347166, 0.2584822278356032, 0.2630822261117676, 0.2688500150924977, 0.2705930703857818, 0.2803680819295401, 0.29022703222962437, 0.2953088274260909, 0.3013236132051642, 0.3093357471642447, 0.3149648527994039, 0.3159110557411532, 0.3201478838185975, 0.3243223900011437, 0.3288696608282526, 0.3299708332329095, 0.33583926818670884, 0.3395146100395704, 0.34050550702903193, 0.34335357231013797, 0.3449913683383731, 0.3545985713431046, 0.3611035194401586, 0.36695455525796794, 0.3725689700225537, 0.37902321204909706, 0.3822992777173937, 0.38459317633817736, 0.39191800130455895, 0.39191800130455895, 0.39695788077500777, 0.39905028774404583, 0.40411861634788393, 0.4064328225092607, 0.4146557660949334, 0.4211829142869081, 0.4211829142869081, 0.42354451325797055, 0.42354451325797055, 0.42823281835307875, 0.431780171157921, 0.431780171157921, 0.4371311802390003, 0.4371311802390003, 0.4371311802390003, 0.4371311802390003, 0.4371311802390003, 0.4371311802390003, 0.4371311802390003, 0.4444425139816901, 0.4444425139816901, 0.4486800163990694, 0.4531322154481807, 0.4531322154481807, 0.4531322154481807, 0.4531322154481807, 0.4531322154481807, 0.4531322154481807, 0.45852543001256474, 0.45852543001256474, 0.45852543001256474, 0.47432829654297126, 0.47432829654297126, 0.47432829654297126, 0.48018531727007385, 0.48018531727007385, 0.48018531727007385, 0.48018531727007385, 0.48018531727007385, 0.48679275055372867, 0.48679275055372867, 0.48679275055372867, 0.48679275055372867, 0.48679275055372867, 0.48679275055372867, 0.48679275055372867, 0.48679275055372867, 0.48679275055372867, 0.48679275055372867, 0.48679275055372867, 0.48679275055372867]
Training raw path: /home/anhnd/DTI Project/Codes/MPNN/data/KFold/ATCInchikeySideEffectByDrug.txt_train_3
('Number of substructures, proteins, pathways, drugs, se: ', 2936, 1448, 330, 969, 598)
((872, 4714), (97, 4714), (872, 598), (97, 598))
('VALIDATE SUM PROTEIN TRAIN: ', 22809.0)
('VALIDATE SUM PROTEIN TEST: ', 0.0)
Train: 1.0000 1.0000
Test: 0.7537 0.4365
[0.6332583889533828, 0.6520998223866692, 0.6497938723742345, 0.6516461754572037, 0.6536771711534639, 0.6551466668048965, 0.6581874159263054, 0.6586599926026352, 0.6615925838323679, 0.6660166338293718, 0.6655161670035022, 0.6677120333300792, 0.6705762991158866, 0.6727101287138825, 0.6732040872683941, 0.6745800899109857, 0.6759712477573652, 0.6762123681301935, 0.6769688078410442, 0.6801198804352925, 0.683551194611866, 0.6865940485222339, 0.6901624544800803, 0.6925433202685057, 0.693301460082655, 0.6937091679847582, 0.6962006517389787, 0.6977403425133246, 0.6997489098413517, 0.7002585137656704, 0.7036449860441287, 0.7046666671706883, 0.7051503737481639, 0.7064100035846945, 0.7069148317692473, 0.7106813521419867, 0.7124735046544817, 0.7143257829811634, 0.7155785813665752, 0.7181586443611002, 0.7192890521096876, 0.7199627033893128, 0.7226038464416613, 0.7226038464416613, 0.7240173918393316, 0.7247480318891923, 0.7261493476177484, 0.7270515876124917, 0.7300699507471691, 0.7327527397855922, 0.7327527397855922, 0.7335244994833819, 0.7335244994833819, 0.7352381787986706, 0.7361791745576332, 0.7361791745576332, 0.7382318355417157, 0.7382318355417157, 0.7382318355417157, 0.7382318355417157, 0.7382318355417157, 0.7382318355417157, 0.7382318355417157, 0.7407383576255983, 0.7407383576255983, 0.7419792798871699, 0.7433203738307261, 0.7433203738307261, 0.7433203738307261, 0.7433203738307261, 0.7433203738307261, 0.7433203738307261, 0.7449081200146972, 0.7449081200146972, 0.7449081200146972, 0.749991756664741, 0.749991756664741, 0.749991756664741, 0.7517989380239685, 0.7517989380239685, 0.7517989380239685, 0.7517989380239685, 0.7517989380239685, 0.7536928926818498, 0.7536928926818498, 0.7536928926818498, 0.7536928926818498, 0.7536928926818498, 0.7536928926818498, 0.7536928926818498, 0.7536928926818498, 0.7536928926818498, 0.7536928926818498, 0.7536928926818498, 0.7536928926818498]
[0.12053367666925924, 0.13140975319874457, 0.13452612509771267, 0.1396871354215009, 0.14946305121447748, 0.15620120788580616, 0.16069510845525534, 0.1696039828747851, 0.17717390637568833, 0.18467644072458775, 0.18543495069746052, 0.1912671889645745, 0.19985038007475595, 0.20634510747633925, 0.20821354838515027, 0.21247134627364092, 0.21726848534739707, 0.2211817684816524, 0.22327508653542716, 0.23017707458645287, 0.23879278120475048, 0.24504991796424386, 0.25089787035649547, 0.25694621973938303, 0.2596546215982349, 0.26085675834525013, 0.26679147852179813, 0.27012790816020504, 0.27455467614684126, 0.2753953492704171, 0.28250788490998097, 0.28528017806542477, 0.2859115342170502, 0.28987920904070696, 0.2915505787759202, 0.302150501607873, 0.3072835528297163, 0.31257319436083153, 0.3167506807213293, 0.3251580849939587, 0.3285892772126999, 0.3306938452781668, 0.3375733739630288, 0.3375733739630288, 0.3416224046916276, 0.3436951387222961, 0.3483817220723179, 0.3513368422105556, 0.3592710660457685, 0.3673882125274274, 0.3673882125274274, 0.3697717321090786, 0.3697717321090786, 0.3747944028859689, 0.37771766973148196, 0.37771766973148196, 0.38336942047949574, 0.38336942047949574, 0.38336942047949574, 0.38336942047949574, 0.38336942047949574, 0.38336942047949574, 0.38336942047949574, 0.39106437930339877, 0.39106437930339877, 0.3952055480047285, 0.39969867807753806, 0.39969867807753806, 0.39969867807753806, 0.39969867807753806, 0.39969867807753806, 0.39969867807753806, 0.40487011929238503, 0.40487011929238503, 0.40487011929238503, 0.42262727251784876, 0.42262727251784876, 0.42262727251784876, 0.42918059580561835, 0.42918059580561835, 0.42918059580561835, 0.42918059580561835, 0.42918059580561835, 0.4365445922564002, 0.4365445922564002, 0.4365445922564002, 0.4365445922564002, 0.4365445922564002, 0.4365445922564002, 0.4365445922564002, 0.4365445922564002, 0.4365445922564002, 0.4365445922564002, 0.4365445922564002, 0.4365445922564002]
Training raw path: /home/anhnd/DTI Project/Codes/MPNN/data/KFold/ATCInchikeySideEffectByDrug.txt_train_4
('Number of substructures, proteins, pathways, drugs, se: ', 2936, 1448, 330, 969, 598)
((872, 4714), (97, 4714), (872, 598), (97, 598))
('VALIDATE SUM PROTEIN TRAIN: ', 22764.0)
('VALIDATE SUM PROTEIN TEST: ', 0.0)
Train: 1.0000 1.0000
Test: 0.7681 0.4473
[0.6503550494897405, 0.6463425289364892, 0.6566895368388144, 0.6534079046347367, 0.6516184402241654, 0.6519205028127568, 0.654444039089464, 0.6617776095168508, 0.6659812612747291, 0.6694829755681992, 0.6714949825692176, 0.6742289836712207, 0.6815639328183202, 0.6845774308216531, 0.6856201848916157, 0.6868224916588892, 0.6882406649774444, 0.6901070026423739, 0.6918616939792852, 0.6943954648984799, 0.6974206101056144, 0.7002480104680584, 0.7016975885952075, 0.7040240753436784, 0.7063219323794119, 0.70655952806487, 0.7087717265720705, 0.710557890293668, 0.713220688794884, 0.7141898774267879, 0.7161295941491106, 0.7173875541831677, 0.71778141999243, 0.7195607504029096, 0.7201887207608402, 0.7241062347820645, 0.7260753304012442, 0.7285731949722951, 0.730314838281453, 0.7325097657154968, 0.7335927442823686, 0.7342780079636557, 0.737069555461383, 0.737069555461383, 0.7384160835615803, 0.7391506504289747, 0.740596026208095, 0.741340123944949, 0.7445171742389061, 0.7467871201132423, 0.7467871201132423, 0.7476535287689606, 0.7476535287689606, 0.749314010386468, 0.7499610154809135, 0.7499610154809135, 0.7520861056408823, 0.7520861056408823, 0.7520861056408823, 0.7520861056408823, 0.7520861056408823, 0.7520861056408823, 0.7520861056408823, 0.7546250166715134, 0.7546250166715134, 0.7559190093480754, 0.7573664961310138, 0.7573664961310138, 0.7573664961310138, 0.7573664961310138, 0.7573664961310138, 0.7573664961310138, 0.7590656961002195, 0.7590656961002195, 0.7590656961002195, 0.7644431312307374, 0.7644431312307374, 0.7644431312307374, 0.7661777918865518, 0.7661777918865518, 0.7661777918865518, 0.7661777918865518, 0.7661777918865518, 0.7680598808996898, 0.7680598808996898, 0.7680598808996898, 0.7680598808996898, 0.7680598808996898, 0.7680598808996898, 0.7680598808996898, 0.7680598808996898, 0.7680598808996898, 0.7680598808996898, 0.7680598808996898, 0.7680598808996898]
[0.13119593321819942, 0.15345796263057593, 0.17323527629158086, 0.16770161666024225, 0.1715890683372041, 0.17120121426978616, 0.17614549587622014, 0.1899059176839266, 0.19661096554828833, 0.20407076422184522, 0.2051639609966835, 0.20940831081306452, 0.22158487757140446, 0.22790906004684314, 0.2306941841432278, 0.2320916592115976, 0.2357161470574518, 0.24195963223241745, 0.2458031487029722, 0.253331782972671, 0.2608188870654985, 0.26644710703462604, 0.2702157012782858, 0.2771120136239512, 0.28331838183397584, 0.28358371220678835, 0.28881397451442925, 0.29345881103678695, 0.2992820985285308, 0.30062149349446565, 0.3021150782166024, 0.3052902917787119, 0.30608316430077503, 0.3110610615597741, 0.3123278644937487, 0.3213475921921742, 0.3261286547720397, 0.33184183053181493, 0.33611214671599565, 0.34152770681547423, 0.34390098199715435, 0.3453437881950502, 0.3533511172009462, 0.3533511172009462, 0.35704051442029494, 0.3592684344996968, 0.3636657730688164, 0.36543187359066354, 0.37308221739292863, 0.37875073207302445, 0.37875073207302445, 0.38107079725107684, 0.38107079725107684, 0.38523086499881054, 0.38724506463608177, 0.38724506463608177, 0.39309577434157883, 0.39309577434157883, 0.39309577434157883, 0.39309577434157883, 0.39309577434157883, 0.39309577434157883, 0.39309577434157883, 0.40060870826860684, 0.40060870826860684, 0.40500517592099183, 0.4095015011151327, 0.4095015011151327, 0.4095015011151327, 0.4095015011151327, 0.4095015011151327, 0.4095015011151327, 0.4153833295682965, 0.4153833295682965, 0.4153833295682965, 0.43416600938770983, 0.43416600938770983, 0.43416600938770983, 0.44024889457531713, 0.44024889457531713, 0.44024889457531713, 0.44024889457531713, 0.44024889457531713, 0.4472956411296136, 0.4472956411296136, 0.4472956411296136, 0.4472956411296136, 0.4472956411296136, 0.4472956411296136, 0.4472956411296136, 0.4472956411296136, 0.4472956411296136, 0.4472956411296136, 0.4472956411296136, 0.4472956411296136]
Training raw path: /home/anhnd/DTI Project/Codes/MPNN/data/KFold/ATCInchikeySideEffectByDrug.txt_train_5
('Number of substructures, proteins, pathways, drugs, se: ', 2936, 1448, 330, 969, 598)
((872, 4714), (97, 4714), (872, 598), (97, 598))
('VALIDATE SUM PROTEIN TRAIN: ', 22673.0)
('VALIDATE SUM PROTEIN TEST: ', 0.0)
Train: 1.0000 1.0000
Test: 0.7589 0.4349
[0.6508475972054343, 0.6690040801899303, 0.6666498043976797, 0.6598089117047814, 0.6617574107913415, 0.6642390383741383, 0.6674367880362133, 0.6684821996217786, 0.6704605383452175, 0.6716032176625348, 0.6720859189778345, 0.6749615827401818, 0.6771523252081445, 0.6787183619315096, 0.6787568989798252, 0.6808379990532579, 0.6820127352581892, 0.6835679309750323, 0.6839487640825492, 0.6883776943982504, 0.6917497910059488, 0.6937354561346526, 0.6962478101809051, 0.6984716248141314, 0.7000889433110651, 0.7003659452501936, 0.7028626189685185, 0.7046304716023521, 0.7063233124555744, 0.7070314100456797, 0.7093459093321055, 0.7104362028727975, 0.7107460862570698, 0.7118309330313259, 0.712128477450822, 0.7160720263262256, 0.7181409315580892, 0.7199434389120483, 0.7216594181739718, 0.7234595704549773, 0.7245260108780365, 0.7251427777346542, 0.7274188553908758, 0.7274188553908758, 0.7291622190122318, 0.729722422319799, 0.7310065302089501, 0.7314740270982805, 0.7350913778406223, 0.7374304737440137, 0.7374304737440137, 0.7381762738656448, 0.7381762738656448, 0.7400111121734083, 0.7408702984264501, 0.7408702984264501, 0.7433540778673913, 0.7433540778673913, 0.7433540778673913, 0.7433540778673913, 0.7433540778673913, 0.7433540778673913, 0.7433540778673913, 0.7457349480028339, 0.7457349480028339, 0.7469931255884538, 0.7486326351811954, 0.7486326351811954, 0.7486326351811954, 0.7486326351811954, 0.7486326351811954, 0.7486326351811954, 0.750381856371241, 0.750381856371241, 0.750381856371241, 0.7553313820746409, 0.7553313820746409, 0.7553313820746409, 0.7570863735578778, 0.7570863735578778, 0.7570863735578778, 0.7570863735578778, 0.7570863735578778, 0.7589437236410292, 0.7589437236410292, 0.7589437236410292, 0.7589437236410292, 0.7589437236410292, 0.7589437236410292, 0.7589437236410292, 0.7589437236410292, 0.7589437236410292, 0.7589437236410292, 0.7589437236410292, 0.7589437236410292]
[0.12371926106227657, 0.1446701762460439, 0.14357171663751295, 0.14742942282637256, 0.156404679745034, 0.1592099566480497, 0.16805674093603573, 0.1741610218236002, 0.1817356448690033, 0.18555025725317276, 0.18895348300418618, 0.1945529222622514, 0.20193166340194318, 0.20640065670607688, 0.206935089802987, 0.21225075587400988, 0.2161324201870671, 0.22277108773920742, 0.22493149066512483, 0.23646868454389597, 0.24595273984683555, 0.24816269016294862, 0.25328166588090256, 0.25917461635301303, 0.26306001424393716, 0.2640161914901845, 0.26911126190623424, 0.27383805307322445, 0.27841068478298414, 0.28032118678388285, 0.2847236336574783, 0.28809790943433006, 0.28910054201675717, 0.2912643756130435, 0.29238759307161905, 0.3038615552396498, 0.30902734862672687, 0.3137937502393614, 0.3182987014689991, 0.32435100008376516, 0.3273794246249613, 0.3291903892291194, 0.3368241339591264, 0.3368241339591264, 0.34197772474014576, 0.34419391270322613, 0.3476326873988663, 0.34887812439720955, 0.3583684552864662, 0.3648492633028886, 0.3648492633028886, 0.3672211223158631, 0.3672211223158631, 0.3730277191736294, 0.37599740198425996, 0.37599740198425996, 0.38314666611861503, 0.38314666611861503, 0.38314666611861503, 0.38314666611861503, 0.38314666611861503, 0.38314666611861503, 0.38314666611861503, 0.38949550488961415, 0.38949550488961415, 0.3929548508184195, 0.3987447972373754, 0.3987447972373754, 0.3987447972373754, 0.3987447972373754, 0.3987447972373754, 0.3987447972373754, 0.40498779823923015, 0.40498779823923015, 0.40498779823923015, 0.42139430028955044, 0.42139430028955044, 0.42139430028955044, 0.4274664373552838, 0.4274664373552838, 0.4274664373552838, 0.4274664373552838, 0.4274664373552838, 0.4349405830480931, 0.4349405830480931, 0.4349405830480931, 0.4349405830480931, 0.4349405830480931, 0.4349405830480931, 0.4349405830480931, 0.4349405830480931, 0.4349405830480931, 0.4349405830480931, 0.4349405830480931, 0.4349405830480931]
Training raw path: /home/anhnd/DTI Project/Codes/MPNN/data/KFold/ATCInchikeySideEffectByDrug.txt_train_6
('Number of substructures, proteins, pathways, drugs, se: ', 2936, 1448, 330, 969, 598)
((872, 4714), (97, 4714), (872, 598), (97, 598))
('VALIDATE SUM PROTEIN TRAIN: ', 22942.0)
('VALIDATE SUM PROTEIN TEST: ', 0.0)
Train: 1.0000 1.0000
Test: 0.7643 0.4399
[0.6677561082984811, 0.672185567967248, 0.6864670567780762, 0.6833214423638619, 0.6805954485858925, 0.6800572607037152, 0.6795475613337095, 0.6786306842440396, 0.6840838599319684, 0.6852592644169699, 0.6861535168693319, 0.687835955005233, 0.6916853076730379, 0.6953559889966412, 0.6956095988641238, 0.6960060565426721, 0.6969773609507344, 0.6974331798434639, 0.6986818019580271, 0.7008677437226716, 0.7018569015001148, 0.7031658320002565, 0.7052593017555215, 0.7065876907960142, 0.707111790560969, 0.7074405182362065, 0.7085744323746057, 0.7099080194900127, 0.7120229955681872, 0.7126269948453398, 0.716010261125442, 0.7169086289089049, 0.7173764347710117, 0.7187766340663633, 0.719048354557375, 0.7220665981907637, 0.724219816030173, 0.7261281225125433, 0.7273522011208967, 0.729657510192037, 0.7304134699607447, 0.7309619573447186, 0.7337736335634593, 0.7337736335634593, 0.735678122541502, 0.736417780024231, 0.7374211870582581, 0.7383450049344629, 0.7411388224061596, 0.7435140326843744, 0.7435140326843744, 0.7445069517134666, 0.7445069517134666, 0.7460706514490898, 0.7469170875747322, 0.7469170875747322, 0.7488188483000604, 0.7488188483000604, 0.7488188483000604, 0.7488188483000604, 0.7488188483000604, 0.7488188483000604, 0.7488188483000604, 0.7511274165186832, 0.7511274165186832, 0.7521450374502805, 0.7536618301369831, 0.7536618301369831, 0.7536618301369831, 0.7536618301369831, 0.7536618301369831, 0.7536618301369831, 0.7551486882049177, 0.7551486882049177, 0.7551486882049177, 0.7604846264686673, 0.7604846264686673, 0.7604846264686673, 0.7621095821129333, 0.7621095821129333, 0.7621095821129333, 0.7621095821129333, 0.7621095821129333, 0.7642605948285229, 0.7642605948285229, 0.7642605948285229, 0.7642605948285229, 0.7642605948285229, 0.7642605948285229, 0.7642605948285229, 0.7642605948285229, 0.7642605948285229, 0.7642605948285229, 0.7642605948285229, 0.7642605948285229]
[0.13218405291693108, 0.1447857229437108, 0.1615947955001052, 0.15839233349034712, 0.16162813471487847, 0.16644278000644658, 0.16948843620421067, 0.17809928557044868, 0.18814300460509747, 0.1939765011989193, 0.19645787707908074, 0.2012876038471439, 0.21009839682754183, 0.2178057449304694, 0.21934041688623987, 0.22126361482807788, 0.22624724387410805, 0.2296052545750456, 0.2327297547596098, 0.23965901409869753, 0.2447681533765054, 0.25056632148785085, 0.25650359702302417, 0.26174315737500337, 0.26192522386464445, 0.263011363769132, 0.2660574123137046, 0.26960587942849024, 0.27614050765852705, 0.27759980754007446, 0.28653745609983294, 0.28856188513889314, 0.28983596731728234, 0.29476473729474206, 0.29545240394889194, 0.30405180539558213, 0.30987053371283546, 0.31578817573364326, 0.32003598716354265, 0.32714881509308147, 0.32942145344595486, 0.33126515977237175, 0.340099944795196, 0.340099944795196, 0.34594991518324947, 0.3477553251999711, 0.3503589893664638, 0.35291413990162007, 0.36102943125400677, 0.3687265299398603, 0.3687265299398603, 0.37180891269277005, 0.37180891269277005, 0.3760581526159557, 0.37910486038749847, 0.37910486038749847, 0.3845463108474734, 0.3845463108474734, 0.3845463108474734, 0.3845463108474734, 0.3845463108474734, 0.3845463108474734, 0.3845463108474734, 0.39196291444543074, 0.39196291444543074, 0.39511223663992556, 0.40070827290831834, 0.40070827290831834, 0.40070827290831834, 0.40070827290831834, 0.40070827290831834, 0.40070827290831834, 0.40588444053370143, 0.40588444053370143, 0.40588444053370143, 0.4249668051262474, 0.4249668051262474, 0.4249668051262474, 0.43099748298372, 0.43099748298372, 0.43099748298372, 0.43099748298372, 0.43099748298372, 0.43994055386028585, 0.43994055386028585, 0.43994055386028585, 0.43994055386028585, 0.43994055386028585, 0.43994055386028585, 0.43994055386028585, 0.43994055386028585, 0.43994055386028585, 0.43994055386028585, 0.43994055386028585, 0.43994055386028585]
Training raw path: /home/anhnd/DTI Project/Codes/MPNN/data/KFold/ATCInchikeySideEffectByDrug.txt_train_7
('Number of substructures, proteins, pathways, drugs, se: ', 2936, 1448, 330, 969, 598)
((872, 4714), (97, 4714), (872, 598), (97, 598))
('VALIDATE SUM PROTEIN TRAIN: ', 22445.0)
('VALIDATE SUM PROTEIN TEST: ', 0.0)
Train: 1.0000 1.0000
Test: 0.7534 0.4371
[0.6234031137342195, 0.640145088965883, 0.6438114228149444, 0.6448923485738874, 0.646920654335118, 0.6480981471055561, 0.6482406109922889, 0.6510631944209541, 0.6540208773613484, 0.6553912178284034, 0.6538104266001548, 0.6569573851043222, 0.6615382074836996, 0.6632303784677687, 0.6646191583172991, 0.6667631803810393, 0.668372362693044, 0.6696895310251385, 0.6707845839514801, 0.6731112353115358, 0.6761036623787382, 0.6788810175649725, 0.6817684583914896, 0.6841460337538037, 0.6862421869866266, 0.6863273157353385, 0.6885759448633447, 0.6904234003358503, 0.6921658865134216, 0.6927482366473527, 0.6962130603532054, 0.6980390830574654, 0.6986133645853586, 0.6994165828685085, 0.6998797337336808, 0.7034403538853495, 0.7061330358938702, 0.7084374849683962, 0.7107692478208526, 0.7134461996809534, 0.7147780393398075, 0.7157144078361042, 0.7189484340927452, 0.7189484340927452, 0.7205402850128011, 0.7215660250728217, 0.72381622819581, 0.7247794819405358, 0.7284970741138632, 0.7311541461390885, 0.7311541461390885, 0.7323110640976138, 0.7323110640976138, 0.7343390839797377, 0.735207376364188, 0.735207376364188, 0.7368171477629861, 0.7368171477629861, 0.7368171477629861, 0.7368171477629861, 0.7368171477629861, 0.7368171477629861, 0.7368171477629861, 0.7394776177187349, 0.7394776177187349, 0.7409646000277068, 0.7423501040523333, 0.7423501040523333, 0.7423501040523333, 0.7423501040523333, 0.7423501040523333, 0.7423501040523333, 0.7440132792403458, 0.7440132792403458, 0.7440132792403458, 0.7493916932437026, 0.7493916932437026, 0.7493916932437026, 0.7512985966641827, 0.7512985966641827, 0.7512985966641827, 0.7512985966641827, 0.7512985966641827, 0.7533752845946804, 0.7533752845946804, 0.7533752845946804, 0.7533752845946804, 0.7533752845946804, 0.7533752845946804, 0.7533752845946804, 0.7533752845946804, 0.7533752845946804, 0.7533752845946804, 0.7533752845946804, 0.7533752845946804]
[0.11996871963596648, 0.12671652036368045, 0.13886144393641392, 0.14378002690056635, 0.14778847035304093, 0.1571510263042011, 0.16205490191677446, 0.16591613901459012, 0.16934479060434787, 0.17270640990855554, 0.17183926324002105, 0.17578802185166598, 0.18704101838330742, 0.19233370911887132, 0.19462037205438326, 0.1998175600181977, 0.20282613890583256, 0.20765692876817685, 0.20960667928163773, 0.21852262698879987, 0.22853686273203624, 0.23291977130665303, 0.2389534691064239, 0.24633622492490403, 0.25188580026937724, 0.2518738081139113, 0.25628972909645126, 0.26131858246959255, 0.26556325036235556, 0.26661753379686903, 0.2743584677752003, 0.27837135920044837, 0.27966475537049734, 0.2813390086186515, 0.2815368222858199, 0.29090026076726744, 0.29760972366017197, 0.3034742972016941, 0.3091021963725938, 0.31581224967258403, 0.3185985518622857, 0.3207726191414039, 0.3281445079489139, 0.3281445079489139, 0.3335455570337319, 0.3363864237798599, 0.3424143305312676, 0.3447706124336731, 0.3547300111006112, 0.3618266703261593, 0.3618266703261593, 0.36494522358944365, 0.36494522358944365, 0.37076648155778313, 0.3732657642083646, 0.3732657642083646, 0.37869476027377336, 0.37869476027377336, 0.37869476027377336, 0.37869476027377336, 0.37869476027377336, 0.37869476027377336, 0.37869476027377336, 0.3871362026449706, 0.3871362026449706, 0.3913635672794993, 0.3961227486392772, 0.3961227486392772, 0.3961227486392772, 0.3961227486392772, 0.3961227486392772, 0.3961227486392772, 0.40206604106977184, 0.40206604106977184, 0.40206604106977184, 0.42163118785400566, 0.42163118785400566, 0.42163118785400566, 0.4287532573231745, 0.4287532573231745, 0.4287532573231745, 0.4287532573231745, 0.4287532573231745, 0.4370850398018016, 0.4370850398018016, 0.4370850398018016, 0.4370850398018016, 0.4370850398018016, 0.4370850398018016, 0.4370850398018016, 0.4370850398018016, 0.4370850398018016, 0.4370850398018016, 0.4370850398018016, 0.4370850398018016]
Training raw path: /home/anhnd/DTI Project/Codes/MPNN/data/KFold/ATCInchikeySideEffectByDrug.txt_train_8
('Number of substructures, proteins, pathways, drugs, se: ', 2936, 1448, 330, 969, 598)
((872, 4714), (97, 4714), (872, 598), (97, 598))
('VALIDATE SUM PROTEIN TRAIN: ', 22705.0)
('VALIDATE SUM PROTEIN TEST: ', 0.0)
Train: 1.0000 1.0000
Test: 0.7575 0.4339
[0.6691445801296547, 0.6744296161186174, 0.6769107544946693, 0.6726576211716375, 0.6730145649693606, 0.6727751032890138, 0.672946499345754, 0.6741731003137137, 0.6736941531753112, 0.6747494046255657, 0.675770134108804, 0.6765334023752531, 0.6749846491693186, 0.6741767005960686, 0.675353406374801, 0.6765881277336611, 0.6785225677559028, 0.679713297858342, 0.68086813400276, 0.6825567331530159, 0.6852075181991307, 0.6873246487440021, 0.6888198847207041, 0.6910580453744662, 0.6931369165005337, 0.6933286392308903, 0.6948877884473782, 0.6963048236630408, 0.698790670956533, 0.6995478677412564, 0.7015663278747475, 0.7033927743258215, 0.7035594555925855, 0.7052155519912296, 0.7059504820426757, 0.7099034483288674, 0.7121864375498478, 0.7142949897109812, 0.7162868153696857, 0.7187642278290891, 0.7203966769729733, 0.7208497471637609, 0.7233310372210728, 0.7233310372210728, 0.7250714186282806, 0.7259654648135287, 0.7272947959441327, 0.7278051360515979, 0.7313173966591981, 0.7339535347436731, 0.7339535347436731, 0.7347009137005254, 0.7347009137005254, 0.7368608303230615, 0.73797546508596, 0.73797546508596, 0.7401906344732827, 0.7401906344732827, 0.7401906344732827, 0.7401906344732827, 0.7401906344732827, 0.7401906344732827, 0.7401906344732827, 0.7430097268637847, 0.7430097268637847, 0.7443371211488112, 0.7459648302961013, 0.7459648302961013, 0.7459648302961013, 0.7459648302961013, 0.7459648302961013, 0.7459648302961013, 0.7475778058237083, 0.7475778058237083, 0.7475778058237083, 0.7532920306561108, 0.7532920306561108, 0.7532920306561108, 0.7551999644402869, 0.7551999644402869, 0.7551999644402869, 0.7551999644402869, 0.7551999644402869, 0.7574791890496979, 0.7574791890496979, 0.7574791890496979, 0.7574791890496979, 0.7574791890496979, 0.7574791890496979, 0.7574791890496979, 0.7574791890496979, 0.7574791890496979, 0.7574791890496979, 0.7574791890496979, 0.7574791890496979]
[0.1167911729456986, 0.12625986182114776, 0.14103819683659252, 0.1448944531975227, 0.15363857787122906, 0.15943237950128325, 0.1669931595233975, 0.17131421149808554, 0.17907824530784378, 0.18583575078066716, 0.1886856431279246, 0.19309077666132546, 0.19444065522654436, 0.19862343588743522, 0.201927426652401, 0.20409413020439715, 0.2073109966961278, 0.2104304454096687, 0.21320858848273416, 0.2184079719958318, 0.2255227665595987, 0.23069569931868672, 0.23529859118640722, 0.24095603835392276, 0.24665031288585504, 0.2470238595903636, 0.25054045744805503, 0.2531896806874717, 0.2582044556915622, 0.25977350129278665, 0.2661895024240166, 0.27054598472051095, 0.2714118009358506, 0.27571640703994527, 0.2780916784169565, 0.2887497314523969, 0.29483498925603396, 0.3005217986773428, 0.3063509417179384, 0.31280046509435133, 0.3171775472875698, 0.31871983549597427, 0.32592127448945984, 0.32592127448945984, 0.3304012799567609, 0.33312543625692065, 0.3374858004156862, 0.33963096106475854, 0.3493912961718449, 0.3564170538949979, 0.3564170538949979, 0.35940554005647546, 0.35940554005647546, 0.36556027722209455, 0.3689516244982068, 0.3689516244982068, 0.37464849715906157, 0.37464849715906157, 0.37464849715906157, 0.37464849715906157, 0.37464849715906157, 0.37464849715906157, 0.37464849715906157, 0.3832588160832422, 0.3832588160832422, 0.38785763813912694, 0.3935297124428401, 0.3935297124428401, 0.3935297124428401, 0.3935297124428401, 0.3935297124428401, 0.3935297124428401, 0.39883508165186954, 0.39883508165186954, 0.39883508165186954, 0.4188627309531037, 0.4188627309531037, 0.4188627309531037, 0.42508811517504763, 0.42508811517504763, 0.42508811517504763, 0.42508811517504763, 0.42508811517504763, 0.4338776489115479, 0.4338776489115479, 0.4338776489115479, 0.4338776489115479, 0.4338776489115479, 0.4338776489115479, 0.4338776489115479, 0.4338776489115479, 0.4338776489115479, 0.4338776489115479, 0.4338776489115479, 0.4338776489115479]
Training raw path: /home/anhnd/DTI Project/Codes/MPNN/data/KFold/ATCInchikeySideEffectByDrug.txt_train_9
('Number of substructures, proteins, pathways, drugs, se: ', 2936, 1448, 330, 969, 598)
((873, 4714), (96, 4714), (873, 598), (96, 598))
('VALIDATE SUM PROTEIN TRAIN: ', 22759.0)
('VALIDATE SUM PROTEIN TEST: ', 0.0)
Train: 1.0000 1.0000
Test: 0.7310 0.4178
[0.641486955397476, 0.6428530786205702, 0.6463275664722165, 0.6405172798946203, 0.6401827875951654, 0.6368192823364459, 0.6363144115218543, 0.6357423647252355, 0.6377548671702039, 0.6388911111413813, 0.6392019624750713, 0.6399243625923905, 0.6452994690681748, 0.6471214457092881, 0.6486497382327191, 0.6514126827781099, 0.6521435272370906, 0.653922807647195, 0.6545130203295475, 0.657026834032795, 0.6602364015888547, 0.6622348037852837, 0.6649110138294596, 0.6677516847364312, 0.6686578253798874, 0.6692505168649076, 0.671237280497088, 0.6733103076603162, 0.6750295837310651, 0.676050879074575, 0.678754656214478, 0.679485343305672, 0.6803942831350376, 0.6817684577327079, 0.682470619718597, 0.6850883475886463, 0.6869282271006528, 0.6894177961421661, 0.6910774808821456, 0.6935503863058309, 0.6951252625726819, 0.6956386971738765, 0.6983072980733795, 0.6983072980733795, 0.700114352253153, 0.7008161958141192, 0.7027117868417442, 0.7033371349835693, 0.7065241021858337, 0.7092798266255763, 0.7092798266255763, 0.7099728312044344, 0.7099728312044344, 0.7118220382913961, 0.7126809815953027, 0.7126809815953027, 0.7148144863473606, 0.7148144863473606, 0.7148144863473606, 0.7148144863473606, 0.7148144863473606, 0.7148144863473606, 0.7148144863473606, 0.717466896741461, 0.717466896741461, 0.7188339513314901, 0.7202599352291259, 0.7202599352291259, 0.7202599352291259, 0.7202599352291259, 0.7202599352291259, 0.7202599352291259, 0.7218995015471628, 0.7218995015471628, 0.7218995015471628, 0.7271338603502294, 0.7271338603502294, 0.7271338603502294, 0.7290195050416264, 0.7290195050416264, 0.7290195050416264, 0.7290195050416264, 0.7290195050416264, 0.7310229658411699, 0.7310229658411699, 0.7310229658411699, 0.7310229658411699, 0.7310229658411699, 0.7310229658411699, 0.7310229658411699, 0.7310229658411699, 0.7310229658411699, 0.7310229658411699, 0.7310229658411699, 0.7310229658411699]
[0.11169918262484546, 0.11935282470974916, 0.13212693916200358, 0.12991100800080993, 0.1383299291995207, 0.1425160857568359, 0.14857393748231593, 0.15448536592525527, 0.16203319848969516, 0.1683369621932107, 0.1699288739752292, 0.1749565363347087, 0.18724633111241135, 0.19299476744842978, 0.19549286409485098, 0.2009882951707882, 0.20304232701151215, 0.20828327444029826, 0.20983442612289482, 0.21716206972502544, 0.22547052532171552, 0.23113031374256338, 0.2378400267752485, 0.24367662212180272, 0.247756572884833, 0.2492004595995214, 0.2537886303411224, 0.2582614113645729, 0.26218517524823026, 0.26409225903750183, 0.27001340801869567, 0.27133697857976735, 0.2735166373107022, 0.2768178272565415, 0.278431449325583, 0.2863357683114319, 0.29142781833423315, 0.2973657522656524, 0.3015501723916537, 0.30817143599826075, 0.3118665580772135, 0.31367810502829596, 0.3218642825885946, 0.3218642825885946, 0.3267953344326858, 0.32872323529186553, 0.3338418603696952, 0.33559379010947366, 0.3437323340767472, 0.3507971667467235, 0.3507971667467235, 0.35269765135678977, 0.35269765135678977, 0.3578118310841184, 0.35996711295547257, 0.35996711295547257, 0.3655838052444659, 0.3655838052444659, 0.3655838052444659, 0.3655838052444659, 0.3655838052444659, 0.3655838052444659, 0.3655838052444659, 0.37346170159531045, 0.37346170159531045, 0.3774789181978044, 0.3818289326216727, 0.3818289326216727, 0.3818289326216727, 0.3818289326216727, 0.3818289326216727, 0.3818289326216727, 0.3871996893483976, 0.3871996893483976, 0.3871996893483976, 0.40390682977538334, 0.40390682977538334, 0.40390682977538334, 0.4104832320657875, 0.4104832320657875, 0.4104832320657875, 0.4104832320657875, 0.4104832320657875, 0.41784782888883554, 0.41784782888883554, 0.41784782888883554, 0.41784782888883554, 0.41784782888883554, 0.41784782888883554, 0.41784782888883554, 0.41784782888883554, 0.41784782888883554, 0.41784782888883554, 0.41784782888883554, 0.41784782888883554]
AUC: 0.7541 0.0031
AUPR: 0.4439 0.0055
('RARE AUC', [(0.6457338400322865, 0.004686220899440615), (0.6537205169689371, 0.005156276493981271), (0.6583254812927166, 0.005118547697478877), (0.6559004734519917, 0.004635170978571718), (0.6565340233149783, 0.004290932479724902), (0.6567727292729941, 0.004327531622125885), (0.6576881586259025, 0.004445395957068677), (0.6587737845082406, 0.004520141632063252), (0.6611926113552011, 0.004489519671606474), (0.6629577488199223, 0.004581644409185754), (0.6631676479052024, 0.00472638300479807), (0.6651316260584731, 0.004753027528808655), (0.6685809745525272, 0.004569681431478599), (0.6705799826216851, 0.004592887158607988), (0.6713448448793266, 0.0045513546245258135), (0.6729401622073844, 0.004347726519798493), (0.6741135195144974, 0.004388238922875258), (0.6756083792033719, 0.004233936130330899), (0.6764639824923431, 0.0042869109857151715), (0.6793122793274076, 0.004300261472816433), (0.682220910253627, 0.004244094570892112), (0.6845538379526326, 0.0041845128112618715), (0.6869747440531462, 0.004054720007527301), (0.6895803862923976, 0.003910796518992958), (0.6912340725666379, 0.0038852874452522165), (0.6915802037198437, 0.003857459370968602), (0.6936191691267813, 0.0038251206210059806), (0.6953680729059869, 0.0037627180500500353), (0.6975665531945598, 0.0037532858681092953), (0.6983820250016815, 0.0037037995244949494), (0.7013636467874118, 0.0036249088697944457), (0.7028483728888697, 0.0035777532559028557), (0.7033802515092462, 0.0035302321020502367), (0.704699751484075, 0.003534679301223494), (0.7052567716627607, 0.0035206798552248043), (0.7089037243484951, 0.0035796599648019395), (0.7110258950002886, 0.0035715063544796808), (0.7133082189580701, 0.003515760467707688), (0.7150084312093645, 0.0034889475238275712), (0.7174956467348503, 0.0034193639031287544), (0.7187405522580549, 0.0033617364965585045), (0.7194334937759386, 0.0033545925614413947), (0.7221938752931443, 0.0033194189249024703), (0.7221938752931443, 0.0033194189249024703), (0.7237535852435081, 0.0033348564889342795), (0.7245171584470803, 0.0033277011325969818), (0.7261387850720606, 0.00325200521574686), (0.7269183862293646, 0.003253794759967901), (0.7301075167359532, 0.0032488575191080564), (0.7326493709750038, 0.003193965234613653), (0.7326493709750038, 0.003193965234613653), (0.7334840819850756, 0.003213112806750205), (0.7334840819850756, 0.003213112806750205), (0.735339044748569, 0.0031933770605740586), (0.7362583281307388, 0.0031767698189705527), (0.7362583281307388, 0.0031767698189705527), (0.7382973589002305, 0.00317103005785706), (0.7382973589002305, 0.00317103005785706), (0.7382973589002305, 0.00317103005785706), (0.7382973589002305, 0.00317103005785706), (0.7382973589002305, 0.00317103005785706), (0.7382973589002305, 0.00317103005785706), (0.7382973589002305, 0.00317103005785706), (0.7408612451326059, 0.003149926642268142), (0.7408612451326059, 0.003149926642268142), (0.7421499423865731, 0.003130156551871096), (0.7435743764173386, 0.0031449201219814057), (0.7435743764173386, 0.0031449201219814057), (0.7435743764173386, 0.0031449201219814057), (0.7435743764173386, 0.0031449201219814057), (0.7435743764173386, 0.0031449201219814057), (0.7435743764173386, 0.0031449201219814057), (0.7452229738381686, 0.0031352237201109166), (0.7452229738381686, 0.0031352237201109166), (0.7452229738381686, 0.0031352237201109166), (0.750336444172097, 0.0031448059235129554), (0.750336444172097, 0.0031448059235129554), (0.750336444172097, 0.0031448059235129554), (0.7521365710555676, 0.0031235624748871906), (0.7521365710555676, 0.0031235624748871906), (0.7521365710555676, 0.0031235624748871906), (0.7521365710555676, 0.0031235624748871906), (0.7521365710555676, 0.0031235624748871906), (0.7541309377618879, 0.0031233884267012446), (0.7541309377618879, 0.0031233884267012446), (0.7541309377618879, 0.0031233884267012446), (0.7541309377618879, 0.0031233884267012446), (0.7541309377618879, 0.0031233884267012446), (0.7541309377618879, 0.0031233884267012446), (0.7541309377618879, 0.0031233884267012446), (0.7541309377618879, 0.0031233884267012446), (0.7541309377618879, 0.0031233884267012446), (0.7541309377618879, 0.0031233884267012446), (0.7541309377618879, 0.0031233884267012446), (0.7541309377618879, 0.0031233884267012446)])
('RARE AUPR', [(0.1267532235548197, 0.0032130808849579985), (0.14076746999702588, 0.004748570686117704), (0.15231536989321975, 0.006487293187425712), (0.15383257940708678, 0.005946307718369562), (0.1599739223283622, 0.0054138550580856695), (0.16446072210896961, 0.005271420218693373), (0.1698075543259284, 0.005084120673148817), (0.17668690254069888, 0.005413782922110544), (0.18345001314485393, 0.005178819964008122), (0.1886160970136077, 0.0051813520006721205), (0.19003546646038866, 0.005400893868075799), (0.19518623119730658, 0.00556774840298189), (0.2043548527673788, 0.005595987617428462), (0.2104082425721366, 0.005601297199396658), (0.2124733547808646, 0.0054923252384623256), (0.2164072648865762, 0.0053109058005508325), (0.2197641866615428, 0.005519121528760496), (0.22476474648507677, 0.005612389535888569), (0.22717184228414097, 0.005650397418321935), (0.23524779006253776, 0.005834258486193071), (0.2437144438721032, 0.0058928834651952155), (0.24889102496056975, 0.005870791808362705), (0.2540169508786382, 0.005871875646489337), (0.2604740991427083, 0.0060198227576380514), (0.2647067280010681, 0.006145872117728985), (0.2655418691177626, 0.006143929067630967), (0.26989755167723606, 0.006190322109249931), (0.2741750578982211, 0.0062078779957706375), (0.2793943872900092, 0.006207920601640707), (0.2809941211980899, 0.006160586575479807), (0.287563887776127, 0.005931265040837583), (0.2909758624510278, 0.005974802892004179), (0.29223285146323646, 0.005934503011333118), (0.29587063783212814, 0.005941392071617207), (0.29728684961983204, 0.005951469205809411), (0.3071241868323829, 0.00595519918199331), (0.3126549230885023, 0.00598420301339409), (0.31868770019132586, 0.006014120825185414), (0.3234212559055326, 0.006046732401224111), (0.3304551149759379, 0.006027233474403472), (0.33363997628847303, 0.0059893578081743675), (0.33552518245933455, 0.006021141339486266), (0.34337826607471095, 0.006026613320691149), (0.34337826607471095, 0.006026613320691149), (0.3480972308262414, 0.005999740938031575), (0.3503764968786654, 0.005977020168657), (0.355138384719052, 0.006021032728453495), (0.3573089965497661, 0.006042624568709362), (0.36598887253046486, 0.005954634669670425), (0.3733305467796137, 0.005940597102943393), (0.3733305467796137, 0.005940597102943393), (0.3758438063429281, 0.005913874191990148), (0.3758438063429281, 0.005913874191990148), (0.3811850589507019, 0.005860098648523584), (0.3840177207392739, 0.005928612541594132), (0.3840177207392739, 0.005928612541594132), (0.3898092569780546, 0.005900608319418382), (0.3898092569780546, 0.005900608319418382), (0.3898092569780546, 0.005900608319418382), (0.3898092569780546, 0.005900608319418382), (0.3898092569780546, 0.005900608319418382), (0.3898092569780546, 0.005900608319418382), (0.3898092569780546, 0.005900608319418382), (0.39759850868055296, 0.0058648971455467986), (0.39759850868055296, 0.0058648971455467986), (0.4015101567688479, 0.0058654370368558355), (0.4063420241783476, 0.005798297265983836), (0.4063420241783476, 0.005798297265983836), (0.4063420241783476, 0.005798297265983836), (0.4063420241783476, 0.005798297265983836), (0.4063420241783476, 0.005798297265983836), (0.4063420241783476, 0.005798297265983836), (0.41204922127250254, 0.005820926425707805), (0.41204922127250254, 0.005820926425707805), (0.41204922127250254, 0.005820926425707805), (0.4297100852375942, 0.005602435284779539), (0.4297100852375942, 0.005602435284779539), (0.4297100852375942, 0.005602435284779539), (0.4361368580034471, 0.005565987841466123), (0.4361368580034471, 0.005565987841466123), (0.4361368580034471, 0.005565987841466123), (0.4361368580034471, 0.005565987841466123), (0.4361368580034471, 0.005565987841466123), (0.44392117314039414, 0.005468784933028788), (0.44392117314039414, 0.005468784933028788), (0.44392117314039414, 0.005468784933028788), (0.44392117314039414, 0.005468784933028788), (0.44392117314039414, 0.005468784933028788), (0.44392117314039414, 0.005468784933028788), (0.44392117314039414, 0.005468784933028788), (0.44392117314039414, 0.005468784933028788), (0.44392117314039414, 0.005468784933028788), (0.44392117314039414, 0.005468784933028788), (0.44392117314039414, 0.005468784933028788), (0.44392117314039414, 0.005468784933028788)])
