Default
<models.baselines.omodels.LNSM object at 0x7f976555aa10>
('Manual torch seed: ', 1772727637)
('Config: ', 'Protein Test: ', False)
Training raw path: /home/anhnd/DTI Project/Codes/MPNN/data/KFold/ATCInchikeySideEffectByDrug.txt_train_0
('Number of substructures, proteins, pathways, drugs, se: ', 2936, 1448, 330, 969, 598)
((872, 4714), (97, 4714), (872, 598), (97, 598))
('VALIDATE SUM PROTEIN TRAIN: ', 22497.0)
('VALIDATE SUM PROTEIN TEST: ', 0.0)
Train: 1.0000 1.0000
Test: 0.7601 0.4541
[0.6577247256508036, 0.6700077441105621, 0.6719362532891147, 0.6692797652233424, 0.6697625925590416, 0.668932676844121, 0.6695473816010383, 0.6705501349064023, 0.6713507904656177, 0.6737466445592726, 0.6732810929919545, 0.6742771748009636, 0.6770629114467895, 0.678930113985508, 0.6799699492829223, 0.6808074702566609, 0.6814291368225911, 0.6821587183584087, 0.6827175950989307, 0.6856049094608, 0.6894714889534327, 0.6915285472299475, 0.6931552925350399, 0.6958533624013612, 0.6976682089359445, 0.6980245475560799, 0.6996652181801402, 0.7010363169602346, 0.7032801026035107, 0.7039970933967243, 0.7073164481822712, 0.708912554663869, 0.7095940204090302, 0.7107719873757197, 0.711476196443015, 0.7155807353210812, 0.7177037612411457, 0.7202491628573903, 0.7217444544940931, 0.7242328678044301, 0.725314244257155, 0.7260603919740243, 0.7285994480305601, 0.7285994480305601, 0.7303925875007766, 0.7311934218796567, 0.7328692673470731, 0.7336599737733953, 0.7367173906566031, 0.739258821071497, 0.739258821071497, 0.7402496265462709, 0.7402496265462709, 0.7422236648518458, 0.7431250404782227, 0.7431250404782227, 0.7448721093482762, 0.7448721093482762, 0.7448721093482762, 0.7448721093482762, 0.7448721093482762, 0.7448721093482762, 0.7448721093482762, 0.7475188985528081, 0.7475188985528081, 0.7487968542930056, 0.7501493662183432, 0.7501493662183432, 0.7501493662183432, 0.7501493662183432, 0.7501493662183432, 0.7501493662183432, 0.7517368347387292, 0.7517368347387292, 0.7517368347387292, 0.7563768114660248, 0.7563768114660248, 0.7563768114660248, 0.758135207317918, 0.758135207317918, 0.758135207317918, 0.758135207317918, 0.758135207317918, 0.7600990912548865, 0.7600990912548865, 0.7600990912548865, 0.7600990912548865, 0.7600990912548865, 0.7600990912548865, 0.7600990912548865, 0.7600990912548865, 0.7600990912548865, 0.7600990912548865, 0.7600990912548865, 0.7600990912548865]
[0.14417278923200225, 0.15829615845844663, 0.16866121049036795, 0.16637310199160799, 0.16893158708671746, 0.17322840278992782, 0.17869673114066445, 0.18422359048923725, 0.18802576349996628, 0.1919370456906733, 0.19248258694983245, 0.195924496643577, 0.20585035045603897, 0.21107483256661747, 0.21377766431520184, 0.2162019972501944, 0.21762744373726212, 0.22108534597352147, 0.2237487089961824, 0.23188719936198773, 0.24118013873737273, 0.2456596929137692, 0.2493468538305611, 0.2555176082767302, 0.2600102411499575, 0.26087920001660214, 0.26463167181560837, 0.2683694643427167, 0.2741091040469458, 0.27595127063037395, 0.2845381092628438, 0.2887094135299185, 0.29039612238111157, 0.29437592428206016, 0.2959160490795879, 0.30755934180772426, 0.3133200459888732, 0.32015865719476594, 0.32536907860768816, 0.3328339024211085, 0.3353184413241442, 0.33714467223968553, 0.3449117329561271, 0.3449117329561271, 0.35036028699826294, 0.35284888967153577, 0.3587192811534503, 0.36092090197324056, 0.3703902857688073, 0.3789154731821665, 0.3789154731821665, 0.38205672575828903, 0.38205672575828903, 0.3880104693970798, 0.39080026925789524, 0.39080026925789524, 0.39654969413748037, 0.39654969413748037, 0.39654969413748037, 0.39654969413748037, 0.39654969413748037, 0.39654969413748037, 0.39654969413748037, 0.40555210685394133, 0.40555210685394133, 0.4097055481218623, 0.4149436395759303, 0.4149436395759303, 0.4149436395759303, 0.4149436395759303, 0.4149436395759303, 0.4149436395759303, 0.4215442059843221, 0.4215442059843221, 0.4215442059843221, 0.4386219024086821, 0.4386219024086821, 0.4386219024086821, 0.44552810599850057, 0.44552810599850057, 0.44552810599850057, 0.44552810599850057, 0.44552810599850057, 0.4540505523465339, 0.4540505523465339, 0.4540505523465339, 0.4540505523465339, 0.4540505523465339, 0.4540505523465339, 0.4540505523465339, 0.4540505523465339, 0.4540505523465339, 0.4540505523465339, 0.4540505523465339, 0.4540505523465339]
Training raw path: /home/anhnd/DTI Project/Codes/MPNN/data/KFold/ATCInchikeySideEffectByDrug.txt_train_1
('Number of substructures, proteins, pathways, drugs, se: ', 2936, 1448, 330, 969, 598)
((872, 4714), (97, 4714), (872, 598), (97, 598))
('VALIDATE SUM PROTEIN TRAIN: ', 22668.0)
('VALIDATE SUM PROTEIN TEST: ', 0.0)
