Default
<models.baselines.omodels.LNSM object at 0x7f67591a81d0>
('Manual torch seed: ', 1772727637)
('Config: ', 'Protein Test: ', False, 'KNN: ', 4)
Training raw path: /home/anhnd/DTI Project/Codes/MPNN/data/KFold/ATCInchikeySideEffectByDrug.txt_train_0
('Number of substructures, proteins, pathways, drugs, se: ', 2936, 1448, 330, 969, 598)
((872, 4714), (97, 4714), (872, 598), (97, 598))
('VALIDATE SUM PROTEIN TRAIN: ', 22497.0)
('VALIDATE SUM PROTEIN TEST: ', 0.0)
Train: 1.0000 1.0000
Test: 0.7622 0.4520
[0.6612305285405902, 0.6756462246107144, 0.6759291160516321, 0.6749541043188827, 0.6754826742223697, 0.6741001599208245, 0.6745218694326544, 0.6750437041592874, 0.6754805635507553, 0.6778889423657362, 0.6774509198156566, 0.6783398950165005, 0.6812458155840178, 0.6829351364776318, 0.6839933360625812, 0.6848959804200168, 0.6854309740507463, 0.6861415634051161, 0.686565484761418, 0.6896964922014672, 0.6935613374021616, 0.6955301482325886, 0.6971145727007493, 0.699930782387473, 0.7016859875070076, 0.7020376822331639, 0.7035579139445143, 0.7049118360334414, 0.7070786661527686, 0.707702513409899, 0.7109490488460879, 0.7125817769479417, 0.7132493970188212, 0.7143371712849327, 0.7150523991871337, 0.7191383953106931, 0.7212330489477752, 0.7236067144301761, 0.7250130500854244, 0.7274863242447547, 0.7285332364764863, 0.7292873987925788, 0.73170532033978, 0.73170532033978, 0.7333750741639976, 0.7341212499461234, 0.735769669265925, 0.736533306608921, 0.7394220775780594, 0.741842844235058, 0.741842844235058, 0.7427711125093952, 0.7427711125093952, 0.7447263168979865, 0.7456167108664474, 0.7456167108664474, 0.7473492145459218, 0.7473492145459218, 0.7473492145459218, 0.7473492145459218, 0.7473492145459218, 0.7473492145459218, 0.7473492145459218, 0.7499323137014293, 0.7499323137014293, 0.7511290370220846, 0.752452947485056, 0.752452947485056, 0.752452947485056, 0.752452947485056, 0.752452947485056, 0.752452947485056, 0.7539938406585587, 0.7539938406585587, 0.7539938406585587, 0.758520933959919, 0.758520933959919, 0.758520933959919, 0.7602151541988744, 0.7602151541988744, 0.7602151541988744, 0.7602151541988744, 0.7602151541988744, 0.7621510790350939, 0.7621510790350939, 0.7621510790350939, 0.7621510790350939, 0.7621510790350939, 0.7621510790350939, 0.7621510790350939, 0.7621510790350939, 0.7621510790350939, 0.7621510790350939, 0.7621510790350939, 0.7621510790350939]
[0.14583580980039704, 0.15967582704756036, 0.16818938429875596, 0.16606737913835626, 0.1693539248466918, 0.17341609426455923, 0.17918519750910056, 0.1845375115727001, 0.18862801568861526, 0.19212442619731182, 0.19289939892219943, 0.19648262965839008, 0.20641068393648349, 0.2119501003668019, 0.21420442399427475, 0.2169077683118904, 0.218677114327264, 0.22243880176751873, 0.22519318335329083, 0.23344810366377572, 0.24221461826975837, 0.246989072611717, 0.2503209245095913, 0.25603493372980524, 0.2611213117238872, 0.2619864849245068, 0.26583034983626946, 0.26959880528943053, 0.2754394233566147, 0.2775714767742822, 0.28586594073832206, 0.29002204056358044, 0.2915094285406032, 0.29528863402476735, 0.2969372169904926, 0.30829625568165514, 0.3136635958006508, 0.320374928467695, 0.3253630695462846, 0.3333335734036222, 0.33590151164910753, 0.3377442419242225, 0.3454609487092119, 0.3454609487092119, 0.35058871606465286, 0.35293637341012746, 0.35889391411963967, 0.3610621561702809, 0.37008228644313024, 0.37835499999431077, 0.37835499999431077, 0.38142731486130366, 0.38142731486130366, 0.3875055177905256, 0.39044244589365007, 0.39044244589365007, 0.39625129015338967, 0.39625129015338967, 0.39625129015338967, 0.39625129015338967, 0.39625129015338967, 0.39625129015338967, 0.39625129015338967, 0.4049897997736098, 0.4049897997736098, 0.4088437341329252, 0.41388707227021776, 0.41388707227021776, 0.41388707227021776, 0.41388707227021776, 0.41388707227021776, 0.41388707227021776, 0.4200845508358232, 0.4200845508358232, 0.4200845508358232, 0.43697695692361, 0.43697695692361, 0.43697695692361, 0.44362449383689717, 0.44362449383689717, 0.44362449383689717, 0.44362449383689717, 0.44362449383689717, 0.4520078738859845, 0.4520078738859845, 0.4520078738859845, 0.4520078738859845, 0.4520078738859845, 0.4520078738859845, 0.4520078738859845, 0.4520078738859845, 0.4520078738859845, 0.4520078738859845, 0.4520078738859845, 0.4520078738859845]
Training raw path: /home/anhnd/DTI Project/Codes/MPNN/data/KFold/ATCInchikeySideEffectByDrug.txt_train_1
('Number of substructures, proteins, pathways, drugs, se: ', 2936, 1448, 330, 969, 598)
((872, 4714), (97, 4714), (872, 598), (97, 598))
('VALIDATE SUM PROTEIN TRAIN: ', 22668.0)
('VALIDATE SUM PROTEIN TEST: ', 0.0)
Train: 1.0000 1.0000
Test: 0.7482 0.4647
[0.6089621211315682, 0.6151843267793401, 0.6197864850549102, 0.6207326071167185, 0.6234505867275063, 0.6278237071979818, 0.6264901406453453, 0.6267969604594288, 0.6321056863902705, 0.6331004669227619, 0.6326430077904756, 0.6342638023588907, 0.6390208250409867, 0.643620368245641, 0.6440575330462941, 0.6470541417014866, 0.6478559158370945, 0.6513957621110027, 0.6525748622449683, 0.6555006302439249, 0.658674315067177, 0.6620122345994373, 0.6655802473630943, 0.6690853086750297, 0.6714501060522526, 0.6721235418901428, 0.6743262503813364, 0.6766698808358211, 0.6802607249232413, 0.6817710683745102, 0.6862080216077893, 0.6889798249477777, 0.6897937448128828, 0.6916507464241102, 0.6922454412680824, 0.6966455248718866, 0.6990480163202895, 0.7023795457513728, 0.7041545049561799, 0.707774321820401, 0.709159098460749, 0.7101631342324373, 0.7138580981091438, 0.7138580981091438, 0.7147387387570886, 0.7156134841519428, 0.7177215388384179, 0.7187765225691729, 0.7221670332816474, 0.7254232518222401, 0.7254232518222401, 0.7262232460108793, 0.7262232460108793, 0.7284449252744196, 0.7295668058658423, 0.7295668058658423, 0.7318076402427743, 0.7318076402427743, 0.7318076402427743, 0.7318076402427743, 0.7318076402427743, 0.7318076402427743, 0.7318076402427743, 0.7345570599869752, 0.7345570599869752, 0.7359401874526349, 0.737143860176579, 0.737143860176579, 0.737143860176579, 0.737143860176579, 0.737143860176579, 0.737143860176579, 0.7390982233952149, 0.7390982233952149, 0.7390982233952149, 0.7441094704722557, 0.7441094704722557, 0.7441094704722557, 0.7461578160199014, 0.7461578160199014, 0.7461578160199014, 0.7461578160199014, 0.7461578160199014, 0.7482349988724178, 0.7482349988724178, 0.7482349988724178, 0.7482349988724178, 0.7482349988724178, 0.7482349988724178, 0.7482349988724178, 0.7482349988724178, 0.7482349988724178, 0.7482349988724178, 0.7482349988724178, 0.7482349988724178]
[0.11975344956785364, 0.1373573115338275, 0.13799561096663768, 0.14499138799937517, 0.15171811777683522, 0.1546303236293854, 0.15718834462139347, 0.16250703050905094, 0.17135433784644427, 0.17399801587349986, 0.17380889396290572, 0.180120406223443, 0.19081286931014318, 0.19991593021507706, 0.20286706365755608, 0.20907319244954642, 0.21040705065378823, 0.21720201586542592, 0.21983282419953615, 0.2280937792908331, 0.23708135228286947, 0.24397962051522828, 0.24823290426318484, 0.2545611359627371, 0.2581616427650729, 0.25932735367297877, 0.26275076381349877, 0.26917353585573234, 0.2771233273531902, 0.27984614287588033, 0.2899869827354297, 0.29537517255672524, 0.29749290917842, 0.3019398138682095, 0.30377762356076654, 0.3146095451027098, 0.320036567878321, 0.3285204455017575, 0.3324120521360272, 0.3420429240823466, 0.346039689856668, 0.3484728315899106, 0.35783642083520784, 0.35783642083520784, 0.3615092842078488, 0.36400071407087453, 0.3702101801652705, 0.3726936047795699, 0.3810810877834122, 0.39066936301175004, 0.39066936301175004, 0.3924876329975243, 0.3924876329975243, 0.3990088042787819, 0.40221852925845214, 0.40221852925845214, 0.40866809853052233, 0.40866809853052233, 0.40866809853052233, 0.40866809853052233, 0.40866809853052233, 0.40866809853052233, 0.40866809853052233, 0.4175145540790046, 0.4175145540790046, 0.4209821495672906, 0.4248008177260964, 0.4248008177260964, 0.4248008177260964, 0.4248008177260964, 0.4248008177260964, 0.4248008177260964, 0.432057098389911, 0.432057098389911, 0.432057098389911, 0.4485950222747533, 0.4485950222747533, 0.4485950222747533, 0.45634936182194374, 0.45634936182194374, 0.45634936182194374, 0.45634936182194374, 0.45634936182194374, 0.4646746632573953, 0.4646746632573953, 0.4646746632573953, 0.4646746632573953, 0.4646746632573953, 0.4646746632573953, 0.4646746632573953, 0.4646746632573953, 0.4646746632573953, 0.4646746632573953, 0.4646746632573953, 0.4646746632573953]
Training raw path: /home/anhnd/DTI Project/Codes/MPNN/data/KFold/ATCInchikeySideEffectByDrug.txt_train_2
('Number of substructures, proteins, pathways, drugs, se: ', 2936, 1448, 330, 969, 598)
((872, 4714), (97, 4714), (872, 598), (97, 598))
('VALIDATE SUM PROTEIN TRAIN: ', 22376.0)
('VALIDATE SUM PROTEIN TEST: ', 0.0)
Train: 1.0000 1.0000
Test: 0.7630 0.4950
[0.6600949693282382, 0.6643881109571232, 0.673699120278868, 0.6756039931930367, 0.6773973639313342, 0.6757175251713031, 0.675427662254406, 0.6782769433042707, 0.6792944398065371, 0.6802780525979293, 0.6814654442335515, 0.6833935366989321, 0.6843565201164692, 0.6844165132255504, 0.6847564864550443, 0.6864130686044632, 0.6875668350327837, 0.6898857272543653, 0.6899465402190097, 0.6935916097041683, 0.6959361251077676, 0.6980084237602744, 0.7004384920408373, 0.7038795549473126, 0.7056822975894292, 0.706055299065587, 0.7080351214603515, 0.7096854637960291, 0.7114184444182521, 0.7122096691591214, 0.7145381253283617, 0.7162042730598622, 0.7167382070858891, 0.7176478557598529, 0.7182771689569547, 0.7216029920508236, 0.7238348146051017, 0.7260059049343959, 0.7277123583818467, 0.7299023164363727, 0.7310769900712046, 0.7319157593335889, 0.7342537129488869, 0.7342537129488869, 0.7358232016210399, 0.7364915758530349, 0.7381653965292085, 0.7390740709240649, 0.7418814498718266, 0.7438482048268176, 0.7438482048268176, 0.7445314600357821, 0.7445314600357821, 0.7460538009999991, 0.7470621999034431, 0.7470621999034431, 0.748838992978149, 0.748838992978149, 0.748838992978149, 0.748838992978149, 0.748838992978149, 0.748838992978149, 0.748838992978149, 0.751201525246457, 0.751201525246457, 0.7525372400210344, 0.7537828507193027, 0.7537828507193027, 0.7537828507193027, 0.7537828507193027, 0.7537828507193027, 0.7537828507193027, 0.7553102666928098, 0.7553102666928098, 0.7553102666928098, 0.7597250984660289, 0.7597250984660289, 0.7597250984660289, 0.7612877026875897, 0.7612877026875897, 0.7612877026875897, 0.7612877026875897, 0.7612877026875897, 0.7629995388123614, 0.7629995388123614, 0.7629995388123614, 0.7629995388123614, 0.7629995388123614, 0.7629995388123614, 0.7629995388123614, 0.7629995388123614, 0.7629995388123614, 0.7629995388123614, 0.7629995388123614, 0.7629995388123614]
[0.1544484280119961, 0.17757122363546035, 0.20562062078376603, 0.2072659784798056, 0.21115607093937544, 0.21585575480908573, 0.21923015536269647, 0.228726044187212, 0.23374336640201362, 0.2383106705465307, 0.24076300851715463, 0.24773819659305488, 0.2570661874412744, 0.26169580432409106, 0.26261504788644285, 0.26719222200020837, 0.2713775346907392, 0.27650595961152813, 0.27779328851664764, 0.2868504716564816, 0.295933539027769, 0.3013850855952904, 0.3073692360943987, 0.3157466260877226, 0.32080896305034406, 0.32176569976972025, 0.32611561816871715, 0.32974544005093076, 0.33436565903699417, 0.33548709792430115, 0.3413598121169471, 0.3449859177160519, 0.34633768120750713, 0.34955630134842, 0.35127625228503245, 0.36084623044518616, 0.3678742201318168, 0.37364276787892936, 0.3794861502290935, 0.38587698007583415, 0.3892536708145804, 0.39180329863298285, 0.39903881004454556, 0.39903881004454556, 0.4044258083911768, 0.4065443912372798, 0.4117095157815374, 0.41431517953803976, 0.4226660222452446, 0.4288511488941543, 0.4288511488941543, 0.4312669523137917, 0.4312669523137917, 0.43574939403105895, 0.43908395450922466, 0.43908395450922466, 0.4443042801819024, 0.4443042801819024, 0.4443042801819024, 0.4443042801819024, 0.4443042801819024, 0.4443042801819024, 0.4443042801819024, 0.4521296037229586, 0.4521296037229586, 0.4565935190747749, 0.4609455950072953, 0.4609455950072953, 0.4609455950072953, 0.4609455950072953, 0.4609455950072953, 0.4609455950072953, 0.4664398406982845, 0.4664398406982845, 0.4664398406982845, 0.4824648169788509, 0.4824648169788509, 0.4824648169788509, 0.4882250773400645, 0.4882250773400645, 0.4882250773400645, 0.4882250773400645, 0.4882250773400645, 0.4949718463221053, 0.4949718463221053, 0.4949718463221053, 0.4949718463221053, 0.4949718463221053, 0.4949718463221053, 0.4949718463221053, 0.4949718463221053, 0.4949718463221053, 0.4949718463221053, 0.4949718463221053, 0.4949718463221053]
Training raw path: /home/anhnd/DTI Project/Codes/MPNN/data/KFold/ATCInchikeySideEffectByDrug.txt_train_3
('Number of substructures, proteins, pathways, drugs, se: ', 2936, 1448, 330, 969, 598)
((872, 4714), (97, 4714), (872, 598), (97, 598))
('VALIDATE SUM PROTEIN TRAIN: ', 22809.0)
('VALIDATE SUM PROTEIN TEST: ', 0.0)
Train: 1.0000 1.0000
Test: 0.7611 0.4469
[0.6384466258971784, 0.6568502004417902, 0.6549535790920019, 0.6550652188039903, 0.6567271185243143, 0.6574512112844908, 0.6610157192914871, 0.6621695656730635, 0.6666740014504098, 0.6716103952613495, 0.6711710611632182, 0.6732228647156696, 0.6762395391452968, 0.6789929883582891, 0.6798925449536478, 0.6812732655344462, 0.6828326262468319, 0.683359935576981, 0.684089690120072, 0.6872576418114991, 0.6904414868125419, 0.6938139731964266, 0.6970085783982789, 0.6994064364796815, 0.7001312594225835, 0.7007070722662609, 0.7033082650939824, 0.7048074269517965, 0.7069981394600481, 0.7076446046371305, 0.7110677800840335, 0.7120960423967893, 0.7124938718902094, 0.7137907950618942, 0.7142990390958318, 0.7182126145849329, 0.7201294201290925, 0.7219244647162997, 0.7232436360422518, 0.7258663556211852, 0.7269546634075128, 0.727642783195383, 0.7302740449722516, 0.7302740449722516, 0.7316690655842392, 0.7324927303202329, 0.7339263454151397, 0.7348824898123709, 0.7377809829226322, 0.740370215424496, 0.740370215424496, 0.7411373086849913, 0.7411373086849913, 0.7428358804497124, 0.7438289628099559, 0.7438289628099559, 0.7459034430731042, 0.7459034430731042, 0.7459034430731042, 0.7459034430731042, 0.7459034430731042, 0.7459034430731042, 0.7459034430731042, 0.7483247641686317, 0.7483247641686317, 0.7496064060666552, 0.7509213224439268, 0.7509213224439268, 0.7509213224439268, 0.7509213224439268, 0.7509213224439268, 0.7509213224439268, 0.7524970673858024, 0.7524970673858024, 0.7524970673858024, 0.7574616892184618, 0.7574616892184618, 0.7574616892184618, 0.7592430534601192, 0.7592430534601192, 0.7592430534601192, 0.7592430534601192, 0.7592430534601192, 0.7610944740710879, 0.7610944740710879, 0.7610944740710879, 0.7610944740710879, 0.7610944740710879, 0.7610944740710879, 0.7610944740710879, 0.7610944740710879, 0.7610944740710879, 0.7610944740710879, 0.7610944740710879, 0.7610944740710879]
[0.11615724964572778, 0.12822353369299938, 0.13465928514138967, 0.13801366485477312, 0.14806828797454374, 0.15438193414951284, 0.1596493526508736, 0.16813507933621508, 0.1775956758855679, 0.1852849592853968, 0.1862033283383711, 0.1917987480575186, 0.19973113519397906, 0.20604374055076513, 0.20818884404083243, 0.21262170832222788, 0.21723420667217375, 0.2205350796489843, 0.22309999503099387, 0.23037014479683943, 0.23911601127577528, 0.24581746587129696, 0.25235848552001494, 0.2582416766797664, 0.26102850907308506, 0.26238737650537924, 0.2680974818739112, 0.27189106513536904, 0.27677592326339895, 0.2778988845848036, 0.2856845241008163, 0.288937813361389, 0.289614942890444, 0.29325226455796827, 0.2950182242161713, 0.30627569432781776, 0.31207312007253574, 0.3175338610549898, 0.32197923757612906, 0.3302617873864246, 0.3338255071627756, 0.3358331097958703, 0.34335923186549805, 0.34335923186549805, 0.3475505795440541, 0.34992157709073163, 0.354526421412362, 0.35754534475910016, 0.3658240584721063, 0.374345143013456, 0.374345143013456, 0.3768324054261898, 0.3768324054261898, 0.3820471358766283, 0.38509506642663843, 0.38509506642663843, 0.3914473161937221, 0.3914473161937221, 0.3914473161937221, 0.3914473161937221, 0.3914473161937221, 0.3914473161937221, 0.3914473161937221, 0.3994524582827826, 0.3994524582827826, 0.4039022483844516, 0.4084798616639259, 0.4084798616639259, 0.4084798616639259, 0.4084798616639259, 0.4084798616639259, 0.4084798616639259, 0.41398361405687684, 0.41398361405687684, 0.41398361405687684, 0.4319712546133583, 0.4319712546133583, 0.4319712546133583, 0.43892265337350367, 0.43892265337350367, 0.43892265337350367, 0.43892265337350367, 0.43892265337350367, 0.4468841354559637, 0.4468841354559637, 0.4468841354559637, 0.4468841354559637, 0.4468841354559637, 0.4468841354559637, 0.4468841354559637, 0.4468841354559637, 0.4468841354559637, 0.4468841354559637, 0.4468841354559637, 0.4468841354559637]
