Default
<models.baselines.omodels.NeuSK object at 0x7f1f4c26dad0>
Training raw path: /home/anhnd/DTI Project/Codes/MPNN/data/KFold/ATCInchikeySideEffectByDrug.txt_train_0
('Number of substructures, proteins, pathways, drugs, se: ', 2936, 1448, 330, 969, 598)
Train: 0.9179 0.7640
Test: 0.7550 0.4602
[0.6340492361847598, 0.6490525649350809, 0.6474329378239707, 0.6438660162843162, 0.6434736858880803, 0.6454434269136294, 0.6494813520931285, 0.651164516975981, 0.6518396176697047, 0.6533397815955454, 0.6545507599512415, 0.6564599669276757, 0.6605844831213413, 0.6636413187028634, 0.6640726512745826, 0.6657352043918326, 0.6669679558293992, 0.6685024154466673, 0.6694990942523703, 0.6721301164035397, 0.6748410630743615, 0.6771398368326055, 0.6790062320076169, 0.6819107800589908, 0.6839377352679994, 0.6843080191464006, 0.6855982444671689, 0.6873273933046546, 0.6901947674055463, 0.69135479626364, 0.6950451618109783, 0.6968045924307025, 0.6974761740296109, 0.699466042487457, 0.699934380474533, 0.7045080666789574, 0.706804948381291, 0.7094742863411401, 0.7113030828087374, 0.7148241804707914, 0.7158099936952451, 0.7168210924429292, 0.7199487929329454, 0.7199487929329454, 0.7218451659578088, 0.7227479220963736, 0.7246395008964954, 0.7256410923329638, 0.7292448369411808, 0.7322977572059177, 0.7322977572059177, 0.7334091369238105, 0.7334091369238105, 0.7356425423750643, 0.7366746814282334, 0.7366746814282334, 0.7387412152563999, 0.7387412152563999, 0.7387412152563999, 0.7387412152563999, 0.7387412152563999, 0.7387412152563999, 0.7387412152563999, 0.7415553247966812, 0.7415553247966812, 0.7430166549195347, 0.7444585868565795, 0.7444585868565795, 0.7444585868565795, 0.7444585868565795, 0.7444585868565795, 0.7444585868565795, 0.7461636863661032, 0.7461636863661032, 0.7461636863661032, 0.7511798571779594, 0.7511798571779594, 0.7511798571779594, 0.7530016123310979, 0.7530016123310979, 0.7530016123310979, 0.7530016123310979, 0.7530016123310979, 0.7550063063156655, 0.7550063063156655, 0.7550063063156655, 0.7550063063156655, 0.7550063063156655, 0.7550063063156655, 0.7550063063156655, 0.7550063063156655, 0.7550063063156655, 0.7550063063156655, 0.7550063063156655, 0.7550063063156655]
[0.12393630804357134, 0.13616603494310603, 0.14004892409777828, 0.1387681013331003, 0.14113282207356012, 0.148871159013827, 0.15845695866296766, 0.16678226722412398, 0.17015372603848775, 0.17209571672445523, 0.1746039263038944, 0.17994549628367812, 0.1886922520205654, 0.19615165090109427, 0.19851056181166532, 0.20334228850097252, 0.20593001949190018, 0.20995720344826388, 0.21303080558264487, 0.22360234162407577, 0.2310415799731511, 0.23914447573493886, 0.24469105479242154, 0.25127526872814904, 0.2570077002593254, 0.2576410996657166, 0.2619339121350662, 0.2664646497586643, 0.2729899678116068, 0.2757198094910782, 0.2844529465983375, 0.28936694376337035, 0.2911832643680955, 0.29621142850150106, 0.2979323937109801, 0.3100778854201399, 0.3159481769382361, 0.32342372119460616, 0.32837015847255535, 0.3367026777952816, 0.33933820477769194, 0.3423188129279241, 0.34984146580758957, 0.34984146580758957, 0.3550154405575687, 0.3571689670163218, 0.36264418871120474, 0.3655882923428189, 0.3752264217696834, 0.38395621042476924, 0.38395621042476924, 0.3868047383542408, 0.3868047383542408, 0.3938156902979981, 0.3964868337200709, 0.3964868337200709, 0.4031535883544469, 0.4031535883544469, 0.4031535883544469, 0.4031535883544469, 0.4031535883544469, 0.4031535883544469, 0.4031535883544469, 0.4118752155798352, 0.4118752155798352, 0.4164299069724192, 0.42131238539530036, 0.42131238539530036, 0.42131238539530036, 0.42131238539530036, 0.42131238539530036, 0.42131238539530036, 0.42774577979073836, 0.42774577979073836, 0.42774577979073836, 0.4455850975472275, 0.4455850975472275, 0.4455850975472275, 0.45233559417556657, 0.45233559417556657, 0.45233559417556657, 0.45233559417556657, 0.45233559417556657, 0.4601753019641881, 0.4601753019641881, 0.4601753019641881, 0.4601753019641881, 0.4601753019641881, 0.4601753019641881, 0.4601753019641881, 0.4601753019641881, 0.4601753019641881, 0.4601753019641881, 0.4601753019641881, 0.4601753019641881]
Training raw path: /home/anhnd/DTI Project/Codes/MPNN/data/KFold/ATCInchikeySideEffectByDrug.txt_train_1
('Number of substructures, proteins, pathways, drugs, se: ', 2936, 1448, 330, 969, 598)
Train: 0.9346 0.8041
Test: 0.7475 0.4603
[0.6343414366317809, 0.6313163244304401, 0.6333592596547655, 0.6279591444018991, 0.6258179747102446, 0.6281110052659141, 0.6264908213199872, 0.6268722838294696, 0.6315665917135782, 0.6332454898413078, 0.6329803138024902, 0.6350941207629104, 0.6398586290226989, 0.6447141048288234, 0.645814149979618, 0.6493407102416032, 0.6499350978893887, 0.6518421924576002, 0.6527656106735021, 0.655526259624339, 0.6577404001977252, 0.6597237301920794, 0.6611589123534398, 0.663985340839008, 0.6656250616660018, 0.6662396765931757, 0.6684754898981593, 0.6707726359986306, 0.6744323593898596, 0.6758053172427749, 0.6801997190526048, 0.6830174270642738, 0.6840061544913361, 0.685965746881035, 0.6869541404169364, 0.6920651197998987, 0.6946255101555316, 0.6981727252908472, 0.7005053167678652, 0.7040083436261005, 0.7056851611931546, 0.7067351280468851, 0.7104139285255817, 0.7104139285255817, 0.7117476933931643, 0.7127136641897842, 0.71485717863173, 0.7157907604379132, 0.7197326749631991, 0.7230225565350447, 0.7230225565350447, 0.7239534814108366, 0.7239534814108366, 0.7263815076469106, 0.727595272132203, 0.727595272132203, 0.730147209306791, 0.730147209306791, 0.730147209306791, 0.730147209306791, 0.730147209306791, 0.730147209306791, 0.730147209306791, 0.7333578192084932, 0.7333578192084932, 0.7348334745105309, 0.7362506291717578, 0.7362506291717578, 0.7362506291717578, 0.7362506291717578, 0.7362506291717578, 0.7362506291717578, 0.7382275615642322, 0.7382275615642322, 0.7382275615642322, 0.7433504031215178, 0.7433504031215178, 0.7433504031215178, 0.7453990687004156, 0.7453990687004156, 0.7453990687004156, 0.7453990687004156, 0.7453990687004156, 0.7475039350946029, 0.7475039350946029, 0.7475039350946029, 0.7475039350946029, 0.7475039350946029, 0.7475039350946029, 0.7475039350946029, 0.7475039350946029, 0.7475039350946029, 0.7475039350946029, 0.7475039350946029, 0.7475039350946029]
[0.10712378423735702, 0.12794642662426658, 0.1270421761134244, 0.12612366462091995, 0.13200894773871458, 0.13541414541842606, 0.13893144813879904, 0.1445557117232306, 0.15691739300387242, 0.160717818533826, 0.16064604010241743, 0.1649302341155049, 0.17665558868313144, 0.18621842634755637, 0.18931285314901336, 0.19611564309788615, 0.1976641411064616, 0.20278185350489064, 0.2047429873697085, 0.2128881187608167, 0.21913526833838431, 0.22579288751444368, 0.2312952799337506, 0.23894367402985375, 0.24171325168921376, 0.2432780318150914, 0.24737095077217053, 0.25327283732821015, 0.26203856881021564, 0.2652002841417067, 0.2752831061652432, 0.2817588978796409, 0.2840969187842396, 0.29075884172882527, 0.2927307756283225, 0.30490623328948346, 0.3113414340657124, 0.3211333201319435, 0.3272502108278625, 0.3361778965001397, 0.34034299329249973, 0.34357907961692397, 0.352535761814244, 0.352535761814244, 0.35595931138073156, 0.35903128212452684, 0.3651173799523815, 0.3678110503159765, 0.37823723872486703, 0.38765346664514344, 0.38765346664514344, 0.3900452978352854, 0.3900452978352854, 0.39595465077485514, 0.3987782928157394, 0.3987782928157394, 0.4053638794478199, 0.4053638794478199, 0.4053638794478199, 0.4053638794478199, 0.4053638794478199, 0.4053638794478199, 0.4053638794478199, 0.4147166110234485, 0.4147166110234485, 0.4187597198538034, 0.4226257524287791, 0.4226257524287791, 0.4226257524287791, 0.4226257524287791, 0.4226257524287791, 0.4226257524287791, 0.42961364466429547, 0.42961364466429547, 0.42961364466429547, 0.44588688781705715, 0.44588688781705715, 0.44588688781705715, 0.4528850767311013, 0.4528850767311013, 0.4528850767311013, 0.4528850767311013, 0.4528850767311013, 0.46031229048076555, 0.46031229048076555, 0.46031229048076555, 0.46031229048076555, 0.46031229048076555, 0.46031229048076555, 0.46031229048076555, 0.46031229048076555, 0.46031229048076555, 0.46031229048076555, 0.46031229048076555, 0.46031229048076555]
Training raw path: /home/anhnd/DTI Project/Codes/MPNN/data/KFold/ATCInchikeySideEffectByDrug.txt_train_2
('Number of substructures, proteins, pathways, drugs, se: ', 2936, 1448, 330, 969, 598)
Train: 0.9363 0.8048
Test: 0.7556 0.5088
[0.6766402269375167, 0.6734099587217657, 0.6672856662422035, 0.6678089271544615, 0.666254965672479, 0.6619163791073547, 0.6641951096360244, 0.6682060383579844, 0.667557120743725, 0.6691721531989354, 0.6692068899749428, 0.671938155315098, 0.6731485485074877, 0.6739239031234278, 0.6740977679011856, 0.6759570504031069, 0.6781257601041808, 0.6798881832194479, 0.6799451378101561, 0.6826634153086979, 0.6849792971342465, 0.6873434104802967, 0.6903733374485418, 0.6935320510168062, 0.694439359042827, 0.6945647161904871, 0.695910301920603, 0.6981146558420048, 0.6996694628187642, 0.7008134239468782, 0.703205232925747, 0.7052215555610777, 0.7058171970321148, 0.7069948311913767, 0.7074398089164284, 0.7114105928208643, 0.7134246338940596, 0.7157690086957419, 0.7172057241901785, 0.7194220504026141, 0.7205284979020162, 0.7212568959402197, 0.7238481024450407, 0.7238481024450407, 0.7254777075816764, 0.7262360142766244, 0.7278569629416535, 0.7286662680330147, 0.7319884899077818, 0.7346169099093427, 0.7346169099093427, 0.7354559166498693, 0.7354559166498693, 0.7371087831807601, 0.7382938413246847, 0.7382938413246847, 0.7402220887826155, 0.7402220887826155, 0.7402220887826155, 0.7402220887826155, 0.7402220887826155, 0.7402220887826155, 0.7402220887826155, 0.7428275766655897, 0.7428275766655897, 0.7443610082432828, 0.7457740958753779, 0.7457740958753779, 0.7457740958753779, 0.7457740958753779, 0.7457740958753779, 0.7457740958753779, 0.7474171190585046, 0.7474171190585046, 0.7474171190585046, 0.7521140056518347, 0.7521140056518347, 0.7521140056518347, 0.7538071457953871, 0.7538071457953871, 0.7538071457953871, 0.7538071457953871, 0.7538071457953871, 0.7556145667727059, 0.7556145667727059, 0.7556145667727059, 0.7556145667727059, 0.7556145667727059, 0.7556145667727059, 0.7556145667727059, 0.7556145667727059, 0.7556145667727059, 0.7556145667727059, 0.7556145667727059, 0.7556145667727059]
[0.15275201161681867, 0.16599567009587182, 0.17741567828142954, 0.18197615826281655, 0.1856273757397703, 0.1875649461363479, 0.19762882317169064, 0.20585415710239383, 0.210696471805912, 0.21682526952491277, 0.2198211681490221, 0.22594409074279911, 0.23593587873355204, 0.24072256341357215, 0.2430704278986593, 0.24810454761152306, 0.25306406295456735, 0.25832620804428513, 0.2612559488287973, 0.2708263463390004, 0.28067702526381166, 0.2872931030575433, 0.2965255941259466, 0.30510602596964675, 0.3111572194310436, 0.31284033313037846, 0.3189769834880811, 0.32514860759631237, 0.3321374911639242, 0.3343769846499425, 0.3419523428593474, 0.34741707349856665, 0.34862287284393323, 0.35191443914854537, 0.35380180689012997, 0.366710422418163, 0.37401184609695526, 0.38129448820252754, 0.3874767609734948, 0.39486957150476043, 0.3983467037968572, 0.4008898458633001, 0.4089822933238484, 0.4089822933238484, 0.4133627411111024, 0.4149452204348487, 0.42034828914239586, 0.4228039916200351, 0.43230273009778675, 0.4396158973591505, 0.4396158973591505, 0.44223252007102243, 0.44223252007102243, 0.44780340665975993, 0.45123255850536503, 0.45123255850536503, 0.4564868977913354, 0.4564868977913354, 0.4564868977913354, 0.4564868977913354, 0.4564868977913354, 0.4564868977913354, 0.4564868977913354, 0.4645520136505078, 0.4645520136505078, 0.4696330152870326, 0.47436247247264635, 0.47436247247264635, 0.47436247247264635, 0.47436247247264635, 0.47436247247264635, 0.47436247247264635, 0.4800851683984094, 0.4800851683984094, 0.4800851683984094, 0.4962539051360422, 0.4962539051360422, 0.4962539051360422, 0.5021723215107502, 0.5021723215107502, 0.5021723215107502, 0.5021723215107502, 0.5021723215107502, 0.5087833213291548, 0.5087833213291548, 0.5087833213291548, 0.5087833213291548, 0.5087833213291548, 0.5087833213291548, 0.5087833213291548, 0.5087833213291548, 0.5087833213291548, 0.5087833213291548, 0.5087833213291548, 0.5087833213291548]
Training raw path: /home/anhnd/DTI Project/Codes/MPNN/data/KFold/ATCInchikeySideEffectByDrug.txt_train_3
('Number of substructures, proteins, pathways, drugs, se: ', 2936, 1448, 330, 969, 598)
Train: 0.9252 0.7817
Test: 0.7476 0.4638
