Default
<models.baselines.omodels.NeuSK object at 0x7f5782559e90>
Training raw path: /home/anhnd/DTI Project/Codes/MPNN/data/KFold/ATCInchikeySideEffectByDrug.txt_train_0
('Number of substructures, proteins, pathways, drugs, se: ', 888, 1448, 330, 969, 598)
Train: 0.9231 0.7733
Test: 0.7737 0.4741
[0.6803291438199036, 0.7018996948141044, 0.7067708235302975, 0.7028829413949678, 0.6980461109265802, 0.6945729965024329, 0.6972784919990779, 0.6984860797158533, 0.6958860394861602, 0.6968893383775833, 0.6959832104525228, 0.6973142217913528, 0.6983383047504275, 0.7001471961089897, 0.7008988190583643, 0.7021977177998339, 0.703382161666386, 0.704412093998439, 0.7047957386937322, 0.7064871283577404, 0.7085196317279864, 0.7106278121864795, 0.7121460397188126, 0.7143725054343906, 0.7157295370601866, 0.7159335627945596, 0.716932511914552, 0.7179812034464714, 0.7192881404036651, 0.7202135666035212, 0.7220539503592486, 0.7233733195451437, 0.7237625328586745, 0.7249706224422279, 0.7257497444818624, 0.7296515583596206, 0.7314406403062103, 0.7336296377960467, 0.735290377192791, 0.7381167226735166, 0.7390442711357537, 0.739812803512273, 0.7421723104728899, 0.7421723104728899, 0.7441584691806081, 0.7448733523443712, 0.7466714772684027, 0.747629722072066, 0.7508392785994968, 0.7531406584529037, 0.7531406584529037, 0.7541403247647268, 0.7541403247647268, 0.7562664989242471, 0.7572096826940979, 0.7572096826940979, 0.7590702297779586, 0.7590702297779586, 0.7590702297779586, 0.7590702297779586, 0.7590702297779586, 0.7590702297779586, 0.7590702297779586, 0.76162327101988, 0.76162327101988, 0.7628962271338662, 0.7641523371674332, 0.7641523371674332, 0.7641523371674332, 0.7641523371674332, 0.7641523371674332, 0.7641523371674332, 0.7656878930721549, 0.7656878930721549, 0.7656878930721549, 0.7702086321372872, 0.7702086321372872, 0.7702086321372872, 0.7718579623021755, 0.7718579623021755, 0.7718579623021755, 0.7718579623021755, 0.7718579623021755, 0.7736683905751391, 0.7736683905751391, 0.7736683905751391, 0.7736683905751391, 0.7736683905751391, 0.7736683905751391, 0.7736683905751391, 0.7736683905751391, 0.7736683905751391, 0.7736683905751391, 0.7736683905751391, 0.7736683905751391]
[0.15870555557732385, 0.1970914693752036, 0.20135446157140838, 0.2005849372894346, 0.19930208634531055, 0.2014439863513935, 0.20795250402231344, 0.21093747377788732, 0.21042385316838647, 0.21471482619289076, 0.21585395652362308, 0.218811209626971, 0.22783119907817256, 0.23445846009472177, 0.237029932285348, 0.24153641373733534, 0.24280173409649058, 0.2450473508353439, 0.24695382184913678, 0.25505802879221806, 0.263401350594674, 0.2683682120187645, 0.27338858193191407, 0.2807513886769174, 0.2864754726480765, 0.28684399651406817, 0.2904076923207459, 0.2956042218460172, 0.302679740291808, 0.30459739831100097, 0.3109125828125645, 0.31399766134685836, 0.3151294951295699, 0.31963588356257366, 0.3213803382822494, 0.3327166131549857, 0.3385705044967702, 0.3450522045566986, 0.3494522093434713, 0.3572671106970645, 0.360054705238149, 0.36255351363858934, 0.37057113976141154, 0.37057113976141154, 0.3766041784384482, 0.3790042805560241, 0.3839961114650304, 0.38719268819856945, 0.39657409290390366, 0.40387545480933196, 0.40387545480933196, 0.4067615169427785, 0.4067615169427785, 0.41335344013797726, 0.41629138510793817, 0.41629138510793817, 0.42246689341238075, 0.42246689341238075, 0.42246689341238075, 0.42246689341238075, 0.42246689341238075, 0.42246689341238075, 0.42246689341238075, 0.43060591235645473, 0.43060591235645473, 0.4349661822001824, 0.43964266163883925, 0.43964266163883925, 0.43964266163883925, 0.43964266163883925, 0.43964266163883925, 0.43964266163883925, 0.44515663734716576, 0.44515663734716576, 0.44515663734716576, 0.46124602039779333, 0.46124602039779333, 0.46124602039779333, 0.4671744388702908, 0.4671744388702908, 0.4671744388702908, 0.4671744388702908, 0.4671744388702908, 0.47408398290231074, 0.47408398290231074, 0.47408398290231074, 0.47408398290231074, 0.47408398290231074, 0.47408398290231074, 0.47408398290231074, 0.47408398290231074, 0.47408398290231074, 0.47408398290231074, 0.47408398290231074, 0.47408398290231074]
Training raw path: /home/anhnd/DTI Project/Codes/MPNN/data/KFold/ATCInchikeySideEffectByDrug.txt_train_1
('Number of substructures, proteins, pathways, drugs, se: ', 888, 1448, 330, 969, 598)
Train: 0.9254 0.7797
Test: 0.7764 0.4815
[0.6525531560460904, 0.6648089148602059, 0.6694907231052933, 0.6709993391112362, 0.6719821971104788, 0.6690573260360233, 0.6694410544040365, 0.6699261793122662, 0.674137283710215, 0.67768936781752, 0.6781574779673156, 0.679311413985191, 0.6825647363247339, 0.6852896729407205, 0.6864974652629294, 0.6886778335185186, 0.6892467902550806, 0.6913626017137464, 0.6920952888092843, 0.6952486306812468, 0.6973821586856435, 0.6993498636058708, 0.7018237276714605, 0.7047073205918555, 0.7054749149746794, 0.7055880775859047, 0.7071709275055592, 0.7087945793455893, 0.7120379957919862, 0.7132617580712484, 0.717183066422223, 0.7197894412744186, 0.7206379673132549, 0.7225318058543216, 0.7232441611576123, 0.7276873232729351, 0.729806964154755, 0.7332374447028025, 0.734983984813092, 0.7386238140910366, 0.7401185415941431, 0.7409305673366393, 0.7439898554421657, 0.7439898554421657, 0.7453041664346722, 0.7461048573857749, 0.7480495368033295, 0.7489099937297705, 0.7523031534069035, 0.7550796997524787, 0.7550796997524787, 0.7558566035567201, 0.7558566035567201, 0.7580890054726072, 0.7591919669006306, 0.7591919669006306, 0.7613947739800024, 0.7613947739800024, 0.7613947739800024, 0.7613947739800024, 0.7613947739800024, 0.7613947739800024, 0.7613947739800024, 0.7641223540935773, 0.7641223540935773, 0.7653703015247539, 0.7666080689511561, 0.7666080689511561, 0.7666080689511561, 0.7666080689511561, 0.7666080689511561, 0.7666080689511561, 0.7683344128367967, 0.7683344128367967, 0.7683344128367967, 0.7727817122327804, 0.7727817122327804, 0.7727817122327804, 0.7745664511677463, 0.7745664511677463, 0.7745664511677463, 0.7745664511677463, 0.7745664511677463, 0.7764165776655818, 0.7764165776655818, 0.7764165776655818, 0.7764165776655818, 0.7764165776655818, 0.7764165776655818, 0.7764165776655818, 0.7764165776655818, 0.7764165776655818, 0.7764165776655818, 0.7764165776655818, 0.7764165776655818]
[0.12407459779124813, 0.14217519775854062, 0.14695118836344548, 0.1530524625198622, 0.16372485975066486, 0.16509185798494552, 0.16770468607359065, 0.17280883470178637, 0.1810728425410492, 0.18757339524813718, 0.18915064626960124, 0.19348582196854572, 0.20314741471768064, 0.2123340312207143, 0.2159328500160337, 0.2209420131029057, 0.22304754825154283, 0.22916910250241102, 0.2302448705466754, 0.23850670158873755, 0.2466681079208834, 0.25245474761526776, 0.2591818335957965, 0.26677777444280765, 0.27087085265013994, 0.2719789752389455, 0.2759237712805096, 0.28074538971565455, 0.2893844102174549, 0.29241329866063714, 0.303350123336496, 0.30895902243247625, 0.3107957050080235, 0.31660400440540193, 0.3187980564380363, 0.3309941489168432, 0.3362139471918537, 0.34498848038844643, 0.34987313038734086, 0.3597878997180418, 0.36399035315376493, 0.36691951029412734, 0.37434152194865716, 0.37434152194865716, 0.3785785096859673, 0.3808579374077896, 0.3863806207743552, 0.38859357290411956, 0.39956489952655816, 0.40856806746521024, 0.40856806746521024, 0.41046755541872826, 0.41046755541872826, 0.41764367074700237, 0.4207782119331076, 0.4207782119331076, 0.42738612619691707, 0.42738612619691707, 0.42738612619691707, 0.42738612619691707, 0.42738612619691707, 0.42738612619691707, 0.42738612619691707, 0.4363962056702856, 0.4363962056702856, 0.43992470933847583, 0.4442606049030845, 0.4442606049030845, 0.4442606049030845, 0.4442606049030845, 0.4442606049030845, 0.4442606049030845, 0.4510024031061452, 0.4510024031061452, 0.4510024031061452, 0.46725435762400214, 0.46725435762400214, 0.46725435762400214, 0.47389029845919195, 0.47389029845919195, 0.47389029845919195, 0.47389029845919195, 0.47389029845919195, 0.4815183582470547, 0.4815183582470547, 0.4815183582470547, 0.4815183582470547, 0.4815183582470547, 0.4815183582470547, 0.4815183582470547, 0.4815183582470547, 0.4815183582470547, 0.4815183582470547, 0.4815183582470547, 0.4815183582470547]
Training raw path: /home/anhnd/DTI Project/Codes/MPNN/data/KFold/ATCInchikeySideEffectByDrug.txt_train_2
('Number of substructures, proteins, pathways, drugs, se: ', 888, 1448, 330, 969, 598)
Train: 0.9204 0.7660
Test: 0.7763 0.5378
[0.6959360439293376, 0.6979978895033392, 0.6963360841238091, 0.690930933155443, 0.6924046075240966, 0.6909032728320257, 0.6931267413742891, 0.6972603554252987, 0.6985581395554548, 0.7008647936335324, 0.7013136526777094, 0.7035432850522734, 0.7034695277353759, 0.7039957851739564, 0.7041860813669383, 0.7069569346158217, 0.7084233397674204, 0.7086308569255144, 0.708965602326642, 0.7126470885082253, 0.7139440251573106, 0.7161960358919619, 0.7189708962230598, 0.7215808425936284, 0.7240464293337618, 0.7242154236902494, 0.7255819831223468, 0.7274555983209958, 0.7291266378359097, 0.7300794188238784, 0.7318443216678662, 0.7326458112594251, 0.7331613312392784, 0.7339936552630131, 0.7344737853197252, 0.7376444885693805, 0.7396057191860914, 0.7412664955454515, 0.7429564223349954, 0.7449856115353144, 0.7461040680264436, 0.7467455036941627, 0.7487800535902037, 0.7487800535902037, 0.7502840540901845, 0.7509358065822397, 0.7521616521993468, 0.7529474350805874, 0.7557789837766471, 0.7578141513753552, 0.7578141513753552, 0.7586182023537369, 0.7586182023537369, 0.7600105664135305, 0.7610887293612432, 0.7610887293612432, 0.7627118979838464, 0.7627118979838464, 0.7627118979838464, 0.7627118979838464, 0.7627118979838464, 0.7627118979838464, 0.7627118979838464, 0.7649642778641983, 0.7649642778641983, 0.7662647652309, 0.7674939558657257, 0.7674939558657257, 0.7674939558657257, 0.7674939558657257, 0.7674939558657257, 0.7674939558657257, 0.7689606657609537, 0.7689606657609537, 0.7689606657609537, 0.7731538533356929, 0.7731538533356929, 0.7731538533356929, 0.7746801482301885, 0.7746801482301885, 0.7746801482301885, 0.7746801482301885, 0.7746801482301885, 0.7763170952145889, 0.7763170952145889, 0.7763170952145889, 0.7763170952145889, 0.7763170952145889, 0.7763170952145889, 0.7763170952145889, 0.7763170952145889, 0.7763170952145889, 0.7763170952145889, 0.7763170952145889, 0.7763170952145889]
[0.2026195915460025, 0.23019785900547113, 0.24633589392836086, 0.23998950107301728, 0.24619227228289367, 0.24828573216941374, 0.2593965275431199, 0.2671590881563421, 0.27061593027622, 0.275208385772612, 0.2793004921529791, 0.2847376201888033, 0.28995350819750965, 0.2937635390882609, 0.29583453149212935, 0.30245041042376175, 0.30694736761171093, 0.31057353752166816, 0.3130661450595619, 0.32513949269870385, 0.33306280270456196, 0.337122625697005, 0.34497465310404524, 0.35356481548850566, 0.36051588342245505, 0.3616917088295459, 0.36523565242699624, 0.37141949458965623, 0.37719796608996825, 0.37945150885353895, 0.3864313640360188, 0.38940189249796675, 0.3909405900961639, 0.394553450460303, 0.39577951952095985, 0.4070244389747096, 0.4142788029021156, 0.4206572375144394, 0.4274185671501104, 0.4351127793579883, 0.43794556164692267, 0.44058413046756634, 0.44764824532185954, 0.44764824532185954, 0.45332758791764427, 0.45520834079017203, 0.4595168661059478, 0.46175093699320696, 0.47098801393265327, 0.4768444252160068, 0.4768444252160068, 0.47931473276272757, 0.47931473276272757, 0.4836065767894215, 0.48679977449493905, 0.48679977449493905, 0.49166688920204715, 0.49166688920204715, 0.49166688920204715, 0.49166688920204715, 0.49166688920204715, 0.49166688920204715, 0.49166688920204715, 0.49893705795479926, 0.49893705795479926, 0.5030094536593015, 0.5071869738398661, 0.5071869738398661, 0.5071869738398661, 0.5071869738398661, 0.5071869738398661, 0.5071869738398661, 0.5121826729398052, 0.5121826729398052, 0.5121826729398052, 0.526584832479736, 0.526584832479736, 0.526584832479736, 0.5318222437281097, 0.5318222437281097, 0.5318222437281097, 0.5318222437281097, 0.5318222437281097, 0.5377624136074597, 0.5377624136074597, 0.5377624136074597, 0.5377624136074597, 0.5377624136074597, 0.5377624136074597, 0.5377624136074597, 0.5377624136074597, 0.5377624136074597, 0.5377624136074597, 0.5377624136074597, 0.5377624136074597]
Training raw path: /home/anhnd/DTI Project/Codes/MPNN/data/KFold/ATCInchikeySideEffectByDrug.txt_train_3
('Number of substructures, proteins, pathways, drugs, se: ', 888, 1448, 330, 969, 598)
Train: 0.9166 0.7605
Test: 0.8045 0.5394
[0.7326393426516193, 0.7515173140008393, 0.7439429725219423, 0.7418293531983677, 0.7358738711887561, 0.7355231993590321, 0.7356765057081074, 0.7364814856529039, 0.7366531576883621, 0.7403809518209474, 0.7412388475516489, 0.741447138447296, 0.7422036414952907, 0.7450063019806175, 0.7445148984913865, 0.7462684814648036, 0.7476863464441934, 0.7485978040861836, 0.7484210764365768, 0.7499493119767185, 0.7525919585605979, 0.7547083994273529, 0.7560466836094284, 0.7570711798195946, 0.7578237387186618, 0.7580626348154405, 0.7596155443575483, 0.7597808483998486, 0.7611708265592896, 0.7614456780155721, 0.7634753448756597, 0.7645996045698131, 0.7649257428703056, 0.7658349267231876, 0.7662799903753525, 0.7689191502166598, 0.7704883633597062, 0.7717226904697541, 0.7731727258842952, 0.7754610155001036, 0.7760089472964772, 0.7763825512309261, 0.7782508150572351, 0.7782508150572351, 0.779547241220049, 0.7802335490990429, 0.7815416788549504, 0.7823535467393983, 0.7848811685929395, 0.7871542084570324, 0.7871542084570324, 0.7877446938805608, 0.7877446938805608, 0.7892107087490965, 0.7901386765944942, 0.7901386765944942, 0.7918663392979521, 0.7918663392979521, 0.7918663392979521, 0.7918663392979521, 0.7918663392979521, 0.7918663392979521, 0.7918663392979521, 0.7938731195022786, 0.7938731195022786, 0.7949877048038927, 0.7961447719638515, 0.7961447719638515, 0.7961447719638515, 0.7961447719638515, 0.7961447719638515, 0.7961447719638515, 0.797434920523295, 0.797434920523295, 0.797434920523295, 0.8015281507360509, 0.8015281507360509, 0.8015281507360509, 0.8029781243670279, 0.8029781243670279, 0.8029781243670279, 0.8029781243670279, 0.8029781243670279, 0.8044558161289052, 0.8044558161289052, 0.8044558161289052, 0.8044558161289052, 0.8044558161289052, 0.8044558161289052, 0.8044558161289052, 0.8044558161289052, 0.8044558161289052, 0.8044558161289052, 0.8044558161289052, 0.8044558161289052]
[0.19162145866818464, 0.22205034396654366, 0.2216559086871721, 0.22874369018188223, 0.23259128771173107, 0.2391592043642221, 0.24858181229387083, 0.25885422852897383, 0.26277762816035777, 0.2743543611020679, 0.2799964287004221, 0.28477175358138074, 0.2919298026578252, 0.30299178366870305, 0.3050565909495515, 0.31196721192449817, 0.31689220755254754, 0.31917985253400855, 0.3210957323255975, 0.3269823422909407, 0.33632895232275173, 0.3461026866878755, 0.35292762800242405, 0.35869505921582995, 0.3600700290200078, 0.3612863572170951, 0.3668642290424819, 0.37047538038627, 0.37651122044087604, 0.377073433286256, 0.38582378633785414, 0.3891445556276253, 0.39014213605017845, 0.395554343393401, 0.3967713951134735, 0.4064303294376557, 0.41276174474586624, 0.41770598697677297, 0.4228214103064829, 0.43237638061726447, 0.4348401139779374, 0.43643225865687213, 0.4431264430590313, 0.4431264430590313, 0.4480574180609046, 0.4507511886759358, 0.45550711064628613, 0.4586323330576771, 0.4677094283128672, 0.47624836153776917, 0.47624836153776917, 0.47812279898410326, 0.47812279898410326, 0.48320822930104046, 0.48645499085593724, 0.48645499085593724, 0.49212084633666053, 0.49212084633666053, 0.49212084633666053, 0.49212084633666053, 0.49212084633666053, 0.49212084633666053, 0.49212084633666053, 0.49900291859105156, 0.49900291859105156, 0.5028478227743134, 0.5072244782821439, 0.5072244782821439, 0.5072244782821439, 0.5072244782821439, 0.5072244782821439, 0.5072244782821439, 0.5124621584124163, 0.5124621584124163, 0.5124621584124163, 0.5278805001101801, 0.5278805001101801, 0.5278805001101801, 0.5335521886953566, 0.5335521886953566, 0.5335521886953566, 0.5335521886953566, 0.5335521886953566, 0.5393737811316918, 0.5393737811316918, 0.5393737811316918, 0.5393737811316918, 0.5393737811316918, 0.5393737811316918, 0.5393737811316918, 0.5393737811316918, 0.5393737811316918, 0.5393737811316918, 0.5393737811316918, 0.5393737811316918]
Training raw path: /home/anhnd/DTI Project/Codes/MPNN/data/KFold/ATCInchikeySideEffectByDrug.txt_train_4
('Number of substructures, proteins, pathways, drugs, se: ', 888, 1448, 330, 969, 598)
Train: 0.9204 0.7713
Test: 0.8004 0.5182
[0.703105826958637, 0.7092639095775319, 0.7121472636020497, 0.709161151623363, 0.7084699987413801, 0.710691952128284, 0.714519950848032, 0.7178159439608286, 0.7194242639124265, 0.7207043398005174, 0.7207805860032613, 0.723223108652708, 0.7281314519573943, 0.7304253262166773, 0.7304675784114777, 0.7319688688156654, 0.7323458485478161, 0.734216075201553, 0.735537679569146, 0.7361039317252952, 0.7382335836256291, 0.7392938461617132, 0.7408863173547693, 0.7426220772651209, 0.744696727669745, 0.7447533157730666, 0.7469952087232243, 0.748440739482013, 0.7507325739410934, 0.7516019556780669, 0.753435292593939, 0.754464780919909, 0.7548029693513923, 0.7563286109139462, 0.7570510043686874, 0.7603364440720042, 0.7619913082413567, 0.7638214694846885, 0.7655075387098622, 0.7676347195996078, 0.7689471032783528, 0.7694955702249856, 0.7718706756377913, 0.7718706756377913, 0.773013645131393, 0.7737913939011466, 0.7751943378806683, 0.7760409460617816, 0.7789315165158794, 0.7810646225415498, 0.7810646225415498, 0.7818885035257321, 0.7818885035257321, 0.783473832942134, 0.7841448001702342, 0.7841448001702342, 0.7861093088312243, 0.7861093088312243, 0.7861093088312243, 0.7861093088312243, 0.7861093088312243, 0.7861093088312243, 0.7861093088312243, 0.7884295051913914, 0.7884295051913914, 0.789603769327461, 0.7908861522947365, 0.7908861522947365, 0.7908861522947365, 0.7908861522947365, 0.7908861522947365, 0.7908861522947365, 0.792385342201047, 0.792385342201047, 0.792385342201047, 0.7971973409319095, 0.7971973409319095, 0.7971973409319095, 0.7987391961416377, 0.7987391961416377, 0.7987391961416377, 0.7987391961416377, 0.7987391961416377, 0.8004017819419256, 0.8004017819419256, 0.8004017819419256, 0.8004017819419256, 0.8004017819419256, 0.8004017819419256, 0.8004017819419256, 0.8004017819419256, 0.8004017819419256, 0.8004017819419256, 0.8004017819419256, 0.8004017819419256]
[0.1545150561659418, 0.1693475128082633, 0.18041638595641563, 0.19800922321375206, 0.19833731332456359, 0.2049528175288799, 0.2233006752043994, 0.2342874139377942, 0.24410293101093727, 0.2530004956479952, 0.25485260733865117, 0.26132715222976877, 0.27786527357334484, 0.28666147921828383, 0.28781493325269397, 0.29206661243197907, 0.29624723030101985, 0.3010260183691825, 0.3061729074738969, 0.31430987387720616, 0.32008906045888746, 0.3249753707519806, 0.3303925716150212, 0.33654978869863983, 0.34338798950423266, 0.34435165768981907, 0.3502186713691128, 0.35417340202939473, 0.360692649658211, 0.3633869835238859, 0.3669245055875374, 0.3698766149136291, 0.37059143921741183, 0.3764000060210298, 0.37875765590864274, 0.3883909399013358, 0.39232841002450813, 0.39946053706047396, 0.40438001074112984, 0.411695962514433, 0.41526015680572537, 0.4164165787519054, 0.4243560409374453, 0.4243560409374453, 0.4279747699850903, 0.43000984233853157, 0.43382665740427806, 0.4364080969340557, 0.4454771026793194, 0.451185600079521, 0.451185600079521, 0.4533940127878665, 0.4533940127878665, 0.4584361824768437, 0.46038706269863977, 0.46038706269863977, 0.46658203168945966, 0.46658203168945966, 0.46658203168945966, 0.46658203168945966, 0.46658203168945966, 0.46658203168945966, 0.46658203168945966, 0.47418938077984163, 0.47418938077984163, 0.47804942023470964, 0.4825002111482231, 0.4825002111482231, 0.4825002111482231, 0.4825002111482231, 0.4825002111482231, 0.4825002111482231, 0.4883299971528905, 0.4883299971528905, 0.4883299971528905, 0.5062493159343793, 0.5062493159343793, 0.5062493159343793, 0.5118364671876472, 0.5118364671876472, 0.5118364671876472, 0.5118364671876472, 0.5118364671876472, 0.5182417563652597, 0.5182417563652597, 0.5182417563652597, 0.5182417563652597, 0.5182417563652597, 0.5182417563652597, 0.5182417563652597, 0.5182417563652597, 0.5182417563652597, 0.5182417563652597, 0.5182417563652597, 0.5182417563652597]
Training raw path: /home/anhnd/DTI Project/Codes/MPNN/data/KFold/ATCInchikeySideEffectByDrug.txt_train_5
('Number of substructures, proteins, pathways, drugs, se: ', 888, 1448, 330, 969, 598)
Train: 0.9253 0.7794
Test: 0.7591 0.4590
[0.6282290976099544, 0.6370251972190875, 0.633234371164525, 0.631256217721181, 0.6357096266138753, 0.6384273212754467, 0.6440102083695002, 0.6415962400126365, 0.6438435621105678, 0.6464448991125112, 0.6479325615993445, 0.6530165105755348, 0.6586348641414985, 0.6613101451014834, 0.6619489748630027, 0.6647636502457513, 0.666646880687438, 0.6700597232367584, 0.6705896739730882, 0.6737772327450379, 0.6784700496498911, 0.6805847108001054, 0.6850719109962413, 0.6878640855767731, 0.6914215532488388, 0.6916066884515122, 0.6940970522231257, 0.6970370910495879, 0.6988306310525747, 0.7002916294800351, 0.7027232419518148, 0.7041066629611339, 0.7041469649084123, 0.7047030457917116, 0.704995063566267, 0.7094251371638712, 0.7116649902316483, 0.7142056991888358, 0.7159093626943324, 0.7185057205173782, 0.7195754060764183, 0.72018994739584, 0.7228878275360061, 0.7228878275360061, 0.7249208561642664, 0.7256604179966197, 0.7272672917228257, 0.728058986634488, 0.7322494091240777, 0.7348565134822654, 0.7348565134822654, 0.7357606501695341, 0.7357606501695341, 0.7381755923497727, 0.7392793912674978, 0.7392793912674978, 0.7421542167117676, 0.7421542167117676, 0.7421542167117676, 0.7421542167117676, 0.7421542167117676, 0.7421542167117676, 0.7421542167117676, 0.7448188135544179, 0.7448188135544179, 0.746151228709008, 0.7478760814577883, 0.7478760814577883, 0.7478760814577883, 0.7478760814577883, 0.7478760814577883, 0.7478760814577883, 0.7499050257233709, 0.7499050257233709, 0.7499050257233709, 0.7553354361571112, 0.7553354361571112, 0.7553354361571112, 0.7571527456645635, 0.7571527456645635, 0.7571527456645635, 0.7571527456645635, 0.7571527456645635, 0.7591301486990053, 0.7591301486990053, 0.7591301486990053, 0.7591301486990053, 0.7591301486990053, 0.7591301486990053, 0.7591301486990053, 0.7591301486990053, 0.7591301486990053, 0.7591301486990053, 0.7591301486990053, 0.7591301486990053]
[0.12126802276150311, 0.13837719244556695, 0.13543000271997285, 0.1360757510400796, 0.14531416566740832, 0.14797520481894538, 0.15952777423286166, 0.16038759859859655, 0.16805643226801914, 0.1758389449868827, 0.17962700782413815, 0.186520569630705, 0.19862658986721338, 0.20570057307013911, 0.20770791224744253, 0.21451050403014632, 0.21800468336981355, 0.22625031039730786, 0.22719170021332535, 0.2349963461921068, 0.24473133333310818, 0.24775752246327418, 0.2569877888684559, 0.26328071748741505, 0.268704452105091, 0.2696448842780893, 0.27651450628075563, 0.28358903798149765, 0.2878508233089319, 0.29132775069745853, 0.29672344362817005, 0.30017852278254026, 0.3003921863209179, 0.3020911720188292, 0.30253983867161427, 0.3157573412800592, 0.32143107917961455, 0.3281634211384068, 0.3327484689729574, 0.3393829310188826, 0.3415496822029906, 0.34396545054358196, 0.35107006933862267, 0.35107006933862267, 0.35641504272309676, 0.35816752896128173, 0.3629213967366253, 0.3653222100838034, 0.3764832075497468, 0.3834508157211288, 0.3834508157211288, 0.3852062157071406, 0.3852062157071406, 0.39266812905053977, 0.3958000982263774, 0.3958000982263774, 0.40421929289118713, 0.40421929289118713, 0.40421929289118713, 0.40421929289118713, 0.40421929289118713, 0.40421929289118713, 0.40421929289118713, 0.41167688881615977, 0.41167688881615977, 0.4153097646798865, 0.42085193464484716, 0.42085193464484716, 0.42085193464484716, 0.42085193464484716, 0.42085193464484716, 0.42085193464484716, 0.4275605913284831, 0.4275605913284831, 0.4275605913284831, 0.44623957491367455, 0.44623957491367455, 0.44623957491367455, 0.4517230587583671, 0.4517230587583671, 0.4517230587583671, 0.4517230587583671, 0.4517230587583671, 0.4589525030018916, 0.4589525030018916, 0.4589525030018916, 0.4589525030018916, 0.4589525030018916, 0.4589525030018916, 0.4589525030018916, 0.4589525030018916, 0.4589525030018916, 0.4589525030018916, 0.4589525030018916, 0.4589525030018916]
Training raw path: /home/anhnd/DTI Project/Codes/MPNN/data/KFold/ATCInchikeySideEffectByDrug.txt_train_6
('Number of substructures, proteins, pathways, drugs, se: ', 888, 1448, 330, 969, 598)
Train: 0.9258 0.7823
Test: 0.7799 0.4800
[0.7001495047325555, 0.7047797249296587, 0.7029932213114229, 0.7060134021384625, 0.7036263276648067, 0.7020827965716636, 0.6989035484351609, 0.6993179875936065, 0.6997802103486882, 0.7044371430602278, 0.7056119426816367, 0.707084503915714, 0.7085270609828181, 0.7112752710930306, 0.7109248766976033, 0.7109793483947668, 0.7112467502467317, 0.7110012087272789, 0.7113914586897203, 0.7136200300907067, 0.7158133784736966, 0.7176497145575487, 0.7184498573364031, 0.7197699596822179, 0.7204731497292352, 0.7208740177366524, 0.722009143523231, 0.7231136528391425, 0.7244087351190354, 0.7250019446729279, 0.7281335236832086, 0.729197829449499, 0.7298472657650084, 0.731375217387576, 0.7316707295721981, 0.7340637952618416, 0.7364086138028232, 0.7380305427306371, 0.7398518045864724, 0.742304163994637, 0.7432135238947667, 0.7436871127613476, 0.7468266056818178, 0.7468266056818178, 0.7487229365827086, 0.7495370069240087, 0.7507841428792614, 0.751730370506194, 0.7552618600308687, 0.7579309672011472, 0.7579309672011472, 0.7589057757753203, 0.7589057757753203, 0.760638754909198, 0.7616719940990629, 0.7616719940990629, 0.7638712537682262, 0.7638712537682262, 0.7638712537682262, 0.7638712537682262, 0.7638712537682262, 0.7638712537682262, 0.7638712537682262, 0.7664044181151017, 0.7664044181151017, 0.7675548623661601, 0.769305283574101, 0.769305283574101, 0.769305283574101, 0.769305283574101, 0.769305283574101, 0.769305283574101, 0.7709024749218933, 0.7709024749218933, 0.7709024749218933, 0.7763078930188043, 0.7763078930188043, 0.7763078930188043, 0.7778384729187968, 0.7778384729187968, 0.7778384729187968, 0.7778384729187968, 0.7778384729187968, 0.7799084860608818, 0.7799084860608818, 0.7799084860608818, 0.7799084860608818, 0.7799084860608818, 0.7799084860608818, 0.7799084860608818, 0.7799084860608818, 0.7799084860608818, 0.7799084860608818, 0.7799084860608818, 0.7799084860608818]
[0.1760390059353452, 0.20980238052287725, 0.20700533818173644, 0.2105636893898254, 0.21633852254859656, 0.21438780073650093, 0.2177437750326386, 0.22443831251226268, 0.22858447177412705, 0.2400837287023639, 0.24327927768572796, 0.24878949297209488, 0.25730028066256794, 0.2668259679084945, 0.2672409440838891, 0.26963310196852996, 0.2737223362244832, 0.27529890505566323, 0.27671392891418606, 0.28250157441340806, 0.2884543744309528, 0.2961433083362652, 0.3008441250466946, 0.3062529776928892, 0.308078286457963, 0.30942711584721455, 0.31233424650594754, 0.3158192452332143, 0.32039687137740147, 0.32262795394169697, 0.3316892902464378, 0.334190862963256, 0.3353797068576862, 0.340133465596252, 0.3405511060288102, 0.34715052530487184, 0.3540418606080099, 0.35820714724082037, 0.3628990785463816, 0.3692308337454311, 0.371005091073675, 0.37242352951934066, 0.3811947470479866, 0.3811947470479866, 0.3863203995401425, 0.38834471321241515, 0.3919769331825258, 0.394631080523992, 0.40327239537316706, 0.41100448171636245, 0.41100448171636245, 0.4137166547035378, 0.4137166547035378, 0.41818940466913657, 0.42143382056086415, 0.42143382056086415, 0.4277836045430876, 0.4277836045430876, 0.4277836045430876, 0.4277836045430876, 0.4277836045430876, 0.4277836045430876, 0.4277836045430876, 0.4355406227274797, 0.4355406227274797, 0.43858153533712385, 0.4442455385262572, 0.4442455385262572, 0.4442455385262572, 0.4442455385262572, 0.4442455385262572, 0.4442455385262572, 0.4493110179791294, 0.4493110179791294, 0.4493110179791294, 0.46761610723308294, 0.46761610723308294, 0.46761610723308294, 0.47242287358324836, 0.47242287358324836, 0.47242287358324836, 0.47242287358324836, 0.47242287358324836, 0.48004319535182116, 0.48004319535182116, 0.48004319535182116, 0.48004319535182116, 0.48004319535182116, 0.48004319535182116, 0.48004319535182116, 0.48004319535182116, 0.48004319535182116, 0.48004319535182116, 0.48004319535182116, 0.48004319535182116]
Training raw path: /home/anhnd/DTI Project/Codes/MPNN/data/KFold/ATCInchikeySideEffectByDrug.txt_train_7
('Number of substructures, proteins, pathways, drugs, se: ', 888, 1448, 330, 969, 598)
Train: 0.9259 0.7838
Test: 0.7899 0.5111
[0.6952561595504256, 0.709745983561456, 0.705775394836529, 0.7010764651375866, 0.7010281963917623, 0.6977216079270352, 0.6975855861761902, 0.7018961733633616, 0.7016110199193711, 0.7025589304272299, 0.7022935463023652, 0.7028216764760243, 0.7045978915199501, 0.7072776305042767, 0.7075710047604812, 0.7090998899951476, 0.7105116245783443, 0.7126371855003413, 0.7132523555262702, 0.7163372874071122, 0.7188870815259608, 0.7215589314311607, 0.7243562841722584, 0.7269276401417928, 0.7278362933878465, 0.7282338390193799, 0.7295623609964352, 0.7307522409794593, 0.7324644236861979, 0.7331408289179233, 0.7356753650716529, 0.7368452659812954, 0.7376774502786149, 0.7388308702694315, 0.7393976799248687, 0.7426972425181031, 0.7447239573446393, 0.7464983035123876, 0.7486903890248027, 0.7516233651945674, 0.7528180831579218, 0.7534915972704463, 0.7559512598611485, 0.7559512598611485, 0.7578326334911367, 0.7587532832747758, 0.7608287517146194, 0.7617933384911761, 0.7661088259475706, 0.7687339612561902, 0.7687339612561902, 0.7697184257492018, 0.7697184257492018, 0.7716787761315927, 0.7726935489961562, 0.7726935489961562, 0.7748377046869076, 0.7748377046869076, 0.7748377046869076, 0.7748377046869076, 0.7748377046869076, 0.7748377046869076, 0.7748377046869076, 0.7775337749803471, 0.7775337749803471, 0.7788748345763526, 0.7801778391635119, 0.7801778391635119, 0.7801778391635119, 0.7801778391635119, 0.7801778391635119, 0.7801778391635119, 0.7816422191914754, 0.7816422191914754, 0.7816422191914754, 0.7865727376985819, 0.7865727376985819, 0.7865727376985819, 0.7881776515073107, 0.7881776515073107, 0.7881776515073107, 0.7881776515073107, 0.7881776515073107, 0.7899423205170677, 0.7899423205170677, 0.7899423205170677, 0.7899423205170677, 0.7899423205170677, 0.7899423205170677, 0.7899423205170677, 0.7899423205170677, 0.7899423205170677, 0.7899423205170677, 0.7899423205170677, 0.7899423205170677]
[0.17586837264947286, 0.2055648571882782, 0.21312070559577453, 0.2229288527758841, 0.22949700182241722, 0.2263091695588152, 0.23164574487322703, 0.2413326478239675, 0.24887583002702585, 0.24937689485907305, 0.25007260973134166, 0.2523372609193591, 0.26120321275484926, 0.2696217910532598, 0.273488149452434, 0.27727645791803224, 0.2811185750039745, 0.2859774393738841, 0.2876259331928661, 0.29900689810384273, 0.30761802860653703, 0.3120461092837101, 0.3210622759815762, 0.3299126115970139, 0.33282287262571775, 0.33186567304784315, 0.3344519263520963, 0.33868665357292194, 0.34332821234511623, 0.34501821465520643, 0.35352052085358776, 0.3556305377158563, 0.35747771145415697, 0.3600258097216245, 0.3611501229586829, 0.3693116581449777, 0.37494916774653375, 0.37869143113883974, 0.38389564925997044, 0.3920074118273984, 0.39601126729931924, 0.3975503851185832, 0.40340674270231014, 0.40340674270231014, 0.41055065905985466, 0.41276575767826756, 0.4184223350763998, 0.42118819742470825, 0.4340691057120991, 0.44144749552595874, 0.44144749552595874, 0.4438472462926947, 0.4438472462926947, 0.4502280119164517, 0.45316690132542, 0.45316690132542, 0.4594001112183985, 0.4594001112183985, 0.4594001112183985, 0.4594001112183985, 0.4594001112183985, 0.4594001112183985, 0.4594001112183985, 0.4681063386015901, 0.4681063386015901, 0.47216044167658855, 0.47649928283251447, 0.47649928283251447, 0.47649928283251447, 0.47649928283251447, 0.47649928283251447, 0.47649928283251447, 0.4813314127795569, 0.4813314127795569, 0.4813314127795569, 0.4990815817730035, 0.4990815817730035, 0.4990815817730035, 0.504469740288376, 0.504469740288376, 0.504469740288376, 0.504469740288376, 0.504469740288376, 0.5111387243601415, 0.5111387243601415, 0.5111387243601415, 0.5111387243601415, 0.5111387243601415, 0.5111387243601415, 0.5111387243601415, 0.5111387243601415, 0.5111387243601415, 0.5111387243601415, 0.5111387243601415, 0.5111387243601415]
Training raw path: /home/anhnd/DTI Project/Codes/MPNN/data/KFold/ATCInchikeySideEffectByDrug.txt_train_8
('Number of substructures, proteins, pathways, drugs, se: ', 888, 1448, 330, 969, 598)
Train: 0.9219 0.7742
Test: 0.7696 0.4429
[0.6655803809236646, 0.6658008766464353, 0.6715425584283187, 0.6769571281433813, 0.6732918744667407, 0.6784183735169288, 0.6838295141147022, 0.6844490790958652, 0.6836214243628064, 0.6865439481538552, 0.6876009739945588, 0.6881923917370166, 0.6875405316760501, 0.689286295719576, 0.6900641114475932, 0.6899050144845406, 0.6905117966353175, 0.6932297308145464, 0.6946854204454286, 0.695624344552185, 0.698041084402314, 0.6999964863528164, 0.7020241131796026, 0.7051439952100427, 0.7050542082060268, 0.7052066612491276, 0.7062766715312196, 0.7082466806908428, 0.7095301663476848, 0.7095823489791684, 0.7125326716207587, 0.7143030038396025, 0.7144644416446722, 0.7163722651175075, 0.7165737185791496, 0.7199112379400585, 0.7226049137031865, 0.7249602726672262, 0.7266565717899056, 0.7289489934591106, 0.7303289052738454, 0.7308749053597382, 0.734112379898793, 0.734112379898793, 0.7355644084823051, 0.7367016488873039, 0.7380598279794005, 0.73870826289011, 0.742148000240087, 0.745237958923803, 0.745237958923803, 0.7461982149340087, 0.7461982149340087, 0.7484910017897914, 0.7497123276006133, 0.7497123276006133, 0.7521317914041104, 0.7521317914041104, 0.7521317914041104, 0.7521317914041104, 0.7521317914041104, 0.7521317914041104, 0.7521317914041104, 0.7550719861422818, 0.7550719861422818, 0.756494620612608, 0.7580374527748011, 0.7580374527748011, 0.7580374527748011, 0.7580374527748011, 0.7580374527748011, 0.7580374527748011, 0.7596696765325521, 0.7596696765325521, 0.7596696765325521, 0.7655038803471008, 0.7655038803471008, 0.7655038803471008, 0.7674372247134371, 0.7674372247134371, 0.7674372247134371, 0.7674372247134371, 0.7674372247134371, 0.7696229055151207, 0.7696229055151207, 0.7696229055151207, 0.7696229055151207, 0.7696229055151207, 0.7696229055151207, 0.7696229055151207, 0.7696229055151207, 0.7696229055151207, 0.7696229055151207, 0.7696229055151207, 0.7696229055151207]
[0.11229575508232278, 0.1232556764124968, 0.14029115859067737, 0.15014746263321796, 0.1542778082315323, 0.16111490124682076, 0.16740196460024065, 0.17052631325142978, 0.174083923054084, 0.18025290273275738, 0.1840194392407315, 0.18759788783007686, 0.19112169417392172, 0.19530306225536057, 0.19842274726159845, 0.20150959591500112, 0.20364285709915664, 0.2107019112149666, 0.21363817604760796, 0.21729847052602086, 0.22378790038489316, 0.22922301187643856, 0.23465734470050856, 0.2422239176335635, 0.24548316684757157, 0.24599574855263917, 0.2503073316151213, 0.2560925044056809, 0.2609515074993978, 0.2615169034695649, 0.2698745459712255, 0.27399705410506886, 0.2745963797621779, 0.27974575947222413, 0.28135803701086787, 0.29116252874595283, 0.29803613786720284, 0.3049419981287115, 0.31019990894973026, 0.3180145546744672, 0.32266199554916525, 0.32413341062096074, 0.3327009156712339, 0.3327009156712339, 0.3373675440623783, 0.340442188689273, 0.345562874367475, 0.34758602850312337, 0.3583604992296435, 0.3674161094358235, 0.3674161094358235, 0.3699984247054382, 0.3699984247054382, 0.37618658080752776, 0.379772045070866, 0.379772045070866, 0.38592275636924744, 0.38592275636924744, 0.38592275636924744, 0.38592275636924744, 0.38592275636924744, 0.38592275636924744, 0.38592275636924744, 0.3946413346180456, 0.3946413346180456, 0.3989880432203418, 0.4036569150576095, 0.4036569150576095, 0.4036569150576095, 0.4036569150576095, 0.4036569150576095, 0.4036569150576095, 0.4088512090186528, 0.4088512090186528, 0.4088512090186528, 0.42854867138044234, 0.42854867138044234, 0.42854867138044234, 0.4349343063382671, 0.4349343063382671, 0.4349343063382671, 0.4349343063382671, 0.4349343063382671, 0.4429181716314551, 0.4429181716314551, 0.4429181716314551, 0.4429181716314551, 0.4429181716314551, 0.4429181716314551, 0.4429181716314551, 0.4429181716314551, 0.4429181716314551, 0.4429181716314551, 0.4429181716314551, 0.4429181716314551]
Training raw path: /home/anhnd/DTI Project/Codes/MPNN/data/KFold/ATCInchikeySideEffectByDrug.txt_train_9
('Number of substructures, proteins, pathways, drugs, se: ', 888, 1448, 330, 969, 598)
Train: 0.9286 0.7852
Test: 0.7676 0.4646
[0.6621283395083575, 0.6674214659685864, 0.667428019484728, 0.6610956483037614, 0.6622010537865051, 0.66303472838294, 0.668127662120901, 0.6726845088238543, 0.6741501961686511, 0.6761880084817926, 0.6779886219282916, 0.6797319932499267, 0.6816717552349292, 0.684419424764601, 0.6848744365780399, 0.6879384416310872, 0.6900796620810765, 0.6919688041766558, 0.6923337732153991, 0.6958804677561405, 0.6990372683448709, 0.7025602438672967, 0.704788995291745, 0.7075085860370041, 0.7083102554751213, 0.7085784755889669, 0.7105478368725572, 0.7121624163730258, 0.7137795017915096, 0.7150258077401015, 0.7182167335153162, 0.7191984047103017, 0.7199101248565652, 0.7213226426970523, 0.7220770769679452, 0.7252979009032041, 0.7271920739295783, 0.7289668383948271, 0.7307992918285567, 0.7336101830322939, 0.7349670630842876, 0.735548734438717, 0.7374886086149753, 0.7374886086149753, 0.7389609910686016, 0.739488152293885, 0.741425085017644, 0.7421603701196996, 0.7452565420453615, 0.7477548820613253, 0.7477548820613253, 0.7484165159296434, 0.7484165159296434, 0.7502220189415635, 0.7510712875349512, 0.7510712875349512, 0.7531412084531577, 0.7531412084531577, 0.7531412084531577, 0.7531412084531577, 0.7531412084531577, 0.7531412084531577, 0.7531412084531577, 0.7555125523960003, 0.7555125523960003, 0.7568799637283911, 0.7582025737324763, 0.7582025737324763, 0.7582025737324763, 0.7582025737324763, 0.7582025737324763, 0.7582025737324763, 0.7596190497564255, 0.7596190497564255, 0.7596190497564255, 0.764222835324651, 0.764222835324651, 0.764222835324651, 0.7658629012741225, 0.7658629012741225, 0.7658629012741225, 0.7658629012741225, 0.7658629012741225, 0.7675670486919204, 0.7675670486919204, 0.7675670486919204, 0.7675670486919204, 0.7675670486919204, 0.7675670486919204, 0.7675670486919204, 0.7675670486919204, 0.7675670486919204, 0.7675670486919204, 0.7675670486919204, 0.7675670486919204]
[0.13075432959229746, 0.15126647702164064, 0.16139352552401937, 0.1654464991190618, 0.17085393553128925, 0.17231530069380313, 0.1788318698070518, 0.18447871537012944, 0.19058385135202704, 0.19595046485658044, 0.19907874318239696, 0.20234793092865988, 0.2095460870698186, 0.21576917311031352, 0.21784012776484654, 0.22485838357788132, 0.22996789533628875, 0.23489190280008918, 0.2361200797430364, 0.24215957818998501, 0.24989748557366973, 0.25689408657872315, 0.26504677085039596, 0.2730031958321651, 0.2769350503914916, 0.27768096228071376, 0.2818812594998538, 0.2875831697983001, 0.2923673724210707, 0.2960209489818433, 0.3029875886690755, 0.3049558033944264, 0.306725234258097, 0.3113615476191386, 0.3132809620149172, 0.32265747854619975, 0.3280258644879773, 0.3351832449381816, 0.3390074786474228, 0.3473663675665367, 0.35199654299160493, 0.3533174981411013, 0.3604378422357418, 0.3604378422357418, 0.3659381020832384, 0.3670602974475615, 0.3738250455453831, 0.37629017883062776, 0.38683677908973424, 0.39470828803105995, 0.39470828803105995, 0.39680973244618356, 0.39680973244618356, 0.40351999066433053, 0.4060410421109215, 0.4060410421109215, 0.41303713498397476, 0.41303713498397476, 0.41303713498397476, 0.41303713498397476, 0.41303713498397476, 0.41303713498397476, 0.41303713498397476, 0.4211489968121209, 0.4211489968121209, 0.42564985043677694, 0.4306913588503408, 0.4306913588503408, 0.4306913588503408, 0.4306913588503408, 0.4306913588503408, 0.4306913588503408, 0.43588659549460956, 0.43588659549460956, 0.43588659549460956, 0.45221629775558914, 0.45221629775558914, 0.45221629775558914, 0.45814603778609697, 0.45814603778609697, 0.45814603778609697, 0.45814603778609697, 0.45814603778609697, 0.46459700146720206, 0.46459700146720206, 0.46459700146720206, 0.46459700146720206, 0.46459700146720206, 0.46459700146720206, 0.46459700146720206, 0.46459700146720206, 0.46459700146720206, 0.46459700146720206, 0.46459700146720206, 0.46459700146720206]
AUC: 0.7797 0.0043
AUPR: 0.4909 0.0101
('RARE AUC', [(0.6815906995730546, 0.009018410281325768), (0.6910260971081245, 0.009744316682355907), (0.6909661432108914, 0.009286141889025313), (0.6892202579927751, 0.009171009037130987), (0.6882633864414982, 0.008436375606438817), (0.6880433574531813, 0.008154248090385268), (0.6902499263549997, 0.007707605996567377), (0.6919914032956476, 0.007952477434660144), (0.6927665297262704, 0.007731796756717483), (0.6952701720685718, 0.007737071856948344), (0.6958901421158654, 0.007644953264430298), (0.6975686243883039, 0.007390304523517412), (0.6995679765818469, 0.007201066256257468), (0.7018433049603929, 0.007200145796964275), (0.7021948246937816, 0.007081232006441252), (0.7038756180965937, 0.006990237125206683), (0.7050081200909805, 0.0069320310118982376), (0.7066116084381018, 0.0067464045916116435), (0.7072068067685288, 0.00671668489077162), (0.7095675453800409, 0.006545088393564481), (0.71209202201539, 0.006414446090944772), (0.7142526044282306, 0.006356996850841187), (0.7164564825553781, 0.006163615693939831), (0.718756819235242, 0.005996755776378061), (0.7200866807804104, 0.005936718600861783), (0.7203052696704859, 0.005938520333552773), (0.72187892407698, 0.005926291802459034), (0.7233765050926977, 0.005757408768375757), (0.7251369632528946, 0.00573941888936957), (0.7259644936982442, 0.0056807666049929805), (0.7285273511761687, 0.005570105639468435), (0.7298524124510541, 0.0055060378111464236), (0.7303336791086179, 0.005514466612085586), (0.7316263662459974, 0.005503388021586644), (0.7321512954313669, 0.005517995032322381), (0.7355634278277678, 0.0053984656406412404), (0.7375927544259995, 0.005326578925856196), (0.7396339394492657, 0.005215118305050632), (0.7413818468859106, 0.005202551672173248), (0.7439814309597566, 0.005155880830066843), (0.745112591281841, 0.005120580874772032), (0.7457159293225075, 0.005103430546057422), (0.7482330391793026, 0.005033493356541698), (0.7482330391793026, 0.005033493356541698), (0.7498309401845925, 0.004980790148375886), (0.7506079468689169, 0.004975265796264788), (0.7521983782320449, 0.004951372791876309), (0.7530332972325271, 0.004960661093102665), (0.7563758738279833, 0.0048713813972252), (0.7588767623504051, 0.004821938663078211), (0.7588767623504051, 0.004821938663078211), (0.7597247910639185, 0.004805608908699977), (0.7597247910639185, 0.004805608908699977), (0.7616256756623534, 0.004729293509050224), (0.7626202405218981, 0.004702235855731395), (0.7626202405218981, 0.004702235855731395), (0.7647288724895154, 0.004632784573825218), (0.7647288724895154, 0.004632784573825218), (0.7647288724895154, 0.004632784573825218), (0.7647288724895154, 0.004632784573825218), (0.7647288724895154, 0.004632784573825218), (0.7647288724895154, 0.004632784573825218), (0.7647288724895154, 0.004632784573825218), (0.7672354072859474, 0.0045822782936306775), (0.7672354072859474, 0.0045822782936306775), (0.7685078278013394, 0.004561044796155429), (0.7698884516945582, 0.004524883708769317), (0.7698884516945582, 0.004524883708769317), (0.7698884516945582, 0.004524883708769317), (0.7698884516945582, 0.004524883708769317), (0.7698884516945582, 0.004524883708769317), (0.7698884516945582, 0.004524883708769317), (0.7714541680519965, 0.004482995042966174), (0.7714541680519965, 0.004482995042966174), (0.7714541680519965, 0.004482995042966174), (0.776281247191997, 0.004404534625126544), (0.776281247191997, 0.004404534625126544), (0.776281247191997, 0.004404534625126544), (0.7779290878287006, 0.004372191727656575), (0.7779290878287006, 0.004372191727656575), (0.7779290878287006, 0.004372191727656575), (0.7779290878287006, 0.004372191727656575), (0.7779290878287006, 0.004372191727656575), (0.7797430571010137, 0.004332233381485213), (0.7797430571010137, 0.004332233381485213), (0.7797430571010137, 0.004332233381485213), (0.7797430571010137, 0.004332233381485213), (0.7797430571010137, 0.004332233381485213), (0.7797430571010137, 0.004332233381485213), (0.7797430571010137, 0.004332233381485213), (0.7797430571010137, 0.004332233381485213), (0.7797430571010137, 0.004332233381485213), (0.7797430571010137, 0.004332233381485213), (0.7797430571010137, 0.004332233381485213), (0.7797430571010137, 0.004332233381485213)])
('RARE AUPR', [(0.15477617457696421, 0.009490038289668134), (0.1789128966504882, 0.011589772875964275), (0.1853954569118983, 0.011458059792702592), (0.19055420692360173, 0.011020145101350472), (0.19564292532164076, 0.010673700048604495), (0.19810359754537402, 0.01046825662616953), (0.2062087333683314, 0.010778137493873598), (0.212521062665917, 0.01158679313651519), (0.2179177693632234, 0.011452403831204406), (0.22463544001013608, 0.011545868798961405), (0.2275231208649613, 0.011637133561805594), (0.23207266998763654, 0.011703884960495521), (0.24085250627529037, 0.011790642907750483), (0.2483429860688251, 0.01203923580553335), (0.2506368718805967, 0.01192424981033219), (0.2556750705030071, 0.011969504488454763), (0.2592392434847029, 0.012200850401887857), (0.26381163306045247, 0.01178157706835768), (0.265882329536589, 0.011928451526046236), (0.27359593066731697, 0.01229308124986553), (0.28140393963309196, 0.01229090587115379), (0.2871087681309305, 0.012443214916266898), (0.2939463573696832, 0.012466498778334735), (0.30110122467657474, 0.012434370808066668), (0.30533440556727465, 0.012460356093989258), (0.30607670794959735, 0.012473280170830908), (0.3104139286693621, 0.012459492690217741), (0.3154188499558607, 0.012293577867753947), (0.32113607736502364, 0.01231813104597588), (0.3233434394381089, 0.012251919009771295), (0.33082377514789674, 0.012140885816889178), (0.33403325277797036, 0.012033405187766818), (0.3352170584154384, 0.012069847233131047), (0.3396105442270778, 0.012098240417021218), (0.34103670319482543, 0.012093655605579597), (0.35115960024075915, 0.011966455165150587), (0.3570637519250452, 0.011967583111345633), (0.3633051689081791, 0.011798034942309745), (0.36826959123049974, 0.011930680534733729), (0.3762242231737508, 0.011993804506297986), (0.37953154699392544, 0.011894482053197285), (0.3814296265752628, 0.01188830688410109), (0.38888537080243, 0.011775500082625756), (0.38888537080243, 0.011775500082625756), (0.3941134211556765, 0.011779980997888437), (0.3962612075757252, 0.011778204699408738), (0.4011935951304307, 0.011671336006865997), (0.4037595323453883, 0.011712798704697618), (0.41393355243096924, 0.01157328365799283), (0.42147490995381726, 0.0114097057269993), (0.42147490995381726, 0.0114097057269993), (0.42376388907511986, 0.011398613401910824), (0.42376388907511986, 0.011398613401910824), (0.42970402165602717, 0.011172159239236852), (0.4326925332385011, 0.0111417329207357), (0.4326925332385011, 0.0111417329207357), (0.43905856868433607, 0.010957882634953864), (0.43905856868433607, 0.010957882634953864), (0.43905856868433607, 0.010957882634953864), (0.43905856868433607, 0.010957882634953864), (0.43905856868433607, 0.010957882634953864), (0.43905856868433607, 0.010957882634953864), (0.43905856868433607, 0.010957882634953864), (0.4470245656927828, 0.010842714482103413), (0.4470245656927828, 0.010842714482103413), (0.45094872235577005, 0.01082969039196406), (0.45567599597237257, 0.010735334696221134), (0.45567599597237257, 0.010735334696221134), (0.45567599597237257, 0.010735334696221134), (0.45567599597237257, 0.010735334696221134), (0.45567599597237257, 0.010735334696221134), (0.45567599597237257, 0.010735334696221134), (0.4612074695558854, 0.010669514672657341), (0.4612074695558854, 0.010669514672657341), (0.4612074695558854, 0.010669514672657341), (0.47829172596018826, 0.01035041247279076), (0.47829172596018826, 0.01035041247279076), (0.47829172596018826, 0.01035041247279076), (0.48399716536949516, 0.010282641447374398), (0.48399716536949516, 0.010282641447374398), (0.48399716536949516, 0.010282641447374398), (0.48399716536949516, 0.010282641447374398), (0.48399716536949516, 0.010282641447374398), (0.4908629888066288, 0.010102656661951129), (0.4908629888066288, 0.010102656661951129), (0.4908629888066288, 0.010102656661951129), (0.4908629888066288, 0.010102656661951129), (0.4908629888066288, 0.010102656661951129), (0.4908629888066288, 0.010102656661951129), (0.4908629888066288, 0.010102656661951129), (0.4908629888066288, 0.010102656661951129), (0.4908629888066288, 0.010102656661951129), (0.4908629888066288, 0.010102656661951129), (0.4908629888066288, 0.010102656661951129), (0.4908629888066288, 0.010102656661951129)])
