Default
<models.baselines.omodels.NeuSK object at 0x7fab110c9c50>
('Manual torch seed: ', 1772727637)
('Config: ', 'Protein Test: ', True, 'KNN: ', 2)
Training raw path: /home/anhnd/DTI Project/Codes/MPNN/data/KFold/ATCInchikeySideEffectByDrug.txt_train_0
('Number of substructures, proteins, pathways, drugs, se: ', 2936, 1448, 330, 969, 1472)
((872, 4714), (97, 4714), (872, 1472), (97, 1472))
('VALIDATE SUM PROTEIN TRAIN: ', 22497.0)
('VALIDATE SUM PROTEIN TEST: ', 2685.0)
Train: 0.9413 0.7162
Test: 0.8159 0.4308
[0.6851079467508145, 0.6756844837171758, 0.6760281508174313, 0.6854779756284016, 0.6875462153641372, 0.6933438685246134, 0.7020546183582272, 0.7063888136066586, 0.707621398186978, 0.7115924356944895, 0.7150222351180406, 0.7189491593187334, 0.7211238384358081, 0.7232091565981966, 0.7239828876033658, 0.7255365495460295, 0.7314844348563102, 0.7349458612961721, 0.7360885498448537, 0.7380103135171165, 0.7393985722479736, 0.741215885764741, 0.742357739160889, 0.7454289555992775, 0.7483955630654459, 0.7512301148410421, 0.7537310497011501, 0.7563834785886547, 0.7587071948440849, 0.758974408594455, 0.7609669085213425, 0.7630230651714933, 0.7655975689297345, 0.7664578973293856, 0.7699531236239966, 0.771570490471764, 0.7720930749866772, 0.7734167112970358, 0.7739136715780335, 0.7775343151644323, 0.7792426080817338, 0.7818774692508714, 0.7835883947097879, 0.7862255280675954, 0.7873361934950106, 0.7879884324395319, 0.7905815006926017, 0.7905815006926017, 0.792115962768545, 0.792836043392402, 0.794375228560964, 0.7951693949267369, 0.7980066988571493, 0.8003206930299329, 0.8003206930299329, 0.8011439860149926, 0.8011439860149926, 0.8027253270400514, 0.8034994998439171, 0.8034994998439171, 0.8050262128104664, 0.8050262128104664, 0.8050262128104664, 0.8050262128104664, 0.8050262128104664, 0.8050262128104664, 0.8050262128104664, 0.8069990397165046, 0.8069990397165046, 0.8079973095330839, 0.8089704504842602, 0.8089704504842602, 0.8089704504842602, 0.8089704504842602, 0.8089704504842602, 0.8089704504842602, 0.8101032767501575, 0.8101032767501575, 0.8101032767501575, 0.8134130520618703, 0.8134130520618703, 0.8134130520618703, 0.8146073347267695, 0.8146073347267695, 0.8146073347267695, 0.8146073347267695, 0.8146073347267695, 0.8158852999802702, 0.8158852999802702, 0.8158852999802702, 0.8158852999802702, 0.8158852999802702, 0.8158852999802702, 0.8158852999802702, 0.8158852999802702, 0.8158852999802702, 0.8158852999802702, 0.8158852999802702, 0.8158852999802702]
[0.07292051618971886, 0.08793964081520225, 0.10066903144439994, 0.11258655107458729, 0.12156615991769831, 0.13185626537018913, 0.14304297131198998, 0.14607855371688366, 0.1495406970079723, 0.15508509827534037, 0.16185678387059563, 0.16853429443244616, 0.172927179796011, 0.1756562690369708, 0.17660443068191659, 0.18002387498097666, 0.18818491696727888, 0.19344215254826552, 0.196568704535922, 0.2006145933877857, 0.2019529916181857, 0.2043343839184364, 0.20622520226710558, 0.21567849174997775, 0.2228300666867566, 0.2285866570832618, 0.23445276389982772, 0.24085715621142628, 0.24622092011148705, 0.2462784014328927, 0.24936560368344957, 0.2544780776373493, 0.26105804904595364, 0.2630760830839105, 0.2710567762033277, 0.27446433209848986, 0.2760386896905706, 0.28043852402350655, 0.2816454353597279, 0.2920271705086921, 0.29746597349460524, 0.30435487275729417, 0.30813983950849166, 0.31587903615885926, 0.3187601922376625, 0.32128759455466144, 0.3285612026617539, 0.3285612026617539, 0.3339856570348911, 0.3362221721972389, 0.3411725532762525, 0.34392083099497583, 0.3532255258267725, 0.36175318906664766, 0.36175318906664766, 0.36427372687404225, 0.36427372687404225, 0.3708371281383145, 0.3735954589379629, 0.3735954589379629, 0.37989384824400874, 0.37989384824400874, 0.37989384824400874, 0.37989384824400874, 0.37989384824400874, 0.37989384824400874, 0.37989384824400874, 0.38801681668365917, 0.38801681668365917, 0.3921035300537583, 0.3964805101357767, 0.3964805101357767, 0.3964805101357767, 0.3964805101357767, 0.3964805101357767, 0.3964805101357767, 0.40208667397774694, 0.40208667397774694, 0.40208667397774694, 0.4179206160303823, 0.4179206160303823, 0.4179206160303823, 0.4238220660754479, 0.4238220660754479, 0.4238220660754479, 0.4238220660754479, 0.4238220660754479, 0.43084738968796377, 0.43084738968796377, 0.43084738968796377, 0.43084738968796377, 0.43084738968796377, 0.43084738968796377, 0.43084738968796377, 0.43084738968796377, 0.43084738968796377, 0.43084738968796377, 0.43084738968796377, 0.43084738968796377]
Training raw path: /home/anhnd/DTI Project/Codes/MPNN/data/KFold/ATCInchikeySideEffectByDrug.txt_train_1
('Number of substructures, proteins, pathways, drugs, se: ', 2936, 1448, 330, 969, 1472)
((872, 4714), (97, 4714), (872, 1472), (97, 1472))
('VALIDATE SUM PROTEIN TRAIN: ', 22668.0)
('VALIDATE SUM PROTEIN TEST: ', 2514.0)
Train: 0.9340 0.6922
Test: 0.8236 0.4434
[0.6332660499555164, 0.6406821805649385, 0.6462629702690308, 0.6612104621686204, 0.6675064635837404, 0.6729519441601801, 0.6784873984320525, 0.6854390349847643, 0.6881074510543552, 0.6920395386705734, 0.6982445431007563, 0.7010444397439299, 0.7059157047594019, 0.7083194845568654, 0.7090563340309022, 0.7127538491025898, 0.7188821549880049, 0.7242092037835692, 0.7259187253253288, 0.7298341685313329, 0.7315010021593611, 0.7350536970292689, 0.7366817936419618, 0.7414573759330038, 0.7444596664775577, 0.7479203748757486, 0.7510604042526522, 0.7543542941545788, 0.7567444532634021, 0.7572809226322039, 0.7597727951985985, 0.7623131282506904, 0.7660557789178891, 0.7673685912712624, 0.7713966022631427, 0.7739189140170386, 0.7747318864166234, 0.7763572167369404, 0.777139832584169, 0.7817093119274747, 0.7838044967102566, 0.7870306342470347, 0.7892847884519268, 0.7924964618205674, 0.7939667787856622, 0.7948441614103784, 0.7977996150809568, 0.7977996150809568, 0.79904378331354, 0.799757635846511, 0.8015311662382848, 0.8022770324488433, 0.8052771565196695, 0.807669705496646, 0.807669705496646, 0.8083857846200412, 0.8083857846200412, 0.8101272975669707, 0.810999268283836, 0.810999268283836, 0.8127221534467484, 0.8127221534467484, 0.8127221534467484, 0.8127221534467484, 0.8127221534467484, 0.8127221534467484, 0.8127221534467484, 0.8147779799133573, 0.8147779799133573, 0.8157359630573999, 0.8166677162645324, 0.8166677162645324, 0.8166677162645324, 0.8166677162645324, 0.8166677162645324, 0.8166677162645324, 0.8178865105188247, 0.8178865105188247, 0.8178865105188247, 0.8211027708323425, 0.8211027708323425, 0.8211027708323425, 0.8223551293992152, 0.8223551293992152, 0.8223551293992152, 0.8223551293992152, 0.8223551293992152, 0.8236343350525134, 0.8236343350525134, 0.8236343350525134, 0.8236343350525134, 0.8236343350525134, 0.8236343350525134, 0.8236343350525134, 0.8236343350525134, 0.8236343350525134, 0.8236343350525134, 0.8236343350525134, 0.8236343350525134]
[0.03242959524979045, 0.039986240094813504, 0.05088988352284134, 0.06151432410060866, 0.07035303387858638, 0.0809673740097, 0.08710236275351353, 0.09343335817783183, 0.10114330632171975, 0.10509402578415275, 0.11308928733305491, 0.12000078208927957, 0.1291538246927888, 0.13333523815563847, 0.1346047304797182, 0.1408157061469511, 0.15121517493105519, 0.16143794655234678, 0.16514650114564897, 0.172104206702767, 0.17455087976239758, 0.18115679061049678, 0.18371712802716178, 0.1918006373308898, 0.19793957051907562, 0.2059851757320545, 0.21193344673990847, 0.2201117553553647, 0.22418784737612524, 0.225346013191423, 0.2293593690640296, 0.23580567122040152, 0.2449835277483725, 0.2487872794008137, 0.25904299212455595, 0.26567266524607336, 0.26777203027766594, 0.2732831259381078, 0.27574657198566377, 0.28869412555514196, 0.2943933108414246, 0.3037427232836442, 0.31013880372078617, 0.32040536287264715, 0.32521219520753214, 0.3278446336597912, 0.33645334969030405, 0.33645334969030405, 0.34064561559441353, 0.3432172412331904, 0.3493760607680637, 0.35157602862084464, 0.3628482204760535, 0.37275371782365263, 0.37275371782365263, 0.37498825838222016, 0.37498825838222016, 0.381758518198231, 0.3849973235854925, 0.3849973235854925, 0.39159575406076186, 0.39159575406076186, 0.39159575406076186, 0.39159575406076186, 0.39159575406076186, 0.39159575406076186, 0.39159575406076186, 0.4008215642862743, 0.4008215642862743, 0.4043158890577061, 0.4083998580738467, 0.4083998580738467, 0.4083998580738467, 0.4083998580738467, 0.4083998580738467, 0.4083998580738467, 0.4149785297860211, 0.4149785297860211, 0.4149785297860211, 0.4299287344790177, 0.4299287344790177, 0.4299287344790177, 0.43631486056388336, 0.43631486056388336, 0.43631486056388336, 0.43631486056388336, 0.43631486056388336, 0.4434222518529169, 0.4434222518529169, 0.4434222518529169, 0.4434222518529169, 0.4434222518529169, 0.4434222518529169, 0.4434222518529169, 0.4434222518529169, 0.4434222518529169, 0.4434222518529169, 0.4434222518529169, 0.4434222518529169]
Training raw path: /home/anhnd/DTI Project/Codes/MPNN/data/KFold/ATCInchikeySideEffectByDrug.txt_train_2
('Number of substructures, proteins, pathways, drugs, se: ', 2936, 1448, 330, 969, 1472)
((872, 4714), (97, 4714), (872, 1472), (97, 1472))
('VALIDATE SUM PROTEIN TRAIN: ', 22376.0)
('VALIDATE SUM PROTEIN TEST: ', 2806.0)
Train: 0.9401 0.7066
Test: 0.8406 0.5100
[0.685407791188851, 0.6959114744729165, 0.7062592425736869, 0.7142948898021036, 0.7251900706882051, 0.7308035940765505, 0.739388708047318, 0.744895557357892, 0.7492790052787361, 0.7515338931258525, 0.7559851331691891, 0.7608724322200187, 0.763338696770214, 0.7657777074457897, 0.7678112849154382, 0.7699801541442667, 0.7728031821711652, 0.7748511236244386, 0.7757726687956267, 0.7781190641034943, 0.78007042651916, 0.7820230517205963, 0.783014249444036, 0.786327948038281, 0.7882182891024405, 0.7905188881978925, 0.7929400951909318, 0.7952085042067469, 0.797035475914407, 0.7973831653580126, 0.7991074776829918, 0.8006270449941728, 0.8024009584926429, 0.8031360065457409, 0.8049846311119764, 0.8064240206369494, 0.806906249332131, 0.8074923004269627, 0.8079666046313179, 0.810938329910733, 0.8125647819520322, 0.8143079881479093, 0.8157047392633483, 0.8175090506149354, 0.8183609410669658, 0.818942035005479, 0.8209343093934229, 0.8209343093934229, 0.8221539279492895, 0.8227184643231568, 0.8238466146128123, 0.8244319854990484, 0.8267873197114473, 0.8283663617468559, 0.8283663617468559, 0.8289156823855487, 0.8289156823855487, 0.8300188505207254, 0.8307412889143515, 0.8307412889143515, 0.8319480568103466, 0.8319480568103466, 0.8319480568103466, 0.8319480568103466, 0.8319480568103466, 0.8319480568103466, 0.8319480568103466, 0.8334600501877487, 0.8334600501877487, 0.8343210860896686, 0.8351231116788465, 0.8351231116788465, 0.8351231116788465, 0.8351231116788465, 0.8351231116788465, 0.8351231116788465, 0.8360384838468753, 0.8360384838468753, 0.8360384838468753, 0.8386676723788846, 0.8386676723788846, 0.8386676723788846, 0.8396055414813122, 0.8396055414813122, 0.8396055414813122, 0.8396055414813122, 0.8396055414813122, 0.8406016012519791, 0.8406016012519791, 0.8406016012519791, 0.8406016012519791, 0.8406016012519791, 0.8406016012519791, 0.8406016012519791, 0.8406016012519791, 0.8406016012519791, 0.8406016012519791, 0.8406016012519791, 0.8406016012519791]
[0.10027305086732308, 0.11449025353034555, 0.1313960194883782, 0.14583688151540825, 0.1590513779238581, 0.1735006076995526, 0.19063643928717058, 0.19924612855226942, 0.20845152716033832, 0.21187250299082275, 0.22288415078990004, 0.23145052355971585, 0.2383264067145583, 0.24533309148954124, 0.24934566593350704, 0.2541694130811699, 0.2632217050506358, 0.2689803370130265, 0.2715027551576612, 0.27745585641306886, 0.28203048868439917, 0.2859983580861837, 0.2887346349615544, 0.2992393431683655, 0.30558871009558736, 0.31143682933261696, 0.31968930153917, 0.3282632094603054, 0.33541416491730136, 0.3367617685708627, 0.3421594434673231, 0.3479944077189833, 0.35499990279884147, 0.3570192801251474, 0.36371438241895004, 0.3681274754650381, 0.3696339209792179, 0.37240362862659115, 0.37403090085794466, 0.3840032977152088, 0.39012755528202725, 0.3972288296358333, 0.4035465521051931, 0.41059990320291534, 0.41403835064111705, 0.41609159331178514, 0.4236500531726102, 0.4236500531726102, 0.42835463508262284, 0.4300147092941091, 0.43482483743917255, 0.437255595611972, 0.4460435362210818, 0.45206801102794714, 0.45206801102794714, 0.4543089980904012, 0.4543089980904012, 0.45908395742189834, 0.46211132967160773, 0.46211132967160773, 0.4668222379791699, 0.4668222379791699, 0.4668222379791699, 0.4668222379791699, 0.4668222379791699, 0.4668222379791699, 0.4668222379791699, 0.47362682489710506, 0.47362682489710506, 0.47777209035710266, 0.48181748668986124, 0.48181748668986124, 0.48181748668986124, 0.48181748668986124, 0.48181748668986124, 0.48181748668986124, 0.4865702394181918, 0.4865702394181918, 0.4865702394181918, 0.4997828888272943, 0.4997828888272943, 0.4997828888272943, 0.5045681965556277, 0.5045681965556277, 0.5045681965556277, 0.5045681965556277, 0.5045681965556277, 0.5100418380892431, 0.5100418380892431, 0.5100418380892431, 0.5100418380892431, 0.5100418380892431, 0.5100418380892431, 0.5100418380892431, 0.5100418380892431, 0.5100418380892431, 0.5100418380892431, 0.5100418380892431, 0.5100418380892431]
Training raw path: /home/anhnd/DTI Project/Codes/MPNN/data/KFold/ATCInchikeySideEffectByDrug.txt_train_3
('Number of substructures, proteins, pathways, drugs, se: ', 2936, 1448, 330, 969, 1472)
((872, 4714), (97, 4714), (872, 1472), (97, 1472))
('VALIDATE SUM PROTEIN TRAIN: ', 22809.0)
('VALIDATE SUM PROTEIN TEST: ', 2373.0)
Train: 0.9342 0.6914
Test: 0.8472 0.4871
[0.6972607623378863, 0.7023290528596536, 0.7150563393382934, 0.7221928019155204, 0.7295217398652643, 0.7381226923021469, 0.7461075311360765, 0.750433194750418, 0.7535997953229773, 0.7576208239080027, 0.7624689773134047, 0.7677004282756235, 0.7707207321753728, 0.7736738451548715, 0.7749320250157883, 0.777191108828599, 0.7806857640376921, 0.7834981612531939, 0.7842749843432161, 0.7861712261484495, 0.7874798381193333, 0.7888675385164632, 0.7899698555989325, 0.7924359571611155, 0.7947865806612209, 0.7969313863450843, 0.7994156716062732, 0.8014975159912268, 0.8027861049003444, 0.8031628705501787, 0.805120301770772, 0.806286733929815, 0.8081997941286161, 0.8087462120580922, 0.8114890036828823, 0.8126163621998961, 0.8129885822997428, 0.8138833715840316, 0.8142691316064614, 0.8168894122229764, 0.8184327608240654, 0.8200749633621477, 0.8213904498409514, 0.8232939517117948, 0.8241517427608323, 0.824679973750328, 0.8268368500473675, 0.8268368500473675, 0.8278460381966393, 0.8284760957104993, 0.8295588283444959, 0.8302456077716363, 0.8323343537724076, 0.8342040573418974, 0.8342040573418974, 0.8348122680894638, 0.8348122680894638, 0.8360177413897782, 0.8367244103642371, 0.8367244103642371, 0.8381054073049897, 0.8381054073049897, 0.8381054073049897, 0.8381054073049897, 0.8381054073049897, 0.8381054073049897, 0.8381054073049897, 0.839632431088596, 0.839632431088596, 0.8404834846629884, 0.841319226693869, 0.841319226693869, 0.841319226693869, 0.841319226693869, 0.841319226693869, 0.841319226693869, 0.8422395705743917, 0.8422395705743917, 0.8422395705743917, 0.8451402321676449, 0.8451402321676449, 0.8451402321676449, 0.8461469157462403, 0.8461469157462403, 0.8461469157462403, 0.8461469157462403, 0.8461469157462403, 0.8471641668811583, 0.8471641668811583, 0.8471641668811583, 0.8471641668811583, 0.8471641668811583, 0.8471641668811583, 0.8471641668811583, 0.8471641668811583, 0.8471641668811583, 0.8471641668811583, 0.8471641668811583, 0.8471641668811583]
[0.05247111982224403, 0.07390945202729508, 0.11014823840840435, 0.12403191610262487, 0.1354651378389884, 0.15296406519934358, 0.1627113891971138, 0.17125015757610948, 0.17843879108164062, 0.1860740581550978, 0.19525857774561, 0.20735804186094084, 0.21564374143113785, 0.22502489237342638, 0.22935514477598987, 0.2340925544113817, 0.24344488490639427, 0.25287208425842844, 0.25540237877167954, 0.26174781488251214, 0.2659088680653193, 0.26801156644169777, 0.26944619750991894, 0.2766570068945607, 0.28537170938068507, 0.2919749969223439, 0.3005384070623452, 0.30753556671694204, 0.3112055715453368, 0.31236445218094844, 0.31900282797822876, 0.3238362649038179, 0.3303659737154484, 0.3318414527372311, 0.3409768440556481, 0.3443050678545375, 0.34545089232933424, 0.349250506965363, 0.35026429585756114, 0.3593413691575011, 0.36581829391600545, 0.3709925122016219, 0.37640790372616684, 0.3847718603957212, 0.387305354818146, 0.38932160011131484, 0.39629205209820956, 0.39629205209820956, 0.39991067548787657, 0.40233605489934565, 0.40736267124997244, 0.41056916161951423, 0.4194135894183958, 0.4273493494786881, 0.4273493494786881, 0.4293864573674865, 0.4293864573674865, 0.43439234535255467, 0.43679393960504126, 0.43679393960504126, 0.4423105600608277, 0.4423105600608277, 0.4423105600608277, 0.4423105600608277, 0.4423105600608277, 0.4423105600608277, 0.4423105600608277, 0.44886666428876754, 0.44886666428876754, 0.45259816999877256, 0.45686311939009977, 0.45686311939009977, 0.45686311939009977, 0.45686311939009977, 0.45686311939009977, 0.45686311939009977, 0.46193522886683713, 0.46193522886683713, 0.46193522886683713, 0.47626462152718896, 0.47626462152718896, 0.47626462152718896, 0.48153205872459737, 0.48153205872459737, 0.48153205872459737, 0.48153205872459737, 0.48153205872459737, 0.4871453540071869, 0.4871453540071869, 0.4871453540071869, 0.4871453540071869, 0.4871453540071869, 0.4871453540071869, 0.4871453540071869, 0.4871453540071869, 0.4871453540071869, 0.4871453540071869, 0.4871453540071869, 0.4871453540071869]
Training raw path: /home/anhnd/DTI Project/Codes/MPNN/data/KFold/ATCInchikeySideEffectByDrug.txt_train_4
('Number of substructures, proteins, pathways, drugs, se: ', 2936, 1448, 330, 969, 1472)
((872, 4714), (97, 4714), (872, 1472), (97, 1472))
('VALIDATE SUM PROTEIN TRAIN: ', 22764.0)
('VALIDATE SUM PROTEIN TEST: ', 2418.0)
Train: 0.9412 0.7168
Test: 0.8290 0.4531
[0.6669452092599368, 0.6673098225005427, 0.6783595399585326, 0.6878237186801383, 0.6913917668241442, 0.6972531122563964, 0.7044470493107307, 0.7076635783577498, 0.7101009557508142, 0.7130626483846211, 0.71698694271381, 0.7228810191234912, 0.7265475086073636, 0.7280345887216902, 0.7298495705451306, 0.7328179310175701, 0.7400923140214525, 0.7447576739679495, 0.7457542839193827, 0.7480891427006402, 0.7496645485035417, 0.7528098142816275, 0.7549761760543015, 0.7580427867993146, 0.7602340805736817, 0.7631097859558474, 0.7653819056984204, 0.7677516240509903, 0.7699933300692446, 0.7701581072282584, 0.7728679288491596, 0.7747570846398691, 0.7774038868602382, 0.7785636451106264, 0.7810466871481698, 0.7826361328138419, 0.7831991461084292, 0.7847102602288392, 0.7854541579734459, 0.7894241846555062, 0.79130556780953, 0.7937472322810719, 0.7958526687274615, 0.7984591348022183, 0.7997749704398548, 0.800450830828958, 0.803013701278163, 0.803013701278163, 0.8044054726455141, 0.8051012758620073, 0.8066638249847548, 0.8074626735877259, 0.8105531858032093, 0.8127827339094194, 0.8127827339094194, 0.8135623804367011, 0.8135623804367011, 0.8150842128516194, 0.8157822751203979, 0.8157822751203979, 0.8175344403912572, 0.8175344403912572, 0.8175344403912572, 0.8175344403912572, 0.8175344403912572, 0.8175344403912572, 0.8175344403912572, 0.8195197467411917, 0.8195197467411917, 0.8205303621438353, 0.8215861305163263, 0.8215861305163263, 0.8215861305163263, 0.8215861305163263, 0.8215861305163263, 0.8215861305163263, 0.8227701735817091, 0.8227701735817091, 0.8227701735817091, 0.8265553422118787, 0.8265553422118787, 0.8265553422118787, 0.8277679572573554, 0.8277679572573554, 0.8277679572573554, 0.8277679572573554, 0.8277679572573554, 0.8290495218141642, 0.8290495218141642, 0.8290495218141642, 0.8290495218141642, 0.8290495218141642, 0.8290495218141642, 0.8290495218141642, 0.8290495218141642, 0.8290495218141642, 0.8290495218141642, 0.8290495218141642, 0.8290495218141642]
[0.035052329332035774, 0.04846122029251198, 0.07200303205602393, 0.08366687762462327, 0.09104914791253506, 0.10233270524125165, 0.11618288933972754, 0.12905988197343263, 0.13347013575255623, 0.14044864044446448, 0.15054876382988713, 0.16166470454391818, 0.17046529827028067, 0.17944257930886767, 0.18140386813542694, 0.18803352087258282, 0.20227957095552568, 0.20876190748188295, 0.21187612361800806, 0.21531438462681657, 0.21881505337899937, 0.22329500465189156, 0.22772577135421343, 0.2349116984309631, 0.24103413706595664, 0.24629244586623694, 0.25182869491078064, 0.258402394132405, 0.26429613476641056, 0.264879490660033, 0.27171085335029854, 0.27581540530406745, 0.28271545847315294, 0.28496661901059084, 0.2894926183715186, 0.29348400413021636, 0.29457549357918256, 0.300016252235786, 0.30262185246004303, 0.31430686422040977, 0.31885614576936405, 0.3266204174322419, 0.3322178003760221, 0.3399353450157019, 0.34328873627851975, 0.34505775918046644, 0.3533179790453766, 0.3533179790453766, 0.3576213802960529, 0.35995833202488275, 0.36460072138645805, 0.36739688463574743, 0.37722459616130355, 0.38349776176158357, 0.38349776176158357, 0.3858942373992456, 0.3858942373992456, 0.39090562393445016, 0.3929139218420052, 0.3929139218420052, 0.3991937435066497, 0.3991937435066497, 0.3991937435066497, 0.3991937435066497, 0.3991937435066497, 0.3991937435066497, 0.3991937435066497, 0.407205639603918, 0.407205639603918, 0.4114500886504584, 0.416365042178788, 0.416365042178788, 0.416365042178788, 0.416365042178788, 0.416365042178788, 0.416365042178788, 0.4220389978022449, 0.4220389978022449, 0.4220389978022449, 0.44079734669121395, 0.44079734669121395, 0.44079734669121395, 0.44643812406805855, 0.44643812406805855, 0.44643812406805855, 0.44643812406805855, 0.44643812406805855, 0.45310693840405086, 0.45310693840405086, 0.45310693840405086, 0.45310693840405086, 0.45310693840405086, 0.45310693840405086, 0.45310693840405086, 0.45310693840405086, 0.45310693840405086, 0.45310693840405086, 0.45310693840405086, 0.45310693840405086]
Training raw path: /home/anhnd/DTI Project/Codes/MPNN/data/KFold/ATCInchikeySideEffectByDrug.txt_train_5
('Number of substructures, proteins, pathways, drugs, se: ', 2936, 1448, 330, 969, 1472)
((872, 4714), (97, 4714), (872, 1472), (97, 1472))
('VALIDATE SUM PROTEIN TRAIN: ', 22673.0)
('VALIDATE SUM PROTEIN TEST: ', 2509.0)
Train: 0.9393 0.7115
Test: 0.8253 0.4276
[0.6394210016282403, 0.6594131218447398, 0.6599375149184773, 0.6678530584060167, 0.674256571728811, 0.683550826132505, 0.6915599899092529, 0.7001001754346597, 0.7040965828924599, 0.7072675518685476, 0.7169475590803502, 0.7201920078948328, 0.7245596417590734, 0.72755948487726, 0.7291279831097952, 0.7325838599547632, 0.7384388046885411, 0.741970383048338, 0.7425006150757225, 0.7444659866257861, 0.7461545927176936, 0.7486676872536038, 0.7497241045825997, 0.7528629092761293, 0.755927515090668, 0.7587022824689796, 0.7617984241496003, 0.7642506083470757, 0.7670039338387762, 0.7672580819405848, 0.7697664123901934, 0.7721711114473517, 0.7744947173259458, 0.77560993264524, 0.7785767378677231, 0.7800617544354511, 0.780366593009302, 0.7814221804719101, 0.7818747670497865, 0.7857982403702846, 0.7878440312013015, 0.7903130360885503, 0.7921377028867561, 0.794378845349823, 0.7956348215173203, 0.7962814076015603, 0.7990195726107369, 0.7990195726107369, 0.8005023707304119, 0.8011710528085408, 0.8025408424859761, 0.8031578909129199, 0.806439338656658, 0.8086483234425341, 0.8086483234425341, 0.8093609265913607, 0.8093609265913607, 0.8111361998277342, 0.81196203240438, 0.81196203240438, 0.8139801140537725, 0.8139801140537725, 0.8139801140537725, 0.8139801140537725, 0.8139801140537725, 0.8139801140537725, 0.8139801140537725, 0.815913287499657, 0.815913287499657, 0.8168213955705806, 0.8179794965030953, 0.8179794965030953, 0.8179794965030953, 0.8179794965030953, 0.8179794965030953, 0.8179794965030953, 0.8192958792553029, 0.8192958792553029, 0.8192958792553029, 0.8228128859901571, 0.8228128859901571, 0.8228128859901571, 0.8240125813990612, 0.8240125813990612, 0.8240125813990612, 0.8240125813990612, 0.8240125813990612, 0.8252650868153157, 0.8252650868153157, 0.8252650868153157, 0.8252650868153157, 0.8252650868153157, 0.8252650868153157, 0.8252650868153157, 0.8252650868153157, 0.8252650868153157, 0.8252650868153157, 0.8252650868153157, 0.8252650868153157]
[0.036143868417971084, 0.05056700913290198, 0.0630738371310319, 0.06919608971925872, 0.0791763788515267, 0.09362839487668798, 0.10118891699930141, 0.10670877855529984, 0.1133408216537604, 0.11792429686228038, 0.1290277281968135, 0.1335893170859713, 0.142643631379497, 0.15027701908168783, 0.15333251456986735, 0.15900007470808478, 0.17080962682365225, 0.1778485511778749, 0.17992398682697114, 0.18596404654028686, 0.18960282254930466, 0.19653572034870925, 0.1979819701677976, 0.20522346484771306, 0.21369962344361987, 0.21785980371473207, 0.22581700348583889, 0.2316237757758636, 0.23600550461372893, 0.237107381768718, 0.2440890710866524, 0.25051788528535035, 0.2545557692644279, 0.25789894379946776, 0.26428512235082563, 0.2672792039317249, 0.26767397713208796, 0.27089158770633076, 0.27147398045889926, 0.2837502667932559, 0.28989038982410487, 0.29676445108287686, 0.3010868430740832, 0.30823465180863874, 0.310887465649304, 0.31326003077817477, 0.3213360642502147, 0.3213360642502147, 0.32607290369198677, 0.3281240883229206, 0.33247015691422743, 0.33478214771904935, 0.3454626215249338, 0.35271767259631714, 0.35271767259631714, 0.3545874016425992, 0.3545874016425992, 0.362072723259564, 0.36555561659681624, 0.36555561659681624, 0.3741665973989354, 0.3741665973989354, 0.3741665973989354, 0.3741665973989354, 0.3741665973989354, 0.3741665973989354, 0.3741665973989354, 0.38122070629484217, 0.38122070629484217, 0.38489575556992567, 0.39062134784548797, 0.39062134784548797, 0.39062134784548797, 0.39062134784548797, 0.39062134784548797, 0.39062134784548797, 0.39734509584691485, 0.39734509584691485, 0.39734509584691485, 0.41513438969272276, 0.41513438969272276, 0.41513438969272276, 0.42087632412436365, 0.42087632412436365, 0.42087632412436365, 0.42087632412436365, 0.42087632412436365, 0.42760867088310633, 0.42760867088310633, 0.42760867088310633, 0.42760867088310633, 0.42760867088310633, 0.42760867088310633, 0.42760867088310633, 0.42760867088310633, 0.42760867088310633, 0.42760867088310633, 0.42760867088310633, 0.42760867088310633]
Training raw path: /home/anhnd/DTI Project/Codes/MPNN/data/KFold/ATCInchikeySideEffectByDrug.txt_train_6
('Number of substructures, proteins, pathways, drugs, se: ', 2936, 1448, 330, 969, 1472)
((872, 4714), (97, 4714), (872, 1472), (97, 1472))
('VALIDATE SUM PROTEIN TRAIN: ', 22942.0)
('VALIDATE SUM PROTEIN TEST: ', 2240.0)
Train: 0.9365 0.7001
Test: 0.8476 0.4319
[0.7111187379388417, 0.7018754860187703, 0.722137968192396, 0.7258989045177752, 0.7379091146263701, 0.744307047502424, 0.7495935412963958, 0.7526071437155658, 0.7549841941237057, 0.7561475217529166, 0.7590593943270332, 0.762043232578094, 0.7650046657272942, 0.7671520143111754, 0.7687638929973514, 0.7715560177772545, 0.775855352829786, 0.7790214161082814, 0.7797111134979684, 0.781178446324057, 0.782250606804852, 0.783809185086602, 0.7851540537108419, 0.7882508778908033, 0.7906547088239557, 0.7930763320155088, 0.7953861369458353, 0.7974547268420488, 0.79855467803548, 0.7989716129695158, 0.8011064304939136, 0.8024807814251377, 0.8045280722358922, 0.8055673333082629, 0.8083415102864768, 0.8096883658188294, 0.8101559877398935, 0.8111529179754844, 0.8114754574651291, 0.8141527518995644, 0.8159000275950657, 0.8178219424345401, 0.8192463286717966, 0.8213270435661804, 0.8222919179854628, 0.8227945878224678, 0.8251350877273218, 0.8251350877273218, 0.8265766532893407, 0.8271917892774122, 0.8280917171234532, 0.8288284568201583, 0.8315051528303683, 0.8334219857236341, 0.8334219857236341, 0.8341347379217264, 0.8341347379217264, 0.8354421884078412, 0.8361337365629317, 0.8361337365629317, 0.8376529438944474, 0.8376529438944474, 0.8376529438944474, 0.8376529438944474, 0.8376529438944474, 0.8376529438944474, 0.8376529438944474, 0.8392697757098475, 0.8392697757098475, 0.8400304537862204, 0.84111335600497, 0.84111335600497, 0.84111335600497, 0.84111335600497, 0.84111335600497, 0.84111335600497, 0.8421143578240493, 0.8421143578240493, 0.8421143578240493, 0.8454019527633793, 0.8454019527633793, 0.8454019527633793, 0.8463675091739175, 0.8463675091739175, 0.8463675091739175, 0.8463675091739175, 0.8463675091739175, 0.847610497416394, 0.847610497416394, 0.847610497416394, 0.847610497416394, 0.847610497416394, 0.847610497416394, 0.847610497416394, 0.847610497416394, 0.847610497416394, 0.847610497416394, 0.847610497416394, 0.847610497416394]
[0.055597373531397244, 0.05170817073722772, 0.06541882733359423, 0.07580874344261937, 0.08978983333934033, 0.10318249603621338, 0.11225532794400417, 0.11866461417032953, 0.1259036561727574, 0.12906734261246994, 0.13588079573216558, 0.1431908433024675, 0.15116489104341446, 0.1590164366684011, 0.16334598840006465, 0.16905994314822703, 0.17984097016455342, 0.18778686672821698, 0.18927015449120238, 0.1924446142296863, 0.19665355843170104, 0.20009669627590276, 0.20287482802819443, 0.21140721438251908, 0.21770261997249632, 0.22528768912553818, 0.23295273776389838, 0.23829347056422023, 0.24046075009465667, 0.24196219344622671, 0.24683283637469963, 0.25186875493989874, 0.2589450489985591, 0.261467021891806, 0.271760725024637, 0.27478982059422175, 0.27628665165463695, 0.2818191530784795, 0.28302409286188274, 0.29264910342000894, 0.29916914644374004, 0.30494434375753504, 0.31060286646537194, 0.3182403806212659, 0.321352324150325, 0.3231629927720145, 0.33208884758946766, 0.33208884758946766, 0.33770074042222126, 0.33950460629936713, 0.3432528993860493, 0.3459752620448704, 0.35538517732865627, 0.36310515235472013, 0.36310515235472013, 0.3658022740473124, 0.3658022740473124, 0.37097272832329004, 0.37415017993597655, 0.37415017993597655, 0.38067482274975983, 0.38067482274975983, 0.38067482274975983, 0.38067482274975983, 0.38067482274975983, 0.38067482274975983, 0.38067482274975983, 0.3880284282350544, 0.3880284282350544, 0.3911178663352325, 0.39681686531499544, 0.39681686531499544, 0.39681686531499544, 0.39681686531499544, 0.39681686531499544, 0.39681686531499544, 0.4017648589225751, 0.4017648589225751, 0.4017648589225751, 0.41959867948697926, 0.41959867948697926, 0.41959867948697926, 0.42442127264125484, 0.42442127264125484, 0.42442127264125484, 0.42442127264125484, 0.42442127264125484, 0.43185967819047916, 0.43185967819047916, 0.43185967819047916, 0.43185967819047916, 0.43185967819047916, 0.43185967819047916, 0.43185967819047916, 0.43185967819047916, 0.43185967819047916, 0.43185967819047916, 0.43185967819047916, 0.43185967819047916]
Training raw path: /home/anhnd/DTI Project/Codes/MPNN/data/KFold/ATCInchikeySideEffectByDrug.txt_train_7
('Number of substructures, proteins, pathways, drugs, se: ', 2936, 1448, 330, 969, 1472)
((872, 4714), (97, 4714), (872, 1472), (97, 1472))
('VALIDATE SUM PROTEIN TRAIN: ', 22445.0)
('VALIDATE SUM PROTEIN TEST: ', 2737.0)
Train: 0.9396 0.7110
Test: 0.8363 0.4535
[0.6978114161958988, 0.7030807908593811, 0.7113894653591416, 0.7136814691143111, 0.7128325053192227, 0.7169581059718608, 0.7208886572838256, 0.7271295961392178, 0.72938582747862, 0.7328317932648267, 0.7352401310500679, 0.7386438927834256, 0.7402191625593213, 0.7429504444370943, 0.7437536750703885, 0.7457504342272945, 0.751120407918437, 0.7543771390560225, 0.7553663622359512, 0.7569731254614986, 0.7578547183006229, 0.7604473614680497, 0.7618060643204088, 0.7651425028599997, 0.7678080031996176, 0.7707141060142033, 0.7737515978962884, 0.7766896228542264, 0.7786484332256818, 0.7789310209571053, 0.7808883718414199, 0.7827796203433128, 0.7848969641873215, 0.7859449612571756, 0.7890040414699452, 0.7907607497812565, 0.7913960411410826, 0.7922648585156423, 0.7929339935248239, 0.7964712006671206, 0.7982219987191209, 0.8005008213544567, 0.8025034319798354, 0.8052605222019749, 0.8066414111637614, 0.8073306144785264, 0.8100390119567394, 0.8100390119567394, 0.8116309127476268, 0.8123398318039687, 0.814103485129622, 0.8149605789528074, 0.8183615903355173, 0.8205304483475776, 0.8205304483475776, 0.8213318215450509, 0.8213318215450509, 0.8230414014262768, 0.8238293133649124, 0.8238293133649124, 0.8255154701561291, 0.8255154701561291, 0.8255154701561291, 0.8255154701561291, 0.8255154701561291, 0.8255154701561291, 0.8255154701561291, 0.8274968186509186, 0.8274968186509186, 0.8284790776605067, 0.8294330373253422, 0.8294330373253422, 0.8294330373253422, 0.8294330373253422, 0.8294330373253422, 0.8294330373253422, 0.8304720618456425, 0.8304720618456425, 0.8304720618456425, 0.8339406251395299, 0.8339406251395299, 0.8339406251395299, 0.8350636226241609, 0.8350636226241609, 0.8350636226241609, 0.8350636226241609, 0.8350636226241609, 0.8362660643659828, 0.8362660643659828, 0.8362660643659828, 0.8362660643659828, 0.8362660643659828, 0.8362660643659828, 0.8362660643659828, 0.8362660643659828, 0.8362660643659828, 0.8362660643659828, 0.8362660643659828, 0.8362660643659828]
[0.07718026293965805, 0.0794139530545274, 0.10050762146463892, 0.10555900612419172, 0.11048653396105768, 0.12042128801101529, 0.1298464984819819, 0.13641482090633572, 0.14398782596223747, 0.149244133884808, 0.15440790647630867, 0.1617515367692228, 0.16582713712683594, 0.16855721640738447, 0.16973941977985016, 0.17300355015877822, 0.18155577511399537, 0.18896469449494552, 0.1919788265090422, 0.19532467335805884, 0.19763669030916653, 0.20339503462013525, 0.20544015156717815, 0.21629163811774166, 0.22668767937148787, 0.23453530091986904, 0.24151805556890016, 0.25001789520773204, 0.2543328001524857, 0.2543647082822642, 0.25796812970791183, 0.263245677660396, 0.26891310274704217, 0.2709707462494272, 0.28016179810343383, 0.28449041408144615, 0.2860525765189559, 0.28837355128495357, 0.29017391069653226, 0.3010334729662436, 0.30718796648355373, 0.3124248838269832, 0.318984860691652, 0.32839245732928024, 0.33232025631336615, 0.33442726134835127, 0.3422332709670262, 0.3422332709670262, 0.34885044847919816, 0.3508845864071386, 0.3575042820056539, 0.3608538591990668, 0.37428652767692555, 0.3818615170416184, 0.3818615170416184, 0.38428575735315507, 0.38428575735315507, 0.39093879402926074, 0.3942570639223771, 0.3942570639223771, 0.4008834898303922, 0.4008834898303922, 0.4008834898303922, 0.4008834898303922, 0.4008834898303922, 0.4008834898303922, 0.4008834898303922, 0.40995736157323537, 0.40995736157323537, 0.41399674495613464, 0.41858413559479496, 0.41858413559479496, 0.41858413559479496, 0.41858413559479496, 0.41858413559479496, 0.41858413559479496, 0.42341188031479154, 0.42341188031479154, 0.42341188031479154, 0.44153830541571704, 0.44153830541571704, 0.44153830541571704, 0.4469239839147142, 0.4469239839147142, 0.4469239839147142, 0.4469239839147142, 0.4469239839147142, 0.45351160733619217, 0.45351160733619217, 0.45351160733619217, 0.45351160733619217, 0.45351160733619217, 0.45351160733619217, 0.45351160733619217, 0.45351160733619217, 0.45351160733619217, 0.45351160733619217, 0.45351160733619217, 0.45351160733619217]
Training raw path: /home/anhnd/DTI Project/Codes/MPNN/data/KFold/ATCInchikeySideEffectByDrug.txt_train_8
('Number of substructures, proteins, pathways, drugs, se: ', 2936, 1448, 330, 969, 1472)
((872, 4714), (97, 4714), (872, 1472), (97, 1472))
('VALIDATE SUM PROTEIN TRAIN: ', 22705.0)
('VALIDATE SUM PROTEIN TEST: ', 2477.0)
Train: 0.9372 0.7030
Test: 0.8324 0.4418
[0.6470358343664301, 0.6610067665467108, 0.6721046967276486, 0.6715103658778936, 0.6830440153108932, 0.6885586954531797, 0.6979003939829267, 0.7075715188930877, 0.7120421335075483, 0.7189041370147243, 0.7252531808906276, 0.7304631697591996, 0.7351844778689969, 0.7390854689570052, 0.7415983267675457, 0.7439764339459918, 0.7481900726842152, 0.751213458494598, 0.7530448570508985, 0.7536522452348963, 0.7548607610316305, 0.7579447509013683, 0.7597536040597204, 0.7625432367048259, 0.7653204693646101, 0.768432228159416, 0.7705880665273164, 0.7731421906378275, 0.774740468199634, 0.7752583162749838, 0.7765079229942402, 0.778094439574037, 0.780429064461406, 0.7806229416225432, 0.7843171441422664, 0.7858798585995967, 0.7862946699806115, 0.7877399772493408, 0.7885451625982367, 0.7923754525508938, 0.7943983556728692, 0.7963783451254455, 0.7982377623413318, 0.8007654369866682, 0.8022623238241664, 0.8026825835721842, 0.8053961111484592, 0.8053961111484592, 0.8067560001046836, 0.8076391470309034, 0.8089780204997026, 0.8097159809326195, 0.8128261986377062, 0.8153893758904517, 0.8153893758904517, 0.8161110361236814, 0.8161110361236814, 0.8178956205911867, 0.8188103905234799, 0.8188103905234799, 0.820627126426192, 0.820627126426192, 0.820627126426192, 0.820627126426192, 0.820627126426192, 0.820627126426192, 0.820627126426192, 0.8227358201599456, 0.8227358201599456, 0.8237195880850009, 0.8247978562238703, 0.8247978562238703, 0.8247978562238703, 0.8247978562238703, 0.8247978562238703, 0.8247978562238703, 0.8259009699124885, 0.8259009699124885, 0.8259009699124885, 0.8297497521115752, 0.8297497521115752, 0.8297497521115752, 0.8310229112762358, 0.8310229112762358, 0.8310229112762358, 0.8310229112762358, 0.8310229112762358, 0.8324285894388013, 0.8324285894388013, 0.8324285894388013, 0.8324285894388013, 0.8324285894388013, 0.8324285894388013, 0.8324285894388013, 0.8324285894388013, 0.8324285894388013, 0.8324285894388013, 0.8324285894388013, 0.8324285894388013]
[0.029518551083380203, 0.05102407180481193, 0.06710795627798466, 0.07331766364121045, 0.086683753805593, 0.09688430416104682, 0.11055733144853087, 0.1202484859768682, 0.1283475026583433, 0.13786385708056678, 0.14760622799075612, 0.15595730541566116, 0.16396496137289676, 0.1712528646975291, 0.17592526156872132, 0.18008492420191408, 0.18611963462429126, 0.18997823144165282, 0.19358323845526326, 0.1940793314971735, 0.19765732675251568, 0.2039010962938526, 0.20740398581218764, 0.21017349546623093, 0.2187494509825923, 0.2251864286039493, 0.22983104498090473, 0.23635110353256883, 0.24136213339522328, 0.242762942593889, 0.24791908171606167, 0.2518804829753923, 0.2569368227061913, 0.25748418589003924, 0.2664127166031047, 0.27012758926232483, 0.2707708331777996, 0.27621074440448246, 0.2788575235288269, 0.2906477752119324, 0.2972245068808118, 0.3023087012105158, 0.30714671063104615, 0.3140988040208678, 0.3188256966139226, 0.3201979100298914, 0.3282019549031855, 0.3282019549031855, 0.333959121898231, 0.3367860049289433, 0.34105602467268736, 0.3439383290240059, 0.3549646164777643, 0.3634269785449106, 0.3634269785449106, 0.36586313637810175, 0.36586313637810175, 0.37256736294447956, 0.37647042706049394, 0.37647042706049394, 0.3831187079896209, 0.3831187079896209, 0.3831187079896209, 0.3831187079896209, 0.3831187079896209, 0.3831187079896209, 0.3831187079896209, 0.39258195156141384, 0.39258195156141384, 0.39665651776614175, 0.4017072105311441, 0.4017072105311441, 0.4017072105311441, 0.4017072105311441, 0.4017072105311441, 0.4017072105311441, 0.4066449308334075, 0.4066449308334075, 0.4066449308334075, 0.4274100990755214, 0.4274100990755214, 0.4274100990755214, 0.433645795742162, 0.433645795742162, 0.433645795742162, 0.433645795742162, 0.433645795742162, 0.441805004052741, 0.441805004052741, 0.441805004052741, 0.441805004052741, 0.441805004052741, 0.441805004052741, 0.441805004052741, 0.441805004052741, 0.441805004052741, 0.441805004052741, 0.441805004052741, 0.441805004052741]
Training raw path: /home/anhnd/DTI Project/Codes/MPNN/data/KFold/ATCInchikeySideEffectByDrug.txt_train_9
('Number of substructures, proteins, pathways, drugs, se: ', 2936, 1448, 330, 969, 1472)
((873, 4714), (96, 4714), (873, 1472), (96, 1472))
('VALIDATE SUM PROTEIN TRAIN: ', 22759.0)
('VALIDATE SUM PROTEIN TEST: ', 2423.0)
Train: 0.9371 0.6999
Test: 0.8312 0.4359
[0.6377321015712342, 0.6599040749919457, 0.6650608122309734, 0.6741330257372052, 0.6824835834776415, 0.6932903573343909, 0.6998758520123288, 0.7063791341610162, 0.7114046122486753, 0.7155632851856267, 0.722964578311361, 0.7276277611487515, 0.7321873535142129, 0.7356045239874343, 0.7379723130704186, 0.7415483187667455, 0.7478706693165935, 0.7518428225501319, 0.7526194036522922, 0.7556558484518427, 0.7578760006826579, 0.7604496750636953, 0.7616112619893323, 0.7651717114214641, 0.7682317563855912, 0.7710706608010244, 0.7741520439895752, 0.7770083330975317, 0.7788864861024799, 0.7792673767837771, 0.7814260679731386, 0.7834566001038396, 0.7857759379679198, 0.7871086798043464, 0.7901115320098229, 0.7912996317327207, 0.7918315709546027, 0.7930239487738657, 0.7937342383113896, 0.7968597149967263, 0.7984597365322805, 0.8008842261021525, 0.8025777448494146, 0.8050126570457341, 0.8063505742152862, 0.8067995826702112, 0.8090349534081975, 0.8090349534081975, 0.810243634133761, 0.8108181735863398, 0.8121846035615052, 0.8127784037238266, 0.8153088366251511, 0.8171566687674837, 0.8171566687674837, 0.8178144040551704, 0.8178144040551704, 0.8193309103379297, 0.8200505079793756, 0.8200505079793756, 0.8216002392374118, 0.8216002392374118, 0.8216002392374118, 0.8216002392374118, 0.8216002392374118, 0.8216002392374118, 0.8216002392374118, 0.823239472462952, 0.823239472462952, 0.824182246473876, 0.8250791202592814, 0.8250791202592814, 0.8250791202592814, 0.8250791202592814, 0.8250791202592814, 0.8250791202592814, 0.8260210968512209, 0.8260210968512209, 0.8260210968512209, 0.8290452716620405, 0.8290452716620405, 0.8290452716620405, 0.8301134138900591, 0.8301134138900591, 0.8301134138900591, 0.8301134138900591, 0.8301134138900591, 0.8312075482938792, 0.8312075482938792, 0.8312075482938792, 0.8312075482938792, 0.8312075482938792, 0.8312075482938792, 0.8312075482938792, 0.8312075482938792, 0.8312075482938792, 0.8312075482938792, 0.8312075482938792, 0.8312075482938792]
[0.035129308746006345, 0.059055886813867385, 0.07058114380538588, 0.08182757252628559, 0.08949841611466941, 0.10283437967567906, 0.11481220208385601, 0.12313720531984514, 0.13293858610755974, 0.13663426844786364, 0.14645835804517263, 0.15334366799724589, 0.16147712962825783, 0.1682573728179232, 0.17258348606858054, 0.17792615900381256, 0.18852046026570274, 0.19615658507832665, 0.19823176453790436, 0.2037665300963406, 0.2087123547513235, 0.21355030625349816, 0.21582851207843645, 0.2225301372837633, 0.23006138091113398, 0.23767640791017589, 0.24624660003462714, 0.25408841917204045, 0.25755307193038157, 0.2583439906525298, 0.26275806369042976, 0.2673878671056042, 0.2729807739914838, 0.27684395467373074, 0.2846761026214768, 0.28651018761791847, 0.287941842252288, 0.2917397155126786, 0.2937373138746725, 0.3026105258910839, 0.30688848372531885, 0.31359640122691024, 0.31740395953514383, 0.3249917043711662, 0.3295245762190354, 0.3309004321553002, 0.3382480833972177, 0.3382480833972177, 0.34348684607614344, 0.3449783481587184, 0.3505090731120002, 0.3523859402473932, 0.3623422392859378, 0.3696369099060693, 0.3696369099060693, 0.37184372812881095, 0.37184372812881095, 0.378245276569189, 0.3808971387570769, 0.3808971387570769, 0.38763560577808576, 0.38763560577808576, 0.38763560577808576, 0.38763560577808576, 0.38763560577808576, 0.38763560577808576, 0.38763560577808576, 0.3949684840662519, 0.3949684840662519, 0.3994718963017365, 0.4040267936136954, 0.4040267936136954, 0.4040267936136954, 0.4040267936136954, 0.4040267936136954, 0.4040267936136954, 0.4087850997397412, 0.4087850997397412, 0.4087850997397412, 0.42414343176722785, 0.42414343176722785, 0.42414343176722785, 0.4298386195549884, 0.4298386195549884, 0.4298386195549884, 0.4298386195549884, 0.4298386195549884, 0.4359181087188082, 0.4359181087188082, 0.4359181087188082, 0.4359181087188082, 0.4359181087188082, 0.4359181087188082, 0.4359181087188082, 0.4359181087188082, 0.4359181087188082, 0.4359181087188082, 0.4359181087188082, 0.4359181087188082]
AUC: 0.8329 0.0031
AUPR: 0.4515 0.0081
('RARE AUC', [(0.670110685119365, 0.00868058889831042), (0.6767197254376776, 0.0067597213601777615), (0.6852596700385611, 0.00790407026845538), (0.6924076671847986, 0.007318695058182804), (0.6991682046788429, 0.007511997616231139), (0.7059140243714248, 0.0074384682084672965), (0.7130303739769135, 0.007374124279960497), (0.7188607747401029, 0.007010675347396141), (0.722062195584487, 0.007010099877363896), (0.7256563628870181, 0.006815180566609997), (0.730817267507464, 0.0065108889957630756), (0.7350417542846099, 0.006584061305866155), (0.738480178217706, 0.00641271428758031), (0.7411366719047383, 0.006430487044451502), (0.7426848293126124, 0.0064846271736490645), (0.7453694657311105, 0.006402234806321911), (0.7505423157512198, 0.006065636444044572), (0.7540687243182695, 0.0058516488145519945), (0.755105156374124, 0.005791167797673112), (0.7572149567099115, 0.005682623421585047), (0.7587111067086827, 0.00566312150265286), (0.7611288647086015, 0.005506714971226835), (0.7625048902563025, 0.0054676953843873005), (0.7657664261684214, 0.005367886489361447), (0.7684036632744788, 0.005281773010805183), (0.7711706159674747, 0.005180911214439154), (0.7738205395958043, 0.005131919597025692), (0.7763740898770907, 0.005046863997171349), (0.7783100558393535, 0.004918430120881508), (0.7786645883289076, 0.004921784414640555), (0.7807530617715771, 0.0048764169921416654), (0.782598960987972, 0.004761757928709018), (0.7849782743507605, 0.004633865103592901), (0.7859126200952675, 0.004600280493943977), (0.7889221013606402, 0.004475516066002951), (0.7904856280507345, 0.004401145823905817), (0.7909963801969095, 0.004384623977888555), (0.7921463743260053, 0.004312592736441003), (0.7927307017322793, 0.0042824349950272315), (0.7962152914365712, 0.0041172820576432225), (0.7980174365098256, 0.004079929176561911), (0.800293665839418, 0.003960045352436037), (0.8020524011722611, 0.0038880301984508788), (0.8044728632167493, 0.0037912389784422675), (0.8056771675254323, 0.003742314191383844), (0.8062794209579625, 0.0037218864104328125), (0.8087790713343967, 0.003653268599894856), (0.8087790713343967, 0.003653268599894856), (0.8101274755879352, 0.0036269076595275), (0.8108049509641742, 0.0036129997089046216), (0.8121874331541571, 0.0035482634347906625), (0.8129028005576322, 0.0035407149126833615), (0.8157399831749285, 0.003462443033274735), (0.8178490353696433, 0.0033992925803497435), (0.8178490353696433, 0.0033992925803497435), (0.8185573027783738, 0.0033832180700649798), (0.8185573027783738, 0.0033832180700649798), (0.8200819749960114, 0.0033287867175658195), (0.8208532723361819, 0.0033164093141874428), (0.8208532723361819, 0.0033164093141874428), (0.8224712164531761, 0.0032771832176937735), (0.8224712164531761, 0.0032771832176937735), (0.8224712164531761, 0.0032771832176937735), (0.8224712164531761, 0.0032771832176937735), (0.8224712164531761, 0.0032771832176937735), (0.8224712164531761, 0.0032771832176937735), (0.8224712164531761, 0.0032771832176937735), (0.8243044422130719, 0.0032249881205334576), (0.8243044422130719, 0.0032249881205334576), (0.825230096706316, 0.0032065546817609957), (0.8262069501954394, 0.0031951241448893828), (0.8262069501954394, 0.0031951241448893828), (0.8262069501954394, 0.0031951241448893828), (0.8262069501954394, 0.0031951241448893828), (0.8262069501954394, 0.0031951241448893828), (0.8262069501954394, 0.0031951241448893828), (0.8272842380960663, 0.003164799816850752), (0.8272842380960663, 0.003164799816850752), (0.8272842380960663, 0.003164799816850752), (0.8305829557319303, 0.0031184730400572245), (0.8305829557319303, 0.0031184730400572245), (0.8305829557319303, 0.0031184730400572245), (0.8317062916974327, 0.0030897883900845554), (0.8317062916974327, 0.0030897883900845554), (0.8317062916974327, 0.0030897883900845554), (0.8317062916974327, 0.0030897883900845554), (0.8317062916974327, 0.0030897883900845554), (0.8329112711310458, 0.0030693097559553093), (0.8329112711310458, 0.0030693097559553093), (0.8329112711310458, 0.0030693097559553093), (0.8329112711310458, 0.0030693097559553093), (0.8329112711310458, 0.0030693097559553093), (0.8329112711310458, 0.0030693097559553093), (0.8329112711310458, 0.0030693097559553093), (0.8329112711310458, 0.0030693097559553093), (0.8329112711310458, 0.0030693097559553093), (0.8329112711310458, 0.0030693097559553093), (0.8329112711310458, 0.0030693097559553093), (0.8329112711310458, 0.0030693097559553093)])
('RARE AUPR', [(0.052671597617952516, 0.007157045938571484), (0.0656555898303505, 0.0069088473227237705), (0.08317955909326832, 0.007721734354301935), (0.09333456258714182, 0.008214496983283796), (0.10331197735438533, 0.008363463801486505), (0.11585718802806792, 0.008695416797277455), (0.126833632884719, 0.00927440288817945), (0.13442419849252057, 0.009355052845558712), (0.14155628498788858, 0.009430484816071848), (0.1469308224537867, 0.009467051261971643), (0.15570185800102643, 0.009599741012013966), (0.16368410170568692, 0.009965725355127866), (0.17115942014556787, 0.009821001672717463), (0.17761529800373704, 0.010052198239913811), (0.18062405103936424, 0.01023742501527962), (0.1856209720713879, 0.010161220382823917), (0.1955192719803085, 0.010065546554059905), (0.20262293567749667, 0.009984281438701455), (0.20534844340493033, 0.009945053133287769), (0.20988160517344964, 0.010086632787990815), (0.21335210343033126, 0.01024790216588599), (0.21802749575008043, 0.009955029680801317), (0.22053783817737482, 0.009949109714279201), (0.22839131276727248, 0.010114288192783911), (0.23596649484293913, 0.010089201093114184), (0.24248217352107787, 0.010015598271866074), (0.24948080559862013, 0.01023249797020844), (0.25655447461288683, 0.010359100018874027), (0.26110388989031375, 0.010550328890130531), (0.2620171342779788, 0.010577219209191894), (0.26711652801190844, 0.010723039094313937), (0.27228304947512616, 0.010706262132721602), (0.2786454429489473, 0.010738022089961117), (0.28103555668621644, 0.010641654027897466), (0.2891580077877478, 0.010496770417129828), (0.29292507602819906, 0.010487005180311782), (0.2942196907591739, 0.010499679584019912), (0.2984426789776279, 0.010337923633638637), (0.30015758779417545, 0.010307041815442843), (0.31090639714394785, 0.010098499311724442), (0.3167021772660956, 0.010133372210459872), (0.3232978136415457, 0.010092871589676916), (0.3285676139833957, 0.010214700058159266), (0.33655495057970636, 0.010173166350958695), (0.340151514812893, 0.010105547162176381), (0.3421551807901751, 0.010101525542624596), (0.3500382857775366, 0.010018696272343749), (0.3500382857775366, 0.010018696272343749), (0.3550588024063638, 0.00990024687139398), (0.3572026143765855, 0.009872669591421837), (0.36221292802105376, 0.009886887293626183), (0.364865403971744, 0.00991084056906632), (0.37511966503978245, 0.0097291791037813), (0.3828170259602155, 0.009575686396594502), (0.3828170259602155, 0.009575686396594502), (0.38512339756633746, 0.00955910643039911), (0.38512339756633746, 0.00955910643039911), (0.3911774458171232, 0.009354297992316374), (0.39417423999148504, 0.009301010284353175), (0.39417423999148504, 0.009301010284353175), (0.4006295367598211, 0.009058937320711615), (0.4006295367598211, 0.009058937320711615), (0.4006295367598211, 0.009058937320711615), (0.4006295367598211, 0.009058937320711615), (0.4006295367598211, 0.009058937320711615), (0.4006295367598211, 0.009058937320711615), (0.4006295367598211, 0.009058937320711615), (0.4085294441490522, 0.008917966129062092), (0.4085294441490522, 0.008917966129062092), (0.41243785490469687, 0.00894122250035051), (0.417168236936849, 0.008828013424869732), (0.417168236936849, 0.008828013424869732), (0.417168236936849, 0.008828013424869732), (0.417168236936849, 0.008828013424869732), (0.417168236936849, 0.008828013424869732), (0.417168236936849, 0.008828013424869732), (0.4225561535508472, 0.008738774943179855), (0.4225561535508472, 0.008738774943179855), (0.4225561535508472, 0.008738774943179855), (0.43925191129932656, 0.00831859408254376), (0.43925191129932656, 0.00831859408254376), (0.43925191129932656, 0.00831859408254376), (0.44483813019650986, 0.008232027060983586), (0.44483813019650986, 0.008232027060983586), (0.44483813019650986, 0.008232027060983586), (0.44483813019650986, 0.008232027060983586), (0.44483813019650986, 0.008232027060983586), (0.4515266841222688, 0.008055722327481566), (0.4515266841222688, 0.008055722327481566), (0.4515266841222688, 0.008055722327481566), (0.4515266841222688, 0.008055722327481566), (0.4515266841222688, 0.008055722327481566), (0.4515266841222688, 0.008055722327481566), (0.4515266841222688, 0.008055722327481566), (0.4515266841222688, 0.008055722327481566), (0.4515266841222688, 0.008055722327481566), (0.4515266841222688, 0.008055722327481566), (0.4515266841222688, 0.008055722327481566), (0.4515266841222688, 0.008055722327481566)])
