Default
<models.baselines.omodels.NeuSK object at 0x7fccdf33c590>
('Manual torch seed: ', 1772727637)
('Config: ', 'Protein Test: ', True, 'KNN: ', 2)
('EXT MODE: ', True)
Training raw path: /home/anhnd/DTI Project/Codes/MPNN/data/KFold/ATCInchikeySideEffectByDrug.txt_train_0
('Number of substructures, proteins, pathways, drugs, se: ', 2936, 1448, 330, 969, 598)
((872, 4714), (97, 4714), (872, 598), (97, 598))
('VALIDATE SUM PROTEIN TRAIN: ', 0.0)
('VALIDATE SUM PROTEIN TEST: ', 0.0)
Train: 0.9617 0.8761
Test: 0.7526 0.4545
[0.6536901565238321, 0.6733317546441279, 0.6778472250977794, 0.6697946878899795, 0.6686008654501046, 0.6710356205446082, 0.6725311631466363, 0.6749279252547433, 0.6757233503597493, 0.6769453387657532, 0.6759260805968172, 0.6768779197545806, 0.6768406065059037, 0.6779273685032209, 0.6770273162311812, 0.677920121255251, 0.6789376467167058, 0.6798355593707458, 0.6806225823782441, 0.6819940615700186, 0.6846195558219941, 0.686409577233777, 0.6874508351150865, 0.6894388139550799, 0.6902978919185574, 0.6905056461082915, 0.6919303721577178, 0.6929453281882256, 0.6947338480748435, 0.6955704053451387, 0.6980545365330637, 0.6992497165363384, 0.6994227565012494, 0.7007340482893022, 0.7010031572602131, 0.7049083896374851, 0.7072721803533247, 0.709724609113457, 0.711504479240286, 0.7146785012147163, 0.7154515471769441, 0.7163798646245245, 0.7188166554090877, 0.7188166554090877, 0.7205695010985189, 0.7214401854540292, 0.7232342712860034, 0.7242892896201025, 0.7276437412027411, 0.7303802074057784, 0.7303802074057784, 0.7314721702459372, 0.7314721702459372, 0.7335071893215965, 0.7345026028048143, 0.7345026028048143, 0.7364918714132624, 0.7364918714132624, 0.7364918714132624, 0.7364918714132624, 0.7364918714132624, 0.7364918714132624, 0.7364918714132624, 0.739334804742052, 0.739334804742052, 0.7407724090629096, 0.7421381437936116, 0.7421381437936116, 0.7421381437936116, 0.7421381437936116, 0.7421381437936116, 0.7421381437936116, 0.7438338420688526, 0.7438338420688526, 0.7438338420688526, 0.7488310677651827, 0.7488310677651827, 0.7488310677651827, 0.7506478345857784, 0.7506478345857784, 0.7506478345857784, 0.7506478345857784, 0.7506478345857784, 0.7526382161413468, 0.7526382161413468, 0.7526382161413468, 0.7526382161413468, 0.7526382161413468, 0.7526382161413468, 0.7526382161413468, 0.7526382161413468, 0.7526382161413468, 0.7526382161413468, 0.7526382161413468, 0.7526382161413468]
[0.14050323697840336, 0.16230753059901473, 0.17582737304435037, 0.17060203607454882, 0.17092460680781876, 0.17837197923460538, 0.1855609770535715, 0.19240285451155376, 0.19700527388946049, 0.1981643136778239, 0.1991954711902129, 0.20264294569075644, 0.209573029996154, 0.2159150662696029, 0.2186273166522919, 0.22386177472483282, 0.22528227339487467, 0.22839606656044276, 0.2312289161557006, 0.2396250568689589, 0.24736616903282954, 0.25442195454071537, 0.25955516749138313, 0.26556098191149125, 0.27025403579642776, 0.2707138745905448, 0.27372617645862896, 0.27766075520359135, 0.28353324841027105, 0.28553361510375963, 0.29286245103414466, 0.2967402736443103, 0.2982291266005499, 0.302187371288863, 0.303623606591468, 0.31492700255660955, 0.32048407655896244, 0.32821538228081937, 0.3330894912881762, 0.340811634385059, 0.34383807408724343, 0.34655759484213394, 0.35344108601469637, 0.35344108601469637, 0.35784181693609196, 0.3599216379321567, 0.3651300359288422, 0.36764265768283555, 0.3769559104991931, 0.3844510475605214, 0.3844510475605214, 0.38720121640165683, 0.38720121640165683, 0.39335767510553765, 0.39569668133561403, 0.39569668133561403, 0.40155401852520045, 0.40155401852520045, 0.40155401852520045, 0.40155401852520045, 0.40155401852520045, 0.40155401852520045, 0.40155401852520045, 0.4098366715572759, 0.4098366715572759, 0.41422263109848956, 0.4187118861597861, 0.4187118861597861, 0.4187118861597861, 0.4187118861597861, 0.4187118861597861, 0.4187118861597861, 0.4245185262042529, 0.4245185262042529, 0.4245185262042529, 0.44112305068718466, 0.44112305068718466, 0.44112305068718466, 0.4471993409043638, 0.4471993409043638, 0.4471993409043638, 0.4471993409043638, 0.4471993409043638, 0.45447915642792086, 0.45447915642792086, 0.45447915642792086, 0.45447915642792086, 0.45447915642792086, 0.45447915642792086, 0.45447915642792086, 0.45447915642792086, 0.45447915642792086, 0.45447915642792086, 0.45447915642792086, 0.45447915642792086]
Training raw path: /home/anhnd/DTI Project/Codes/MPNN/data/KFold/ATCInchikeySideEffectByDrug.txt_train_1
('Number of substructures, proteins, pathways, drugs, se: ', 2936, 1448, 330, 969, 598)
((872, 4714), (97, 4714), (872, 598), (97, 598))
('VALIDATE SUM PROTEIN TRAIN: ', 0.0)
('VALIDATE SUM PROTEIN TEST: ', 0.0)
Train: 0.9628 0.8797
Test: 0.7362 0.4559
[0.6188681932405815, 0.6143999829518836, 0.6161531608064148, 0.622097465434118, 0.6197054471367524, 0.6216135707408748, 0.6214615198906183, 0.6215850122299253, 0.6248170690202287, 0.6254291697000625, 0.6251345341874655, 0.627037318182897, 0.6328555944046761, 0.6355482752366582, 0.6370287570043485, 0.639337902806249, 0.6397802471385263, 0.642085719127911, 0.6426980615909685, 0.6463875894994425, 0.6494812092422808, 0.6514871256627643, 0.6535850998341185, 0.6567194405419031, 0.6572336189808117, 0.6572918102617278, 0.6594603389246789, 0.6615465390943556, 0.6648962043227764, 0.6658671552476056, 0.6698662672557458, 0.6723782772848594, 0.6734299365287687, 0.6752316188908836, 0.6760337786796218, 0.6801566832218588, 0.6825208931439644, 0.6858165467983477, 0.6879312632046022, 0.6918041279963033, 0.6932843769467996, 0.6943558684417023, 0.6977368987553937, 0.6977368987553937, 0.6990493456699473, 0.6999959466723167, 0.7023952919454062, 0.7033243285406547, 0.7074006183857429, 0.7107839596616075, 0.7107839596616075, 0.7117938660631438, 0.7117938660631438, 0.7141848108233046, 0.7153846897630076, 0.7153846897630076, 0.7179456877185852, 0.7179456877185852, 0.7179456877185852, 0.7179456877185852, 0.7179456877185852, 0.7179456877185852, 0.7179456877185852, 0.7213163313599444, 0.7213163313599444, 0.7228840269205932, 0.7243946687153868, 0.7243946687153868, 0.7243946687153868, 0.7243946687153868, 0.7243946687153868, 0.7243946687153868, 0.726458615064704, 0.726458615064704, 0.726458615064704, 0.7318927705949081, 0.7318927705949081, 0.7318927705949081, 0.7340328948756594, 0.7340328948756594, 0.7340328948756594, 0.7340328948756594, 0.7340328948756594, 0.7362417236482437, 0.7362417236482437, 0.7362417236482437, 0.7362417236482437, 0.7362417236482437, 0.7362417236482437, 0.7362417236482437, 0.7362417236482437, 0.7362417236482437, 0.7362417236482437, 0.7362417236482437, 0.7362417236482437]
[0.11833455295920979, 0.13197661877839448, 0.13202408347894468, 0.1361676906173454, 0.1407744972463673, 0.1425372315024699, 0.146090681754329, 0.15159266544025327, 0.16299744829291313, 0.16666590992488234, 0.16668203595517117, 0.17293797729461358, 0.1843622716288056, 0.19323001709466076, 0.1962702520830601, 0.2024905062121722, 0.20407176808229505, 0.20985971082414112, 0.21274545581693527, 0.22194301485828621, 0.22803623370385678, 0.23542419360881978, 0.24122784194526883, 0.24901951389292973, 0.25238849325602625, 0.2532783292640195, 0.25717390858117256, 0.26255685587708055, 0.26970422558664653, 0.27211584231919617, 0.28220642748630737, 0.2876818647304442, 0.29044960739665093, 0.2962104068574839, 0.29844844004315363, 0.3105701897832175, 0.3155803673436509, 0.32387520316888585, 0.32896495280003546, 0.337240320316714, 0.34112803998197916, 0.34358231974990333, 0.3522678999932716, 0.3522678999932716, 0.35567605386400675, 0.3585233892183999, 0.36441922477182515, 0.36711209913954185, 0.3768685385331268, 0.3859187630510433, 0.3859187630510433, 0.38782402382588954, 0.38782402382588954, 0.3938529450144662, 0.3965430242621919, 0.3965430242621919, 0.40255158030606825, 0.40255158030606825, 0.40255158030606825, 0.40255158030606825, 0.40255158030606825, 0.40255158030606825, 0.40255158030606825, 0.4121038389643415, 0.4121038389643415, 0.4161309372012755, 0.4200371772666209, 0.4200371772666209, 0.4200371772666209, 0.4200371772666209, 0.4200371772666209, 0.4200371772666209, 0.42651384990198604, 0.42651384990198604, 0.42651384990198604, 0.44205836624454736, 0.44205836624454736, 0.44205836624454736, 0.44865036869291447, 0.44865036869291447, 0.44865036869291447, 0.44865036869291447, 0.44865036869291447, 0.45589487296591336, 0.45589487296591336, 0.45589487296591336, 0.45589487296591336, 0.45589487296591336, 0.45589487296591336, 0.45589487296591336, 0.45589487296591336, 0.45589487296591336, 0.45589487296591336, 0.45589487296591336, 0.45589487296591336]
Training raw path: /home/anhnd/DTI Project/Codes/MPNN/data/KFold/ATCInchikeySideEffectByDrug.txt_train_2
('Number of substructures, proteins, pathways, drugs, se: ', 2936, 1448, 330, 969, 598)
((872, 4714), (97, 4714), (872, 598), (97, 598))
('VALIDATE SUM PROTEIN TRAIN: ', 0.0)
('VALIDATE SUM PROTEIN TEST: ', 0.0)
Train: 0.9594 0.8688
Test: 0.7580 0.5181
[0.6835827509050684, 0.6882875560090117, 0.683801994392055, 0.6824009169754184, 0.6813546077327383, 0.6771445604314416, 0.6767536780812562, 0.6783093371350584, 0.6779366889266113, 0.6788325271196487, 0.6804619156133128, 0.6821492276651528, 0.6811593335530018, 0.6817683228595324, 0.681925061261521, 0.6825960046442483, 0.684284106763335, 0.6856493488640634, 0.6864114765330545, 0.6888839481771349, 0.6914870287417789, 0.6941196136689074, 0.6962802703811152, 0.698552364663807, 0.6997858077964543, 0.6998276791248417, 0.7010363651416278, 0.7028082318093029, 0.7042067272301042, 0.7049935224314573, 0.70712301055297, 0.7088227101614113, 0.7096076464731951, 0.7107430847168394, 0.7112585311265787, 0.7150961502847967, 0.7167296865421368, 0.7186887523943009, 0.7201874194780111, 0.7224098962144964, 0.7231883277195865, 0.7238604187035066, 0.7261718389516264, 0.7261718389516264, 0.727912818668264, 0.7286298303061937, 0.7302114045408759, 0.7312136344574035, 0.7346229565191258, 0.7371066908003273, 0.7371066908003273, 0.7378805436312523, 0.7378805436312523, 0.7395828065940705, 0.7407462633456883, 0.7407462633456883, 0.7427118689713537, 0.7427118689713537, 0.7427118689713537, 0.7427118689713537, 0.7427118689713537, 0.7427118689713537, 0.7427118689713537, 0.7452894694284552, 0.7452894694284552, 0.7468031469939254, 0.7481863958426879, 0.7481863958426879, 0.7481863958426879, 0.7481863958426879, 0.7481863958426879, 0.7481863958426879, 0.7498062621499965, 0.7498062621499965, 0.7498062621499965, 0.7544827528685752, 0.7544827528685752, 0.7544827528685752, 0.7561576244811068, 0.7561576244811068, 0.7561576244811068, 0.7561576244811068, 0.7561576244811068, 0.7579573947620456, 0.7579573947620456, 0.7579573947620456, 0.7579573947620456, 0.7579573947620456, 0.7579573947620456, 0.7579573947620456, 0.7579573947620456, 0.7579573947620456, 0.7579573947620456, 0.7579573947620456, 0.7579573947620456]
[0.19206835342871023, 0.21286130592500935, 0.23092699729043165, 0.2339426894495866, 0.23768027988497079, 0.2372918909616085, 0.24213096255031877, 0.2488171640281453, 0.2549657545260875, 0.25933656775696734, 0.26170653905516117, 0.2665514857176789, 0.27530603595019404, 0.2783326083848282, 0.2803281665150872, 0.2848786740989717, 0.2895102362523049, 0.2936702157614226, 0.2957421776240774, 0.30474074646185223, 0.31517103056769336, 0.32183305914211713, 0.327893472777212, 0.33510918664134204, 0.3403847944727036, 0.34110597661560427, 0.34515959597207807, 0.3499657066585424, 0.35485018957680825, 0.3572703612793448, 0.364607247556737, 0.3690528373495987, 0.3708085526702552, 0.3742700118717523, 0.37579708904654746, 0.3863663416709932, 0.39271135323762096, 0.39917896640534045, 0.4046891686160845, 0.4113470214426643, 0.41412843775667824, 0.41654504279844506, 0.4234121660513805, 0.4234121660513805, 0.4281376350074908, 0.4301572825528094, 0.4352272089176053, 0.43807987614662364, 0.4468267435993922, 0.45330054844459844, 0.45330054844459844, 0.45566029627606763, 0.45566029627606763, 0.4605393357615565, 0.4634924776644089, 0.4634924776644089, 0.46846607767161763, 0.46846607767161763, 0.46846607767161763, 0.46846607767161763, 0.46846607767161763, 0.46846607767161763, 0.46846607767161763, 0.4757436101409209, 0.4757436101409209, 0.48053010914123295, 0.4849225413375369, 0.4849225413375369, 0.4849225413375369, 0.4849225413375369, 0.4849225413375369, 0.4849225413375369, 0.4903064989253056, 0.4903064989253056, 0.4903064989253056, 0.5057245236035588, 0.5057245236035588, 0.5057245236035588, 0.5113955978206514, 0.5113955978206514, 0.5113955978206514, 0.5113955978206514, 0.5113955978206514, 0.5180603959820208, 0.5180603959820208, 0.5180603959820208, 0.5180603959820208, 0.5180603959820208, 0.5180603959820208, 0.5180603959820208, 0.5180603959820208, 0.5180603959820208, 0.5180603959820208, 0.5180603959820208, 0.5180603959820208]
Training raw path: /home/anhnd/DTI Project/Codes/MPNN/data/KFold/ATCInchikeySideEffectByDrug.txt_train_3
('Number of substructures, proteins, pathways, drugs, se: ', 2936, 1448, 330, 969, 598)
((872, 4714), (97, 4714), (872, 598), (97, 598))
('VALIDATE SUM PROTEIN TRAIN: ', 0.0)
('VALIDATE SUM PROTEIN TEST: ', 0.0)
Train: 0.9632 0.8811
Test: 0.7332 0.4446
[0.6268870037796515, 0.6338487198908456, 0.6273678687565903, 0.6281864392736225, 0.6317478539602884, 0.6317182822301636, 0.6325842033022324, 0.6360986157109403, 0.6381070802409788, 0.6414931134081583, 0.6413347185756703, 0.643338465661268, 0.6443435950419628, 0.6478880221564494, 0.6486731887664141, 0.6505181018471504, 0.651748840534401, 0.6529755124891953, 0.6530977323683865, 0.6552457539771966, 0.6583515151547089, 0.6605503985390172, 0.6628860664288279, 0.6644820484927132, 0.6648132698351936, 0.6652233082432707, 0.6666896974954203, 0.6670593299434024, 0.6680770998804748, 0.668529238350021, 0.6722280854856812, 0.6740315601977629, 0.6744765957084414, 0.6761979822457485, 0.6769450247837497, 0.6810237117139036, 0.6837273831387407, 0.6858973878466518, 0.6882379879143297, 0.6914445329124717, 0.692013492343996, 0.693012556309988, 0.695693295571433, 0.695693295571433, 0.6976963407842073, 0.6987512226832155, 0.7006246003686842, 0.701808331777729, 0.7053581542546747, 0.707994114427578, 0.707994114427578, 0.7091475905630392, 0.7091475905630392, 0.7114396952733635, 0.7127134918526008, 0.7127134918526008, 0.7153097835650382, 0.7153097835650382, 0.7153097835650382, 0.7153097835650382, 0.7153097835650382, 0.7153097835650382, 0.7153097835650382, 0.7182789900194675, 0.7182789900194675, 0.7199098517223269, 0.7214791013874896, 0.7214791013874896, 0.7214791013874896, 0.7214791013874896, 0.7214791013874896, 0.7214791013874896, 0.7233227789855874, 0.7233227789855874, 0.7233227789855874, 0.7291497116664628, 0.7291497116664628, 0.7291497116664628, 0.7311799697984864, 0.7311799697984864, 0.7311799697984864, 0.7311799697984864, 0.7311799697984864, 0.733244086354838, 0.733244086354838, 0.733244086354838, 0.733244086354838, 0.733244086354838, 0.733244086354838, 0.733244086354838, 0.733244086354838, 0.733244086354838, 0.733244086354838, 0.733244086354838, 0.733244086354838]
[0.11754571627971694, 0.13654792615146394, 0.14030185803923517, 0.14289545647692498, 0.15066860327649262, 0.15690962000359954, 0.16179343321549633, 0.17191268223313946, 0.179317063271638, 0.18703138007613254, 0.187304035882902, 0.19435102422391362, 0.20368753217504948, 0.2110355274011047, 0.21399423839593923, 0.21935706652282294, 0.22506950304886744, 0.22841040038273683, 0.22871141184083252, 0.2362734427820623, 0.2436550915314551, 0.25033956015349645, 0.2578608029067003, 0.26336763402367874, 0.2668205734852056, 0.2673138815953915, 0.2722286653036611, 0.27607270907344245, 0.2806892493273483, 0.28207471655662036, 0.2905746170410395, 0.294319448994861, 0.29510912197661954, 0.2986727168892955, 0.3006338118909208, 0.31073450214883513, 0.3166182883612032, 0.3228239812667616, 0.32836802369772733, 0.33669801601565696, 0.33923994004268254, 0.3411335757731405, 0.3471542015700534, 0.3471542015700534, 0.3511967096137363, 0.3534373114686121, 0.35809855408771873, 0.3606946962074531, 0.3695124369048344, 0.37693880908311767, 0.37693880908311767, 0.3797187247248165, 0.3797187247248165, 0.38538150928768766, 0.3883982653098136, 0.3883982653098136, 0.39388231310469135, 0.39388231310469135, 0.39388231310469135, 0.39388231310469135, 0.39388231310469135, 0.39388231310469135, 0.39388231310469135, 0.40175731276728177, 0.40175731276728177, 0.40594251250602736, 0.4104927583818564, 0.4104927583818564, 0.4104927583818564, 0.4104927583818564, 0.4104927583818564, 0.4104927583818564, 0.41575792522413696, 0.41575792522413696, 0.41575792522413696, 0.4323137620516381, 0.4323137620516381, 0.4323137620516381, 0.43813487690399533, 0.43813487690399533, 0.43813487690399533, 0.43813487690399533, 0.43813487690399533, 0.4445781303298786, 0.4445781303298786, 0.4445781303298786, 0.4445781303298786, 0.4445781303298786, 0.4445781303298786, 0.4445781303298786, 0.4445781303298786, 0.4445781303298786, 0.4445781303298786, 0.4445781303298786, 0.4445781303298786]
Training raw path: /home/anhnd/DTI Project/Codes/MPNN/data/KFold/ATCInchikeySideEffectByDrug.txt_train_4
('Number of substructures, proteins, pathways, drugs, se: ', 2936, 1448, 330, 969, 598)
((872, 4714), (97, 4714), (872, 598), (97, 598))
('VALIDATE SUM PROTEIN TRAIN: ', 0.0)
('VALIDATE SUM PROTEIN TEST: ', 0.0)
Train: 0.9608 0.8746
Test: 0.7567 0.4637
[0.6078805965179535, 0.63209628316614, 0.6418296964682974, 0.6423589202772974, 0.6445421792385742, 0.6442955830832998, 0.646252762735674, 0.6499934308637216, 0.6533129182220521, 0.6552986590950844, 0.6571366040646865, 0.6589928986377751, 0.6647460339087075, 0.6656916210015881, 0.6666220736376439, 0.6687864854372967, 0.669406815209351, 0.6717912833738179, 0.6723484358647062, 0.6749198608165866, 0.6785657559458543, 0.681342282363701, 0.6829386196704457, 0.6860031044014054, 0.6871679673632496, 0.6875125189409979, 0.6900257097401712, 0.690859669452194, 0.6930814608799806, 0.6940107005057992, 0.6958486030241142, 0.6976544698736897, 0.6983812118713244, 0.7002907235586586, 0.7009993768982832, 0.7054692763653293, 0.7077353869098247, 0.7107044769437909, 0.7124406096706547, 0.7152385636377092, 0.7161734194897622, 0.7170425127710115, 0.7200635504486017, 0.7200635504486017, 0.7217753822550246, 0.7227801314891908, 0.7244226557044885, 0.7254877919790771, 0.7292908965191178, 0.7321199222535668, 0.7321199222535668, 0.7332738820039346, 0.7332738820039346, 0.735167807329364, 0.7361006575023042, 0.7361006575023042, 0.7384226090480916, 0.7384226090480916, 0.7384226090480916, 0.7384226090480916, 0.7384226090480916, 0.7384226090480916, 0.7384226090480916, 0.7413622006203034, 0.7413622006203034, 0.7429161736288049, 0.7445627852097877, 0.7445627852097877, 0.7445627852097877, 0.7445627852097877, 0.7445627852097877, 0.7445627852097877, 0.7464904495998247, 0.7464904495998247, 0.7464904495998247, 0.7526250703966995, 0.7526250703966995, 0.7526250703966995, 0.7545886144632697, 0.7545886144632697, 0.7545886144632697, 0.7545886144632697, 0.7545886144632697, 0.7566773255282682, 0.7566773255282682, 0.7566773255282682, 0.7566773255282682, 0.7566773255282682, 0.7566773255282682, 0.7566773255282682, 0.7566773255282682, 0.7566773255282682, 0.7566773255282682, 0.7566773255282682, 0.7566773255282682]
[0.11927611570608687, 0.13919430733880772, 0.1528976055439278, 0.15251484101904986, 0.15843406308515856, 0.1622061497121447, 0.16923756072377563, 0.1856580034061197, 0.19425362661391027, 0.2015005404409246, 0.205271549265022, 0.20982245580081565, 0.22272794204738508, 0.22490424352620625, 0.22821346506407716, 0.2305523626899597, 0.23419645826400823, 0.2390834006298958, 0.2403918333507765, 0.24842030205049076, 0.254803469513419, 0.26142936644768827, 0.26415427846190787, 0.27186047822785175, 0.2763719998303975, 0.2766321249980332, 0.28250942584887656, 0.2852143274966431, 0.29118040963252373, 0.292920899938283, 0.29600754011477404, 0.2998635042301722, 0.3011293582355792, 0.30608329341160445, 0.3081657684845331, 0.31850178305378357, 0.323548946991994, 0.32961903818358607, 0.3346176686361354, 0.34213518936859244, 0.344107230117251, 0.3457779026884059, 0.35313380729575405, 0.35313380729575405, 0.35777227479395923, 0.36067372157517563, 0.3656408732501467, 0.36863641456975116, 0.3793853076274148, 0.38646809269250143, 0.38646809269250143, 0.38929028586972436, 0.38929028586972436, 0.39434924015354134, 0.3967487897195361, 0.3967487897195361, 0.4025341730442143, 0.4025341730442143, 0.4025341730442143, 0.4025341730442143, 0.4025341730442143, 0.4025341730442143, 0.4025341730442143, 0.4114503973759081, 0.4114503973759081, 0.41586653676485597, 0.4213432807887129, 0.4213432807887129, 0.4213432807887129, 0.4213432807887129, 0.4213432807887129, 0.4213432807887129, 0.42818903519934487, 0.42818903519934487, 0.42818903519934487, 0.44915177289699276, 0.44915177289699276, 0.44915177289699276, 0.45607396166620723, 0.45607396166620723, 0.45607396166620723, 0.45607396166620723, 0.45607396166620723, 0.46366914723112906, 0.46366914723112906, 0.46366914723112906, 0.46366914723112906, 0.46366914723112906, 0.46366914723112906, 0.46366914723112906, 0.46366914723112906, 0.46366914723112906, 0.46366914723112906, 0.46366914723112906, 0.46366914723112906]
Training raw path: /home/anhnd/DTI Project/Codes/MPNN/data/KFold/ATCInchikeySideEffectByDrug.txt_train_5
('Number of substructures, proteins, pathways, drugs, se: ', 2936, 1448, 330, 969, 598)
((872, 4714), (97, 4714), (872, 598), (97, 598))
('VALIDATE SUM PROTEIN TRAIN: ', 0.0)
('VALIDATE SUM PROTEIN TEST: ', 0.0)
Train: 0.9607 0.8750
Test: 0.7447 0.4472
[0.5945453868852776, 0.624097241402016, 0.6191969468788769, 0.6231697741908336, 0.6218466055331864, 0.6239554469749155, 0.6300365623405679, 0.6275419457181588, 0.6319161314373896, 0.6326305676809799, 0.6360130470077603, 0.6399200082729801, 0.6443883319882332, 0.6477056548490235, 0.6475417724538398, 0.6496806424292719, 0.6518964389265167, 0.6546028265199573, 0.65535709547711, 0.6585036341531646, 0.6628986124318735, 0.6651052323114928, 0.6675076645313399, 0.669784695938587, 0.6713490476756655, 0.6716933419727225, 0.6744717606617332, 0.6761353859363377, 0.6769031508621823, 0.6775036809266958, 0.6804973612738486, 0.6823837717302215, 0.6828523887207101, 0.6838752611031433, 0.6843447692922653, 0.6898358628307324, 0.6925597724155872, 0.6947322588506594, 0.6969882000301564, 0.7001614463999876, 0.7009443282615977, 0.7019328743014173, 0.7050853969486457, 0.7050853969486457, 0.7070095886331166, 0.7080779667073946, 0.7101459715377334, 0.7110352303878491, 0.7151708145169196, 0.7182699684615468, 0.7182699684615468, 0.7193112748643407, 0.7193112748643407, 0.7219496308317822, 0.7231698163839393, 0.7231698163839393, 0.7263573378629862, 0.7263573378629862, 0.7263573378629862, 0.7263573378629862, 0.7263573378629862, 0.7263573378629862, 0.7263573378629862, 0.7293952715453254, 0.7293952715453254, 0.7308474495571314, 0.7327068301474544, 0.7327068301474544, 0.7327068301474544, 0.7327068301474544, 0.7327068301474544, 0.7327068301474544, 0.7348699240508438, 0.7348699240508438, 0.7348699240508438, 0.7406521963304146, 0.7406521963304146, 0.7406521963304146, 0.74261155635597, 0.74261155635597, 0.74261155635597, 0.74261155635597, 0.74261155635597, 0.7446919320343302, 0.7446919320343302, 0.7446919320343302, 0.7446919320343302, 0.7446919320343302, 0.7446919320343302, 0.7446919320343302, 0.7446919320343302, 0.7446919320343302, 0.7446919320343302, 0.7446919320343302, 0.7446919320343302]
[0.10955778327466278, 0.13657798931295087, 0.1345739925705177, 0.13667994673116732, 0.14336680276513203, 0.14794161192110664, 0.1583943070077073, 0.1594762320253503, 0.16840738655331863, 0.17524646607451833, 0.17951278073118435, 0.18597504549658128, 0.19490846343295687, 0.20058914605871847, 0.20232594469393125, 0.20905984449196238, 0.2126993877422034, 0.2197869976956572, 0.22089530936294338, 0.22998656097588785, 0.23846410248956315, 0.24295420108494353, 0.2499129522557672, 0.2541771300189381, 0.25861471282542886, 0.2597917783538618, 0.2658521831151534, 0.2716192328147186, 0.274976709429648, 0.27745385670102807, 0.2836917607685811, 0.2874758287588139, 0.28815124318405594, 0.2918706240757246, 0.2920795543992212, 0.3041991699380506, 0.3109161657190507, 0.31722511100997863, 0.32174015143706214, 0.3284953400646123, 0.3302508736473777, 0.33258842503467456, 0.3407546376869074, 0.3407546376869074, 0.34557201432385815, 0.3476545979432316, 0.3519163361008378, 0.3541063442957938, 0.3640790913441908, 0.37120426274781343, 0.37120426274781343, 0.37295834089815777, 0.37295834089815777, 0.38031929812623455, 0.38354341120908403, 0.38354341120908403, 0.3926927161444526, 0.3926927161444526, 0.3926927161444526, 0.3926927161444526, 0.3926927161444526, 0.3926927161444526, 0.3926927161444526, 0.4005346523598471, 0.4005346523598471, 0.40424755799391676, 0.4103972705780608, 0.4103972705780608, 0.4103972705780608, 0.4103972705780608, 0.4103972705780608, 0.4103972705780608, 0.41679793332069776, 0.41679793332069776, 0.41679793332069776, 0.43465314407942124, 0.43465314407942124, 0.43465314407942124, 0.44043556712577214, 0.44043556712577214, 0.44043556712577214, 0.44043556712577214, 0.44043556712577214, 0.44719445559957816, 0.44719445559957816, 0.44719445559957816, 0.44719445559957816, 0.44719445559957816, 0.44719445559957816, 0.44719445559957816, 0.44719445559957816, 0.44719445559957816, 0.44719445559957816, 0.44719445559957816, 0.44719445559957816]
Training raw path: /home/anhnd/DTI Project/Codes/MPNN/data/KFold/ATCInchikeySideEffectByDrug.txt_train_6
('Number of substructures, proteins, pathways, drugs, se: ', 2936, 1448, 330, 969, 598)
((872, 4714), (97, 4714), (872, 598), (97, 598))
('VALIDATE SUM PROTEIN TRAIN: ', 0.0)
('VALIDATE SUM PROTEIN TEST: ', 0.0)
Train: 0.9613 0.8761
Test: 0.7447 0.4200
[0.665539071098393, 0.6716438674370284, 0.6703110812068396, 0.6621185375185568, 0.6596025403557545, 0.6562920815860815, 0.6509283013506273, 0.651983197287965, 0.6532817240952601, 0.6550750567791418, 0.6543349588169014, 0.6578374579855544, 0.660283594558104, 0.6638073426381208, 0.6645544905648471, 0.6649557190585779, 0.665973301288499, 0.6662655408994769, 0.6664711567256949, 0.6684318620290655, 0.67253321831145, 0.6748146716293737, 0.6755468635672645, 0.6776100392314214, 0.6787482062841221, 0.6787987762744141, 0.6804641102138266, 0.6818751461758816, 0.68416575070363, 0.6851278145396559, 0.6883369685499005, 0.6897664525167253, 0.6901744467931026, 0.6917597294098414, 0.6915300871755241, 0.6941661110774511, 0.6966254794927562, 0.6984703203298359, 0.7002193909630516, 0.7024524312466283, 0.7031328865236577, 0.7038545987716072, 0.7072320133700944, 0.7072320133700944, 0.7094768266093194, 0.7102834693782261, 0.7113187086268415, 0.7125064351633699, 0.7166499691817914, 0.7198139350890886, 0.7198139350890886, 0.7208649226070378, 0.7208649226070378, 0.7225775955765388, 0.7235882465535133, 0.7235882465535133, 0.7260487499307774, 0.7260487499307774, 0.7260487499307774, 0.7260487499307774, 0.7260487499307774, 0.7260487499307774, 0.7260487499307774, 0.7290294027899877, 0.7290294027899877, 0.7303710668001182, 0.7323740360801487, 0.7323740360801487, 0.7323740360801487, 0.7323740360801487, 0.7323740360801487, 0.7323740360801487, 0.7342344533213447, 0.7342344533213447, 0.7342344533213447, 0.7404840441850464, 0.7404840441850464, 0.7404840441850464, 0.7423005040553572, 0.7423005040553572, 0.7423005040553572, 0.7423005040553572, 0.7423005040553572, 0.7446868600226604, 0.7446868600226604, 0.7446868600226604, 0.7446868600226604, 0.7446868600226604, 0.7446868600226604, 0.7446868600226604, 0.7446868600226604, 0.7446868600226604, 0.7446868600226604, 0.7446868600226604, 0.7446868600226604]
[0.12145619775823754, 0.13294464893881372, 0.13672460822774885, 0.13251814361090858, 0.13522467631947999, 0.13814436653295797, 0.14070622071882183, 0.14707835998075097, 0.1527908749881332, 0.15904740487098679, 0.16222925092888518, 0.1681435783951159, 0.17731719974007773, 0.18271820903429348, 0.18434900278405297, 0.18691296185479755, 0.19180625834656165, 0.19301248126909182, 0.19560742543788992, 0.2024651804884274, 0.20992199529306932, 0.2177750760254841, 0.22357637888353862, 0.2296040644849545, 0.2314774488552847, 0.23267835220012872, 0.23705390737302487, 0.24071983910593264, 0.2478853000371125, 0.2500569328511644, 0.2593405921108942, 0.26252159241727957, 0.2641012220417089, 0.269553490978216, 0.2702706361087701, 0.2791745333092095, 0.28582217650208, 0.2914084557199359, 0.2964500935059037, 0.3041077886409458, 0.3068492572450665, 0.3086514146433703, 0.31675501083262936, 0.31675501083262936, 0.323078449988357, 0.324564858310346, 0.32768583779947724, 0.33041163120821276, 0.3401873111273907, 0.34916522024159136, 0.34916522024159136, 0.351824893096576, 0.351824893096576, 0.35686327783433697, 0.35973385049925355, 0.35973385049925355, 0.36594615291470356, 0.36594615291470356, 0.36594615291470356, 0.36594615291470356, 0.36594615291470356, 0.36594615291470356, 0.36594615291470356, 0.3733861719805741, 0.3733861719805741, 0.3765485666162893, 0.382330785026827, 0.382330785026827, 0.382330785026827, 0.382330785026827, 0.382330785026827, 0.382330785026827, 0.3875088057262772, 0.3875088057262772, 0.3875088057262772, 0.4068740196596317, 0.4068740196596317, 0.4068740196596317, 0.41215910975429865, 0.41215910975429865, 0.41215910975429865, 0.41215910975429865, 0.41215910975429865, 0.4200144413717113, 0.4200144413717113, 0.4200144413717113, 0.4200144413717113, 0.4200144413717113, 0.4200144413717113, 0.4200144413717113, 0.4200144413717113, 0.4200144413717113, 0.4200144413717113, 0.4200144413717113, 0.4200144413717113]
Training raw path: /home/anhnd/DTI Project/Codes/MPNN/data/KFold/ATCInchikeySideEffectByDrug.txt_train_7
('Number of substructures, proteins, pathways, drugs, se: ', 2936, 1448, 330, 969, 598)
((872, 4714), (97, 4714), (872, 598), (97, 598))
('VALIDATE SUM PROTEIN TRAIN: ', 0.0)
('VALIDATE SUM PROTEIN TEST: ', 0.0)
Train: 0.9605 0.8741
Test: 0.7552 0.4483
[0.6366183037198969, 0.6441935318767874, 0.6463992240640064, 0.6435331880025162, 0.6446808226854012, 0.6478475046603861, 0.6528997489101889, 0.6574091408555979, 0.6599321266344821, 0.6612056474219641, 0.6609409086732411, 0.661331497093922, 0.6631482105189833, 0.665490887903717, 0.6667733430944915, 0.667539874344645, 0.6686782353439842, 0.670542531205997, 0.6721680901520892, 0.6737002159977199, 0.6756087768372073, 0.6780275267565397, 0.6789855132816968, 0.6821210188025282, 0.6843385237442514, 0.6843750755792946, 0.6866662257466534, 0.6886002455651479, 0.689887668206161, 0.6908848772868911, 0.6941983290986219, 0.6958619811560988, 0.6967885725949097, 0.6979438216188101, 0.698162015052711, 0.7012416070470215, 0.7037148744046731, 0.7059666483042647, 0.708360338150553, 0.7113337414561081, 0.7126362243594193, 0.7133122755784558, 0.7164123883456784, 0.7164123883456784, 0.7180726472227806, 0.7189477186572877, 0.7214302129176771, 0.7227817722023637, 0.7275981052520368, 0.7305167251431431, 0.7305167251431431, 0.7316551697464405, 0.7316551697464405, 0.733896074391795, 0.7349995531218565, 0.7349995531218565, 0.7374760393305111, 0.7374760393305111, 0.7374760393305111, 0.7374760393305111, 0.7374760393305111, 0.7374760393305111, 0.7374760393305111, 0.7406332572809187, 0.7406332572809187, 0.742169851803482, 0.7436792684119505, 0.7436792684119505, 0.7436792684119505, 0.7436792684119505, 0.7436792684119505, 0.7436792684119505, 0.7454238261203783, 0.7454238261203783, 0.7454238261203783, 0.7512341402043432, 0.7512341402043432, 0.7512341402043432, 0.7531141410848221, 0.7531141410848221, 0.7531141410848221, 0.7531141410848221, 0.7531141410848221, 0.755175568389339, 0.755175568389339, 0.755175568389339, 0.755175568389339, 0.755175568389339, 0.755175568389339, 0.755175568389339, 0.755175568389339, 0.755175568389339, 0.755175568389339, 0.755175568389339, 0.755175568389339]
[0.1252247372177276, 0.12697588194937862, 0.1334715553453421, 0.14227826931650214, 0.150521977447085, 0.15587569549546543, 0.16162628605385568, 0.17091507708175277, 0.1754879658205672, 0.1795139706596375, 0.17967886503793828, 0.18340677152721319, 0.1908714440649133, 0.1975421381233305, 0.2004028851896585, 0.20390682790786702, 0.20807853953542016, 0.213436823632714, 0.21493702737375164, 0.2242791909799106, 0.23437144166940305, 0.24081213677581473, 0.24613248471154403, 0.2533604556519156, 0.2576791794567566, 0.25783874060639494, 0.2635397888481306, 0.2694404773207354, 0.2744154519071031, 0.2767040595627539, 0.2850827983574932, 0.2888253701508765, 0.29058943063606935, 0.2926356095572608, 0.29346875005099515, 0.30220533480200285, 0.3094169103208919, 0.31445359288372143, 0.3205551581119212, 0.32718483065942444, 0.3309713729470508, 0.3333516623110503, 0.34048834598836836, 0.34048834598836836, 0.3449304451607724, 0.34682901911469033, 0.35280149022404045, 0.35653118892086655, 0.3680082082943942, 0.3770952943593145, 0.3770952943593145, 0.37953252095020346, 0.37953252095020346, 0.38502617873911926, 0.38732792995148124, 0.38732792995148124, 0.39351898956093284, 0.39351898956093284, 0.39351898956093284, 0.39351898956093284, 0.39351898956093284, 0.39351898956093284, 0.39351898956093284, 0.4023792069831134, 0.4023792069831134, 0.40641331159174243, 0.4110699502615789, 0.4110699502615789, 0.4110699502615789, 0.4110699502615789, 0.4110699502615789, 0.4110699502615789, 0.41667954008201813, 0.41667954008201813, 0.41667954008201813, 0.43486650799714044, 0.43486650799714044, 0.43486650799714044, 0.44115769544308375, 0.44115769544308375, 0.44115769544308375, 0.44115769544308375, 0.44115769544308375, 0.44825940678774195, 0.44825940678774195, 0.44825940678774195, 0.44825940678774195, 0.44825940678774195, 0.44825940678774195, 0.44825940678774195, 0.44825940678774195, 0.44825940678774195, 0.44825940678774195, 0.44825940678774195, 0.44825940678774195]
Training raw path: /home/anhnd/DTI Project/Codes/MPNN/data/KFold/ATCInchikeySideEffectByDrug.txt_train_8
('Number of substructures, proteins, pathways, drugs, se: ', 2936, 1448, 330, 969, 598)
((872, 4714), (97, 4714), (872, 598), (97, 598))
('VALIDATE SUM PROTEIN TRAIN: ', 0.0)
('VALIDATE SUM PROTEIN TEST: ', 0.0)
Train: 0.9638 0.8846
Test: 0.7488 0.4319
[0.6372883059450223, 0.6455382312830322, 0.6490869652208986, 0.6398216601226577, 0.6415123765714316, 0.6358382644795127, 0.6433539573656653, 0.6442215465507418, 0.6468623819872334, 0.6491326978943078, 0.6506916965816485, 0.6513073821833751, 0.655468815286025, 0.6578760607033489, 0.6586982560641959, 0.6596499147944592, 0.6611987420518336, 0.6620125620320086, 0.6623638912300875, 0.6665968715717399, 0.670341447465807, 0.6739135713955317, 0.6762606657072358, 0.6790036031307503, 0.6798897349560519, 0.6804752369907026, 0.6830051572823177, 0.684510106864927, 0.6859136663349424, 0.685614860206202, 0.6882373442674902, 0.6896486228205903, 0.6895985906765274, 0.6907911079400058, 0.6917161955983726, 0.6961251066571309, 0.6982787547446865, 0.7007825521065777, 0.7027705503080328, 0.7053222749568913, 0.7066622920401653, 0.7069792362884082, 0.7098727173031159, 0.7098727173031159, 0.7117048830532, 0.7124184446960996, 0.713884734744148, 0.7147002746129429, 0.7184754982369119, 0.7217057131677177, 0.7217057131677177, 0.7227872745824231, 0.7227872745824231, 0.7254340548124509, 0.7266823255045761, 0.7266823255045761, 0.7294160672761585, 0.7294160672761585, 0.7294160672761585, 0.7294160672761585, 0.7294160672761585, 0.7294160672761585, 0.7294160672761585, 0.7326710604976626, 0.7326710604976626, 0.7342750510102427, 0.7360578463227787, 0.7360578463227787, 0.7360578463227787, 0.7360578463227787, 0.7360578463227787, 0.7360578463227787, 0.7378296133848283, 0.7378296133848283, 0.7378296133848283, 0.744277522145678, 0.744277522145678, 0.744277522145678, 0.7463850351576427, 0.7463850351576427, 0.7463850351576427, 0.7463850351576427, 0.7463850351576427, 0.748784423812086, 0.748784423812086, 0.748784423812086, 0.748784423812086, 0.748784423812086, 0.748784423812086, 0.748784423812086, 0.748784423812086, 0.748784423812086, 0.748784423812086, 0.748784423812086, 0.748784423812086]
[0.11565628215140031, 0.12573253371897294, 0.136925446023276, 0.1387962125525389, 0.14550035522546828, 0.1470432937889576, 0.1557496043440057, 0.16272856642834232, 0.1705983605400475, 0.17783432982657127, 0.18059026032423672, 0.182805452029269, 0.1879712947140712, 0.19286598472351094, 0.19561613785057905, 0.1966747782026047, 0.20000010753083092, 0.20207943879296977, 0.2046468864248315, 0.21084336736561393, 0.21853961137208458, 0.22449345118787786, 0.22950173889867734, 0.23537189714828644, 0.23917026558570614, 0.24060612233934028, 0.246033609083383, 0.24916215904087977, 0.2522969769900318, 0.25311109433214374, 0.2615051544921015, 0.26506255309661436, 0.26577631348944075, 0.26941355013847573, 0.27211224546220836, 0.28424633096548374, 0.2905777456618581, 0.2953595016821068, 0.30002783080779893, 0.3055852115503135, 0.31033405354924337, 0.31172762619290245, 0.3191037335388013, 0.3191037335388013, 0.32492418860046834, 0.32722082771620953, 0.33094630991377977, 0.33350994179003546, 0.3437655643331129, 0.35181675977280336, 0.35181675977280336, 0.35484693989930904, 0.35484693989930904, 0.3612663907603412, 0.36465313522497134, 0.36465313522497134, 0.37098974101603477, 0.37098974101603477, 0.37098974101603477, 0.37098974101603477, 0.37098974101603477, 0.37098974101603477, 0.37098974101603477, 0.3803623943833657, 0.3803623943833657, 0.3847621344548198, 0.39042512565391385, 0.39042512565391385, 0.39042512565391385, 0.39042512565391385, 0.39042512565391385, 0.39042512565391385, 0.3951783363027612, 0.3951783363027612, 0.3951783363027612, 0.41658029467862673, 0.41658029467862673, 0.41658029467862673, 0.4233601616223676, 0.4233601616223676, 0.4233601616223676, 0.4233601616223676, 0.4233601616223676, 0.4318891506715066, 0.4318891506715066, 0.4318891506715066, 0.4318891506715066, 0.4318891506715066, 0.4318891506715066, 0.4318891506715066, 0.4318891506715066, 0.4318891506715066, 0.4318891506715066, 0.4318891506715066, 0.4318891506715066]
Training raw path: /home/anhnd/DTI Project/Codes/MPNN/data/KFold/ATCInchikeySideEffectByDrug.txt_train_9
('Number of substructures, proteins, pathways, drugs, se: ', 2936, 1448, 330, 969, 598)
((873, 4714), (96, 4714), (873, 598), (96, 598))
('VALIDATE SUM PROTEIN TRAIN: ', 0.0)
('VALIDATE SUM PROTEIN TEST: ', 0.0)
Train: 0.9628 0.8795
Test: 0.7131 0.4069
[0.5655547269951511, 0.5919139154515166, 0.5990551650559356, 0.5947246223836065, 0.6000792015635694, 0.5945970373129905, 0.595487733587362, 0.5990532915572993, 0.6023951622722943, 0.603583947855786, 0.604738686643832, 0.6071391201546416, 0.6102860187110496, 0.6119811164853676, 0.6134435427414617, 0.6158570935647599, 0.6164572591951213, 0.6190429961795413, 0.6202402654468807, 0.6236686887355593, 0.6278185422362426, 0.6312171456276923, 0.6342486258980733, 0.6367867348973448, 0.638240924079966, 0.6386005124088481, 0.6406622734406061, 0.6422027595217245, 0.6443855782094833, 0.645759287737367, 0.649481365647085, 0.6507711791278075, 0.6515524970272962, 0.653511798336194, 0.6544566358624229, 0.6582663358754988, 0.6604426760659656, 0.6632841691939271, 0.6653053883488403, 0.6682567891611347, 0.6695059364949103, 0.670128515645255, 0.6733425281898846, 0.6733425281898846, 0.6755058555307596, 0.6764077207348431, 0.6782693403608013, 0.6793175722579201, 0.6837640482470123, 0.6868265842338087, 0.6868265842338087, 0.6876877539558424, 0.6876877539558424, 0.6903971354794262, 0.6915989250116528, 0.6915989250116528, 0.6944153058797176, 0.6944153058797176, 0.6944153058797176, 0.6944153058797176, 0.6944153058797176, 0.6944153058797176, 0.6944153058797176, 0.6975152466783103, 0.6975152466783103, 0.6993145677461605, 0.7010898846483695, 0.7010898846483695, 0.7010898846483695, 0.7010898846483695, 0.7010898846483695, 0.7010898846483695, 0.7029128368871508, 0.7029128368871508, 0.7029128368871508, 0.708861029023172, 0.708861029023172, 0.708861029023172, 0.710952642265897, 0.710952642265897, 0.710952642265897, 0.710952642265897, 0.710952642265897, 0.7131020856232231, 0.7131020856232231, 0.7131020856232231, 0.7131020856232231, 0.7131020856232231, 0.7131020856232231, 0.7131020856232231, 0.7131020856232231, 0.7131020856232231, 0.7131020856232231, 0.7131020856232231, 0.7131020856232231]
[0.08680820290226715, 0.10339145300020698, 0.12071637607490063, 0.1187251069320659, 0.1276631188515565, 0.1285182924934477, 0.13274651963942152, 0.13970752928521385, 0.14686976451267444, 0.15253955922033874, 0.1538238859940788, 0.1587841996387133, 0.16646163657243285, 0.17009649614861755, 0.17263205760674266, 0.1783343429339017, 0.18105755499883, 0.1863514830779328, 0.18884822459901904, 0.19529253910382366, 0.20351599920207408, 0.20939002123472988, 0.2164213803761731, 0.2238713637114889, 0.22728827723243689, 0.22820911921630596, 0.23180119515616057, 0.23607708500953717, 0.24105135047053566, 0.24397422526112345, 0.251731228949994, 0.2537474956759114, 0.25544939611718, 0.25948686646870595, 0.26124359377307393, 0.27015437817868215, 0.27500728521105616, 0.281216465123547, 0.2857046149032094, 0.293065204490076, 0.29671030929927483, 0.29808511025998513, 0.30548441235603996, 0.30548441235603996, 0.310504812755768, 0.3121912381781128, 0.3167677326274191, 0.318832607632381, 0.3287092095285484, 0.33636962610498145, 0.33636962610498145, 0.33788025978038216, 0.33788025978038216, 0.3441585431400236, 0.34679934861233785, 0.34679934861233785, 0.3533778678554348, 0.3533778678554348, 0.3533778678554348, 0.3533778678554348, 0.3533778678554348, 0.3533778678554348, 0.3533778678554348, 0.36170427335357863, 0.36170427335357863, 0.36660915350281353, 0.371465372772825, 0.371465372772825, 0.371465372772825, 0.371465372772825, 0.371465372772825, 0.371465372772825, 0.37683898901376567, 0.37683898901376567, 0.37683898901376567, 0.39405364567670614, 0.39405364567670614, 0.39405364567670614, 0.40025217616135167, 0.40025217616135167, 0.40025217616135167, 0.40025217616135167, 0.40025217616135167, 0.40690336727466936, 0.40690336727466936, 0.40690336727466936, 0.40690336727466936, 0.40690336727466936, 0.40690336727466936, 0.40690336727466936, 0.40690336727466936, 0.40690336727466936, 0.40690336727466936, 0.40690336727466936, 0.40690336727466936]
AUC: 0.7443 0.0041
AUPR: 0.4491 0.0089
('RARE AUC', [(0.6290454495610828, 0.010400129157308698), (0.6419351084112388, 0.008817979738539969), (0.6431049327947694, 0.008448516159300722), (0.6408206212068606, 0.007732602216968431), (0.64136725002278, 0.007308755292227094), (0.6404337952044273, 0.0073684041626821606), (0.6422289630710829, 0.00719366753836884), (0.6441123443164152, 0.007258777760453301), (0.646428463319628, 0.006938080394589324), (0.6479626725720886, 0.0069485606454004764), (0.6486713150761336, 0.006862900747441466), (0.6505931295592147, 0.006734396395759326), (0.6533520134476648, 0.006355753444757584), (0.6555684672337027, 0.006230544052122833), (0.6562287801819945, 0.006098582278909777), (0.657684186018191, 0.00592345165630804), (0.6588361633168274, 0.005978530266918146), (0.6604803880062714, 0.00584755337755732), (0.6611778787767222, 0.00583642405515472), (0.6638332486527629, 0.005679877019012041), (0.6671705662189199, 0.005561604312700238), (0.6696987145188797, 0.005515249718838279), (0.6715690224415204, 0.005378760439280847), (0.674050186405554, 0.0053675406969916455), (0.6751864992634323, 0.005390002635087286), (0.6754303905905111, 0.005374821685164934), (0.6774412010804753, 0.005339145718244418), (0.6788542742551499, 0.00533102406427968), (0.6806251154704579, 0.005261765353663466), (0.6813861542576833, 0.005225394270271859), (0.6843871871688522, 0.005053720546370029), (0.6860568741405506, 0.0050397663657219885), (0.6866284642895525, 0.005020894857835706), (0.6881079176109426, 0.004959761539735629), (0.6886449571729742, 0.0049074683545902815), (0.6926289234711207, 0.004886744442094842), (0.694960708721166, 0.004855167482855846), (0.6974067721881813, 0.0048016492508436434), (0.6993945627308518, 0.004759615385825818), (0.7023102305196448, 0.004698217296884041), (0.7032992831356838, 0.004671953017957636), (0.7040858721435876, 0.004667579456809072), (0.7070427283293561, 0.00460962900843359), (0.7070427283293561, 0.00460962900843359), (0.7088773189525137, 0.004579380218970412), (0.7097732636778797, 0.004566736798701936), (0.711593719203266, 0.004545685970299099), (0.7126464660999412, 0.004549654435277936), (0.7165974802316074, 0.0044984200544376934), (0.7195517820644163, 0.004462467808394041), (0.7195517820644163, 0.004462467808394041), (0.7205874448263392, 0.004470011794117994), (0.7205874448263392, 0.004470011794117994), (0.7228136800433692, 0.004396958752736851), (0.7239486571843954, 0.004379068205259324), (0.7239486571843954, 0.004379068205259324), (0.7264595320996482, 0.004314881326297652), (0.7264595320996482, 0.004314881326297652), (0.7264595320996482, 0.004314881326297652), (0.7264595320996482, 0.004314881326297652), (0.7264595320996482, 0.004314881326297652), (0.7264595320996482, 0.004314881326297652), (0.7264595320996482, 0.004314881326297652), (0.7294826034962428, 0.004285889546999946), (0.7294826034962428, 0.004285889546999946), (0.7310263595245694, 0.004261414180185939), (0.7326668960559666, 0.004237492159954483), (0.7326668960559666, 0.004237492159954483), (0.7326668960559666, 0.004237492159954483), (0.7326668960559666, 0.004237492159954483), (0.7326668960559666, 0.004237492159954483), (0.7326668960559666, 0.004237492159954483), (0.7345182601633512, 0.00422272008554199), (0.7345182601633512, 0.00422272008554199), (0.7345182601633512, 0.00422272008554199), (0.7402490305180482, 0.004177037621048438), (0.7402490305180482, 0.004177037621048438), (0.7402490305180482, 0.004177037621048438), (0.7421970817123988, 0.004148507424612462), (0.7421970817123988, 0.004148507424612462), (0.7421970817123988, 0.004148507424612462), (0.7421970817123988, 0.004148507424612462), (0.7421970817123988, 0.004148507424612462), (0.744319961631638, 0.004133297357482315), (0.744319961631638, 0.004133297357482315), (0.744319961631638, 0.004133297357482315), (0.744319961631638, 0.004133297357482315), (0.744319961631638, 0.004133297357482315), (0.744319961631638, 0.004133297357482315), (0.744319961631638, 0.004133297357482315), (0.744319961631638, 0.004133297357482315), (0.744319961631638, 0.004133297357482315), (0.744319961631638, 0.004133297357482315), (0.744319961631638, 0.004133297357482315), (0.744319961631638, 0.004133297357482315)])
('RARE AUPR', [(0.12464311786564226, 0.008165162367425108), (0.14085101957130133, 0.00874697443372012), (0.1494389895638675, 0.009671882039383326), (0.15051203927806384, 0.009676072004343608), (0.15607589809095299, 0.00932467728373907), (0.15948401316463637, 0.00918004733226824), (0.16540365530613033, 0.00923426918919187), (0.17302891344206217, 0.009390126530942426), (0.18026935190087506, 0.009209844828706142), (0.1856880442528783, 0.00906135519159665), (0.18759946743647923, 0.009131238294266519), (0.1925420935814671, 0.009067462283706399), (0.20131868503220401, 0.00917236268445625), (0.2067229436764874, 0.008930457002167743), (0.20927594668354202, 0.008923932596419597), (0.21360291396398928, 0.00893688921730808), (0.21717720871961962, 0.009037509977414938), (0.2214087018627005, 0.009077721476065295), (0.22337546679867576, 0.009011634931949194), (0.2313869401935314, 0.0092008923641575), (0.23938451443754483, 0.00938463999163422), (0.24588730202016876, 0.009394604471264587), (0.25162364987081726, 0.009344674378942893), (0.2581302705712877, 0.009393435263086525), (0.26204497807963734, 0.009603288243952289), (0.26281682997796246, 0.009553476839522975), (0.26750784557402696, 0.009541814577707062), (0.2718489147601103, 0.009585412398376658), (0.2770583111368029, 0.009556258864541816), (0.27912156039054176, 0.009571744953831137), (0.2867609817912066, 0.009405907837283997), (0.2905290769048882, 0.009545804141821605), (0.291979337234811, 0.009572760357440604), (0.2960383941537382, 0.009508501994493412), (0.2975843495850892, 0.009507090003108317), (0.3081079566406868, 0.009585917283852404), (0.3140683315908369, 0.009608094168797331), (0.3203375697724683, 0.009704862409581136), (0.3254207153804054, 0.009770780087073156), (0.3326670556934058, 0.009771644056247884), (0.33575575886738473, 0.009683975831078266), (0.33780006742940116, 0.009766934783359075), (0.34519953013279026, 0.00970113353722688), (0.34519953013279026, 0.00970113353722688), (0.3499634401044509, 0.009601964444451045), (0.3521173884009744, 0.009637469968337826), (0.35686336036216926, 0.009755277923619068), (0.35955574575934945, 0.009796567074631663), (0.3694298321791598, 0.00969741029964993), (0.3772728424058286, 0.009559883742773423), (0.3772728424058286, 0.009559883742773423), (0.37967375017227833, 0.009577717125745386), (0.37967375017227833, 0.009577717125745386), (0.3855114393922845, 0.009478527496258438), (0.38829369137886927, 0.009470497125590728), (0.38829369137886927, 0.009470497125590728), (0.3945513630143351, 0.00933476498381726), (0.3945513630143351, 0.00933476498381726), (0.3945513630143351, 0.00933476498381726), (0.3945513630143351, 0.00933476498381726), (0.3945513630143351, 0.00933476498381726), (0.3945513630143351, 0.00933476498381726), (0.3945513630143351, 0.00933476498381726), (0.40292585298662076, 0.00927113350567728), (0.40292585298662076, 0.00927113350567728), (0.4071273450871463, 0.009318230535323206), (0.41211961482277193, 0.00922442167522247), (0.41211961482277193, 0.00922442167522247), (0.41211961482277193, 0.00922442167522247), (0.41211961482277193, 0.00922442167522247), (0.41211961482277193, 0.00922442167522247), (0.41211961482277193, 0.00922442167522247), (0.41782894399005466, 0.00927346537877083), (0.41782894399005466, 0.00927346537877083), (0.41782894399005466, 0.00927346537877083), (0.43573990875754476, 0.008999101510264739), (0.43573990875754476, 0.008999101510264739), (0.43573990875754476, 0.008999101510264739), (0.44188188560950054, 0.008991020875162853), (0.44188188560950054, 0.008991020875162853), (0.44188188560950054, 0.008991020875162853), (0.44188188560950054, 0.008991020875162853), (0.44188188560950054, 0.008991020875162853), (0.449094252464207, 0.008938917958905817), (0.449094252464207, 0.008938917958905817), (0.449094252464207, 0.008938917958905817), (0.449094252464207, 0.008938917958905817), (0.449094252464207, 0.008938917958905817), (0.449094252464207, 0.008938917958905817), (0.449094252464207, 0.008938917958905817), (0.449094252464207, 0.008938917958905817), (0.449094252464207, 0.008938917958905817), (0.449094252464207, 0.008938917958905817), (0.449094252464207, 0.008938917958905817), (0.449094252464207, 0.008938917958905817)])
