Default
<models.baselines.omodels.NeuSK object at 0x7f8345ad0690>
('Manual torch seed: ', 1772727637)
('Config: ', 'Protein Test: ', False, 'KNN: ', 2)
Training raw path: /home/anhnd/DTI Project/Codes/MPNN/data/KFold/ATCInchikeySideEffectByDrug.txt_train_0
('Number of substructures, proteins, pathways, drugs, se: ', 888, 1448, 330, 969, 598)
((872, 888), (97, 888), (872, 598), (97, 598))
('VALIDATE SUM PROTEIN TRAIN: ', 0.0)
('VALIDATE SUM PROTEIN TEST: ', 0.0)
Train: 0.9077 0.7389
Test: 0.7659 0.4918
[0.6488883874510157, 0.6723530329786862, 0.6744852700367778, 0.6744936402720021, 0.6755744993340111, 0.6736497477762378, 0.672106260697388, 0.6748432046976511, 0.6746468455058658, 0.6751064322681692, 0.6747133078465783, 0.6760884533990685, 0.6775574168794847, 0.6793034623619997, 0.6792183656487419, 0.6810303325627709, 0.6822800981793342, 0.6839128070281592, 0.6843282526950953, 0.6875127192023807, 0.6905234650261426, 0.6931071891433769, 0.6953756665528512, 0.6984500351890004, 0.7004439150847405, 0.7006803916911252, 0.7022932711850501, 0.7042100591648623, 0.7060968813551823, 0.7072721053643688, 0.7100478534151775, 0.7114315590235875, 0.7120691093696478, 0.713477695590401, 0.7140985711229285, 0.7179981326986945, 0.7201033848247491, 0.7224473110696235, 0.7244559341024911, 0.7277493147230267, 0.7286300508560217, 0.7295479657983404, 0.7321666063511043, 0.7321666063511043, 0.7341309197178524, 0.7349023516162722, 0.7367973556880413, 0.7377125701322298, 0.7411659696386577, 0.7440435153198703, 0.7440435153198703, 0.74511118588022, 0.74511118588022, 0.7473728031306869, 0.7483309993609156, 0.7483309993609156, 0.7503479499629883, 0.7503479499629883, 0.7503479499629883, 0.7503479499629883, 0.7503479499629883, 0.7503479499629883, 0.7503479499629883, 0.7530696531685561, 0.7530696531685561, 0.7544495414339534, 0.7558096980960249, 0.7558096980960249, 0.7558096980960249, 0.7558096980960249, 0.7558096980960249, 0.7558096980960249, 0.7574146366487122, 0.7574146366487122, 0.7574146366487122, 0.762186681352703, 0.762186681352703, 0.762186681352703, 0.7639408312122284, 0.7639408312122284, 0.7639408312122284, 0.7639408312122284, 0.7639408312122284, 0.7658520735128775, 0.7658520735128775, 0.7658520735128775, 0.7658520735128775, 0.7658520735128775, 0.7658520735128775, 0.7658520735128775, 0.7658520735128775, 0.7658520735128775, 0.7658520735128775, 0.7658520735128775, 0.7658520735128775]
[0.14844203346493065, 0.18395838879903192, 0.18948910330903299, 0.19333597725530427, 0.19444759148135413, 0.1978425567852355, 0.2021729461117757, 0.21043278181900582, 0.21395278544790042, 0.2166043315279836, 0.21923924456988914, 0.22317898755479904, 0.23148641081004587, 0.23838038921073548, 0.2411479393071398, 0.24676501362338182, 0.24972682768280505, 0.2531753246041928, 0.25553499649695033, 0.2653373460522559, 0.2735193395910658, 0.2800436412522205, 0.28520137284609, 0.29259690885074097, 0.2992860368992689, 0.3002240365326016, 0.3054891818191646, 0.31086126276493287, 0.3162352703894896, 0.3196072159426393, 0.3276931497292257, 0.3313902591886325, 0.3328076928127771, 0.33652467871036484, 0.33862862520445774, 0.3493738608798846, 0.3545897518077664, 0.36210516389314207, 0.36718562891016565, 0.37573676770794906, 0.3792011715572091, 0.38135219889077726, 0.388007909983103, 0.388007909983103, 0.3932694844590827, 0.39526566292621573, 0.40135167299659363, 0.4040562577529051, 0.4135590424381931, 0.4215140404051485, 0.4215140404051485, 0.4243166073140649, 0.4243166073140649, 0.43116253803904825, 0.43378318908711744, 0.43378318908711744, 0.44001715759197735, 0.44001715759197735, 0.44001715759197735, 0.44001715759197735, 0.44001715759197735, 0.44001715759197735, 0.44001715759197735, 0.4483521380949517, 0.4483521380949517, 0.4527166847410678, 0.45717412438879873, 0.45717412438879873, 0.45717412438879873, 0.45717412438879873, 0.45717412438879873, 0.45717412438879873, 0.4623877907399437, 0.4623877907399437, 0.4623877907399437, 0.4785333300360882, 0.4785333300360882, 0.4785333300360882, 0.4847316034269068, 0.4847316034269068, 0.4847316034269068, 0.4847316034269068, 0.4847316034269068, 0.49179499500439344, 0.49179499500439344, 0.49179499500439344, 0.49179499500439344, 0.49179499500439344, 0.49179499500439344, 0.49179499500439344, 0.49179499500439344, 0.49179499500439344, 0.49179499500439344, 0.49179499500439344, 0.49179499500439344]
Training raw path: /home/anhnd/DTI Project/Codes/MPNN/data/KFold/ATCInchikeySideEffectByDrug.txt_train_1
('Number of substructures, proteins, pathways, drugs, se: ', 888, 1448, 330, 969, 598)
((872, 888), (97, 888), (872, 598), (97, 598))
('VALIDATE SUM PROTEIN TRAIN: ', 0.0)
('VALIDATE SUM PROTEIN TEST: ', 0.0)
Train: 0.9086 0.7431
Test: 0.7304 0.4311
[0.5920940239100307, 0.5859180492257839, 0.5730332786649219, 0.5750585628001544, 0.5758513166985473, 0.5780097959960935, 0.5839621363572914, 0.5859241622930383, 0.5911027680372569, 0.5937250798419297, 0.5933118566436917, 0.596263391501897, 0.6004851433822457, 0.6049136476884835, 0.6054561128653464, 0.607386102573633, 0.6085415122632242, 0.6124260682742099, 0.6139277454300371, 0.6187703739777151, 0.6224857978799626, 0.625693257160465, 0.6289733869610271, 0.6329116629368607, 0.6355732509689231, 0.6359342200571618, 0.6386516937743252, 0.6417425160538358, 0.6460760905792983, 0.647560214698242, 0.6526539818319945, 0.6560382597780575, 0.657387235617986, 0.660075598687012, 0.6609274409485488, 0.6667113835436441, 0.6695675350062849, 0.6739088219656292, 0.6765317150783213, 0.6808437495295823, 0.6828947832613845, 0.6840216198441345, 0.6885385861710596, 0.6885385861710596, 0.6903478678428061, 0.6914382324927121, 0.69412561706208, 0.6950900124299093, 0.6996591508128804, 0.7034368448848373, 0.7034368448848373, 0.7045479265370924, 0.7045479265370924, 0.7072790817048459, 0.7086781484308311, 0.7086781484308311, 0.7114861172161211, 0.7114861172161211, 0.7114861172161211, 0.7114861172161211, 0.7114861172161211, 0.7114861172161211, 0.7114861172161211, 0.7149646481434844, 0.7149646481434844, 0.7165783254219411, 0.7181330941657074, 0.7181330941657074, 0.7181330941657074, 0.7181330941657074, 0.7181330941657074, 0.7181330941657074, 0.7202654003013277, 0.7202654003013277, 0.7202654003013277, 0.725865823691384, 0.725865823691384, 0.725865823691384, 0.7280854532247665, 0.7280854532247665, 0.7280854532247665, 0.7280854532247665, 0.7280854532247665, 0.7303611196896557, 0.7303611196896557, 0.7303611196896557, 0.7303611196896557, 0.7303611196896557, 0.7303611196896557, 0.7303611196896557, 0.7303611196896557, 0.7303611196896557, 0.7303611196896557, 0.7303611196896557, 0.7303611196896557]
[0.0868340346427092, 0.09892065735254488, 0.09737173855627679, 0.09991948259226789, 0.10565888572505805, 0.10864960578670699, 0.1164578743329596, 0.1205460530148591, 0.12768501855855674, 0.13204239805639945, 0.1321450314955942, 0.13824264888314391, 0.14649436165103588, 0.15443754577321517, 0.15683470535384378, 0.16022707508646372, 0.16239925732130778, 0.16904156512770263, 0.17170814315215158, 0.18013339532749623, 0.18650839329746421, 0.19468260537149984, 0.2017640154961704, 0.2094365863537892, 0.21331862527718293, 0.21420431259219797, 0.21901629775682271, 0.2253138068477876, 0.23302697013976242, 0.23564503798975145, 0.24307947744528913, 0.24886891877034759, 0.25106958128202517, 0.2559583511494664, 0.2576141724288696, 0.2687738622935233, 0.2747907922356514, 0.28345942808047453, 0.2881750649744437, 0.29783802774376145, 0.3023285548205783, 0.30447431127814945, 0.31455888938180454, 0.31455888938180454, 0.31898178116972753, 0.321456831397987, 0.3281314494393287, 0.3301568297912604, 0.3415583523325135, 0.35139753786406974, 0.35139753786406974, 0.35364150604396855, 0.35364150604396855, 0.3604636802240122, 0.36412312722738716, 0.36412312722738716, 0.3708928750967785, 0.3708928750967785, 0.3708928750967785, 0.3708928750967785, 0.3708928750967785, 0.3708928750967785, 0.3708928750967785, 0.380857389365059, 0.380857389365059, 0.3851449728132422, 0.38975777523254873, 0.38975777523254873, 0.38975777523254873, 0.38975777523254873, 0.38975777523254873, 0.38975777523254873, 0.39677715877599096, 0.39677715877599096, 0.39677715877599096, 0.4151132389397989, 0.4151132389397989, 0.4151132389397989, 0.42265276156313647, 0.42265276156313647, 0.42265276156313647, 0.42265276156313647, 0.42265276156313647, 0.4310626838453236, 0.4310626838453236, 0.4310626838453236, 0.4310626838453236, 0.4310626838453236, 0.4310626838453236, 0.4310626838453236, 0.4310626838453236, 0.4310626838453236, 0.4310626838453236, 0.4310626838453236, 0.4310626838453236]
Training raw path: /home/anhnd/DTI Project/Codes/MPNN/data/KFold/ATCInchikeySideEffectByDrug.txt_train_2
('Number of substructures, proteins, pathways, drugs, se: ', 888, 1448, 330, 969, 598)
((872, 888), (97, 888), (872, 598), (97, 598))
('VALIDATE SUM PROTEIN TRAIN: ', 0.0)
('VALIDATE SUM PROTEIN TEST: ', 0.0)
Train: 0.9056 0.7306
Test: 0.7542 0.5031
[0.6314716579511934, 0.6385463166057618, 0.6372829784536675, 0.6393252247348654, 0.641985800292933, 0.6395867946083088, 0.642357315351324, 0.6433000041072756, 0.6461770154320686, 0.6466997368349666, 0.6467457305039636, 0.648532751634436, 0.6504679609169586, 0.652108120895869, 0.6525428850037351, 0.6558915192959647, 0.6583844043193673, 0.660209767934639, 0.6605654413032104, 0.6662601785193776, 0.6700436151294716, 0.6731809692217844, 0.6767805646606042, 0.6802392411061917, 0.6831783791211201, 0.6835508962755144, 0.6859471369213275, 0.6887930865365061, 0.6915190136055485, 0.692710786843024, 0.695650980587939, 0.6974800340460905, 0.6982468490764208, 0.6993852405248868, 0.6999982142566137, 0.7049278050683428, 0.7076408627530293, 0.7104167500383088, 0.7126286736322873, 0.7155227963271631, 0.7168722015338336, 0.7179106411033688, 0.7208119669656655, 0.7208119669656655, 0.7228933722416897, 0.7236586464303445, 0.7254303644418901, 0.7265202018308833, 0.7303281155873077, 0.7330327295941128, 0.7330327295941128, 0.7338958053181799, 0.7338958053181799, 0.7356149478978976, 0.7367830548873738, 0.7367830548873738, 0.7387332556628989, 0.7387332556628989, 0.7387332556628989, 0.7387332556628989, 0.7387332556628989, 0.7387332556628989, 0.7387332556628989, 0.7413320806986311, 0.7413320806986311, 0.7428200280295791, 0.7442681431429886, 0.7442681431429886, 0.7442681431429886, 0.7442681431429886, 0.7442681431429886, 0.7442681431429886, 0.7459276855286651, 0.7459276855286651, 0.7459276855286651, 0.750679942973159, 0.750679942973159, 0.750679942973159, 0.7523878452506989, 0.7523878452506989, 0.7523878452506989, 0.7523878452506989, 0.7523878452506989, 0.7542158199660977, 0.7542158199660977, 0.7542158199660977, 0.7542158199660977, 0.7542158199660977, 0.7542158199660977, 0.7542158199660977, 0.7542158199660977, 0.7542158199660977, 0.7542158199660977, 0.7542158199660977, 0.7542158199660977]
[0.1347710618734374, 0.15209574396381298, 0.16682011858450113, 0.16684217436309062, 0.176844468186094, 0.17968252941438495, 0.18828499545823113, 0.19269004525192654, 0.19876716946206122, 0.20393559489277516, 0.205452963913552, 0.2111963450571369, 0.22102012283151481, 0.2252997975884098, 0.22824546872383675, 0.23430965771162507, 0.2395093321283675, 0.2444665209078821, 0.2462362845786468, 0.25966916920012273, 0.26945292130235243, 0.2780923537787986, 0.2870844607504317, 0.2953608067480025, 0.3042300000459327, 0.30522024945448856, 0.31119767247873587, 0.31778730356638707, 0.32390970888664333, 0.3266699874004957, 0.33528422351778386, 0.33918502564707903, 0.3406921590299329, 0.3435994246922061, 0.3451809185394148, 0.35746662519965144, 0.36559465334325664, 0.3731020555462716, 0.3798775405874405, 0.3869415048285786, 0.3902846409251514, 0.3930705254233262, 0.4010516364345823, 0.4010516364345823, 0.4075526042277137, 0.4091218237330648, 0.4137854554764197, 0.41657982861695514, 0.4271344926962397, 0.43428967447447053, 0.43428967447447053, 0.43667127427018937, 0.43667127427018937, 0.44168796211775085, 0.44515699286024685, 0.44515699286024685, 0.45060709527035336, 0.45060709527035336, 0.45060709527035336, 0.45060709527035336, 0.45060709527035336, 0.45060709527035336, 0.45060709527035336, 0.45843342403899845, 0.45843342403899845, 0.4632359093487621, 0.4682853475624517, 0.4682853475624517, 0.4682853475624517, 0.4682853475624517, 0.4682853475624517, 0.4682853475624517, 0.473893906799384, 0.473893906799384, 0.473893906799384, 0.4904509887164574, 0.4904509887164574, 0.4904509887164574, 0.4962876987870174, 0.4962876987870174, 0.4962876987870174, 0.4962876987870174, 0.4962876987870174, 0.503092538587729, 0.503092538587729, 0.503092538587729, 0.503092538587729, 0.503092538587729, 0.503092538587729, 0.503092538587729, 0.503092538587729, 0.503092538587729, 0.503092538587729, 0.503092538587729, 0.503092538587729]
Training raw path: /home/anhnd/DTI Project/Codes/MPNN/data/KFold/ATCInchikeySideEffectByDrug.txt_train_3
('Number of substructures, proteins, pathways, drugs, se: ', 888, 1448, 330, 969, 598)
((872, 888), (97, 888), (872, 598), (97, 598))
('VALIDATE SUM PROTEIN TRAIN: ', 0.0)
('VALIDATE SUM PROTEIN TEST: ', 0.0)
Train: 0.9089 0.7402
Test: 0.7094 0.4115
[0.5721756986250234, 0.5827446405903203, 0.5811953704620041, 0.5833664123691733, 0.5813862974346118, 0.5825767822988039, 0.5817070260793624, 0.5845942914250494, 0.5850619610228119, 0.5894414411841419, 0.5899084179843997, 0.5929238922900415, 0.5964445405904515, 0.6000605565101553, 0.6010099576743795, 0.6030242113145683, 0.6047257217846272, 0.6057857236586003, 0.6068150474269274, 0.6094534822134342, 0.6121201837166501, 0.6157535990693765, 0.6184256513811751, 0.621402526191686, 0.622106639227709, 0.6222716639356869, 0.624874816494603, 0.6272339949905967, 0.6304213760256586, 0.6312436998998083, 0.6365254847779214, 0.6387101701614899, 0.6392872969958939, 0.6410455936642738, 0.6417430926843959, 0.6466862673905398, 0.6498575130271731, 0.6527575129006962, 0.6550824978677202, 0.6588332363181605, 0.6605087614209169, 0.6615878030347974, 0.6657866990310848, 0.6657866990310848, 0.6679005100391225, 0.6690743168325676, 0.6712803642703229, 0.6725952300216982, 0.6771725038027918, 0.6812046722235756, 0.6812046722235756, 0.6823637665238463, 0.6823637665238463, 0.6850037163134687, 0.6863365100856241, 0.6863365100856241, 0.6892780276668451, 0.6892780276668451, 0.6892780276668451, 0.6892780276668451, 0.6892780276668451, 0.6892780276668451, 0.6892780276668451, 0.6926573915296963, 0.6926573915296963, 0.6945248778272719, 0.6963691617630084, 0.6963691617630084, 0.6963691617630084, 0.6963691617630084, 0.6963691617630084, 0.6963691617630084, 0.6984299932433664, 0.6984299932433664, 0.6984299932433664, 0.704889194426356, 0.704889194426356, 0.704889194426356, 0.7071333653999086, 0.7071333653999086, 0.7071333653999086, 0.7071333653999086, 0.7071333653999086, 0.7094085308833358, 0.7094085308833358, 0.7094085308833358, 0.7094085308833358, 0.7094085308833358, 0.7094085308833358, 0.7094085308833358, 0.7094085308833358, 0.7094085308833358, 0.7094085308833358, 0.7094085308833358, 0.7094085308833358]
[0.08718252234797562, 0.10023651740056261, 0.10490196869154603, 0.10989098510987087, 0.11412172746996847, 0.1184416956155286, 0.1231796807936689, 0.13194841187789358, 0.13822352700236157, 0.1456763192077472, 0.14748800411035112, 0.152531036882324, 0.16216261617302397, 0.1699031137301817, 0.17323075987386807, 0.1762895668746416, 0.18152887269067214, 0.18395644317137516, 0.18592799395422835, 0.1923185522909655, 0.19841334237250902, 0.2065721220526041, 0.2138781673954154, 0.21924747670612568, 0.22082864255804296, 0.22141729332039392, 0.22751815723517932, 0.23273697685477895, 0.23876757935836396, 0.24069384872622776, 0.24930522457823112, 0.25225121803311573, 0.25317665981271, 0.2563140350715125, 0.2577171881610323, 0.26658656760248445, 0.2715781675703308, 0.2782078959448806, 0.2837273569609784, 0.29177884169437107, 0.29503035899362307, 0.29648906590048146, 0.30426220034576895, 0.30426220034576895, 0.30877011621785233, 0.3108940198908795, 0.3157513703053455, 0.3184059946610397, 0.3278084178888071, 0.3365504020585265, 0.3365504020585265, 0.33891539162590173, 0.33891539162590173, 0.3450912933554735, 0.3479423017324439, 0.3479423017324439, 0.35481054066122, 0.35481054066122, 0.35481054066122, 0.35481054066122, 0.35481054066122, 0.35481054066122, 0.35481054066122, 0.3632242887161169, 0.3632242887161169, 0.36805991017995965, 0.3733616786600262, 0.3733616786600262, 0.3733616786600262, 0.3733616786600262, 0.3733616786600262, 0.3733616786600262, 0.3793318522906627, 0.3793318522906627, 0.3793318522906627, 0.3977092328239167, 0.3977092328239167, 0.3977092328239167, 0.4042180119760479, 0.4042180119760479, 0.4042180119760479, 0.4042180119760479, 0.4042180119760479, 0.4114745683168395, 0.4114745683168395, 0.4114745683168395, 0.4114745683168395, 0.4114745683168395, 0.4114745683168395, 0.4114745683168395, 0.4114745683168395, 0.4114745683168395, 0.4114745683168395, 0.4114745683168395, 0.4114745683168395]
Training raw path: /home/anhnd/DTI Project/Codes/MPNN/data/KFold/ATCInchikeySideEffectByDrug.txt_train_4
('Number of substructures, proteins, pathways, drugs, se: ', 888, 1448, 330, 969, 598)
((872, 888), (97, 888), (872, 598), (97, 598))
('VALIDATE SUM PROTEIN TRAIN: ', 0.0)
('VALIDATE SUM PROTEIN TEST: ', 0.0)
Train: 0.9002 0.7253
Test: 0.7510 0.4352
[0.6398110236935514, 0.6302688829877864, 0.6379935558764639, 0.6328939422914541, 0.6351975806683221, 0.6328413935864398, 0.6320654376129903, 0.632096911449531, 0.6355831464057918, 0.637740276271501, 0.6391570588990965, 0.6414467947544429, 0.6468855754954148, 0.6492639162290254, 0.6492917359118813, 0.6512317191831876, 0.6518525992465316, 0.6547830234185917, 0.6562491211900947, 0.6576014225459847, 0.6600946129526586, 0.6626323124186484, 0.6651004438599967, 0.6676452122326471, 0.66992785027349, 0.6702301925311379, 0.6728142588229932, 0.6752563050665061, 0.677817095663084, 0.6790229766152622, 0.6818259770937187, 0.6836129156799629, 0.6843621176964755, 0.6866578191206844, 0.6879375513007153, 0.6935896673047546, 0.696205536995344, 0.699468211339745, 0.7019945121765987, 0.7056519395563425, 0.7072818098132785, 0.7081048781005977, 0.7114636877604117, 0.7114636877604117, 0.7134139496204808, 0.7144220230822989, 0.7165605406961439, 0.7177155113865006, 0.722093919474773, 0.725280015209282, 0.725280015209282, 0.7263661072426504, 0.7263661072426504, 0.7285572013555204, 0.7295819497433089, 0.7295819497433089, 0.7321708768516275, 0.7321708768516275, 0.7321708768516275, 0.7321708768516275, 0.7321708768516275, 0.7321708768516275, 0.7321708768516275, 0.7353177241800348, 0.7353177241800348, 0.7369162707119649, 0.7386055111855638, 0.7386055111855638, 0.7386055111855638, 0.7386055111855638, 0.7386055111855638, 0.7386055111855638, 0.7405674169332062, 0.7405674169332062, 0.7405674169332062, 0.7468283518142873, 0.7468283518142873, 0.7468283518142873, 0.7488447745211956, 0.7488447745211956, 0.7488447745211956, 0.7488447745211956, 0.7488447745211956, 0.7509979681680787, 0.7509979681680787, 0.7509979681680787, 0.7509979681680787, 0.7509979681680787, 0.7509979681680787, 0.7509979681680787, 0.7509979681680787, 0.7509979681680787, 0.7509979681680787, 0.7509979681680787, 0.7509979681680787]
[0.08952084999195353, 0.10326975040766, 0.11337949909572083, 0.11684082688045869, 0.12096536963782695, 0.12288169665761052, 0.12785984913668297, 0.13479017958576242, 0.14141273466987092, 0.14670540714032457, 0.14991256685376686, 0.15398903739537192, 0.1646846267699916, 0.17009456272156753, 0.17233426950040634, 0.17687844813401354, 0.17866342946687075, 0.18449655919821992, 0.18697914727320147, 0.19572280088508642, 0.20107856679634367, 0.20815147544617213, 0.21446481561036218, 0.22085825171634463, 0.22600845676557993, 0.22664854854167027, 0.23111989511349418, 0.23553738635935803, 0.24139271846660618, 0.2443500032569801, 0.2483522251322646, 0.2529104065657517, 0.2539105381435468, 0.2602821096291198, 0.2627979193318417, 0.2756060706840274, 0.2812712071604474, 0.28810246473441703, 0.29276224267247014, 0.30066944220351555, 0.30437709096564314, 0.3062731483932841, 0.3145453098238292, 0.3145453098238292, 0.3195937393090627, 0.3222668559756604, 0.3277625817906434, 0.33079608780169556, 0.3424003036914267, 0.3499826308642964, 0.3499826308642964, 0.35253452144818176, 0.35253452144818176, 0.35872019258894666, 0.36146561488420964, 0.36146561488420964, 0.3686353280559419, 0.3686353280559419, 0.3686353280559419, 0.3686353280559419, 0.3686353280559419, 0.3686353280559419, 0.3686353280559419, 0.3788294201060373, 0.3788294201060373, 0.3835214206976246, 0.3894474046525581, 0.3894474046525581, 0.3894474046525581, 0.3894474046525581, 0.3894474046525581, 0.3894474046525581, 0.3967809503119836, 0.3967809503119836, 0.3967809503119836, 0.4191878240364375, 0.4191878240364375, 0.4191878240364375, 0.42654850375584724, 0.42654850375584724, 0.42654850375584724, 0.42654850375584724, 0.42654850375584724, 0.43521839437197224, 0.43521839437197224, 0.43521839437197224, 0.43521839437197224, 0.43521839437197224, 0.43521839437197224, 0.43521839437197224, 0.43521839437197224, 0.43521839437197224, 0.43521839437197224, 0.43521839437197224, 0.43521839437197224]
Training raw path: /home/anhnd/DTI Project/Codes/MPNN/data/KFold/ATCInchikeySideEffectByDrug.txt_train_5
('Number of substructures, proteins, pathways, drugs, se: ', 888, 1448, 330, 969, 598)
((872, 888), (97, 888), (872, 598), (97, 598))
('VALIDATE SUM PROTEIN TRAIN: ', 0.0)
('VALIDATE SUM PROTEIN TEST: ', 0.0)
Train: 0.9095 0.7447
Test: 0.7638 0.4350
[0.6428343769080327, 0.655329236529383, 0.6505420251972056, 0.6460363754556953, 0.6451283165362265, 0.6466848994872991, 0.6482460356874049, 0.6470377327539997, 0.6471232657973816, 0.6476804859745646, 0.6497296430064712, 0.6527804340820667, 0.6586516995778382, 0.6632090032804888, 0.6639700547888597, 0.6658792992566083, 0.6680459839890076, 0.6719418284464642, 0.6724773032427285, 0.6760783148247508, 0.6803912731102633, 0.6831375999266431, 0.6866500240269228, 0.6893298252196811, 0.6925711654318324, 0.6927137330778576, 0.6958695612919665, 0.6985197027623431, 0.700368739522283, 0.7018369246539777, 0.7051126340567537, 0.7068799275574326, 0.7070608982334712, 0.7079196776401848, 0.7083130611302129, 0.7133161909409903, 0.7153263246840138, 0.7183441631349818, 0.7204376327316402, 0.723367612521301, 0.7246899111958278, 0.7253897819748528, 0.7284748886639746, 0.7284748886639746, 0.7301399624989423, 0.7308758402647163, 0.7325284457625469, 0.7333657992418777, 0.7373526548828345, 0.7401628744008739, 0.7401628744008739, 0.7410741453587248, 0.7410741453587248, 0.7434292832448393, 0.7445338545945648, 0.7445338545945648, 0.7472990586540443, 0.7472990586540443, 0.7472990586540443, 0.7472990586540443, 0.7472990586540443, 0.7472990586540443, 0.7472990586540443, 0.7499944580069071, 0.7499944580069071, 0.7512638148471982, 0.752963402420529, 0.752963402420529, 0.752963402420529, 0.752963402420529, 0.752963402420529, 0.752963402420529, 0.7549304191367872, 0.7549304191367872, 0.7549304191367872, 0.7601515155502774, 0.7601515155502774, 0.7601515155502774, 0.7619426006443148, 0.7619426006443148, 0.7619426006443148, 0.7619426006443148, 0.7619426006443148, 0.7638498177072686, 0.7638498177072686, 0.7638498177072686, 0.7638498177072686, 0.7638498177072686, 0.7638498177072686, 0.7638498177072686, 0.7638498177072686, 0.7638498177072686, 0.7638498177072686, 0.7638498177072686, 0.7638498177072686]
[0.10711000116793387, 0.1320844748746924, 0.13259733339118535, 0.13052488197604048, 0.13804568644941553, 0.13966508043764156, 0.14331923432607607, 0.14411303236656697, 0.15110554006445576, 0.15777207053825212, 0.16127687477858665, 0.16702524604884436, 0.17791683457608204, 0.18423370784629145, 0.1872644282001684, 0.1913820866755065, 0.19442963285852252, 0.20179806134039258, 0.202631645220179, 0.21179923659906563, 0.22138428262872475, 0.22491175448654727, 0.23264316749237096, 0.23772031705578467, 0.24244583197185346, 0.243054330414579, 0.24837099595289686, 0.2543975203661839, 0.25815794867386016, 0.2610690099778703, 0.2667901974537451, 0.2708124664623232, 0.27111589035538397, 0.2730883640605525, 0.27378128276674657, 0.2856902550447538, 0.29140219732341255, 0.298409914048526, 0.30271624772681344, 0.30943156043950526, 0.31215439791082594, 0.31418114169743755, 0.32228007190725627, 0.32228007190725627, 0.32712694918549445, 0.3289041975777708, 0.33328589219956956, 0.3353442909225731, 0.3466805038587957, 0.35439619029348246, 0.35439619029348246, 0.35644375082417556, 0.35644375082417556, 0.36381733906063163, 0.36748180817432446, 0.36748180817432446, 0.37622356884542973, 0.37622356884542973, 0.37622356884542973, 0.37622356884542973, 0.37622356884542973, 0.37622356884542973, 0.37622356884542973, 0.384662668249526, 0.384662668249526, 0.388697842891057, 0.39493095029672154, 0.39493095029672154, 0.39493095029672154, 0.39493095029672154, 0.39493095029672154, 0.39493095029672154, 0.40187713461726526, 0.40187713461726526, 0.40187713461726526, 0.42123755358886267, 0.42123755358886267, 0.42123755358886267, 0.42761041276599576, 0.42761041276599576, 0.42761041276599576, 0.42761041276599576, 0.42761041276599576, 0.43501693958559345, 0.43501693958559345, 0.43501693958559345, 0.43501693958559345, 0.43501693958559345, 0.43501693958559345, 0.43501693958559345, 0.43501693958559345, 0.43501693958559345, 0.43501693958559345, 0.43501693958559345, 0.43501693958559345]
Training raw path: /home/anhnd/DTI Project/Codes/MPNN/data/KFold/ATCInchikeySideEffectByDrug.txt_train_6
('Number of substructures, proteins, pathways, drugs, se: ', 888, 1448, 330, 969, 598)
((872, 888), (97, 888), (872, 598), (97, 598))
('VALIDATE SUM PROTEIN TRAIN: ', 0.0)
('VALIDATE SUM PROTEIN TEST: ', 0.0)
Train: 0.8975 0.7202
Test: 0.7527 0.4140
[0.6619939247193485, 0.6620881514379259, 0.6608440701616236, 0.6612178669234745, 0.6555452205865455, 0.6508614350542706, 0.6495719559324674, 0.6530107504035361, 0.652982589161924, 0.6560098515498035, 0.6566584080035541, 0.6589883916192221, 0.661622582342112, 0.6649437026703866, 0.6652811428969423, 0.6664920511015536, 0.6673327017712392, 0.6679211807406766, 0.6689402566568746, 0.6712479236354333, 0.6738418173285076, 0.6758005000753903, 0.6775205991703901, 0.6793124135118215, 0.6796901860864393, 0.6802697474626926, 0.6823445871906466, 0.6840195945279615, 0.686276754402065, 0.6872583747159209, 0.6912492978517738, 0.6928427967910431, 0.6936065453890989, 0.6952585404637448, 0.6955530323116983, 0.6988882803035344, 0.7017014372572038, 0.7043139885341378, 0.7060159527837849, 0.7091373005393077, 0.7102577583676483, 0.711115496321278, 0.7145129552988921, 0.7145129552988921, 0.7167222652774847, 0.7176357718974167, 0.7191123544947433, 0.7202783660824159, 0.7246566999350523, 0.7276753074065481, 0.7276753074065481, 0.7287874070197262, 0.7287874070197262, 0.7309970121034437, 0.7321052815646762, 0.7321052815646762, 0.7346231367813058, 0.7346231367813058, 0.7346231367813058, 0.7346231367813058, 0.7346231367813058, 0.7346231367813058, 0.7346231367813058, 0.7375325994277809, 0.7375325994277809, 0.7388341720947686, 0.7407483167259408, 0.7407483167259408, 0.7407483167259408, 0.7407483167259408, 0.7407483167259408, 0.7407483167259408, 0.7425645441654418, 0.7425645441654418, 0.7425645441654418, 0.7486166254168991, 0.7486166254168991, 0.7486166254168991, 0.7503703320162534, 0.7503703320162534, 0.7503703320162534, 0.7503703320162534, 0.7503703320162534, 0.7526904854342161, 0.7526904854342161, 0.7526904854342161, 0.7526904854342161, 0.7526904854342161, 0.7526904854342161, 0.7526904854342161, 0.7526904854342161, 0.7526904854342161, 0.7526904854342161, 0.7526904854342161, 0.7526904854342161]
[0.08688550204916617, 0.09760050943044411, 0.10191438779024858, 0.10334904254976876, 0.10559333905680918, 0.10785801562346305, 0.1150211411168865, 0.12415178308456343, 0.12894800354508612, 0.1354527572742581, 0.14028727707703656, 0.14524027595220151, 0.15316263481606948, 0.15919126029729688, 0.16086248758965543, 0.16402347422838875, 0.16913904360490958, 0.17199226815313348, 0.17459721569078546, 0.18224575300722998, 0.18801456816764633, 0.19530392036955774, 0.20163036482751823, 0.20688508722767524, 0.21078138810945365, 0.2124204127090283, 0.2177338829961602, 0.22150211426696648, 0.22779876884969083, 0.2308141175296042, 0.23990106372964212, 0.2436560467183592, 0.24485251931729146, 0.2493482916745356, 0.25009462771837987, 0.25941766885178646, 0.26537310299801375, 0.27311027173706925, 0.27823855321478747, 0.28663846520814296, 0.2891786089314572, 0.2914475263723577, 0.29963408695110383, 0.29963408695110383, 0.30550830078710467, 0.30722691548730907, 0.31104526414822137, 0.31439916127310386, 0.3264893069658684, 0.33544591809443736, 0.33544591809443736, 0.33842629911758204, 0.33842629911758204, 0.3445115652613385, 0.34722930783251177, 0.34722930783251177, 0.35439310628392295, 0.35439310628392295, 0.35439310628392295, 0.35439310628392295, 0.35439310628392295, 0.35439310628392295, 0.35439310628392295, 0.3632800362542453, 0.3632800362542453, 0.36709391866421986, 0.37318684769044774, 0.37318684769044774, 0.37318684769044774, 0.37318684769044774, 0.37318684769044774, 0.37318684769044774, 0.3792066993722183, 0.3792066993722183, 0.3792066993722183, 0.3998448907899638, 0.3998448907899638, 0.3998448907899638, 0.40559492340457987, 0.40559492340457987, 0.40559492340457987, 0.40559492340457987, 0.40559492340457987, 0.4139768578251976, 0.4139768578251976, 0.4139768578251976, 0.4139768578251976, 0.4139768578251976, 0.4139768578251976, 0.4139768578251976, 0.4139768578251976, 0.4139768578251976, 0.4139768578251976, 0.4139768578251976, 0.4139768578251976]
Training raw path: /home/anhnd/DTI Project/Codes/MPNN/data/KFold/ATCInchikeySideEffectByDrug.txt_train_7
('Number of substructures, proteins, pathways, drugs, se: ', 888, 1448, 330, 969, 598)
((872, 888), (97, 888), (872, 598), (97, 598))
('VALIDATE SUM PROTEIN TRAIN: ', 0.0)
('VALIDATE SUM PROTEIN TEST: ', 0.0)
Train: 0.9055 0.7351
Test: 0.7458 0.4441
[0.6128983624294398, 0.6314409648637728, 0.6334583148487555, 0.6314993598501254, 0.632375805547013, 0.6314657058139099, 0.6317420861790736, 0.6334015771627829, 0.6352430070845488, 0.6372881380288287, 0.6371378710737072, 0.6384598873287183, 0.6402826336760475, 0.6442031958074769, 0.643258642585736, 0.6438643572909102, 0.6452507907656229, 0.6475481761993601, 0.6482401088146471, 0.6500240850801571, 0.6528448270777203, 0.6555433110802255, 0.6583013588386275, 0.6617377227641508, 0.6633533902924318, 0.6635330849812979, 0.6660275209405624, 0.6677924773202832, 0.6704966535808219, 0.6715538270484114, 0.6761272509217336, 0.6778545630567689, 0.6788912304528714, 0.6802165078843888, 0.6810035581539926, 0.6856032100618117, 0.688514941091289, 0.6912006393591159, 0.6937811104914657, 0.6974194977541248, 0.6992358487257184, 0.7000898212880549, 0.7039341370085697, 0.7039341370085697, 0.7061833392929886, 0.7072021125550065, 0.7096060729976941, 0.7107282241804425, 0.7156029668871423, 0.7190236112087367, 0.7190236112087367, 0.7202500431182788, 0.7202500431182788, 0.7229315999372349, 0.7240792863346561, 0.7240792863346561, 0.7267834651072896, 0.7267834651072896, 0.7267834651072896, 0.7267834651072896, 0.7267834651072896, 0.7267834651072896, 0.7267834651072896, 0.7302150595015743, 0.7302150595015743, 0.7319260273523182, 0.7335354227038495, 0.7335354227038495, 0.7335354227038495, 0.7335354227038495, 0.7335354227038495, 0.7335354227038495, 0.7353828063603219, 0.7353828063603219, 0.7353828063603219, 0.741558927666388, 0.741558927666388, 0.741558927666388, 0.7435815833143582, 0.7435815833143582, 0.7435815833143582, 0.7435815833143582, 0.7435815833143582, 0.7457706790376222, 0.7457706790376222, 0.7457706790376222, 0.7457706790376222, 0.7457706790376222, 0.7457706790376222, 0.7457706790376222, 0.7457706790376222, 0.7457706790376222, 0.7457706790376222, 0.7457706790376222, 0.7457706790376222]
[0.11839093240329115, 0.14027850799003452, 0.14195188399113268, 0.1462753355245573, 0.15321530602175973, 0.15340514568844338, 0.15449007942402765, 0.16052416307633244, 0.16610018537203383, 0.1701803784476439, 0.17082609007603863, 0.1743607122554523, 0.179827386513154, 0.18679154854673072, 0.18825891397842984, 0.19123238909224066, 0.19588970145955267, 0.2002160632742716, 0.2004751839227833, 0.2059244712959199, 0.21320562071028862, 0.21964418403977806, 0.225391659950403, 0.23315133380430028, 0.2382395990035279, 0.23853816225220104, 0.24311378075286938, 0.24654173578159871, 0.2516267746460888, 0.25311781816309153, 0.2619215622670397, 0.26555972239962244, 0.26769216579311395, 0.27042469247699497, 0.2720491135532267, 0.2833121985913428, 0.29068026735634334, 0.29644760737088965, 0.30221068163853376, 0.31030424241346544, 0.3139839709074218, 0.31681105969770457, 0.3244600842671147, 0.3244600842671147, 0.3299134629494238, 0.3323912124705136, 0.3388143733107235, 0.3416504913957687, 0.3546750665839481, 0.3637287792282579, 0.3637287792282579, 0.3662404438317194, 0.3662404438317194, 0.3734399791733063, 0.37602148490692877, 0.37602148490692877, 0.3831747071623949, 0.3831747071623949, 0.3831747071623949, 0.3831747071623949, 0.3831747071623949, 0.3831747071623949, 0.3831747071623949, 0.39369455547584326, 0.39369455547584326, 0.39835871305347903, 0.4031268994663203, 0.4031268994663203, 0.4031268994663203, 0.4031268994663203, 0.4031268994663203, 0.4031268994663203, 0.4089945711948278, 0.4089945711948278, 0.4089945711948278, 0.42924601524270795, 0.42924601524270795, 0.42924601524270795, 0.43619667742292384, 0.43619667742292384, 0.43619667742292384, 0.43619667742292384, 0.43619667742292384, 0.44414795909119864, 0.44414795909119864, 0.44414795909119864, 0.44414795909119864, 0.44414795909119864, 0.44414795909119864, 0.44414795909119864, 0.44414795909119864, 0.44414795909119864, 0.44414795909119864, 0.44414795909119864, 0.44414795909119864]
Training raw path: /home/anhnd/DTI Project/Codes/MPNN/data/KFold/ATCInchikeySideEffectByDrug.txt_train_8
('Number of substructures, proteins, pathways, drugs, se: ', 888, 1448, 330, 969, 598)
((872, 888), (97, 888), (872, 598), (97, 598))
('VALIDATE SUM PROTEIN TRAIN: ', 0.0)
('VALIDATE SUM PROTEIN TEST: ', 0.0)
Train: 0.9052 0.7348
Test: 0.7602 0.4170
[0.6314845972159404, 0.6202115584873928, 0.6320656264589216, 0.6367754058594771, 0.6335421462215228, 0.6386464086567293, 0.642070232468186, 0.6433005901912625, 0.6415532469351601, 0.6448570016681472, 0.6470088919669698, 0.6472106351398768, 0.6524729462037504, 0.6560809639999015, 0.6574361299486926, 0.6593912752415896, 0.6609659357594331, 0.6635268686565757, 0.6648506715002639, 0.6680369774510269, 0.6707598059096457, 0.6742950714451477, 0.6774531992455282, 0.6805417375338958, 0.6820520948769013, 0.6826005097688088, 0.6852581509892539, 0.6880084824824351, 0.6905552161928401, 0.6912656857797604, 0.6950949532578379, 0.6970242586455684, 0.6974584261696533, 0.6994024341888602, 0.7002650242801158, 0.7043761987128871, 0.7067801178146029, 0.7098523945642493, 0.7121598425210018, 0.7149962687642083, 0.7170119869745528, 0.7174370999793902, 0.7210421943264733, 0.7210421943264733, 0.7227906986113828, 0.7239055057923522, 0.7255251725412208, 0.7265346420287976, 0.7307829680443265, 0.7344214164748564, 0.7344214164748564, 0.7354600352396188, 0.7354600352396188, 0.737915442176899, 0.7391933935743802, 0.7391933935743802, 0.7417588057701127, 0.7417588057701127, 0.7417588057701127, 0.7417588057701127, 0.7417588057701127, 0.7417588057701127, 0.7417588057701127, 0.7449512872781442, 0.7449512872781442, 0.7464468374038264, 0.7480806335288686, 0.7480806335288686, 0.7480806335288686, 0.7480806335288686, 0.7480806335288686, 0.7480806335288686, 0.7498002033661352, 0.7498002033661352, 0.7498002033661352, 0.7559267344534573, 0.7559267344534573, 0.7559267344534573, 0.7579499177362693, 0.7579499177362693, 0.7579499177362693, 0.7579499177362693, 0.7579499177362693, 0.7602226501160139, 0.7602226501160139, 0.7602226501160139, 0.7602226501160139, 0.7602226501160139, 0.7602226501160139, 0.7602226501160139, 0.7602226501160139, 0.7602226501160139, 0.7602226501160139, 0.7602226501160139, 0.7602226501160139]
[0.076087197473266, 0.08204273799188293, 0.0943187245672684, 0.09797617704305381, 0.10434902207257243, 0.11410339390499016, 0.11729799929250548, 0.11942170182929568, 0.12154723923095509, 0.12771581759807354, 0.1309657067569227, 0.13227994528078818, 0.13951967326687847, 0.1452341567332164, 0.14884537453323815, 0.15211997300857116, 0.15475866625946633, 0.1602023646019035, 0.1633048817109074, 0.1699196308266965, 0.1752575574265755, 0.18337243147815502, 0.19088540926273395, 0.19684092682808738, 0.20193264017137796, 0.20284853850834958, 0.20905228754457858, 0.21578936344097044, 0.22126698467138445, 0.22273607860399436, 0.23159607755945052, 0.2354186584576735, 0.23668903818704914, 0.2409531430450496, 0.24317114086007424, 0.25318103652048934, 0.2584252623497221, 0.2666042552148924, 0.27291785844620764, 0.28018117007696586, 0.2856286394959991, 0.28691102876676305, 0.2957156818159091, 0.2957156818159091, 0.3001438211743719, 0.30327177478007133, 0.30751884171854227, 0.31039663335269074, 0.3223055047779016, 0.33248969670726525, 0.33248969670726525, 0.3358996623525952, 0.3358996623525952, 0.3428179685319017, 0.34685959579728953, 0.34685959579728953, 0.35390809646645405, 0.35390809646645405, 0.35390809646645405, 0.35390809646645405, 0.35390809646645405, 0.35390809646645405, 0.35390809646645405, 0.3637356979091537, 0.3637356979091537, 0.3684337263405967, 0.3737355039271266, 0.3737355039271266, 0.3737355039271266, 0.3737355039271266, 0.3737355039271266, 0.3737355039271266, 0.3796591487778487, 0.3796591487778487, 0.3796591487778487, 0.4014166059891798, 0.4014166059891798, 0.4014166059891798, 0.40858018510352956, 0.40858018510352956, 0.40858018510352956, 0.40858018510352956, 0.40858018510352956, 0.41700044515279544, 0.41700044515279544, 0.41700044515279544, 0.41700044515279544, 0.41700044515279544, 0.41700044515279544, 0.41700044515279544, 0.41700044515279544, 0.41700044515279544, 0.41700044515279544, 0.41700044515279544, 0.41700044515279544]
Training raw path: /home/anhnd/DTI Project/Codes/MPNN/data/KFold/ATCInchikeySideEffectByDrug.txt_train_9
('Number of substructures, proteins, pathways, drugs, se: ', 888, 1448, 330, 969, 598)
((873, 888), (96, 888), (873, 598), (96, 598))
('VALIDATE SUM PROTEIN TRAIN: ', 0.0)
('VALIDATE SUM PROTEIN TEST: ', 0.0)
Train: 0.9122 0.7492
Test: 0.7366 0.4118
[0.6014588902717577, 0.6086768205616373, 0.6053355204607285, 0.5987093105244463, 0.6037628900985699, 0.601499110927298, 0.6086365314147283, 0.6109460737296264, 0.6134620459734802, 0.6141099864222321, 0.6171250595916987, 0.6198095255403991, 0.6256986967887013, 0.6294463604974879, 0.6303224200500465, 0.6341168162158477, 0.6358888944839189, 0.6394469741404767, 0.6405077213966585, 0.6431373902109833, 0.6473190139779019, 0.6505815067469207, 0.6536791381922982, 0.6565186774237035, 0.6581058724893492, 0.6585690605707156, 0.6618375421451157, 0.6643271212107111, 0.6670702309226383, 0.6684477056406175, 0.6726015522825645, 0.6741947965027717, 0.6748270000669025, 0.6766342404258863, 0.6776977518715401, 0.6824629917393019, 0.6846760517340176, 0.6875719347571345, 0.6901743673094873, 0.694000330722844, 0.6959204096854912, 0.6965691496792872, 0.6998709639584006, 0.6998709639584006, 0.701894497989978, 0.7027246755780362, 0.7050021114095524, 0.7058737100584114, 0.7097763445526719, 0.7126728395562822, 0.7126728395562822, 0.7136242747664066, 0.7136242747664066, 0.7160762363291648, 0.7172533010243173, 0.7172533010243173, 0.7198206735673287, 0.7198206735673287, 0.7198206735673287, 0.7198206735673287, 0.7198206735673287, 0.7198206735673287, 0.7198206735673287, 0.7226620060461593, 0.7226620060461593, 0.7242864816164668, 0.7258373569041173, 0.7258373569041173, 0.7258373569041173, 0.7258373569041173, 0.7258373569041173, 0.7258373569041173, 0.727481519366308, 0.727481519366308, 0.727481519366308, 0.7327948270042105, 0.7327948270042105, 0.7327948270042105, 0.7346871368076497, 0.7346871368076497, 0.7346871368076497, 0.7346871368076497, 0.7346871368076497, 0.7366449217000864, 0.7366449217000864, 0.7366449217000864, 0.7366449217000864, 0.7366449217000864, 0.7366449217000864, 0.7366449217000864, 0.7366449217000864, 0.7366449217000864, 0.7366449217000864, 0.7366449217000864, 0.7366449217000864]
[0.08834598258018728, 0.10416734489406941, 0.11354073765160569, 0.11439932161786938, 0.123468720248883, 0.12496795605520941, 0.13119591275938533, 0.1363895825583086, 0.14278051346011147, 0.14745756257740522, 0.15077422144959168, 0.15545403679958636, 0.16433850277890902, 0.17119431215549247, 0.17408777645495582, 0.17955981171807198, 0.18301855182831397, 0.18854895160428403, 0.19011331930157582, 0.19468728873824948, 0.2020031345059412, 0.20814460450146452, 0.21566381472767707, 0.22228364816735696, 0.22554710021312188, 0.22674525198450413, 0.23229093295265443, 0.23753684517517024, 0.24241714942314785, 0.24523382809626126, 0.25350344409602465, 0.256119159295668, 0.25757210328218116, 0.26123941285751634, 0.26352966569305397, 0.27322372494991287, 0.2778159287402492, 0.2846762606508003, 0.2891840516421216, 0.2973453647038733, 0.3015603062352703, 0.3029276703971907, 0.3102935769408752, 0.3102935769408752, 0.31500669325621267, 0.31669053127523433, 0.3219980452040096, 0.32416152595009495, 0.3339140790894085, 0.34104572326832455, 0.34104572326832455, 0.343272859650885, 0.343272859650885, 0.34963056345627663, 0.3525051248926087, 0.3525051248926087, 0.3593705087336655, 0.3593705087336655, 0.3593705087336655, 0.3593705087336655, 0.3593705087336655, 0.3593705087336655, 0.3593705087336655, 0.36796780012057206, 0.36796780012057206, 0.3726883536499065, 0.37725932326685074, 0.37725932326685074, 0.37725932326685074, 0.37725932326685074, 0.37725932326685074, 0.37725932326685074, 0.38251747883187787, 0.38251747883187787, 0.38251747883187787, 0.3989040617024418, 0.3989040617024418, 0.3989040617024418, 0.4051426287844936, 0.4051426287844936, 0.4051426287844936, 0.4051426287844936, 0.4051426287844936, 0.41182302820302785, 0.41182302820302785, 0.41182302820302785, 0.41182302820302785, 0.41182302820302785, 0.41182302820302785, 0.41182302820302785, 0.41182302820302785, 0.41182302820302785, 0.41182302820302785, 0.41182302820302785, 0.41182302820302785]
AUC: 0.7470 0.0052
AUPR: 0.4395 0.0098
('RARE AUC', [(0.6235110943175333, 0.008433412392022053), (0.628757765426845, 0.009083795887150586), (0.6286236010621071, 0.009849836137287139), (0.6279376101080868, 0.009738952327958263), (0.6280349873418303, 0.00953544436290626), (0.627582207420539, 0.009220390993220083), (0.6292465017780214, 0.008773270502916312), (0.6308455298213752, 0.008695237945501685), (0.632293589135629, 0.008379678307381953), (0.6342658430044285, 0.008165615486492462), (0.6351496245520131, 0.008159451469264606), (0.6372504157290169, 0.008010396503502323), (0.6410569195853004, 0.007867962616041944), (0.6443532929941274, 0.00772164377327856), (0.644778744737436, 0.0076738990718113334), (0.6468307684036634, 0.007631248221453309), (0.6483268642562307, 0.007631721865043973), (0.6507502418497755, 0.00757709418532927), (0.6516901669656537, 0.007512919226791676), (0.6548122867661242, 0.007497392247153323), (0.6580424412108925, 0.007502808895907504), (0.6609725316287978, 0.007416141115875083), (0.663826003288942, 0.00739485080691444), (0.6668089054109639, 0.007332613891521027), (0.6687002743852937, 0.007414072384199786), (0.6690353500351999, 0.0074207639361703), (0.6715918539755845, 0.007372642406510534), (0.6739903340116041, 0.007342076374306519), (0.676669805184942, 0.007169140728672421), (0.6778172301259394, 0.007175933622159468), (0.6816889966077415, 0.006939204484618055), (0.6836069281242771, 0.006834515341191275), (0.6843196709068422, 0.006791822518592824), (0.6860073348190323, 0.006704161509322895), (0.6867537298060762, 0.006676357973521455), (0.6914560127764501, 0.006574434955613978), (0.6940373705187707, 0.0064902175001003105), (0.6970281727663622, 0.006419526378553049), (0.69932622386948, 0.0063736369333219885), (0.7027522046756061, 0.006265718497294725), (0.7043303521834673, 0.0061995569368652565), (0.7051774257124102, 0.006169551911832677), (0.7086602685535637, 0.0060256695133844886), (0.7086602685535637, 0.0060256695133844886), (0.7106417383132728, 0.00600776616683758), (0.7115839476541723, 0.005973967869550552), (0.7135968399364235, 0.005897287246282856), (0.7146414267393166, 0.005872806145466575), (0.7188591293618438, 0.005793885031354391), (0.7220953826278975, 0.005691572917540393), (0.7220953826278975, 0.005691572917540393), (0.7231480697004744, 0.0056757420726433324), (0.7231480697004744, 0.0056757420726433324), (0.7255177324194001, 0.005624277219558134), (0.7266875779600649, 0.005595826351546086), (0.7266875779600649, 0.005595826351546086), (0.7292301367240561, 0.005534440026568723), (0.7292301367240561, 0.005534440026568723), (0.7292301367240561, 0.005534440026568723), (0.7292301367240561, 0.005534440026568723), (0.7292301367240561, 0.005534440026568723), (0.7292301367240561, 0.005534440026568723), (0.7292301367240561, 0.005534440026568723), (0.7322696907980969, 0.0054698009037052265), (0.7322696907980969, 0.0054698009037052265), (0.7338046376739289, 0.00542299337234166), (0.7354350740636597, 0.005403528443861241), (0.7354350740636597, 0.005403528443861241), (0.7354350740636597, 0.005403528443861241), (0.7354350740636597, 0.005403528443861241), (0.7354350740636597, 0.005403528443861241), (0.7354350740636597, 0.005403528443861241), (0.7372764625050272, 0.005371816668813567), (0.7372764625050272, 0.005371816668813567), (0.7372764625050272, 0.005371816668813567), (0.7429498624349121, 0.005279013714916498), (0.7429498624349121, 0.005279013714916498), (0.7429498624349121, 0.005279013714916498), (0.7448923840127644, 0.005234448717076583), (0.7448923840127644, 0.005234448717076583), (0.7448923840127644, 0.005234448717076583), (0.7448923840127644, 0.005234448717076583), (0.7448923840127644, 0.005234448717076583), (0.7470014066215251, 0.005208933370180403), (0.7470014066215251, 0.005208933370180403), (0.7470014066215251, 0.005208933370180403), (0.7470014066215251, 0.005208933370180403), (0.7470014066215251, 0.005208933370180403), (0.7470014066215251, 0.005208933370180403), (0.7470014066215251, 0.005208933370180403), (0.7470014066215251, 0.005208933370180403), (0.7470014066215251, 0.005208933370180403), (0.7470014066215251, 0.005208933370180403), (0.7470014066215251, 0.005208933370180403), (0.7470014066215251, 0.005208933370180403)])
('RARE AUPR', [(0.10235701179948509, 0.007222154858705374), (0.11946546331047356, 0.009477977880272844), (0.12562854956285185, 0.00956911199902742), (0.12793542049122822, 0.009514663824362368), (0.13367101163497414, 0.009507557939845555), (0.13674976759692142, 0.009308588635299318), (0.14192797127521992, 0.009263962036806978), (0.14750077344645143, 0.009365176831292553), (0.1530522716813393, 0.009300925826191405), (0.15835426372608627, 0.009045217507047416), (0.16083679810813295, 0.008965486371950047), (0.16534982721096486, 0.009030085226868103), (0.1740613170186705, 0.009091058811307048), (0.18047603946031376, 0.008997130817466115), (0.18311121235155423, 0.00900217043640253), (0.18727874961529048, 0.009262959285905882), (0.19090633153007885, 0.009355487333554898), (0.19578941219833576, 0.00926631763861793), (0.19775088113014097, 0.009184807337609006), (0.20577576442230883, 0.009690383474994154), (0.21288377267989117, 0.010072793742199009), (0.2198919092776798, 0.010028851859454258), (0.2268607248359173, 0.010037101049648), (0.23343813434582078, 0.010226016961728703), (0.23826183210153423, 0.010679950079059992), (0.23913211363100145, 0.01067244018725749), (0.24449030846025566, 0.010688321202927446), (0.24980043154241346, 0.010763143592008953), (0.25545998735050374, 0.010716882374903673), (0.2579936945686916, 0.010805291047632145), (0.26574266455086965, 0.010844077786767279), (0.26961718815385727, 0.01082145520245832), (0.2709578348016012, 0.010833424827293936), (0.2747732503367319, 0.010700541638425968), (0.27645646542570973, 0.010713411748539185), (0.28726318706178566, 0.0108828679146301), (0.29315213308851934, 0.0110400328736029), (0.3004225317221364, 0.011035176641479275), (0.3056995226773962, 0.011118790661327945), (0.3136865387020128, 0.011076043974805506), (0.31737277407431796, 0.011011194981067089), (0.3193937676817472, 0.01110296039958941), (0.32748094478513473, 0.01098437078762433), (0.32748094478513473, 0.01098437078762433), (0.3325866952736046, 0.011115403472729457), (0.3347489825514707, 0.011049542595460315), (0.3399444946589397, 0.011113442784329068), (0.3425947101518087, 0.011115425964013898), (0.3536525070323102, 0.010994965568462451), (0.36208405932582793, 0.01083883036136066), (0.36208405932582793, 0.01083883036136066), (0.36463623164792636, 0.010825214306201458), (0.36463623164792636, 0.010825214306201458), (0.3711343081808686, 0.010751403804414616), (0.3742568547395068, 0.010738821645305423), (0.3742568547395068, 0.010738821645305423), (0.3812032984168138, 0.010585821996825374), (0.3812032984168138, 0.010585821996825374), (0.3812032984168138, 0.010585821996825374), (0.3812032984168138, 0.010585821996825374), (0.3812032984168138, 0.010585821996825374), (0.3812032984168138, 0.010585821996825374), (0.3812032984168138, 0.010585821996825374), (0.39030374183305033, 0.01046126931251131), (0.39030374183305033, 0.01046126931251131), (0.39479514523799153, 0.010476119091868009), (0.4000265855143851, 0.010401443533570745), (0.4000265855143851, 0.010401443533570745), (0.4000265855143851, 0.010401443533570745), (0.4000265855143851, 0.010401443533570745), (0.4000265855143851, 0.010401443533570745), (0.4000265855143851, 0.010401443533570745), (0.40614266917120034, 0.010324398015083485), (0.40614266917120034, 0.010324398015083485), (0.40614266917120034, 0.010324398015083485), (0.42516437418658554, 0.009963851265068607), (0.42516437418658554, 0.009963851265068607), (0.42516437418658554, 0.009963851265068607), (0.43175634069904784, 0.00990241375569185), (0.43175634069904784, 0.00990241375569185), (0.43175634069904784, 0.00990241375569185), (0.43175634069904784, 0.00990241375569185), (0.43175634069904784, 0.00990241375569185), (0.43946084099840704, 0.009807693042190554), (0.43946084099840704, 0.009807693042190554), (0.43946084099840704, 0.009807693042190554), (0.43946084099840704, 0.009807693042190554), (0.43946084099840704, 0.009807693042190554), (0.43946084099840704, 0.009807693042190554), (0.43946084099840704, 0.009807693042190554), (0.43946084099840704, 0.009807693042190554), (0.43946084099840704, 0.009807693042190554), (0.43946084099840704, 0.009807693042190554), (0.43946084099840704, 0.009807693042190554), (0.43946084099840704, 0.009807693042190554)])
