Default
<models.baselines.omodels.NeuSK object at 0x7f4d8aeaec90>
Training raw path: /home/anhnd/DTI Project/Codes/MPNN/data/KFold/ATCInchikeySideEffectByDrug.txt_train_0
('Number of substructures, proteins, pathways, drugs, se: ', 888, 1448, 330, 969, 598)
Train: 0.9105 0.7463
Test: 0.7536 0.4466
[0.650755842378019, 0.6698177106282379, 0.6634749236774842, 0.6601016762810379, 0.6602609896562022, 0.658512868105793, 0.6597877947741838, 0.6606283210145729, 0.6601662266423611, 0.6611997018801905, 0.6619048583695909, 0.662089028450582, 0.6626230718854738, 0.6646117113347414, 0.6648675993569938, 0.6669768995846312, 0.6681901170509901, 0.6698045706972224, 0.6705199289806411, 0.6729254243937433, 0.6758548988220573, 0.6783438929195287, 0.6808823762637113, 0.6837874304251488, 0.6856603907389185, 0.685999491842228, 0.6873013560721257, 0.688771739471199, 0.6908599625562006, 0.6920336157833795, 0.6945234333745777, 0.6959424873336977, 0.6965495108642502, 0.6980151664036457, 0.6987716336892937, 0.703486217372066, 0.7057482591008907, 0.7082745020743738, 0.7099785562601084, 0.7135929746779268, 0.7145000339225458, 0.7155171817783956, 0.7183716366988323, 0.7183716366988323, 0.7204058907137758, 0.7212289538616583, 0.7230874454032254, 0.7241809902490433, 0.7278161089999984, 0.7309691941798254, 0.7309691941798254, 0.7319191917431412, 0.7319191917431412, 0.7342566285220513, 0.7352795995891555, 0.7352795995891555, 0.7373405796285911, 0.7373405796285911, 0.7373405796285911, 0.7373405796285911, 0.7373405796285911, 0.7373405796285911, 0.7373405796285911, 0.7401810476652564, 0.7401810476652564, 0.7416141922855259, 0.7430576750832746, 0.7430576750832746, 0.7430576750832746, 0.7430576750832746, 0.7430576750832746, 0.7430576750832746, 0.7447578842726482, 0.7447578842726482, 0.7447578842726482, 0.7497549336154724, 0.7497549336154724, 0.7497549336154724, 0.7515874497817797, 0.7515874497817797, 0.7515874497817797, 0.7515874497817797, 0.7515874497817797, 0.7535966706535568, 0.7535966706535568, 0.7535966706535568, 0.7535966706535568, 0.7535966706535568, 0.7535966706535568, 0.7535966706535568, 0.7535966706535568, 0.7535966706535568, 0.7535966706535568, 0.7535966706535568, 0.7535966706535568]
[0.14442357959564567, 0.1622587992681463, 0.16273965931386436, 0.16245010798674825, 0.16464567135001446, 0.16786867703942537, 0.1755037319085384, 0.18102367196177838, 0.18349580129521195, 0.18408754811628053, 0.18710688875743234, 0.19021530245141885, 0.19668258558031645, 0.20301870478544765, 0.20583360103095275, 0.21168822538128296, 0.21375347284093177, 0.21716798402345333, 0.21939522465657674, 0.22725677534071317, 0.23434276320304548, 0.2398525936601602, 0.244491314429219, 0.25102729591378414, 0.2575892248416808, 0.2583078533676183, 0.26208361679995296, 0.26610463791779454, 0.2714339569696227, 0.2738735098774956, 0.28065542790604664, 0.28427360940283924, 0.28610273006538617, 0.2907958189368007, 0.29288699110132466, 0.3040681762504721, 0.31009284640335477, 0.3156429305755215, 0.32017423341624424, 0.3287595146313139, 0.3321710810353262, 0.33484426577271287, 0.3416256032563094, 0.3416256032563094, 0.3468794780073058, 0.3489637259768916, 0.3540732219751809, 0.3569037760838087, 0.3661473018478919, 0.37479630157339083, 0.37479630157339083, 0.37762781003953605, 0.37762781003953605, 0.3845091050630949, 0.38723751865127504, 0.38723751865127504, 0.3934437438331648, 0.3934437438331648, 0.3934437438331648, 0.3934437438331648, 0.3934437438331648, 0.3934437438331648, 0.3934437438331648, 0.40169909194575676, 0.40169909194575676, 0.40593551320612936, 0.41070736258831747, 0.41070736258831747, 0.41070736258831747, 0.41070736258831747, 0.41070736258831747, 0.41070736258831747, 0.4164526046614006, 0.4164526046614006, 0.4164526046614006, 0.43286499187561356, 0.43286499187561356, 0.43286499187561356, 0.4391374341161982, 0.4391374341161982, 0.4391374341161982, 0.4391374341161982, 0.4391374341161982, 0.4466007540819124, 0.4466007540819124, 0.4466007540819124, 0.4466007540819124, 0.4466007540819124, 0.4466007540819124, 0.4466007540819124, 0.4466007540819124, 0.4466007540819124, 0.4466007540819124, 0.4466007540819124, 0.4466007540819124]
Training raw path: /home/anhnd/DTI Project/Codes/MPNN/data/KFold/ATCInchikeySideEffectByDrug.txt_train_1
('Number of substructures, proteins, pathways, drugs, se: ', 888, 1448, 330, 969, 598)
Train: 0.9007 0.7225
Test: 0.7242 0.4231
[0.5591359703771583, 0.5600233954955354, 0.5538304280446293, 0.5533034764408244, 0.5535268597475613, 0.5570322948024462, 0.565395086438522, 0.567131721281692, 0.5710567663837252, 0.5730264378867524, 0.5720064468046708, 0.5765086033235847, 0.5842433309071889, 0.5895872509914837, 0.5907293238012085, 0.5924375091439356, 0.5933142782728265, 0.5978313091877758, 0.5994155622492416, 0.6038939245284922, 0.6083903229944865, 0.6125086497965078, 0.6160531665423052, 0.6202051961059034, 0.6230006184684673, 0.6233568759018956, 0.6263556454625729, 0.630127745519668, 0.6351409245126831, 0.6367954376847385, 0.6423183493402933, 0.6460350601212628, 0.6474715389808393, 0.6502065349534988, 0.6512844072675601, 0.6577866051512747, 0.6606456697513308, 0.665245181105677, 0.6680660870146045, 0.6726698571707517, 0.6749788482444065, 0.6762815798802477, 0.6810469561945488, 0.6810469561945488, 0.6828253065506504, 0.683987996826464, 0.686762312651658, 0.6879261104287822, 0.6926309002033958, 0.6965526528599562, 0.6965526528599562, 0.6976936606109004, 0.6976936606109004, 0.700585011159397, 0.7020142360337105, 0.7020142360337105, 0.7048974413186755, 0.7048974413186755, 0.7048974413186755, 0.7048974413186755, 0.7048974413186755, 0.7048974413186755, 0.7048974413186755, 0.7084684457800106, 0.7084684457800106, 0.7101271984794835, 0.7117351867870724, 0.7117351867870724, 0.7117351867870724, 0.7117351867870724, 0.7117351867870724, 0.7117351867870724, 0.71392113324839, 0.71392113324839, 0.71392113324839, 0.7196242279237542, 0.7196242279237542, 0.7196242279237542, 0.7218979033713961, 0.7218979033713961, 0.7218979033713961, 0.7218979033713961, 0.7218979033713961, 0.7242207178225699, 0.7242207178225699, 0.7242207178225699, 0.7242207178225699, 0.7242207178225699, 0.7242207178225699, 0.7242207178225699, 0.7242207178225699, 0.7242207178225699, 0.7242207178225699, 0.7242207178225699, 0.7242207178225699]
[0.07174602914463624, 0.0819676389439829, 0.08305252309761813, 0.08612121632102943, 0.09069526718908799, 0.09439910346252256, 0.10269112323381416, 0.1077002750028599, 0.11454082429047827, 0.11807682043782886, 0.11850227439940994, 0.12360497347875028, 0.1327821308581347, 0.1405971754119184, 0.14329760879397663, 0.14723820595171097, 0.14867385961662533, 0.1545007469710507, 0.15653251162699333, 0.16427376936307808, 0.17066794184957312, 0.17841213293774402, 0.18458454604902305, 0.19216415116686997, 0.19530640584918568, 0.19618692559189913, 0.20095983742547252, 0.20775389450462733, 0.21630165638657567, 0.2190848300614086, 0.22814208351113419, 0.23441756953250195, 0.23690741486704037, 0.24265197424505514, 0.24489371784488917, 0.25737582045178065, 0.26355655851979554, 0.27287891063864156, 0.278175696172824, 0.2885828402946515, 0.2936085786463069, 0.2962364239865765, 0.3061276568173689, 0.3061276568173689, 0.3108900980353334, 0.313304730248056, 0.3204393647422782, 0.32284793061647354, 0.3338659857769667, 0.3433215500499459, 0.3433215500499459, 0.3453610956063381, 0.3453610956063381, 0.352224613211396, 0.3559006686816057, 0.3559006686816057, 0.36286987661556863, 0.36286987661556863, 0.36286987661556863, 0.36286987661556863, 0.36286987661556863, 0.36286987661556863, 0.36286987661556863, 0.3728095389239616, 0.3728095389239616, 0.377080003869335, 0.3814203274465906, 0.3814203274465906, 0.3814203274465906, 0.3814203274465906, 0.3814203274465906, 0.3814203274465906, 0.388552896277345, 0.388552896277345, 0.388552896277345, 0.4066901876163449, 0.4066901876163449, 0.4066901876163449, 0.414501795501941, 0.414501795501941, 0.414501795501941, 0.414501795501941, 0.414501795501941, 0.4230727041960161, 0.4230727041960161, 0.4230727041960161, 0.4230727041960161, 0.4230727041960161, 0.4230727041960161, 0.4230727041960161, 0.4230727041960161, 0.4230727041960161, 0.4230727041960161, 0.4230727041960161, 0.4230727041960161]
Training raw path: /home/anhnd/DTI Project/Codes/MPNN/data/KFold/ATCInchikeySideEffectByDrug.txt_train_2
('Number of substructures, proteins, pathways, drugs, se: ', 888, 1448, 330, 969, 598)
Train: 0.9058 0.7297
Test: 0.7563 0.5056
[0.6431864797030035, 0.6460827449279594, 0.6460132019406363, 0.645269265159564, 0.645389193522331, 0.6448009284809385, 0.6473029950782552, 0.6485937365254889, 0.6498579980138419, 0.6529379932426768, 0.6533270050854214, 0.6556664693017837, 0.6577001223866746, 0.6592604295503173, 0.6597471988919541, 0.6619130047220689, 0.6646938925500064, 0.666850977853636, 0.6669450812250324, 0.671826940872065, 0.6752711750670763, 0.6782715924653344, 0.6813579564074882, 0.6848768622971594, 0.6877625138358834, 0.6879811701069813, 0.6902367248006365, 0.6928600217953605, 0.695207692250859, 0.696297575458405, 0.6990174212310856, 0.7010859637215745, 0.7017594897960067, 0.7028726249245079, 0.7034748820261658, 0.7081187131975519, 0.7108041364149058, 0.7133964689456185, 0.7153102111789944, 0.7180589731903129, 0.7192951202414406, 0.7202418618648265, 0.7230188708786642, 0.7230188708786642, 0.7250910703833789, 0.7259532985887038, 0.727684049401906, 0.7287505373390528, 0.7324843913601983, 0.7350575492250458, 0.7350575492250458, 0.7359316119574355, 0.7359316119574355, 0.7376525605707576, 0.7388485550539341, 0.7388485550539341, 0.7408472999620178, 0.7408472999620178, 0.7408472999620178, 0.7408472999620178, 0.7408472999620178, 0.7408472999620178, 0.7408472999620178, 0.7434645292356187, 0.7434645292356187, 0.744981975158611, 0.7463992565181371, 0.7463992565181371, 0.7463992565181371, 0.7463992565181371, 0.7463992565181371, 0.7463992565181371, 0.7480388132372857, 0.7480388132372857, 0.7480388132372857, 0.7527754193425297, 0.7527754193425297, 0.7527754193425297, 0.7544641034569202, 0.7544641034569202, 0.7544641034569202, 0.7544641034569202, 0.7544641034569202, 0.7562831850215954, 0.7562831850215954, 0.7562831850215954, 0.7562831850215954, 0.7562831850215954, 0.7562831850215954, 0.7562831850215954, 0.7562831850215954, 0.7562831850215954, 0.7562831850215954, 0.7562831850215954, 0.7562831850215954]
[0.13535132695920307, 0.16096820870887119, 0.17723013164093615, 0.1749311419214597, 0.18050021432308874, 0.18422553570112482, 0.19280073818858495, 0.1980929754201516, 0.20497933354712888, 0.2109492551613384, 0.21256313426412027, 0.2180093344120374, 0.22804627102212469, 0.23176829829955647, 0.23455162908698624, 0.2400880516813396, 0.24552851289129335, 0.25104435607781533, 0.25239482879117586, 0.2649078643405981, 0.2747424546177436, 0.2833671333705098, 0.29113678558701817, 0.2994176310965837, 0.3087272715894348, 0.30969654005671926, 0.3151569401673269, 0.32174614855567135, 0.327676541861752, 0.3302820441327684, 0.3382242626366878, 0.34291010208111083, 0.3444412524713706, 0.34749026137114075, 0.3489078303219577, 0.36128533771628124, 0.36869570704423227, 0.37656829185059726, 0.3831796495702821, 0.3907251480796894, 0.3937693906257222, 0.3964884234252197, 0.40430127018601414, 0.40430127018601414, 0.4102601766270141, 0.4123092542309435, 0.417152936186835, 0.4198637321267329, 0.43003199738107667, 0.436953856531877, 0.436953856531877, 0.43951307449042404, 0.43951307449042404, 0.4441103780811021, 0.4478514978616991, 0.4478514978616991, 0.4533162431152513, 0.4533162431152513, 0.4533162431152513, 0.4533162431152513, 0.4533162431152513, 0.4533162431152513, 0.4533162431152513, 0.4614081817970388, 0.4614081817970388, 0.46619656267306553, 0.4707849246890366, 0.4707849246890366, 0.4707849246890366, 0.4707849246890366, 0.4707849246890366, 0.4707849246890366, 0.47626177558713234, 0.47626177558713234, 0.47626177558713234, 0.4931194934290443, 0.4931194934290443, 0.4931194934290443, 0.49871583630394556, 0.49871583630394556, 0.49871583630394556, 0.49871583630394556, 0.49871583630394556, 0.5056000259974803, 0.5056000259974803, 0.5056000259974803, 0.5056000259974803, 0.5056000259974803, 0.5056000259974803, 0.5056000259974803, 0.5056000259974803, 0.5056000259974803, 0.5056000259974803, 0.5056000259974803, 0.5056000259974803]
Training raw path: /home/anhnd/DTI Project/Codes/MPNN/data/KFold/ATCInchikeySideEffectByDrug.txt_train_3
('Number of substructures, proteins, pathways, drugs, se: ', 888, 1448, 330, 969, 598)
Train: 0.8960 0.7127
Test: 0.7298 0.4188
[0.6047292860824439, 0.6194767664345113, 0.613598830961466, 0.6103745892309453, 0.610568026504745, 0.6116866679579105, 0.6109524091519387, 0.6135200705105394, 0.6155410796803511, 0.6162677624845072, 0.6160723642258797, 0.6185378302922853, 0.6223593144228379, 0.6259996721787696, 0.6270939071355467, 0.6288043647227763, 0.6300856878525252, 0.6301999464987419, 0.6319328763329689, 0.6348925553467228, 0.6381098485462294, 0.6413984070107648, 0.6440318611933745, 0.6467838654857234, 0.6475014819558029, 0.6475559237675146, 0.6507802630541473, 0.6530447446283687, 0.6562305500351626, 0.6571679417517501, 0.6616009519491424, 0.6635084323452367, 0.6642657355049892, 0.6658624912632654, 0.6665322112145903, 0.6713736479767218, 0.6742208789973934, 0.67742777223012, 0.6798580058900193, 0.6833377841714483, 0.6848000557287492, 0.6858084293480095, 0.6898787810074781, 0.6898787810074781, 0.6917880241336722, 0.6929473215962763, 0.694921377267568, 0.69616207730205, 0.7003017151444096, 0.7038519007475177, 0.7038519007475177, 0.7049271145694551, 0.7049271145694551, 0.7072855165929095, 0.708633482832365, 0.708633482832365, 0.711340955887729, 0.711340955887729, 0.711340955887729, 0.711340955887729, 0.711340955887729, 0.711340955887729, 0.711340955887729, 0.7143640833141545, 0.7143640833141545, 0.7160575480835585, 0.7177359794349759, 0.7177359794349759, 0.7177359794349759, 0.7177359794349759, 0.7177359794349759, 0.7177359794349759, 0.719620056971987, 0.719620056971987, 0.719620056971987, 0.72558867876907, 0.72558867876907, 0.72558867876907, 0.7276660991506054, 0.7276660991506054, 0.7276660991506054, 0.7276660991506054, 0.7276660991506054, 0.7297671543006222, 0.7297671543006222, 0.7297671543006222, 0.7297671543006222, 0.7297671543006222, 0.7297671543006222, 0.7297671543006222, 0.7297671543006222, 0.7297671543006222, 0.7297671543006222, 0.7297671543006222, 0.7297671543006222]
[0.08855641938713422, 0.10087669502393508, 0.1031581693426157, 0.10888640799576835, 0.11450448623382378, 0.120996506590068, 0.1265904592816962, 0.13551351471985373, 0.14214666511106028, 0.14779696023391675, 0.15006323679888986, 0.15638399211861934, 0.16531176587976026, 0.17438129447322143, 0.17684309592051417, 0.18171941950613552, 0.18687053023825018, 0.18909844864067274, 0.19127097665066317, 0.1971504554339023, 0.2037284704650804, 0.2111068630857093, 0.2179904593706422, 0.22355399582040247, 0.22709963997295451, 0.22781864869324, 0.23482570716513163, 0.2401721972484451, 0.24556793628089119, 0.24759601947758902, 0.2556538517869544, 0.25897000086178523, 0.26035730217991265, 0.26338364581133367, 0.26449618843799927, 0.27292150717791164, 0.2777103800745523, 0.2848487980006087, 0.2902810028912416, 0.29756798240804305, 0.3004725734596037, 0.30198408754694445, 0.31046622130049994, 0.31046622130049994, 0.31491032572198024, 0.3170319594694547, 0.3213031742369412, 0.3242815941375005, 0.3344759190431309, 0.34363191864948034, 0.34363191864948034, 0.3457435988578673, 0.3457435988578673, 0.3511210067747404, 0.35390442804161315, 0.35390442804161315, 0.36055016396113154, 0.36055016396113154, 0.36055016396113154, 0.36055016396113154, 0.36055016396113154, 0.36055016396113154, 0.36055016396113154, 0.36877614967994654, 0.36877614967994654, 0.37360460828445774, 0.37883253542502904, 0.37883253542502904, 0.37883253542502904, 0.37883253542502904, 0.37883253542502904, 0.37883253542502904, 0.3850403064702776, 0.3850403064702776, 0.3850403064702776, 0.40413601500451846, 0.40413601500451846, 0.40413601500451846, 0.4111673240215219, 0.4111673240215219, 0.4111673240215219, 0.4111673240215219, 0.4111673240215219, 0.4187634254319369, 0.4187634254319369, 0.4187634254319369, 0.4187634254319369, 0.4187634254319369, 0.4187634254319369, 0.4187634254319369, 0.4187634254319369, 0.4187634254319369, 0.4187634254319369, 0.4187634254319369, 0.4187634254319369]
Training raw path: /home/anhnd/DTI Project/Codes/MPNN/data/KFold/ATCInchikeySideEffectByDrug.txt_train_4
('Number of substructures, proteins, pathways, drugs, se: ', 888, 1448, 330, 969, 598)
Train: 0.9008 0.7266
Test: 0.7265 0.4172
[0.6230992734794851, 0.6037593175536421, 0.6113913603077779, 0.6062881572085036, 0.6045932374921235, 0.6028928228672091, 0.6021318928787058, 0.6041905683371698, 0.6047615039554992, 0.606212365557623, 0.6070981586692383, 0.6085041262809576, 0.6134418238265436, 0.6163350467629662, 0.6170787066386527, 0.6203272340114131, 0.6205223596546365, 0.6230274659565194, 0.6243974415590969, 0.6264541302375147, 0.6295610575543413, 0.6313535086953452, 0.6337492305281102, 0.6363640739602121, 0.63832072161055, 0.6387249869939229, 0.6411072055801827, 0.643283242679927, 0.6461699512894645, 0.647144562251256, 0.6504992471598359, 0.6527622863528989, 0.653330157358792, 0.6553252193187904, 0.6565574126052705, 0.6628534768957561, 0.6657739620717942, 0.6688572985533424, 0.6717239196028322, 0.6755598587505991, 0.6775901290979409, 0.6786137203451331, 0.6826451156198505, 0.6826451156198505, 0.6846034751826438, 0.6857642999875265, 0.6881741040890077, 0.6894565080762375, 0.6941954266271575, 0.6977343378909558, 0.6977343378909558, 0.6989472788552066, 0.6989472788552066, 0.7014237781237566, 0.7026033494401023, 0.7026033494401023, 0.7055585892760401, 0.7055585892760401, 0.7055585892760401, 0.7055585892760401, 0.7055585892760401, 0.7055585892760401, 0.7055585892760401, 0.7091040814096776, 0.7091040814096776, 0.7109005045732656, 0.7127939166723801, 0.7127939166723801, 0.7127939166723801, 0.7127939166723801, 0.7127939166723801, 0.7127939166723801, 0.7149686309436635, 0.7149686309436635, 0.7149686309436635, 0.7219104829903374, 0.7219104829903374, 0.7219104829903374, 0.7241459699394405, 0.7241459699394405, 0.7241459699394405, 0.7241459699394405, 0.7241459699394405, 0.7265262882513326, 0.7265262882513326, 0.7265262882513326, 0.7265262882513326, 0.7265262882513326, 0.7265262882513326, 0.7265262882513326, 0.7265262882513326, 0.7265262882513326, 0.7265262882513326, 0.7265262882513326, 0.7265262882513326]
[0.10023816618045214, 0.10996860290172564, 0.11800365302194255, 0.11698136178691904, 0.12041604920519985, 0.12060791496687304, 0.12621476543260374, 0.13569693179289766, 0.14214922275027753, 0.1481571380455322, 0.15170269118112384, 0.15476842666696372, 0.16261107899420085, 0.16729230480731, 0.16923133711847158, 0.17401888564465215, 0.17467988954803448, 0.1795171390749406, 0.18154306794066233, 0.18839381686206505, 0.19413793337660382, 0.19959570388234948, 0.2045201638545347, 0.210099085784575, 0.2141894640349023, 0.21521396553342573, 0.2204376834287828, 0.22420730037028105, 0.22937552720438315, 0.23176676214350883, 0.23733767471213135, 0.24189377445848242, 0.24258451053068758, 0.24780772267281387, 0.25032942792478674, 0.2631729946691955, 0.2684938806920355, 0.2752601625748498, 0.28069129959324435, 0.2893185294317317, 0.29296616829731376, 0.29516653143807686, 0.3037370438335124, 0.3037370438335124, 0.3080318628861065, 0.3105161440678328, 0.31609673997970245, 0.31895756550831483, 0.32940793080686126, 0.3363844090628195, 0.3363844090628195, 0.3388919117515817, 0.3388919117515817, 0.34443870393875387, 0.34733690631291214, 0.34733690631291214, 0.3537611437461203, 0.3537611437461203, 0.3537611437461203, 0.3537611437461203, 0.3537611437461203, 0.3537611437461203, 0.3537611437461203, 0.3630524232268476, 0.3630524232268476, 0.36782696221644134, 0.37323091241751755, 0.37323091241751755, 0.37323091241751755, 0.37323091241751755, 0.37323091241751755, 0.37323091241751755, 0.3803084269364096, 0.3803084269364096, 0.3803084269364096, 0.40170418324946533, 0.40170418324946533, 0.40170418324946533, 0.4088550675038324, 0.4088550675038324, 0.4088550675038324, 0.4088550675038324, 0.4088550675038324, 0.41717231903835394, 0.41717231903835394, 0.41717231903835394, 0.41717231903835394, 0.41717231903835394, 0.41717231903835394, 0.41717231903835394, 0.41717231903835394, 0.41717231903835394, 0.41717231903835394, 0.41717231903835394, 0.41717231903835394]
Training raw path: /home/anhnd/DTI Project/Codes/MPNN/data/KFold/ATCInchikeySideEffectByDrug.txt_train_5
('Number of substructures, proteins, pathways, drugs, se: ', 888, 1448, 330, 969, 598)
Train: 0.9001 0.7229
Test: 0.7545 0.4304
[0.6218472236961978, 0.6317188468833623, 0.6264546333092286, 0.6263340900758543, 0.6290415673093797, 0.6298276233684745, 0.6345087786343422, 0.6363445279074629, 0.6397212722486292, 0.6405489174394798, 0.6403600021937319, 0.6439470022981806, 0.647718501675765, 0.6505773358158272, 0.6513482240707801, 0.654175951422596, 0.656098513117034, 0.6590226957641702, 0.6596556066831306, 0.6632522869145739, 0.666258442393867, 0.6696613772016268, 0.6734223366241634, 0.676526733711404, 0.6797937569880832, 0.6799447330098666, 0.6823873047809318, 0.6857040786184414, 0.6875831259518898, 0.6893931895266775, 0.6924936738885248, 0.6945037768633512, 0.6947273967775675, 0.6955201906718684, 0.695917141878357, 0.7008568372769369, 0.7032138991919898, 0.7063443895685109, 0.7085268247306609, 0.7113178002258875, 0.7127737882435918, 0.7135265648802903, 0.7170091421454378, 0.7170091421454378, 0.7189433272979573, 0.7197594404459159, 0.7213335418690445, 0.7221403693550713, 0.7265186350901416, 0.7295670470965603, 0.7295670470965603, 0.7304780951244274, 0.7304780951244274, 0.732999442335349, 0.7341304393395065, 0.7341304393395065, 0.737066001447056, 0.737066001447056, 0.737066001447056, 0.737066001447056, 0.737066001447056, 0.737066001447056, 0.737066001447056, 0.7399402194644218, 0.7399402194644218, 0.74130515672777, 0.7430835150323114, 0.7430835150323114, 0.7430835150323114, 0.7430835150323114, 0.7430835150323114, 0.7430835150323114, 0.7451314308228113, 0.7451314308228113, 0.7451314308228113, 0.7506147827761912, 0.7506147827761912, 0.7506147827761912, 0.7524809723781128, 0.7524809723781128, 0.7524809723781128, 0.7524809723781128, 0.7524809723781128, 0.7544775722223556, 0.7544775722223556, 0.7544775722223556, 0.7544775722223556, 0.7544775722223556, 0.7544775722223556, 0.7544775722223556, 0.7544775722223556, 0.7544775722223556, 0.7544775722223556, 0.7544775722223556, 0.7544775722223556]
[0.0968134179493931, 0.1156346404162292, 0.11762528667017091, 0.11702516296613422, 0.1256028629585233, 0.13011406479230572, 0.1360368027488689, 0.13948723275958774, 0.14812159077863643, 0.15534529741173597, 0.1587795771906575, 0.16404109051690569, 0.17243730721922224, 0.17920525782859817, 0.18153025916004434, 0.18603146819233732, 0.1893837522151134, 0.19676854872668748, 0.19838091384871792, 0.20751445813963637, 0.21602351620371524, 0.22142239004171374, 0.22862897610184718, 0.23380330468562555, 0.2394026987470109, 0.24012784464553666, 0.24641951440031173, 0.25301548266717316, 0.2579513421452357, 0.2619526621014467, 0.26748921827605027, 0.27192334184212863, 0.27222868371129333, 0.2746353694606388, 0.27504822206208857, 0.28615407262297476, 0.2911459252233062, 0.29785038470439207, 0.3018410498179908, 0.3078132936797573, 0.3107999022547995, 0.31266844971817054, 0.3203173643269974, 0.3203173643269974, 0.32489656870027256, 0.3263955416363887, 0.33007749617984183, 0.33236469242922295, 0.34367783458085926, 0.3514068176231182, 0.3514068176231182, 0.353358778697171, 0.353358778697171, 0.3607787160868441, 0.3642109816108018, 0.3642109816108018, 0.3730335988544241, 0.3730335988544241, 0.3730335988544241, 0.3730335988544241, 0.3730335988544241, 0.3730335988544241, 0.3730335988544241, 0.38154682867499345, 0.38154682867499345, 0.3856051831930498, 0.39157144642915875, 0.39157144642915875, 0.39157144642915875, 0.39157144642915875, 0.39157144642915875, 0.39157144642915875, 0.39809435455226594, 0.39809435455226594, 0.39809435455226594, 0.41719815512982905, 0.41719815512982905, 0.41719815512982905, 0.42299134218007134, 0.42299134218007134, 0.42299134218007134, 0.42299134218007134, 0.42299134218007134, 0.43041142103900826, 0.43041142103900826, 0.43041142103900826, 0.43041142103900826, 0.43041142103900826, 0.43041142103900826, 0.43041142103900826, 0.43041142103900826, 0.43041142103900826, 0.43041142103900826, 0.43041142103900826, 0.43041142103900826]
Training raw path: /home/anhnd/DTI Project/Codes/MPNN/data/KFold/ATCInchikeySideEffectByDrug.txt_train_6
('Number of substructures, proteins, pathways, drugs, se: ', 888, 1448, 330, 969, 598)
Train: 0.9009 0.7267
Test: 0.7775 0.4484
[0.6930669601584856, 0.6948908695020507, 0.6980967994975903, 0.6901308897080319, 0.6854360258951465, 0.683093173470372, 0.6835729884768065, 0.6856859051946276, 0.6852011989160215, 0.6871401590154446, 0.6886025373264091, 0.6903365651350889, 0.6956969856994957, 0.6988178102597227, 0.6984559446231663, 0.6987344686300501, 0.6995620007579928, 0.7005331439041711, 0.7014814742664607, 0.7041983996651859, 0.7062458338770725, 0.7092089896558089, 0.7111833345931109, 0.7122262588404864, 0.7135213773467316, 0.7139268419690857, 0.7153276531798991, 0.7168607873200099, 0.7190315986677023, 0.7200489930438333, 0.723661200180599, 0.7247387705552876, 0.7254384409771262, 0.7268332235607841, 0.7271188061444123, 0.7300730070688062, 0.7325258325876632, 0.7344270145625184, 0.7362807047286477, 0.7390637320730342, 0.7400036548087262, 0.7406947921712466, 0.7438036563061347, 0.7438036563061347, 0.7458605008059421, 0.7466367225704521, 0.7479804982603144, 0.748945677088735, 0.752778400666584, 0.7553576032873885, 0.7553576032873885, 0.7563887814337797, 0.7563887814337797, 0.7582954072723198, 0.7592981471593787, 0.7592981471593787, 0.7614953234199584, 0.7614953234199584, 0.7614953234199584, 0.7614953234199584, 0.7614953234199584, 0.7614953234199584, 0.7614953234199584, 0.7640072605068299, 0.7640072605068299, 0.7651726222915644, 0.766875276736382, 0.766875276736382, 0.766875276736382, 0.766875276736382, 0.766875276736382, 0.766875276736382, 0.7684635101010666, 0.7684635101010666, 0.7684635101010666, 0.7738622101431529, 0.7738622101431529, 0.7738622101431529, 0.7753949950180444, 0.7753949950180444, 0.7753949950180444, 0.7753949950180444, 0.7753949950180444, 0.7774514145780002, 0.7774514145780002, 0.7774514145780002, 0.7774514145780002, 0.7774514145780002, 0.7774514145780002, 0.7774514145780002, 0.7774514145780002, 0.7774514145780002, 0.7774514145780002, 0.7774514145780002, 0.7774514145780002]
[0.1098731283253849, 0.12329135103627378, 0.13347360334824548, 0.12845386202662756, 0.13112057119470655, 0.13496634613455064, 0.14334105998576346, 0.1534398630820777, 0.15990388720280801, 0.16787298263162423, 0.17322555136332926, 0.1795449923366758, 0.19170347709757163, 0.19833498136091054, 0.2001105017881754, 0.20245636411050008, 0.20757045457873738, 0.2104831481340767, 0.2135741153136649, 0.22144195393754595, 0.22776873562703748, 0.23666614052535648, 0.24359086895440576, 0.24826118296330718, 0.2522367111262938, 0.2536196425679641, 0.25825368012399136, 0.26221592716337894, 0.2691406939187619, 0.2714265278870522, 0.2814968653932022, 0.2849800640127459, 0.2864791077597968, 0.2913196528328373, 0.2922701985620985, 0.301501778777441, 0.3080224574038024, 0.3155892732666833, 0.3218143740405167, 0.32977430053184065, 0.33183573238977215, 0.33397861814451535, 0.3424750327575442, 0.3424750327575442, 0.3488569272919564, 0.3503866112222038, 0.3539956036436672, 0.356785861501863, 0.3682171233111805, 0.37589721613801075, 0.37589721613801075, 0.3786346430623301, 0.3786346430623301, 0.38430610773857765, 0.3872460985598093, 0.3872460985598093, 0.39372506119158723, 0.39372506119158723, 0.39372506119158723, 0.39372506119158723, 0.39372506119158723, 0.39372506119158723, 0.39372506119158723, 0.40202535453038646, 0.40202535453038646, 0.40562119944134756, 0.4112247054647772, 0.4112247054647772, 0.4112247054647772, 0.4112247054647772, 0.4112247054647772, 0.4112247054647772, 0.4163861434297669, 0.4163861434297669, 0.4163861434297669, 0.4356569367920165, 0.4356569367920165, 0.4356569367920165, 0.4407248473175054, 0.4407248473175054, 0.4407248473175054, 0.4407248473175054, 0.4407248473175054, 0.44835415918327437, 0.44835415918327437, 0.44835415918327437, 0.44835415918327437, 0.44835415918327437, 0.44835415918327437, 0.44835415918327437, 0.44835415918327437, 0.44835415918327437, 0.44835415918327437, 0.44835415918327437, 0.44835415918327437]
Training raw path: /home/anhnd/DTI Project/Codes/MPNN/data/KFold/ATCInchikeySideEffectByDrug.txt_train_7
('Number of substructures, proteins, pathways, drugs, se: ', 888, 1448, 330, 969, 598)
Train: 0.9023 0.7262
Test: 0.7548 0.4297
[0.6358290062389975, 0.6452663507901357, 0.6361136715307372, 0.6397008853745754, 0.6443724228209994, 0.6453259067422337, 0.6471000538114631, 0.6473433914188151, 0.648570826515152, 0.6499178836757159, 0.6485713178993329, 0.6497096028031517, 0.6510851824251759, 0.6540594887251144, 0.6538660702650078, 0.6544168942104314, 0.6562089395617756, 0.6574729909276871, 0.6590161300944684, 0.6611228298456269, 0.6636042116163533, 0.6670166878021722, 0.6698411011072289, 0.6732918635030434, 0.6750267065612039, 0.6751304564789888, 0.6775489805646852, 0.6797327334127017, 0.682199037010763, 0.6832066999433339, 0.6876614658716316, 0.6891294571441631, 0.6900978384622457, 0.6912421375788038, 0.6921133285274004, 0.6966291276083892, 0.6996166027831423, 0.7022290325921867, 0.7045521614137586, 0.7080545132481613, 0.7098718413612215, 0.7108645589989573, 0.7144389447059637, 0.7144389447059637, 0.7166024190992489, 0.7176576510235748, 0.7201052051765569, 0.7213588625450188, 0.726137909642768, 0.7294176900808963, 0.7294176900808963, 0.7305279463700871, 0.7305279463700871, 0.7330382063308458, 0.7342069587560887, 0.7342069587560887, 0.7368261788229231, 0.7368261788229231, 0.7368261788229231, 0.7368261788229231, 0.7368261788229231, 0.7368261788229231, 0.7368261788229231, 0.7400584515372973, 0.7400584515372973, 0.741672985339791, 0.743200252942984, 0.743200252942984, 0.743200252942984, 0.743200252942984, 0.743200252942984, 0.743200252942984, 0.7449610151686061, 0.7449610151686061, 0.7449610151686061, 0.7508224685686689, 0.7508224685686689, 0.7508224685686689, 0.752735405152249, 0.752735405152249, 0.752735405152249, 0.752735405152249, 0.752735405152249, 0.754824947200528, 0.754824947200528, 0.754824947200528, 0.754824947200528, 0.754824947200528, 0.754824947200528, 0.754824947200528, 0.754824947200528, 0.754824947200528, 0.754824947200528, 0.754824947200528, 0.754824947200528]
[0.1123914355043792, 0.11117985897081481, 0.10690787220433884, 0.11357500477138333, 0.12326978221456547, 0.12597244698137172, 0.13131883520167642, 0.13751788274821114, 0.14341038988715787, 0.14598996193533448, 0.1473215002939667, 0.14976626121136688, 0.15620926114749947, 0.16162717354275674, 0.16334581809527382, 0.16627717131577996, 0.17023787505635707, 0.17430108595427252, 0.17644409036279948, 0.18285782085629207, 0.18970324378445935, 0.19858411130069975, 0.20489403009493892, 0.2130073893612659, 0.2166973913512306, 0.2171236536404287, 0.22295784145924236, 0.22819272797410062, 0.23327823498290967, 0.2347065612565302, 0.24405634436242457, 0.2471183841688392, 0.24946972692709282, 0.2537330893850889, 0.2552099473957272, 0.26517711750228845, 0.27241711629676035, 0.2782771621689004, 0.2836569161725937, 0.2923059670030626, 0.29623587247762906, 0.29854797201865907, 0.30666746363687614, 0.30666746363687614, 0.3129828917206119, 0.3154499064159405, 0.3218894154216657, 0.32468135056573866, 0.33633689236553976, 0.3452009913879925, 0.3452009913879925, 0.3480164654644814, 0.3480164654644814, 0.3551934257184196, 0.3580888638972094, 0.3580888638972094, 0.3656545113007025, 0.3656545113007025, 0.3656545113007025, 0.3656545113007025, 0.3656545113007025, 0.3656545113007025, 0.3656545113007025, 0.3759066079147656, 0.3759066079147656, 0.3809260166056294, 0.38619087043675426, 0.38619087043675426, 0.38619087043675426, 0.38619087043675426, 0.38619087043675426, 0.38619087043675426, 0.39264428148614916, 0.39264428148614916, 0.39264428148614916, 0.414193284658017, 0.414193284658017, 0.414193284658017, 0.4213845448162606, 0.4213845448162606, 0.4213845448162606, 0.4213845448162606, 0.4213845448162606, 0.4296684263887023, 0.4296684263887023, 0.4296684263887023, 0.4296684263887023, 0.4296684263887023, 0.4296684263887023, 0.4296684263887023, 0.4296684263887023, 0.4296684263887023, 0.4296684263887023, 0.4296684263887023, 0.4296684263887023]
Training raw path: /home/anhnd/DTI Project/Codes/MPNN/data/KFold/ATCInchikeySideEffectByDrug.txt_train_8
('Number of substructures, proteins, pathways, drugs, se: ', 888, 1448, 330, 969, 598)
Train: 0.8967 0.7136
Test: 0.7497 0.4054
[0.6019795969646716, 0.6048976138398596, 0.6093673957436809, 0.6138989504574163, 0.6152075366801687, 0.620320353319661, 0.6223510014513342, 0.6208392456038558, 0.6181532283660073, 0.6200280434026564, 0.6229714515939576, 0.622538546686811, 0.6276752256979439, 0.6307604035472726, 0.6317267584185756, 0.6343301833103095, 0.635808768363798, 0.6388794519107212, 0.6408511748534338, 0.6457745360539753, 0.6485017676397182, 0.6517889702513182, 0.6554097326212838, 0.6591229788695248, 0.6617369320756902, 0.6621671432328285, 0.6652820172950145, 0.6684672329936052, 0.671627291327588, 0.6725355566153748, 0.6773989244789751, 0.6796266831682061, 0.680336854869277, 0.6825706642118589, 0.6838317566805141, 0.6888746061371943, 0.6915276929762622, 0.6947705787384917, 0.6974763865550013, 0.7009175067709983, 0.7035430663659671, 0.7040507862220899, 0.707860004172311, 0.707860004172311, 0.7097850361677494, 0.7110259492125848, 0.7129310705045444, 0.713982317136572, 0.7187070498139165, 0.7225403930259942, 0.7225403930259942, 0.7235813817341803, 0.7235813817341803, 0.7262418950968659, 0.7276073685640733, 0.7276073685640733, 0.7303860004403824, 0.7303860004403824, 0.7303860004403824, 0.7303860004403824, 0.7303860004403824, 0.7303860004403824, 0.7303860004403824, 0.7336975337377618, 0.7336975337377618, 0.7352737173626374, 0.7369958175185256, 0.7369958175185256, 0.7369958175185256, 0.7369958175185256, 0.7369958175185256, 0.7369958175185256, 0.7388019445956127, 0.7388019445956127, 0.7388019445956127, 0.7451893590825777, 0.7451893590825777, 0.7451893590825777, 0.7473145585714409, 0.7473145585714409, 0.7473145585714409, 0.7473145585714409, 0.7473145585714409, 0.749686278744027, 0.749686278744027, 0.749686278744027, 0.749686278744027, 0.749686278744027, 0.749686278744027, 0.749686278744027, 0.749686278744027, 0.749686278744027, 0.749686278744027, 0.749686278744027, 0.749686278744027]
[0.06569682710065738, 0.0723168864793181, 0.08360034163704294, 0.08784456955590497, 0.09307595651007139, 0.10252877584916577, 0.10683049598586647, 0.10956041475199862, 0.11179534859612154, 0.11703482145493418, 0.12009770622520605, 0.12247423476869553, 0.12895792813233486, 0.1338126205099012, 0.13662848750812343, 0.14000191822516853, 0.14286254455348024, 0.14812344442233022, 0.15096959156915024, 0.15783232056371693, 0.16309488007326658, 0.17002432394554812, 0.17659935478499283, 0.18309609034288654, 0.1884738574515435, 0.1892373463973425, 0.1952673592245045, 0.20131317214811278, 0.20685794447080463, 0.20842666280087196, 0.21732237033370685, 0.22198622073172197, 0.22331694687138426, 0.22776289752746728, 0.23036400948639002, 0.24119183812536, 0.246774419852886, 0.2541449555998451, 0.2609620655135392, 0.2686364638176441, 0.27441984531801933, 0.2756788612251402, 0.2841148018719883, 0.2841148018719883, 0.2888600713514283, 0.2917574875094673, 0.296682834881296, 0.2993597262579465, 0.3103270557949497, 0.3200414662603038, 0.3200414662603038, 0.32310591457132665, 0.32310591457132665, 0.3300088612107219, 0.333919027520569, 0.333919027520569, 0.34145858579065264, 0.34145858579065264, 0.34145858579065264, 0.34145858579065264, 0.34145858579065264, 0.34145858579065264, 0.34145858579065264, 0.3515049022465718, 0.3515049022465718, 0.35634661653608973, 0.36191045843107494, 0.36191045843107494, 0.36191045843107494, 0.36191045843107494, 0.36191045843107494, 0.36191045843107494, 0.3675542109045246, 0.3675542109045246, 0.3675542109045246, 0.3896421812680003, 0.3896421812680003, 0.3896421812680003, 0.39671720752255446, 0.39671720752255446, 0.39671720752255446, 0.39671720752255446, 0.39671720752255446, 0.4054459803413098, 0.4054459803413098, 0.4054459803413098, 0.4054459803413098, 0.4054459803413098, 0.4054459803413098, 0.4054459803413098, 0.4054459803413098, 0.4054459803413098, 0.4054459803413098, 0.4054459803413098, 0.4054459803413098]
Training raw path: /home/anhnd/DTI Project/Codes/MPNN/data/KFold/ATCInchikeySideEffectByDrug.txt_train_9
('Number of substructures, proteins, pathways, drugs, se: ', 888, 1448, 330, 969, 598)
Train: 0.9033 0.7303
Test: 0.7508 0.4547
[0.6092300178002635, 0.6404247977153736, 0.6368540340458626, 0.6306634060961902, 0.637101280101886, 0.6328650135421786, 0.6358883472006149, 0.6373895650969783, 0.6398093053391645, 0.642610473034208, 0.6438305190158576, 0.6462338160319008, 0.6498794512209947, 0.6515245732594129, 0.6523695820210793, 0.6550692438548467, 0.6562252769314274, 0.6592491219515699, 0.6600169488218428, 0.6626307220918488, 0.6658145682373268, 0.6694612584759292, 0.6732585811134622, 0.676842926842161, 0.6777924255330277, 0.6784560086792507, 0.6812683186999231, 0.683226422199223, 0.6857027201788803, 0.6871311020048252, 0.6906370584034589, 0.6920947596617273, 0.6928097074958524, 0.6945823642249307, 0.6954962033142948, 0.6993878446421025, 0.7014233782268315, 0.7047676131364886, 0.7071675987754473, 0.7105875120266407, 0.712484029515936, 0.7130367149340425, 0.7160388338265169, 0.7160388338265169, 0.7179323808663131, 0.7186323965234674, 0.7207293124810241, 0.7216010350378932, 0.7253229704307197, 0.7280278177435091, 0.7280278177435091, 0.7290110978886226, 0.7290110978886226, 0.7313109131478026, 0.7323790637823221, 0.7323790637823221, 0.7347702131881846, 0.7347702131881846, 0.7347702131881846, 0.7347702131881846, 0.7347702131881846, 0.7347702131881846, 0.7347702131881846, 0.7374271598838112, 0.7374271598838112, 0.7389836379782326, 0.7404536910413753, 0.7404536910413753, 0.7404536910413753, 0.7404536910413753, 0.7404536910413753, 0.7404536910413753, 0.7420183344103837, 0.7420183344103837, 0.7420183344103837, 0.7470876988232613, 0.7470876988232613, 0.7470876988232613, 0.7488988462237665, 0.7488988462237665, 0.7488988462237665, 0.7488988462237665, 0.7488988462237665, 0.7507703439801894, 0.7507703439801894, 0.7507703439801894, 0.7507703439801894, 0.7507703439801894, 0.7507703439801894, 0.7507703439801894, 0.7507703439801894, 0.7507703439801894, 0.7507703439801894, 0.7507703439801894, 0.7507703439801894]
[0.1006249288293338, 0.12220105577514576, 0.12838144447979716, 0.1360274724510711, 0.14728004105901568, 0.14806638053031848, 0.1562455607619674, 0.16443819506356339, 0.17338935536772776, 0.17917485188840643, 0.18355862948477458, 0.18896925216014215, 0.19871904624448408, 0.20586977201387244, 0.20900660204472013, 0.21523369631942182, 0.21746251853101956, 0.2243909451058779, 0.22560147985969786, 0.23079040315754604, 0.23804844777267642, 0.2449078198638402, 0.25326953231088245, 0.2602241900920471, 0.2639014554829756, 0.2652958724423199, 0.27114832111738185, 0.27590959608356425, 0.2807993434452075, 0.28381100115180147, 0.2909901446594121, 0.2938410542533412, 0.2949354741760485, 0.2992699158687922, 0.30132836512648015, 0.3102309904837186, 0.3148252170551905, 0.3221514219531063, 0.3270861838452581, 0.3354159697351712, 0.33973589397878234, 0.34094146654404184, 0.3480441169666868, 0.3480441169666868, 0.3531551936101435, 0.3545488231871985, 0.3602597297672709, 0.3626079581456123, 0.3727025115201642, 0.3800549419672339, 0.3800549419672339, 0.38250966564956745, 0.38250966564956745, 0.3895124764633041, 0.39237752628636313, 0.39237752628636313, 0.3994912499638026, 0.3994912499638026, 0.3994912499638026, 0.3994912499638026, 0.3994912499638026, 0.3994912499638026, 0.3994912499638026, 0.4082379858809616, 0.4082379858809616, 0.4132232251037227, 0.41808386920944296, 0.41808386920944296, 0.41808386920944296, 0.41808386920944296, 0.41808386920944296, 0.41808386920944296, 0.423405954397869, 0.423405954397869, 0.423405954397869, 0.4408481248360636, 0.4408481248360636, 0.4408481248360636, 0.44744823805954226, 0.44744823805954226, 0.44744823805954226, 0.44744823805954226, 0.44744823805954226, 0.45473120160733216, 0.45473120160733216, 0.45473120160733216, 0.45473120160733216, 0.45473120160733216, 0.45473120160733216, 0.45473120160733216, 0.45473120160733216, 0.45473120160733216, 0.45473120160733216, 0.45473120160733216, 0.45473120160733216]
AUC: 0.7478 0.0049
AUPR: 0.4380 0.0085
('RARE AUC', [(0.6242859656878725, 0.010620992301590186), (0.6316358413770669, 0.011268996883489096), (0.6295195279059093, 0.01138049690199659), (0.6276065386032943, 0.010906279675065876), (0.6285497139730543, 0.01074832595334337), (0.6286357652657217, 0.010277939975786176), (0.6308991347896166, 0.009883240724291855), (0.6321667052891202, 0.009852665460087225), (0.6332839406060753, 0.009612473702015357), (0.6349889737619254, 0.009634599363212036), (0.635474466118409, 0.009732040675956774), (0.6374071590604327, 0.009558920052061347), (0.6412423010148094, 0.009202779811065329), (0.6441533722425627, 0.008993858969421857), (0.6447283315222966, 0.008867880958302377), (0.6467185753613058, 0.00874577727817556), (0.6480709834113012, 0.008809450484028118), (0.6502871674652215, 0.008611939356389913), (0.6514232225066318, 0.008507378408857498), (0.6546971749949748, 0.008428502612545517), (0.6577612126748529, 0.008282865307949475), (0.6609013334274337, 0.008249443466511379), (0.6639189676994238, 0.008190031774712591), (0.6670028190040767, 0.008045555939691362), (0.6690116925114358, 0.008008735858370012), (0.6693243631982562, 0.008012384077447884), (0.6717595469490119, 0.007874761187364429), (0.6742078748638505, 0.007748241327164539), (0.6769752853781192, 0.007528577442871151), (0.6781754674063574, 0.007519011816614809), (0.6819811725878124, 0.007350558561009994), (0.6839427677267406, 0.007178088382683266), (0.6846786671086946, 0.007136614997382863), (0.6863030617111954, 0.007019008692376706), (0.6871097783347859, 0.006948784818076197), (0.6919440083326799, 0.0066715904695987946), (0.6945500312102203, 0.006617937917782583), (0.6975739851507329, 0.006447374829572665), (0.6998940456150076, 0.00634534071751406), (0.7033160512305761, 0.006208623311170491), (0.7049840567530525, 0.006101444677140035), (0.7058636190423239, 0.006059265815459143), (0.7094111941555739, 0.005899243048945051), (0.7094111941555739, 0.005899243048945051), (0.7113837431201332, 0.005919897341415068), (0.7123594030636624, 0.005874881442804236), (0.714370891710485, 0.0057736266832770665), (0.7154504484558456, 0.005744571325249341), (0.719689350797929, 0.005659989786227692), (0.722907618613765, 0.005540839554978669), (0.722907618613765, 0.005540839554978669), (0.7239406160287236, 0.005520306414489893), (0.7239406160287236, 0.005520306414489893), (0.7263089359152055, 0.005452458235538999), (0.7275001200550637, 0.005420802238857402), (0.7275001200550637, 0.005420802238857402), (0.7300528583391558, 0.005346574085075992), (0.7300528583391558, 0.005346574085075992), (0.7300528583391558, 0.005346574085075992), (0.7300528583391558, 0.005346574085075992), (0.7300528583391558, 0.005346574085075992), (0.7300528583391558, 0.005346574085075992), (0.7300528583391558, 0.005346574085075992), (0.7330712812534841, 0.005254195811327802), (0.7330712812534841, 0.005254195811327802), (0.734608953828044, 0.005206468841616518), (0.7362330567767419, 0.005190779929444031), (0.7362330567767419, 0.005190779929444031), (0.7362330567767419, 0.005190779929444031), (0.7362330567767419, 0.005190779929444031), (0.7362330567767419, 0.005190779929444031), (0.7362330567767419, 0.005190779929444031), (0.7380682753772454, 0.005136717685596704), (0.7380682753772454, 0.005136717685596704), (0.7380682753772454, 0.005136717685596704), (0.7437230262035015, 0.005023408562369772), (0.7437230262035015, 0.005023408562369772), (0.7437230262035015, 0.005023408562369772), (0.7456586303043755, 0.004957723987021396), (0.7456586303043755, 0.004957723987021396), (0.7456586303043755, 0.004957723987021396), (0.7456586303043755, 0.004957723987021396), (0.7456586303043755, 0.004957723987021396), (0.7477604572774776, 0.004924240344850612), (0.7477604572774776, 0.004924240344850612), (0.7477604572774776, 0.004924240344850612), (0.7477604572774776, 0.004924240344850612), (0.7477604572774776, 0.004924240344850612), (0.7477604572774776, 0.004924240344850612), (0.7477604572774776, 0.004924240344850612), (0.7477604572774776, 0.004924240344850612), (0.7477604572774776, 0.004924240344850612), (0.7477604572774776, 0.004924240344850612), (0.7477604572774776, 0.004924240344850612), (0.7477604572774776, 0.004924240344850612)])
('RARE AUPR', [(0.10257152589762197, 0.007432779605149096), (0.11606637375244426, 0.008722651259540573), (0.12141726847565723, 0.009213247776161542), (0.12322963077830458, 0.008606963774264897), (0.1291110902238097, 0.008571691080044738), (0.1329745752047726, 0.008273223969687181), (0.139757357272938, 0.008529953936113147), (0.14624709573029798, 0.008637266968670279), (0.15239324188266085, 0.008729134073139633), (0.1574485637316932, 0.008747154759961864), (0.16029211899589105, 0.008871758597062426), (0.1647777860121576, 0.009036196651197688), (0.17334608521756495, 0.009277668731603263), (0.1795907583033493, 0.009181864561437849), (0.18203789405472384, 0.009209412320310901), (0.18647534063283291, 0.00942216818354715), (0.18970234100698427, 0.009630616957994921), (0.19453958471311777, 0.009632001935582963), (0.19661068006201018, 0.009546711637784637), (0.20424196379950937, 0.009864810147432453), (0.21122583869732017, 0.010177353048658333), (0.21839392126136312, 0.010229901983008877), (0.22497060315375045, 0.010373414185703459), (0.23146543172273476, 0.010420552646811672), (0.23636241204472125, 0.010793492030398389), (0.23726282929364945, 0.010828549701356511), (0.24275105013120984, 0.010784354444273071), (0.24806310846331497, 0.010766396657334688), (0.2538383177666144, 0.010698302298134038), (0.2562926580890473, 0.010779856726845399), (0.2641368243577751, 0.010712664725115313), (0.26823141213454965, 0.010626127613521686), (0.26968231495600137, 0.010601228268437842), (0.27388503481119686, 0.010465078592314433), (0.2755734898263742, 0.0103826013416609), (0.28630796337774245, 0.010379638261947478), (0.29217345085659163, 0.01047965816052243), (0.2993212291333146, 0.010484687798324588), (0.3047862471033735, 0.010509201534574913), (0.31289000096129055, 0.010436339384613932), (0.3166015038483275, 0.010266319759005913), (0.31865350998200576, 0.01033002122969358), (0.32678765749537975, 0.010207189034175989), (0.32678765749537975, 0.010207189034175989), (0.33197235939521524, 0.010326211211175561), (0.33406641839643775, 0.010247461705466093), (0.33919705170146786, 0.010176885174528477), (0.3418654187373214, 0.010173827701839512), (0.3525190552428621, 0.010087416312187165), (0.3607689469244173, 0.009890983132598334), (0.3607689469244173, 0.009890983132598334), (0.3632762958190624, 0.009895272039381207), (0.3632762958190624, 0.009895272039381207), (0.3696203394286955, 0.009755070897518592), (0.37280735174238583, 0.009760151636493294), (0.37280735174238583, 0.009760151636493294), (0.3797304178372406, 0.00960392855244226), (0.3797304178372406, 0.00960392855244226), (0.3797304178372406, 0.00960392855244226), (0.3797304178372406, 0.00960392855244226), (0.3797304178372406, 0.00960392855244226), (0.3797304178372406, 0.00960392855244226), (0.3797304178372406, 0.00960392855244226), (0.38869670648212307, 0.009444751317994705), (0.38869670648212307, 0.009444751317994705), (0.3932365891129268, 0.009433992946641968), (0.3983957412537699, 0.009367407669244498), (0.3983957412537699, 0.009367407669244498), (0.3983957412537699, 0.009367407669244498), (0.3983957412537699, 0.009367407669244498), (0.3983957412537699, 0.009367407669244498), (0.3983957412537699, 0.009367407669244498), (0.40447009547031404, 0.009249933757492522), (0.40447009547031404, 0.009249933757492522), (0.40447009547031404, 0.009249933757492522), (0.4236053553858913, 0.008825239890043543), (0.4236053553858913, 0.008825239890043543), (0.4236053553858913, 0.008825239890043543), (0.4301643637343373, 0.008658877463719634), (0.4301643637343373, 0.008658877463719634), (0.4301643637343373, 0.008658877463719634), (0.4301643637343373, 0.008658877463719634), (0.4301643637343373, 0.008658877463719634), (0.4379820417305327, 0.0085113471795359), (0.4379820417305327, 0.0085113471795359), (0.4379820417305327, 0.0085113471795359), (0.4379820417305327, 0.0085113471795359), (0.4379820417305327, 0.0085113471795359), (0.4379820417305327, 0.0085113471795359), (0.4379820417305327, 0.0085113471795359), (0.4379820417305327, 0.0085113471795359), (0.4379820417305327, 0.0085113471795359), (0.4379820417305327, 0.0085113471795359), (0.4379820417305327, 0.0085113471795359), (0.4379820417305327, 0.0085113471795359)])
