Default
<models.baselines.omodels.NeuSK object at 0x7fc25b980050>
('Manual torch seed: ', 1772727637)
('Config: ', 'Protein Test: ', False)
Training raw path: /home/anhnd/DTI Project/Codes/MPNN/data/KFold/ATCInchikeySideEffectByDrug.txt_train_0
('Number of substructures, proteins, pathways, drugs, se: ', 2936, 1448, 330, 969, 598)
((872, 4714), (97, 4714), (872, 598), (97, 598))
Train: 0.9315 0.7947
Test: 0.7358 0.4516
[0.621829094929711, 0.643594862400497, 0.6392064340539584, 0.6344810468577079, 0.6343270743793888, 0.6366137577743382, 0.637923743343697, 0.641464824530104, 0.6424271913011751, 0.6421932325430905, 0.642509508004234, 0.6420248429573545, 0.644272404374925, 0.6453752783150695, 0.6457190356453898, 0.6465137048077405, 0.6479255537482072, 0.6493819976011503, 0.6502822648741082, 0.6521586764631706, 0.6542097595338654, 0.6564596608282763, 0.6583708336987389, 0.6600271381269742, 0.6614072261360737, 0.6617400297115849, 0.6635897998418369, 0.6649941073487784, 0.6673631217856006, 0.6680438674516895, 0.6714771379080149, 0.6737650231123029, 0.674550142060402, 0.6761225207510205, 0.6764240973369571, 0.6806881417395265, 0.6830283544157516, 0.6860334588950361, 0.6883214109191761, 0.6916477836806516, 0.6927708017786738, 0.6937730957321978, 0.6969854351591296, 0.6969854351591296, 0.6988811673721924, 0.6998497756476358, 0.7021288152923342, 0.7031130605799792, 0.7070489178288447, 0.7102341160924592, 0.7102341160924592, 0.7115219237240519, 0.7115219237240519, 0.7139988248100984, 0.7151943296677618, 0.7151943296677618, 0.7176037142055217, 0.7176037142055217, 0.7176037142055217, 0.7176037142055217, 0.7176037142055217, 0.7176037142055217, 0.7176037142055217, 0.7208086073345381, 0.7208086073345381, 0.7224690400995619, 0.7240648803419562, 0.7240648803419562, 0.7240648803419562, 0.7240648803419562, 0.7240648803419562, 0.7240648803419562, 0.7259660580784992, 0.7259660580784992, 0.7259660580784992, 0.7315549483597643, 0.7315549483597643, 0.7315549483597643, 0.7335839981447598, 0.7335839981447598, 0.7335839981447598, 0.7335839981447598, 0.7335839981447598, 0.7357824887865796, 0.7357824887865796, 0.7357824887865796, 0.7357824887865796, 0.7357824887865796, 0.7357824887865796, 0.7357824887865796, 0.7357824887865796, 0.7357824887865796, 0.7357824887865796, 0.7357824887865796, 0.7357824887865796]
[0.10675655937692546, 0.12275735631306607, 0.1290537429469688, 0.13038174088092944, 0.1341788853437239, 0.14087170640033445, 0.14962651660783943, 0.15879998062402628, 0.16536681914352164, 0.16780667826171508, 0.16898502403544208, 0.17202792127220978, 0.18122640578593047, 0.18803040444728542, 0.19123836034115232, 0.1950318698189015, 0.1976708870001019, 0.20091713855823273, 0.2037709330697147, 0.21358710470786435, 0.21940326368374224, 0.2258371814215508, 0.2326962285383838, 0.2378351434564671, 0.24198893528740797, 0.24283078744869996, 0.2469008852478934, 0.2503282447525315, 0.25708804994768375, 0.25866291150162674, 0.2661877813761917, 0.2713644632644504, 0.2732103384565596, 0.27721967920072693, 0.2787009056101267, 0.2906248809726797, 0.29704807800247174, 0.30567498165162177, 0.31028330884555333, 0.3179047870336424, 0.3212293518263465, 0.32468798623426254, 0.3335312780438662, 0.3335312780438662, 0.33808343319038825, 0.3406315428241222, 0.34637706842984334, 0.3489585608163591, 0.35910675679632, 0.36809256208697727, 0.36809256208697727, 0.3716183668701108, 0.3716183668701108, 0.3785847488095306, 0.3813815830132134, 0.3813815830132134, 0.3881519413010186, 0.3881519413010186, 0.3881519413010186, 0.3881519413010186, 0.3881519413010186, 0.3881519413010186, 0.3881519413010186, 0.3976178026932531, 0.3976178026932531, 0.4026748439425638, 0.40826037092665013, 0.40826037092665013, 0.40826037092665013, 0.40826037092665013, 0.40826037092665013, 0.40826037092665013, 0.4155529096467789, 0.4155529096467789, 0.4155529096467789, 0.4350481297786866, 0.4350481297786866, 0.4350481297786866, 0.4426622017975295, 0.4426622017975295, 0.4426622017975295, 0.4426622017975295, 0.4426622017975295, 0.45157453520057034, 0.45157453520057034, 0.45157453520057034, 0.45157453520057034, 0.45157453520057034, 0.45157453520057034, 0.45157453520057034, 0.45157453520057034, 0.45157453520057034, 0.45157453520057034, 0.45157453520057034, 0.45157453520057034]
Training raw path: /home/anhnd/DTI Project/Codes/MPNN/data/KFold/ATCInchikeySideEffectByDrug.txt_train_1
('Number of substructures, proteins, pathways, drugs, se: ', 2936, 1448, 330, 969, 598)
((872, 4714), (97, 4714), (872, 598), (97, 598))
Train: 0.9386 0.8126
Test: 0.7222 0.4439
[0.5781113311816046, 0.5962686369998272, 0.5987548990387604, 0.5934119608675068, 0.5953614999255326, 0.596349662612657, 0.5937402661771872, 0.5933471674312347, 0.5956796946173618, 0.5950948673604504, 0.595282696829061, 0.5987230483433922, 0.6030589425790156, 0.606880970009629, 0.6082061145906286, 0.6108546522367124, 0.6119058261428865, 0.6140860269463834, 0.6144141705065362, 0.6178766236738211, 0.6212831952422967, 0.6241802274635687, 0.6256634546639219, 0.6290697908749626, 0.6305520338735191, 0.6310908220494147, 0.63374878895888, 0.6363249207154201, 0.6399757760421169, 0.6415329158098235, 0.6454628469708181, 0.6487914505737807, 0.6499832658930106, 0.6521678771506265, 0.6530043767307865, 0.6576519339478608, 0.6603622042750289, 0.664580155748723, 0.6675435987283955, 0.6715936858011387, 0.6734337798034485, 0.6742806825741774, 0.6783231686661475, 0.6783231686661475, 0.680139831291912, 0.6811829939377732, 0.6839781504478959, 0.6851668715080008, 0.6900647726769132, 0.6939560995204371, 0.6939560995204371, 0.6951475463968204, 0.6951475463968204, 0.6980227786871597, 0.6994473395245971, 0.6994473395245971, 0.7023836957069014, 0.7023836957069014, 0.7023836957069014, 0.7023836957069014, 0.7023836957069014, 0.7023836957069014, 0.7023836957069014, 0.7060783739226715, 0.7060783739226715, 0.7077839662822828, 0.7094378212720479, 0.7094378212720479, 0.7094378212720479, 0.7094378212720479, 0.7094378212720479, 0.7094378212720479, 0.7116911920031872, 0.7116911920031872, 0.7116911920031872, 0.7175374569843115, 0.7175374569843115, 0.7175374569843115, 0.7198453899640482, 0.7198453899640482, 0.7198453899640482, 0.7198453899640482, 0.7198453899640482, 0.722209401283924, 0.722209401283924, 0.722209401283924, 0.722209401283924, 0.722209401283924, 0.722209401283924, 0.722209401283924, 0.722209401283924, 0.722209401283924, 0.722209401283924, 0.722209401283924, 0.722209401283924]
[0.0897482786912379, 0.10688646625937741, 0.10883271252918571, 0.11228383106686635, 0.11825374543195458, 0.12046971642802164, 0.12328369033460876, 0.12697598885331618, 0.1360825119137658, 0.13915579162132763, 0.1407564206821669, 0.14829262059411538, 0.15752804235490134, 0.1642284072627136, 0.16670945895455616, 0.17001815614230345, 0.1714313409938969, 0.17683569592926324, 0.17849565815043525, 0.1868298787126272, 0.1925046604021807, 0.2018040272407463, 0.20631255404571758, 0.21292632566544237, 0.21475983388984377, 0.21607396093482306, 0.2205566733931597, 0.22622173159716946, 0.2337928523459956, 0.23736826036737138, 0.24710251901913663, 0.25304729676475946, 0.2551451358411604, 0.26033319485213746, 0.262660175531496, 0.2750452935311333, 0.2809022412429554, 0.29079740558286477, 0.29659122377769354, 0.3056561981259365, 0.3104511493773593, 0.31275191026549565, 0.3222399084106501, 0.3222399084106501, 0.32640706860659574, 0.32911425545104317, 0.33569238269045093, 0.33834995936400525, 0.35049149628586546, 0.3605118371324659, 0.3605118371324659, 0.36290156611772795, 0.36290156611772795, 0.3700089805629231, 0.37330423790405115, 0.37330423790405115, 0.3802792467622713, 0.3802792467622713, 0.3802792467622713, 0.3802792467622713, 0.3802792467622713, 0.3802792467622713, 0.3802792467622713, 0.39080354294390834, 0.39080354294390834, 0.395259556851443, 0.4000697113782377, 0.4000697113782377, 0.4000697113782377, 0.4000697113782377, 0.4000697113782377, 0.4000697113782377, 0.4081377626957055, 0.4081377626957055, 0.4081377626957055, 0.4270080641337004, 0.4270080641337004, 0.4270080641337004, 0.4349810341744594, 0.4349810341744594, 0.4349810341744594, 0.4349810341744594, 0.4349810341744594, 0.4438598404151358, 0.4438598404151358, 0.4438598404151358, 0.4438598404151358, 0.4438598404151358, 0.4438598404151358, 0.4438598404151358, 0.4438598404151358, 0.4438598404151358, 0.4438598404151358, 0.4438598404151358, 0.4438598404151358]
Training raw path: /home/anhnd/DTI Project/Codes/MPNN/data/KFold/ATCInchikeySideEffectByDrug.txt_train_2
('Number of substructures, proteins, pathways, drugs, se: ', 2936, 1448, 330, 969, 598)
((872, 4714), (97, 4714), (872, 598), (97, 598))
Train: 0.9335 0.7982
Test: 0.7524 0.5090
[0.6603497816941539, 0.67663549140404, 0.6699983217872072, 0.6673099189307898, 0.6625112070399286, 0.6624868010361212, 0.6623354353546901, 0.6626809802833825, 0.6630029732061642, 0.6637207647694731, 0.6635300374066067, 0.6648141900976352, 0.6657009102789115, 0.6656209502419903, 0.6666363536624074, 0.6672830755677179, 0.6691669796542343, 0.6706468576594451, 0.6709781012746856, 0.6729195613446245, 0.675730801699107, 0.678197011875072, 0.6803515836732789, 0.6830938146694518, 0.6852797245477666, 0.6857248386727921, 0.6872627170356633, 0.6896569736024714, 0.6913096886783341, 0.6924458554571317, 0.6948309811488771, 0.6972126689090039, 0.6978638942461622, 0.6986266354280638, 0.6989933623651802, 0.7032948976694973, 0.7060374547033292, 0.7084562655106481, 0.7107250831265837, 0.7133384259693729, 0.7145327446139502, 0.7156307819472245, 0.7185794395329017, 0.7185794395329017, 0.720257033659289, 0.7212013519525622, 0.7230427675883618, 0.7240470596835025, 0.7277176367156164, 0.7303164357060362, 0.7303164357060362, 0.7312610645558635, 0.7312610645558635, 0.7331059864484786, 0.7343741193089495, 0.7343741193089495, 0.7364554334318925, 0.7364554334318925, 0.7364554334318925, 0.7364554334318925, 0.7364554334318925, 0.7364554334318925, 0.7364554334318925, 0.7391753711873612, 0.7391753711873612, 0.7407531546543479, 0.7422127274718398, 0.7422127274718398, 0.7422127274718398, 0.7422127274718398, 0.7422127274718398, 0.7422127274718398, 0.7439113339875283, 0.7439113339875283, 0.7439113339875283, 0.7487720706809907, 0.7487720706809907, 0.7487720706809907, 0.7505116038170498, 0.7505116038170498, 0.7505116038170498, 0.7505116038170498, 0.7505116038170498, 0.7523730565590436, 0.7523730565590436, 0.7523730565590436, 0.7523730565590436, 0.7523730565590436, 0.7523730565590436, 0.7523730565590436, 0.7523730565590436, 0.7523730565590436, 0.7523730565590436, 0.7523730565590436, 0.7523730565590436]
[0.14850620693763103, 0.16794180851380522, 0.18128035223245925, 0.1837894029917006, 0.1845733558491788, 0.1900948774716956, 0.19888733812126377, 0.2038069921564786, 0.21115041597191425, 0.21675503296286694, 0.21983483531716816, 0.2247361490798977, 0.23500672454338933, 0.23956478555062438, 0.24288398819535406, 0.24764611832057204, 0.2524788522327327, 0.2584111873823589, 0.26117496784916244, 0.2718643815959646, 0.28004474216029085, 0.2864771110316774, 0.2947901375044848, 0.3035862203328218, 0.3102991845863005, 0.3117261033377518, 0.31735656144301894, 0.32367585066645216, 0.32910492087231413, 0.33182011531890476, 0.3382495164406551, 0.3439920600512597, 0.34566681503108765, 0.34838006138266614, 0.3496378008672238, 0.36030873910688066, 0.36798186175762565, 0.37536747478452864, 0.38225798336766437, 0.38865043443684993, 0.39170458225168964, 0.39469218260023564, 0.40272566465525417, 0.40272566465525417, 0.40711126028993366, 0.40936622400566514, 0.4144343800285396, 0.41687008218671384, 0.4259387681621718, 0.43243425885532305, 0.43243425885532305, 0.43543296465788206, 0.43543296465788206, 0.4412293577819021, 0.4451535677609315, 0.4451535677609315, 0.4514893821643224, 0.4514893821643224, 0.4514893821643224, 0.4514893821643224, 0.4514893821643224, 0.4514893821643224, 0.4514893821643224, 0.46025175873430346, 0.46025175873430346, 0.4656236525716533, 0.4709903412397394, 0.4709903412397394, 0.4709903412397394, 0.4709903412397394, 0.4709903412397394, 0.4709903412397394, 0.47724576506864685, 0.47724576506864685, 0.47724576506864685, 0.495222748032304, 0.495222748032304, 0.495222748032304, 0.5016581815969912, 0.5016581815969912, 0.5016581815969912, 0.5016581815969912, 0.5016581815969912, 0.5089844935926249, 0.5089844935926249, 0.5089844935926249, 0.5089844935926249, 0.5089844935926249, 0.5089844935926249, 0.5089844935926249, 0.5089844935926249, 0.5089844935926249, 0.5089844935926249, 0.5089844935926249, 0.5089844935926249]
Training raw path: /home/anhnd/DTI Project/Codes/MPNN/data/KFold/ATCInchikeySideEffectByDrug.txt_train_3
('Number of substructures, proteins, pathways, drugs, se: ', 2936, 1448, 330, 969, 598)
((872, 4714), (97, 4714), (872, 598), (97, 598))
Train: 0.9255 0.7814
Test: 0.7436 0.4602
[0.6222240452222719, 0.6348253029059441, 0.6323436024989367, 0.6311121984018844, 0.6334548307038663, 0.6347899510177089, 0.6388329744011338, 0.6426406064601072, 0.6444303264428792, 0.6472345985666951, 0.6480816241255776, 0.6504554310274098, 0.6539846287065222, 0.6576125874078858, 0.6581822799778874, 0.6606404793656234, 0.6616119734003507, 0.6634435024482819, 0.6645754399203145, 0.6654898595354914, 0.6679734918024919, 0.6697680100328902, 0.6726678328567557, 0.6739728104200038, 0.6746342662112941, 0.6748936256004179, 0.6767646581086861, 0.6778711798268351, 0.67971010854408, 0.6803863739997884, 0.6842203459222627, 0.6859710644949886, 0.6865866267220466, 0.688155904143618, 0.6887753456807134, 0.6928942807298399, 0.6948261448472358, 0.6966561495274879, 0.6985236458755435, 0.7013217727707179, 0.7023658977153586, 0.7031332333969771, 0.7064276455923405, 0.7064276455923405, 0.7080339824236317, 0.7091109794082927, 0.7108731584921856, 0.7119831172393074, 0.7154540980334737, 0.7186304088648268, 0.7186304088648268, 0.7197448264303546, 0.7197448264303546, 0.7219722175600163, 0.7231820743147239, 0.7231820743147239, 0.72580220502103, 0.72580220502103, 0.72580220502103, 0.72580220502103, 0.72580220502103, 0.72580220502103, 0.72580220502103, 0.728766931160746, 0.728766931160746, 0.7304084755449128, 0.7320090373558733, 0.7320090373558733, 0.7320090373558733, 0.7320090373558733, 0.7320090373558733, 0.7320090373558733, 0.7338250946258867, 0.7338250946258867, 0.7338250946258867, 0.7395364145893581, 0.7395364145893581, 0.7395364145893581, 0.7415426123623439, 0.7415426123623439, 0.7415426123623439, 0.7415426123623439, 0.7415426123623439, 0.7435543019028656, 0.7435543019028656, 0.7435543019028656, 0.7435543019028656, 0.7435543019028656, 0.7435543019028656, 0.7435543019028656, 0.7435543019028656, 0.7435543019028656, 0.7435543019028656, 0.7435543019028656, 0.7435543019028656]
[0.09680161111388744, 0.10948568173520778, 0.11764209942040343, 0.1205115103429894, 0.12849717189417073, 0.13787013573402127, 0.1469141868120633, 0.15834124158901003, 0.1666951532076807, 0.17417053456423687, 0.17562717584425774, 0.1824745175803121, 0.19123588362712057, 0.20066873377698932, 0.20440953235937853, 0.21032224734999216, 0.21583927104023679, 0.2201986327393929, 0.22163654419527096, 0.22977427852698587, 0.23724926029447557, 0.2459284227059197, 0.2549384132530021, 0.2599766718730895, 0.2637686197420154, 0.26492595712646727, 0.27084715864410064, 0.27629226470465584, 0.28310989454491187, 0.2844209587174855, 0.2935749175019562, 0.29779612052818977, 0.29909389815316906, 0.3014570787493711, 0.30300306247969566, 0.3138420557737264, 0.319058629554433, 0.32622694661604557, 0.33184814263351603, 0.34008737902070196, 0.3430108961128401, 0.3450678408298954, 0.3523202265115976, 0.3523202265115976, 0.3550371160314739, 0.35742646435835385, 0.3630357569913417, 0.3662813992472641, 0.37537368093854445, 0.3838371536967392, 0.3838371536967392, 0.3866733714863628, 0.3866733714863628, 0.3924993271443465, 0.39524478543858654, 0.39524478543858654, 0.4022105127543122, 0.4022105127543122, 0.4022105127543122, 0.4022105127543122, 0.4022105127543122, 0.4022105127543122, 0.4022105127543122, 0.41073461096407043, 0.41073461096407043, 0.41544905560268863, 0.4205212176634976, 0.4205212176634976, 0.4205212176634976, 0.4205212176634976, 0.4205212176634976, 0.4205212176634976, 0.4270893811949529, 0.4270893811949529, 0.4270893811949529, 0.4453378710058927, 0.4453378710058927, 0.4453378710058927, 0.4527361448885229, 0.4527361448885229, 0.4527361448885229, 0.4527361448885229, 0.4527361448885229, 0.46020284446592297, 0.46020284446592297, 0.46020284446592297, 0.46020284446592297, 0.46020284446592297, 0.46020284446592297, 0.46020284446592297, 0.46020284446592297, 0.46020284446592297, 0.46020284446592297, 0.46020284446592297, 0.46020284446592297]
Training raw path: /home/anhnd/DTI Project/Codes/MPNN/data/KFold/ATCInchikeySideEffectByDrug.txt_train_4
('Number of substructures, proteins, pathways, drugs, se: ', 2936, 1448, 330, 969, 598)
((872, 4714), (97, 4714), (872, 598), (97, 598))
Train: 0.9350 0.8060
Test: 0.7264 0.4394
[0.5904578770586987, 0.6025001353040201, 0.6045760214422795, 0.6028087804582244, 0.6034530728718817, 0.6043411408264482, 0.5983874369358069, 0.6037465254749568, 0.6075792364388396, 0.6075238805860399, 0.6066837442611951, 0.6082425427123159, 0.6115520506321065, 0.6113404974416252, 0.6117651507326901, 0.6129530182988824, 0.6138371308228622, 0.6157414394930425, 0.6171667484511656, 0.6189723748383593, 0.6210426346277845, 0.6251515362073494, 0.6273235981756161, 0.6310064275774874, 0.6340425991742868, 0.6344937261355221, 0.6372725551833786, 0.6387356733009424, 0.6413380623628326, 0.6423675262366378, 0.6456406093491954, 0.6483555450364575, 0.6490308131038777, 0.6515039766022965, 0.6526311674345266, 0.6593164613102294, 0.6624605349738129, 0.6657963939646048, 0.6690524250308425, 0.6732212594420544, 0.6748303124829123, 0.6758075646827186, 0.680288809403753, 0.680288809403753, 0.6827106921507848, 0.6839853742374071, 0.6867121659495158, 0.6880621519889321, 0.6930948451403233, 0.696741046609926, 0.696741046609926, 0.6981410849849149, 0.6981410849849149, 0.7006719822398452, 0.7019422465940051, 0.7019422465940051, 0.7050629081131259, 0.7050629081131259, 0.7050629081131259, 0.7050629081131259, 0.7050629081131259, 0.7050629081131259, 0.7050629081131259, 0.7087002187085066, 0.7087002187085066, 0.7105475471302137, 0.7124981432986945, 0.7124981432986945, 0.7124981432986945, 0.7124981432986945, 0.7124981432986945, 0.7124981432986945, 0.7146837052198405, 0.7146837052198405, 0.7146837052198405, 0.7217582938048331, 0.7217582938048331, 0.7217582938048331, 0.7240133549294696, 0.7240133549294696, 0.7240133549294696, 0.7240133549294696, 0.7240133549294696, 0.7264118943397768, 0.7264118943397768, 0.7264118943397768, 0.7264118943397768, 0.7264118943397768, 0.7264118943397768, 0.7264118943397768, 0.7264118943397768, 0.7264118943397768, 0.7264118943397768, 0.7264118943397768, 0.7264118943397768]
[0.08297112578658022, 0.10345370614818111, 0.1251162165181433, 0.1280815285644899, 0.13219146953686584, 0.14111801425613008, 0.14205013248471754, 0.15157147420686254, 0.1578579992140579, 0.16406672179727344, 0.16430665026510016, 0.16823480878701746, 0.17648966820506523, 0.1791708296764561, 0.1811363722335947, 0.1825050986044237, 0.1849208668395557, 0.1899289998881714, 0.19386963747545785, 0.20179998489118245, 0.20609796200246924, 0.21313919557737365, 0.21691296073871136, 0.22501705908010244, 0.23210927582611396, 0.23209802334446056, 0.23800368657426862, 0.24096021740889323, 0.24765569355925773, 0.2502003700386879, 0.2541002664750962, 0.2587431507557154, 0.2596131316822756, 0.26393931236115575, 0.26586758807742494, 0.2775941298258139, 0.2831752317610804, 0.29033890619761854, 0.2963425150410559, 0.30414511337350414, 0.30702949308457306, 0.3086811458992491, 0.31785427373332487, 0.31785427373332487, 0.32309368472162714, 0.32611547939046304, 0.3317566976996409, 0.3346286249533711, 0.34573148305377244, 0.3526131604465833, 0.3526131604465833, 0.35556159317717395, 0.35556159317717395, 0.36057011448996257, 0.3636658765933879, 0.3636658765933879, 0.37087324258928245, 0.37087324258928245, 0.37087324258928245, 0.37087324258928245, 0.37087324258928245, 0.37087324258928245, 0.37087324258928245, 0.3811511949980205, 0.3811511949980205, 0.3862355926568031, 0.3923306013740163, 0.3923306013740163, 0.3923306013740163, 0.3923306013740163, 0.3923306013740163, 0.3923306013740163, 0.3990926643781592, 0.3990926643781592, 0.3990926643781592, 0.4236096595710993, 0.4236096595710993, 0.4236096595710993, 0.430641633334273, 0.430641633334273, 0.430641633334273, 0.430641633334273, 0.430641633334273, 0.4394112692538035, 0.4394112692538035, 0.4394112692538035, 0.4394112692538035, 0.4394112692538035, 0.4394112692538035, 0.4394112692538035, 0.4394112692538035, 0.4394112692538035, 0.4394112692538035, 0.4394112692538035, 0.4394112692538035]
Training raw path: /home/anhnd/DTI Project/Codes/MPNN/data/KFold/ATCInchikeySideEffectByDrug.txt_train_5
('Number of substructures, proteins, pathways, drugs, se: ', 2936, 1448, 330, 969, 598)
((872, 4714), (97, 4714), (872, 598), (97, 598))
Train: 0.9251 0.7826
Test: 0.7420 0.4394
[0.5952420987635605, 0.6220380555560636, 0.6179982330553547, 0.6185395650253777, 0.6170642716030501, 0.6186752517777745, 0.6202838614634052, 0.6204528406324679, 0.6270913426211554, 0.6277486729894179, 0.6278856743285812, 0.6304536660883675, 0.6333723129448657, 0.6347911455482991, 0.6359574934863219, 0.6387036838927961, 0.6409131029943076, 0.64381598249253, 0.6446171000772694, 0.6468326714129632, 0.6506326066966288, 0.6530429154274805, 0.6563963730708601, 0.6585527993131632, 0.6612841040234514, 0.6619558577519362, 0.6650581466491405, 0.6671871156737252, 0.6686621835605462, 0.6696025183242332, 0.673368429707733, 0.6757492447344369, 0.6762310861264729, 0.6774727237499849, 0.6779914826821891, 0.6831317815541167, 0.6857407505122883, 0.6890766296341636, 0.6916943405095666, 0.694876789180551, 0.6962851320585051, 0.6972172968123876, 0.7008772363694279, 0.7008772363694279, 0.702856322388459, 0.7039005025849868, 0.7058842804667862, 0.7067118873047311, 0.7116005804802552, 0.7147391604617142, 0.7147391604617142, 0.7158636065514645, 0.7158636065514645, 0.7185457761976947, 0.7198453826090476, 0.7198453826090476, 0.7231908111998144, 0.7231908111998144, 0.7231908111998144, 0.7231908111998144, 0.7231908111998144, 0.7231908111998144, 0.7231908111998144, 0.7262733140341133, 0.7262733140341133, 0.7277698442220546, 0.7297079435042838, 0.7297079435042838, 0.7297079435042838, 0.7297079435042838, 0.7297079435042838, 0.7297079435042838, 0.731949602431964, 0.731949602431964, 0.731949602431964, 0.7378422984781401, 0.7378422984781401, 0.7378422984781401, 0.7398771028356669, 0.7398771028356669, 0.7398771028356669, 0.7398771028356669, 0.7398771028356669, 0.7419907713990032, 0.7419907713990032, 0.7419907713990032, 0.7419907713990032, 0.7419907713990032, 0.7419907713990032, 0.7419907713990032, 0.7419907713990032, 0.7419907713990032, 0.7419907713990032, 0.7419907713990032, 0.7419907713990032]
[0.09006112882078113, 0.1246318054772668, 0.12734119833296584, 0.12908795221371205, 0.1364270931380979, 0.1417782091172701, 0.14633710921219797, 0.14933112005530838, 0.16015777235961054, 0.16678073224857504, 0.1693329098129353, 0.1735148800981521, 0.18127643729470694, 0.1871398854419419, 0.18965663061287297, 0.19432392605416882, 0.19844930930483082, 0.2047848824310519, 0.20624219546616696, 0.2131588336049356, 0.2225444594934294, 0.22674885208298218, 0.2316353996775104, 0.2340144567435902, 0.23952082119705692, 0.24061820647491172, 0.24675509772051174, 0.25190227258768777, 0.2540878947748982, 0.25663009353301797, 0.2612956215181532, 0.26518266037904326, 0.2654974495855558, 0.26840086409808683, 0.26873675231984057, 0.2803428992141875, 0.2869453373229487, 0.29296093811403695, 0.2981976214868002, 0.30451381654935505, 0.30665613015155224, 0.3090999005719275, 0.3173128629719908, 0.3173128629719908, 0.32197746239647007, 0.3246366217101687, 0.3290790782410486, 0.3307217620700057, 0.3420624365801006, 0.34886591716427423, 0.34886591716427423, 0.3515675294098244, 0.3515675294098244, 0.3601990815164125, 0.3642221044489212, 0.3642221044489212, 0.3748195403072597, 0.3748195403072597, 0.3748195403072597, 0.3748195403072597, 0.3748195403072597, 0.3748195403072597, 0.3748195403072597, 0.3835626561478665, 0.3835626561478665, 0.38851680307408937, 0.3951484290016734, 0.3951484290016734, 0.3951484290016734, 0.3951484290016734, 0.3951484290016734, 0.3951484290016734, 0.4030460943165065, 0.4030460943165065, 0.4030460943165065, 0.42434183147275556, 0.42434183147275556, 0.42434183147275556, 0.4312917763932733, 0.4312917763932733, 0.4312917763932733, 0.4312917763932733, 0.4312917763932733, 0.43936161402556156, 0.43936161402556156, 0.43936161402556156, 0.43936161402556156, 0.43936161402556156, 0.43936161402556156, 0.43936161402556156, 0.43936161402556156, 0.43936161402556156, 0.43936161402556156, 0.43936161402556156, 0.43936161402556156]
Training raw path: /home/anhnd/DTI Project/Codes/MPNN/data/KFold/ATCInchikeySideEffectByDrug.txt_train_6
('Number of substructures, proteins, pathways, drugs, se: ', 2936, 1448, 330, 969, 598)
((872, 4714), (97, 4714), (872, 598), (97, 598))
Train: 0.9351 0.8046
Test: 0.7360 0.4386
[0.6566367598503191, 0.6449365307739292, 0.6389846900542491, 0.6383629840301444, 0.6340533046266712, 0.633828466888098, 0.6316892957285402, 0.630189733985755, 0.6310282636734449, 0.6338400880808046, 0.6349886806391398, 0.6380002892939474, 0.6399132687855612, 0.642055602483579, 0.6422174799201223, 0.6416830923923466, 0.6415452947885493, 0.6426089308121758, 0.6439550899445884, 0.6466453621288292, 0.6491186619695041, 0.6529001730198478, 0.6548464079645291, 0.6563782735187128, 0.656602431281442, 0.6569163812858108, 0.6593536827092729, 0.6612761824891557, 0.6639742272124535, 0.664829587382099, 0.6690191511920689, 0.6708207586676569, 0.6717416078662966, 0.6737142416058081, 0.6739695915265221, 0.6775573396621069, 0.6805259452649501, 0.6828806556464131, 0.684897452972052, 0.6883636339614011, 0.6894320174660833, 0.6902525898428418, 0.6944956153137133, 0.6944956153137133, 0.6972682752132868, 0.69837834758233, 0.6996451930246357, 0.7009827960710798, 0.705262845240062, 0.7087041797688881, 0.7087041797688881, 0.710100618435757, 0.710100618435757, 0.7122346659097312, 0.7134746207914636, 0.7134746207914636, 0.7160808906158251, 0.7160808906158251, 0.7160808906158251, 0.7160808906158251, 0.7160808906158251, 0.7160808906158251, 0.7160808906158251, 0.7192189003146648, 0.7192189003146648, 0.7207179250049279, 0.7228145137452003, 0.7228145137452003, 0.7228145137452003, 0.7228145137452003, 0.7228145137452003, 0.7228145137452003, 0.7248101131795478, 0.7248101131795478, 0.7248101131795478, 0.7314703385490813, 0.7314703385490813, 0.7314703385490813, 0.7334183909829364, 0.7334183909829364, 0.7334183909829364, 0.7334183909829364, 0.7334183909829364, 0.7359563116738548, 0.7359563116738548, 0.7359563116738548, 0.7359563116738548, 0.7359563116738548, 0.7359563116738548, 0.7359563116738548, 0.7359563116738548, 0.7359563116738548, 0.7359563116738548, 0.7359563116738548, 0.7359563116738548]
[0.11488071059878946, 0.12034589724079224, 0.12081440584859318, 0.1185715064615806, 0.12110068216266591, 0.1249166097871498, 0.1281894356037369, 0.13362986049876763, 0.13997334673990242, 0.14776221345729748, 0.15100967051843067, 0.15678841740444835, 0.16359551749282658, 0.168769553020407, 0.17084902030873483, 0.17317336667317224, 0.17631297809754565, 0.17899675377725366, 0.18156458304179132, 0.1897260740693404, 0.19589003525365106, 0.20314303002262374, 0.21081578512135213, 0.21669078786419055, 0.21927637446776976, 0.22063803460763445, 0.22582200695243512, 0.2317812077608588, 0.23971444575905304, 0.24232956937164762, 0.2547120902750628, 0.2584510817737149, 0.25996102363461193, 0.26524044572892563, 0.26632462669256934, 0.2760093896125279, 0.282658623913575, 0.2886393425944231, 0.2936801585726361, 0.3018623067381302, 0.3055733454265044, 0.30745197541548563, 0.3179663225789946, 0.3179663225789946, 0.3251503812335096, 0.32742646272061415, 0.3311172947824351, 0.3341169609393637, 0.34533282453335173, 0.3537475544076103, 0.3537475544076103, 0.3574150212487474, 0.3574150212487474, 0.3634080479086249, 0.36680373601513855, 0.36680373601513855, 0.3744305794480146, 0.3744305794480146, 0.3744305794480146, 0.3744305794480146, 0.3744305794480146, 0.3744305794480146, 0.3744305794480146, 0.3835534118147532, 0.3835534118147532, 0.3871616317724164, 0.3938784845101504, 0.3938784845101504, 0.3938784845101504, 0.3938784845101504, 0.3938784845101504, 0.3938784845101504, 0.400111018422545, 0.400111018422545, 0.400111018422545, 0.42296340950937805, 0.42296340950937805, 0.42296340950937805, 0.42935587710152173, 0.42935587710152173, 0.42935587710152173, 0.42935587710152173, 0.42935587710152173, 0.43857413339081497, 0.43857413339081497, 0.43857413339081497, 0.43857413339081497, 0.43857413339081497, 0.43857413339081497, 0.43857413339081497, 0.43857413339081497, 0.43857413339081497, 0.43857413339081497, 0.43857413339081497, 0.43857413339081497]
Training raw path: /home/anhnd/DTI Project/Codes/MPNN/data/KFold/ATCInchikeySideEffectByDrug.txt_train_7
('Number of substructures, proteins, pathways, drugs, se: ', 2936, 1448, 330, 969, 598)
((872, 4714), (97, 4714), (872, 598), (97, 598))
Train: 0.9316 0.7954
Test: 0.7375 0.4373
[0.5885321283983026, 0.5875058205400335, 0.5981800471222931, 0.6044832386278307, 0.6042810258892471, 0.6078896420573259, 0.6048520761421582, 0.6089843526073968, 0.610205606458283, 0.611968263229595, 0.6123765460054436, 0.6146212107554792, 0.6189750199973539, 0.6222927780497571, 0.624355354710781, 0.6252472346406462, 0.6248528404289834, 0.6287123304810858, 0.6311018598592913, 0.6341656909662023, 0.6375979418131905, 0.6407441195807231, 0.6428780477955403, 0.646840968947278, 0.648534289916501, 0.6491219609794637, 0.6517879777274198, 0.6542568094964789, 0.6558844216584783, 0.6571602245309291, 0.6619995368008152, 0.664576450238215, 0.6656142056872101, 0.666842437763124, 0.6678983115302708, 0.6730332332566511, 0.6758276314361544, 0.6787386710288796, 0.6820013266116459, 0.6856466014493101, 0.6877731320397892, 0.688815550493723, 0.6924876994825884, 0.6924876994825884, 0.6946815972388862, 0.6958250506240908, 0.6988936180146312, 0.7002306649069417, 0.7057203290222753, 0.7087845082027044, 0.7087845082027044, 0.7102564817226716, 0.7102564817226716, 0.7131630172555243, 0.7145065848585541, 0.7145065848585541, 0.7175869446680099, 0.7175869446680099, 0.7175869446680099, 0.7175869446680099, 0.7175869446680099, 0.7175869446680099, 0.7175869446680099, 0.7212143588405484, 0.7212143588405484, 0.7230501828348367, 0.7247738774238097, 0.7247738774238097, 0.7247738774238097, 0.7247738774238097, 0.7247738774238097, 0.7247738774238097, 0.7267198614047619, 0.7267198614047619, 0.7267198614047619, 0.7331637380576539, 0.7331637380576539, 0.7331637380576539, 0.7352804170375431, 0.7352804170375431, 0.7352804170375431, 0.7352804170375431, 0.7352804170375431, 0.7375403656485923, 0.7375403656485923, 0.7375403656485923, 0.7375403656485923, 0.7375403656485923, 0.7375403656485923, 0.7375403656485923, 0.7375403656485923, 0.7375403656485923, 0.7375403656485923, 0.7375403656485923, 0.7375403656485923]
[0.07772961584307418, 0.08053920804770452, 0.08810562055216262, 0.09559283431012654, 0.10316622032210257, 0.1091412304524911, 0.1134414537103165, 0.12010325721422561, 0.12414247181624641, 0.1271532807807984, 0.12968024550973428, 0.13355789469309934, 0.14121306485633342, 0.14785031330215923, 0.1511632448539926, 0.15341552256488317, 0.15499985515049786, 0.16062333890740588, 0.1641792189126182, 0.1726667576802482, 0.1806041553650924, 0.18739829960399967, 0.19301710189564847, 0.20123011251104894, 0.20677988633763156, 0.20754930868818006, 0.21360957948157358, 0.21936273370192902, 0.22539108153066323, 0.2286590784169865, 0.23887452494299838, 0.2438820297293237, 0.24586232810296466, 0.24845079922959012, 0.25059985603034945, 0.26187735778888277, 0.2680477707273742, 0.27524399555752255, 0.28265286467826195, 0.2916788426524312, 0.2973007071936009, 0.29941448137594695, 0.3078243503899357, 0.3078243503899357, 0.31305133935816865, 0.31544021763090935, 0.3230155336703661, 0.3265565062589933, 0.33972212234462873, 0.3483790238290211, 0.3483790238290211, 0.35209992835078535, 0.35209992835078535, 0.359397704480879, 0.36261678173563217, 0.36261678173563217, 0.3704529744866699, 0.3704529744866699, 0.3704529744866699, 0.3704529744866699, 0.3704529744866699, 0.3704529744866699, 0.3704529744866699, 0.38136805166124543, 0.38136805166124543, 0.3866730119219469, 0.39233752735075533, 0.39233752735075533, 0.39233752735075533, 0.39233752735075533, 0.39233752735075533, 0.39233752735075533, 0.39867704973530993, 0.39867704973530993, 0.39867704973530993, 0.42077629313803794, 0.42077629313803794, 0.42077629313803794, 0.4286651994780485, 0.4286651994780485, 0.4286651994780485, 0.4286651994780485, 0.4286651994780485, 0.4373136118478313, 0.4373136118478313, 0.4373136118478313, 0.4373136118478313, 0.4373136118478313, 0.4373136118478313, 0.4373136118478313, 0.4373136118478313, 0.4373136118478313, 0.4373136118478313, 0.4373136118478313, 0.4373136118478313]
Training raw path: /home/anhnd/DTI Project/Codes/MPNN/data/KFold/ATCInchikeySideEffectByDrug.txt_train_8
('Number of substructures, proteins, pathways, drugs, se: ', 2936, 1448, 330, 969, 598)
((872, 4714), (97, 4714), (872, 598), (97, 598))
Train: 0.9286 0.7897
Test: 0.7332 0.4334
[0.6028516005829438, 0.5914230418149893, 0.5949833107316284, 0.5940596997689177, 0.594578017213383, 0.5982121350924218, 0.6017942517744254, 0.6014744858870599, 0.6061598420034795, 0.6086972642700197, 0.6104711985711971, 0.6117749676590998, 0.6167972024735356, 0.6181533053234737, 0.6188310610973496, 0.6183650457412883, 0.6194485878284622, 0.6224170369512069, 0.6245031268011352, 0.6283226292315031, 0.6332523997599822, 0.6365845738336371, 0.6395219085413475, 0.6425406456563104, 0.6443972658361863, 0.6451415132198542, 0.6479459144451176, 0.6501153150674757, 0.6521776952644822, 0.6522897267229393, 0.6572940283172627, 0.6601483269448396, 0.6608040037868557, 0.6627566571175365, 0.6638172107005285, 0.668987123342567, 0.6715623329725231, 0.6746694813498427, 0.677133456141563, 0.6804774164554073, 0.6824816253108534, 0.6830011806202019, 0.6871823993196939, 0.6871823993196939, 0.6894046338343689, 0.6907124067164878, 0.6924035238229893, 0.6936468149427426, 0.698697398585817, 0.7026282030233916, 0.7026282030233916, 0.7038815821428901, 0.7038815821428901, 0.706803818006882, 0.7084204638139301, 0.7084204638139301, 0.7115308660274152, 0.7115308660274152, 0.7115308660274152, 0.7115308660274152, 0.7115308660274152, 0.7115308660274152, 0.7115308660274152, 0.7153587497672413, 0.7153587497672413, 0.7171395100303624, 0.7190985260025093, 0.7190985260025093, 0.7190985260025093, 0.7190985260025093, 0.7190985260025093, 0.7190985260025093, 0.7211169599606935, 0.7211169599606935, 0.7211169599606935, 0.7282152463175824, 0.7282152463175824, 0.7282152463175824, 0.7305676765777267, 0.7305676765777267, 0.7305676765777267, 0.7305676765777267, 0.7305676765777267, 0.7331806145653652, 0.7331806145653652, 0.7331806145653652, 0.7331806145653652, 0.7331806145653652, 0.7331806145653652, 0.7331806145653652, 0.7331806145653652, 0.7331806145653652, 0.7331806145653652, 0.7331806145653652, 0.7331806145653652]
[0.0807117919911342, 0.08304498265072899, 0.09462631842122121, 0.10206368505563891, 0.10784962698482364, 0.11801942930182407, 0.1243765994899013, 0.1274891896780986, 0.13454788763586265, 0.13972949683215813, 0.14164462182132181, 0.14429463540160364, 0.14973411917845414, 0.1543714049008067, 0.15700933196215566, 0.15756267115276054, 0.15978812340047163, 0.16562096154013062, 0.16993611631344385, 0.1774919896282307, 0.1852801476955779, 0.19074805034350595, 0.1956753311507284, 0.20331812255530207, 0.20717861646747246, 0.2088400115861455, 0.21431681428575716, 0.21891889133016734, 0.22353808979655382, 0.22519955824600515, 0.23386779810247166, 0.23911872390104238, 0.24023451752697964, 0.24412423929999058, 0.2472771398467138, 0.2595942289174057, 0.2668389323156928, 0.273044789596683, 0.27824718090506273, 0.2855926253291163, 0.2919763561656445, 0.2936288139414144, 0.3025700128356507, 0.3025700128356507, 0.3085586961097917, 0.31169173102006664, 0.3163384299465159, 0.31910087002626447, 0.3312112237868279, 0.33962435724147577, 0.33962435724147577, 0.3434652193233684, 0.3434652193233684, 0.3514112092540127, 0.35564561562913855, 0.35564561562913855, 0.3627120175613658, 0.3627120175613658, 0.3627120175613658, 0.3627120175613658, 0.3627120175613658, 0.3627120175613658, 0.3627120175613658, 0.37381231724278197, 0.37381231724278197, 0.3788411858815819, 0.3849652689954328, 0.3849652689954328, 0.3849652689954328, 0.3849652689954328, 0.3849652689954328, 0.3849652689954328, 0.39134916990391944, 0.39134916990391944, 0.39134916990391944, 0.4153989539275143, 0.4153989539275143, 0.4153989539275143, 0.423550912291718, 0.423550912291718, 0.423550912291718, 0.423550912291718, 0.423550912291718, 0.433373024529626, 0.433373024529626, 0.433373024529626, 0.433373024529626, 0.433373024529626, 0.433373024529626, 0.433373024529626, 0.433373024529626, 0.433373024529626, 0.433373024529626, 0.433373024529626, 0.433373024529626]
Training raw path: /home/anhnd/DTI Project/Codes/MPNN/data/KFold/ATCInchikeySideEffectByDrug.txt_train_9
('Number of substructures, proteins, pathways, drugs, se: ', 2936, 1448, 330, 969, 598)
((873, 4714), (96, 4714), (873, 598), (96, 598))
Train: 0.9353 0.8038
Test: 0.7315 0.4280
[0.5945663487519574, 0.613268032538618, 0.6158621618864588, 0.6092841972443381, 0.615245617454684, 0.6106244275575002, 0.6158480984005529, 0.6197191883225823, 0.623131118090485, 0.6263682325409728, 0.6286762372720771, 0.6303286132079295, 0.634272263320858, 0.6358557149599218, 0.6363762875469862, 0.6392749329341302, 0.6401433744081078, 0.6422705945651228, 0.6431400989609614, 0.6451327392371221, 0.649311689056844, 0.6529524965771587, 0.6561756431583153, 0.6586127959489956, 0.6609907506056384, 0.6611781575510361, 0.6629545729883284, 0.6646402884083823, 0.6671247070102644, 0.6689172791136996, 0.671745652976637, 0.6728824134872788, 0.6735601209292349, 0.6750154930327955, 0.6758538587756842, 0.6794361087507559, 0.6814287260027797, 0.683873670198845, 0.6859418622885748, 0.6891419518551709, 0.690953056974914, 0.6915043125556718, 0.6944392965520333, 0.6944392965520333, 0.696654602815606, 0.6973719029250536, 0.6993099147859514, 0.7000925344701849, 0.703937822276582, 0.7066741652755915, 0.7066741652755915, 0.7076999922017968, 0.7076999922017968, 0.7101839743259013, 0.7114051041166988, 0.7114051041166988, 0.7141059555990181, 0.7141059555990181, 0.7141059555990181, 0.7141059555990181, 0.7141059555990181, 0.7141059555990181, 0.7141059555990181, 0.7169769247828685, 0.7169769247828685, 0.7186552959336421, 0.7202828081885698, 0.7202828081885698, 0.7202828081885698, 0.7202828081885698, 0.7202828081885698, 0.7202828081885698, 0.7219757136910726, 0.7219757136910726, 0.7219757136910726, 0.7275244110095715, 0.7275244110095715, 0.7275244110095715, 0.7294850400221574, 0.7294850400221574, 0.7294850400221574, 0.7294850400221574, 0.7294850400221574, 0.7315109175145799, 0.7315109175145799, 0.7315109175145799, 0.7315109175145799, 0.7315109175145799, 0.7315109175145799, 0.7315109175145799, 0.7315109175145799, 0.7315109175145799, 0.7315109175145799, 0.7315109175145799, 0.7315109175145799]
[0.08718806006785906, 0.09416826698718742, 0.10783069087109805, 0.11211078673525393, 0.12326043731502223, 0.12406619794407146, 0.1314410296266585, 0.1392161191457253, 0.14784752094396642, 0.15605874465620806, 0.1594077601633419, 0.1662620302608901, 0.1765615251080719, 0.1827619206974201, 0.18525658276838822, 0.1905839680355325, 0.1946166311744087, 0.19997848554046505, 0.20285156678426597, 0.20721042417351257, 0.2158191455388761, 0.22256976993993396, 0.23167627837983767, 0.24083392794735825, 0.24438295619327483, 0.2457549305779645, 0.24934465203971184, 0.25390909660508604, 0.25882932102998746, 0.2629325235126221, 0.2702028884380906, 0.2726147507439276, 0.27365057218399336, 0.2765665500772533, 0.27829585437184984, 0.2861511500532157, 0.29019968427613935, 0.29743117268649466, 0.3016836387750752, 0.3086835326049959, 0.3129712489108456, 0.31412404295732876, 0.3212911904514564, 0.3212911904514564, 0.32627963704702284, 0.327120890880887, 0.33261318032138165, 0.3345363627458745, 0.34446476489375655, 0.3513490968824442, 0.3513490968824442, 0.35369679381381375, 0.35369679381381375, 0.36039149377976254, 0.36324477850735504, 0.36324477850735504, 0.3711268500540111, 0.3711268500540111, 0.3711268500540111, 0.3711268500540111, 0.3711268500540111, 0.3711268500540111, 0.3711268500540111, 0.37929047524508086, 0.37929047524508086, 0.3844148097121129, 0.3901379525399742, 0.3901379525399742, 0.3901379525399742, 0.3901379525399742, 0.3901379525399742, 0.3901379525399742, 0.3949746256834056, 0.3949746256834056, 0.3949746256834056, 0.4140202144214922, 0.4140202144214922, 0.4140202144214922, 0.4205299714937205, 0.4205299714937205, 0.4205299714937205, 0.4205299714937205, 0.4205299714937205, 0.4280267551053447, 0.4280267551053447, 0.4280267551053447, 0.4280267551053447, 0.4280267551053447, 0.4280267551053447, 0.4280267551053447, 0.4280267551053447, 0.4280267551053447, 0.4280267551053447, 0.4280267551053447, 0.4280267551053447]
AUC: 0.7361 0.0026
AUPR: 0.4481 0.0070
('RARE AUC', [(0.6110801066433523, 0.008575850094289836), (0.6212995910237962, 0.008590947195586124), (0.6210887721671126, 0.007198593828997079), (0.6193853590212722, 0.007027036118191866), (0.6194329921707633, 0.006475510126227899), (0.6203811236640393, 0.006328687286582881), (0.6205687439721597, 0.006585240889301469), (0.6224700705615047, 0.006540024481904314), (0.6250735594853267, 0.006250289421864909), (0.6264389864936558, 0.006317821543860319), (0.6270485947443113, 0.006318700176927315), (0.628943880214293, 0.0062036340093200686), (0.6321899004093655, 0.005912251163021529), (0.633997882978123, 0.005824834446289773), (0.6348246611370565, 0.005779518853664555), (0.6361518919877883, 0.0057762352818004955), (0.6371350664216952, 0.005854351900452662), (0.6393124699450425, 0.00574040962540662), (0.6404734000670056, 0.005664999113603504), (0.6428516188832087, 0.005494672663188413), (0.6460153182201696, 0.005425120750630743), (0.6489980724846005, 0.0052855214426103785), (0.6514195683598903, 0.005342759082046754), (0.6540095465053339, 0.00515959201010713), (0.6557724691606159, 0.005105426041961755), (0.6562256912957831, 0.005083601211157639), (0.6585738813647725, 0.00496990061615968), (0.6605058565929666, 0.00493911439772548), (0.6627519992119189, 0.004812711090085906), (0.6637575875028972, 0.004802445266559521), (0.6675058720293685, 0.004685112232252243), (0.669827294619896, 0.004578506851106947), (0.6705965766421569, 0.004546833644697069), (0.6722378467344874, 0.0044202294680568185), (0.6729358804763359, 0.004353463448112411), (0.6775991301963151, 0.0042010751630785735), (0.6801800079403855, 0.004151822915102807), (0.6830761531504643, 0.0040052089987356885), (0.6855834602203943, 0.003908879474073682), (0.6889629320565775, 0.0037709043793376193), (0.6904858500244488, 0.0036971145522266317), (0.6913416288658121, 0.003713462076067389), (0.6950086745391729, 0.0035883078445954762), (0.6950086745391729, 0.0035883078445954762), (0.6970888138388417, 0.0035385028803252613), (0.698151868561662, 0.0035176157515919115), (0.7002871587885287, 0.0034355866413338376), (0.7014036958695402, 0.003407077439726571), (0.7058599246000162, 0.0032741149986716366), (0.7091408323525975, 0.003168819975940752), (0.7091408323525975, 0.003168819975940752), (0.7103618727146586, 0.0031407218063077276), (0.7103618727146586, 0.0031407218063077276), (0.7128703041441332, 0.0030652383535859067), (0.7141792265599731, 0.003050009229954108), (0.7141792265599731, 0.003050009229954108), (0.7169803424588554, 0.0029837663323925845), (0.7169803424588554, 0.0029837663323925845), (0.7169803424588554, 0.0029837663323925845), (0.7169803424588554, 0.0029837663323925845), (0.7169803424588554, 0.0029837663323925845), (0.7169803424588554, 0.0029837663323925845), (0.7169803424588554, 0.0029837663323925845), (0.720257175005326, 0.002895103743538169), (0.720257175005326, 0.002895103743538169), (0.7219294941737143, 0.0028751642743322344), (0.7236900278604784, 0.00284897894988008), (0.7236900278604784, 0.00284897894988008), (0.7236900278604784, 0.00284897894988008), (0.7236900278604784, 0.00284897894988008), (0.7236900278604784, 0.00284897894988008), (0.7236900278604784, 0.00284897894988008), (0.7256649634582982, 0.0028126463031759655), (0.7256649634582982, 0.0028126463031759655), (0.7256649634582982, 0.0028126463031759655), (0.7317375216831288, 0.0026866135833586427), (0.7317375216831288, 0.0026866135833586427), (0.7317375216831288, 0.0026866135833586427), (0.7338125586673703, 0.002642187775618088), (0.7338125586673703, 0.002642187775618088), (0.7338125586673703, 0.002642187775618088), (0.7338125586673703, 0.002642187775618088), (0.7338125586673703, 0.002642187775618088), (0.7360510123673585, 0.002595463162294365), (0.7360510123673585, 0.002595463162294365), (0.7360510123673585, 0.002595463162294365), (0.7360510123673585, 0.002595463162294365), (0.7360510123673585, 0.002595463162294365), (0.7360510123673585, 0.002595463162294365), (0.7360510123673585, 0.002595463162294365), (0.7360510123673585, 0.002595463162294365), (0.7360510123673585, 0.002595463162294365), (0.7360510123673585, 0.002595463162294365), (0.7360510123673585, 0.002595463162294365), (0.7360510123673585, 0.002595463162294365)])
('RARE AUPR', [(0.09753550892279, 0.00639956527694396), (0.11132551793733177, 0.007564078416396474), (0.12006433576732015, 0.007653350774649567), (0.12324747786232879, 0.007253145282447064), (0.1289498687978606, 0.006712927728821343), (0.13483461268930097, 0.006745834638105721), (0.14045474920033038, 0.007135906290626897), (0.1469265224021819, 0.007256440666522509), (0.15438218989465288, 0.007371143879743837), (0.1599439227182457, 0.007506627304953979), (0.16205853139698992, 0.007534003758813181), (0.16701838751717463, 0.007570246814501025), (0.17538673884467998, 0.007849195977734902), (0.18125562380768034, 0.007841217207555916), (0.184031252259018, 0.007909926504444637), (0.187458294471671, 0.00827345792632192), (0.19065081152342786, 0.008610621843382592), (0.1956296076693726, 0.00863954344457004), (0.19837214212583273, 0.008527708964646653), (0.20641097075908918, 0.008709597199152224), (0.21354378318897854, 0.008830878822493385), (0.22037939399703133, 0.008807464068749339), (0.22684701903053767, 0.00915387623355016), (0.23354288280294133, 0.009173873782580782), (0.2380064503994887, 0.009380934578134431), (0.23910553241270396, 0.009398524249933298), (0.24435131157824305, 0.009415915134290657), (0.24933525111154312, 0.009496171953113903), (0.2552312244161319, 0.00943657584790637), (0.2578223439024356, 0.009403526314327528), (0.26581679240898126, 0.00917293241450003), (0.27041923378914257, 0.009198308017495346), (0.2717935210198358, 0.009209563920877826), (0.27541122249799044, 0.009069026727718699), (0.277110376182729, 0.008971667569837851), (0.28813901247964535, 0.008873710244290355), (0.29428563908742966, 0.00894568713815404), (0.301572595338184, 0.008987915911913398), (0.30717846380833197, 0.009064354267547512), (0.3148775035864664, 0.008943328722024005), (0.3187903260500956, 0.008748436616435002), (0.32096002800912415, 0.008849138780923017), (0.3295636090582721, 0.008735730013363675), (0.3295636090582721, 0.008735730013363675), (0.33447500789849816, 0.00857169910051158), (0.3368969889992293, 0.00854124452287867), (0.3423459802801564, 0.008511367387216952), (0.3450121088608215, 0.008501992462178597), (0.355943555737534, 0.00820532486829389), (0.3639454921742914, 0.00810413012635843), (0.3639454921742914, 0.00810413012635843), (0.36704323544557965, 0.008075867399609938), (0.36704323544557965, 0.008075867399609938), (0.3737700065728357, 0.007931027303469642), (0.3771283067046356, 0.007942042164398028), (0.3771283067046356, 0.007942042164398028), (0.38465462874285283, 0.007787054134330486), (0.38465462874285283, 0.007787054134330486), (0.38465462874285283, 0.007787054134330486), (0.38465462874285283, 0.007787054134330486), (0.38465462874285283, 0.007787054134330486), (0.38465462874285283, 0.007787054134330486), (0.38465462874285283, 0.007787054134330486), (0.3942145822445284, 0.007654298159846231), (0.3942145822445284, 0.007654298159846231), (0.39908501439872995, 0.00769463469116773), (0.4048639904980128, 0.007611997403779272), (0.4048639904980128, 0.007611997403779272), (0.4048639904980128, 0.007611997403779272), (0.4048639904980128, 0.007611997403779272), (0.4048639904980128, 0.007611997403779272), (0.4048639904980128, 0.007611997403779272), (0.411527644104593, 0.007610485469468293), (0.411527644104593, 0.007610485469468293), (0.411527644104593, 0.007610485469468293), (0.43237271749908607, 0.007171736434433873), (0.43237271749908607, 0.007171736434433873), (0.43237271749908607, 0.007171736434433873), (0.4396072932550058, 0.00710599580046135), (0.4396072932550058, 0.00710599580046135), (0.4396072932550058, 0.00710599580046135), (0.4396072932550058, 0.00710599580046135), (0.4396072932550058, 0.00710599580046135), (0.44806821218272364, 0.006972949412019093), (0.44806821218272364, 0.006972949412019093), (0.44806821218272364, 0.006972949412019093), (0.44806821218272364, 0.006972949412019093), (0.44806821218272364, 0.006972949412019093), (0.44806821218272364, 0.006972949412019093), (0.44806821218272364, 0.006972949412019093), (0.44806821218272364, 0.006972949412019093), (0.44806821218272364, 0.006972949412019093), (0.44806821218272364, 0.006972949412019093), (0.44806821218272364, 0.006972949412019093), (0.44806821218272364, 0.006972949412019093)])
