Default
<models.baselines.omodels.NeuSK object at 0x7f5041d2f2d0>
('Manual torch seed: ', 1772727637)
('Config: ', 'Protein Test: ', False, 'KNN: ', 2)
Training raw path: /home/anhnd/DTI Project/Codes/MPNN/data/KFold/ATCInchikeySideEffectByDrug.txt_train_0
('Number of substructures, proteins, pathways, drugs, se: ', 2936, 1448, 330, 969, 598)
((872, 2936), (97, 2936), (872, 598), (97, 598))
('VALIDATE SUM PROTEIN TRAIN: ', 0.0)
('VALIDATE SUM PROTEIN TEST: ', 0.0)
Train: 0.9264 0.7832
Test: 0.7575 0.4717
[0.6329898985340463, 0.6419716023022606, 0.6462521974485128, 0.6374995658736586, 0.6331389887033514, 0.6384364082891025, 0.64014625183639, 0.6419344308777977, 0.6422142885554976, 0.6443439248531578, 0.6446965843170813, 0.6461193901526088, 0.6520049903754976, 0.6553510979206131, 0.6561923185716425, 0.6582564800035363, 0.6596949440213649, 0.6617089100297768, 0.6629810991596554, 0.667391522773509, 0.6715891631946526, 0.6744857956706313, 0.676923953836178, 0.6803639885623491, 0.6830156264662129, 0.6832952806949604, 0.6851792914854633, 0.6874942521005324, 0.6903020074303576, 0.6913237532169437, 0.6955156961717582, 0.6973420455359658, 0.6979350479216796, 0.699645786021091, 0.7004504929715143, 0.7051380812562673, 0.7076708568758852, 0.7111431139420816, 0.7131656176466892, 0.7165058960442927, 0.7179026055397834, 0.7189605472299051, 0.7220770347576757, 0.7220770347576757, 0.7241235491346407, 0.7250814499390215, 0.7271011164054311, 0.7281927020679384, 0.7319199164688905, 0.7349409983254762, 0.7349409983254762, 0.7360654218803506, 0.7360654218803506, 0.7382459861991434, 0.7392764197504182, 0.7392764197504182, 0.7413536864524716, 0.7413536864524716, 0.7413536864524716, 0.7413536864524716, 0.7413536864524716, 0.7413536864524716, 0.7413536864524716, 0.7442013083086886, 0.7442013083086886, 0.7456414953721779, 0.7470547179715566, 0.7470547179715566, 0.7470547179715566, 0.7470547179715566, 0.7470547179715566, 0.7470547179715566, 0.7487455747382952, 0.7487455747382952, 0.7487455747382952, 0.753736110466243, 0.753736110466243, 0.753736110466243, 0.7555432688651041, 0.7555432688651041, 0.7555432688651041, 0.7555432688651041, 0.7555432688651041, 0.7575230343937562, 0.7575230343937562, 0.7575230343937562, 0.7575230343937562, 0.7575230343937562, 0.7575230343937562, 0.7575230343937562, 0.7575230343937562, 0.7575230343937562, 0.7575230343937562, 0.7575230343937562, 0.7575230343937562]
[0.12628102489350074, 0.1403220910965098, 0.14555808013788968, 0.14363447386442582, 0.14413907651363517, 0.1520900551898972, 0.16123434629561254, 0.16864271326362346, 0.17293291442369751, 0.17523489527316433, 0.17745401936403382, 0.18113370021310427, 0.19178607463149697, 0.19834417053302372, 0.20182982240827962, 0.20799698956084234, 0.21087543241980894, 0.21499546048808493, 0.21816336621630192, 0.22959182190894456, 0.23782334024952878, 0.2447301863294632, 0.25083581240487113, 0.2575916268750073, 0.26393502188310786, 0.26465596340490793, 0.2693544015904452, 0.27487212494400937, 0.2823027138779287, 0.28521313240414164, 0.2937932229460723, 0.29818864671478884, 0.30003767348379407, 0.3043220752230049, 0.30631144703099145, 0.3192383999397061, 0.3248435752278487, 0.33385865610416376, 0.3386549034102073, 0.346556812219186, 0.35032882310976254, 0.35337589520120943, 0.3605931953355399, 0.3605931953355399, 0.36565572935646573, 0.3677853337355995, 0.37353565840739467, 0.3766223516052131, 0.38675550745351184, 0.395987760608236, 0.395987760608236, 0.3986678751651059, 0.3986678751651059, 0.4060205389992905, 0.4088697886863227, 0.4088697886863227, 0.41543309546951757, 0.41543309546951757, 0.41543309546951757, 0.41543309546951757, 0.41543309546951757, 0.41543309546951757, 0.41543309546951757, 0.4243574161657759, 0.4243574161657759, 0.4285536783648278, 0.43334997422603905, 0.43334997422603905, 0.43334997422603905, 0.43334997422603905, 0.43334997422603905, 0.43334997422603905, 0.4396847733181829, 0.4396847733181829, 0.4396847733181829, 0.457485626835856, 0.457485626835856, 0.457485626835856, 0.4641241178595659, 0.4641241178595659, 0.4641241178595659, 0.4641241178595659, 0.4641241178595659, 0.4717393273786805, 0.4717393273786805, 0.4717393273786805, 0.4717393273786805, 0.4717393273786805, 0.4717393273786805, 0.4717393273786805, 0.4717393273786805, 0.4717393273786805, 0.4717393273786805, 0.4717393273786805, 0.4717393273786805]
Training raw path: /home/anhnd/DTI Project/Codes/MPNN/data/KFold/ATCInchikeySideEffectByDrug.txt_train_1
('Number of substructures, proteins, pathways, drugs, se: ', 2936, 1448, 330, 969, 598)
((872, 2936), (97, 2936), (872, 598), (97, 598))
('VALIDATE SUM PROTEIN TRAIN: ', 0.0)
('VALIDATE SUM PROTEIN TEST: ', 0.0)
Train: 0.9213 0.7720
Test: 0.7546 0.4762
[0.601721383022222, 0.6228692436648797, 0.6235029010384873, 0.6200826904173282, 0.6174495977296891, 0.6201334943659388, 0.6228209043406804, 0.6261559949402241, 0.6310170039945724, 0.6326876983847921, 0.6319263459208249, 0.6352765000418509, 0.6410201869862389, 0.6460824959505278, 0.6477500177882547, 0.6513549293085519, 0.6525679026328814, 0.6554714564510022, 0.656539649060667, 0.6596082629845615, 0.6630627065623577, 0.6665528915039025, 0.6686421103293478, 0.6714564444393264, 0.6736764731984334, 0.6739453234124031, 0.6761889243511918, 0.678893062094622, 0.6823729832059864, 0.6835606169140026, 0.6875305124075994, 0.6907123639100183, 0.6917833087192712, 0.6937102438435445, 0.6944572539693354, 0.6993046764225719, 0.7018176894621491, 0.7056304429698708, 0.7082219023453389, 0.7117184324342758, 0.7135028929612585, 0.7145969507713696, 0.7182177676042105, 0.7182177676042105, 0.7194196101731326, 0.7203706444750511, 0.7226599579901302, 0.7235903320518591, 0.7274695815379519, 0.7307206534522372, 0.7307206534522372, 0.7317335105286678, 0.7317335105286678, 0.734062488210994, 0.7352673038764226, 0.7352673038764226, 0.737700654732422, 0.737700654732422, 0.737700654732422, 0.737700654732422, 0.737700654732422, 0.737700654732422, 0.737700654732422, 0.7408268190798358, 0.7408268190798358, 0.7422742899522601, 0.7436552373704876, 0.7436552373704876, 0.7436552373704876, 0.7436552373704876, 0.7436552373704876, 0.7436552373704876, 0.7455858800268151, 0.7455858800268151, 0.7455858800268151, 0.7505755744550363, 0.7505755744550363, 0.7505755744550363, 0.7525750257397489, 0.7525750257397489, 0.7525750257397489, 0.7525750257397489, 0.7525750257397489, 0.7546376827533902, 0.7546376827533902, 0.7546376827533902, 0.7546376827533902, 0.7546376827533902, 0.7546376827533902, 0.7546376827533902, 0.7546376827533902, 0.7546376827533902, 0.7546376827533902, 0.7546376827533902, 0.7546376827533902]
[0.09933711993905256, 0.12985050608961224, 0.1278287699060023, 0.12891996461629995, 0.13232512201824403, 0.13577695324050024, 0.1424011176570636, 0.1500986781776756, 0.16244312889298074, 0.16448318086520786, 0.16453017618317373, 0.17048097600335943, 0.18384444647174028, 0.19368271258538083, 0.19791226400379078, 0.20465882466282131, 0.20644718067356116, 0.21177032162503093, 0.21403763096141765, 0.22146744275937777, 0.22920306776760974, 0.23761769258600354, 0.24162928294778213, 0.24852371316928062, 0.25185716196884417, 0.25300390930181743, 0.25729231155314386, 0.26329783431538595, 0.270841373977514, 0.27431687216559164, 0.28444825840262594, 0.2917991037579469, 0.2944203774136519, 0.30028581377276403, 0.30229208104544897, 0.31557198978324885, 0.3216537772919187, 0.33268663469198406, 0.3392320240924923, 0.3487390098061507, 0.3529909854514576, 0.3556893489826651, 0.36472848847848427, 0.36472848847848427, 0.3682847295607301, 0.37125675671927283, 0.3780365320377814, 0.38068493120305635, 0.3917312744080953, 0.40138419613192833, 0.40138419613192833, 0.40396511928370155, 0.40396511928370155, 0.4101337435832566, 0.4133893774975596, 0.4133893774975596, 0.41978695255021947, 0.41978695255021947, 0.41978695255021947, 0.41978695255021947, 0.41978695255021947, 0.41978695255021947, 0.41978695255021947, 0.42963827417440925, 0.42963827417440925, 0.433864042086964, 0.4378866526664271, 0.4378866526664271, 0.4378866526664271, 0.4378866526664271, 0.4378866526664271, 0.4378866526664271, 0.44491732789374544, 0.44491732789374544, 0.44491732789374544, 0.46127565558441586, 0.46127565558441586, 0.46127565558441586, 0.46826451583773987, 0.46826451583773987, 0.46826451583773987, 0.46826451583773987, 0.46826451583773987, 0.4762102620696714, 0.4762102620696714, 0.4762102620696714, 0.4762102620696714, 0.4762102620696714, 0.4762102620696714, 0.4762102620696714, 0.4762102620696714, 0.4762102620696714, 0.4762102620696714, 0.4762102620696714, 0.4762102620696714]
Training raw path: /home/anhnd/DTI Project/Codes/MPNN/data/KFold/ATCInchikeySideEffectByDrug.txt_train_2
('Number of substructures, proteins, pathways, drugs, se: ', 2936, 1448, 330, 969, 598)
((872, 2936), (97, 2936), (872, 598), (97, 598))
('VALIDATE SUM PROTEIN TRAIN: ', 0.0)
('VALIDATE SUM PROTEIN TEST: ', 0.0)
Train: 0.9248 0.7766
Test: 0.7663 0.5164
[0.6910081875167605, 0.6917947178590603, 0.6898267203915432, 0.6885257447179406, 0.6836017533652415, 0.6802373082383535, 0.6827947944126416, 0.6843250868470645, 0.6842364185207339, 0.6841045086470146, 0.6848430797701271, 0.6868246717940366, 0.688216180594315, 0.6900838892367844, 0.690693009075077, 0.6922116156201872, 0.6938478534784367, 0.695071280885625, 0.6957805323746364, 0.6985842225367175, 0.701522026955925, 0.7041821996067914, 0.70699342670611, 0.7094567480830214, 0.7106283379367029, 0.7109141622984033, 0.7124658176239254, 0.7147678689331266, 0.7163074611040259, 0.7170826772783458, 0.7186357335845535, 0.720397132311455, 0.7210236546559681, 0.7217202865136015, 0.7222998972547549, 0.7259734739045252, 0.7278824525695964, 0.7295884435234723, 0.7308288573993204, 0.7326963305391183, 0.7337546549815709, 0.7346210837978933, 0.7369811639144916, 0.7369811639144916, 0.7386526037856087, 0.7393796555256298, 0.7407751694932132, 0.7413854272913848, 0.7443849672462095, 0.7464275712675029, 0.7464275712675029, 0.7472581414106486, 0.7472581414106486, 0.7488020975303489, 0.7499308821652984, 0.7499308821652984, 0.7517730048593032, 0.7517730048593032, 0.7517730048593032, 0.7517730048593032, 0.7517730048593032, 0.7517730048593032, 0.7517730048593032, 0.7542050209894462, 0.7542050209894462, 0.755633346924564, 0.7569690971781381, 0.7569690971781381, 0.7569690971781381, 0.7569690971781381, 0.7569690971781381, 0.7569690971781381, 0.7585039676049654, 0.7585039676049654, 0.7585039676049654, 0.7629494547304876, 0.7629494547304876, 0.7629494547304876, 0.7645410363208043, 0.7645410363208043, 0.7645410363208043, 0.7645410363208043, 0.7645410363208043, 0.7662587405961678, 0.7662587405961678, 0.7662587405961678, 0.7662587405961678, 0.7662587405961678, 0.7662587405961678, 0.7662587405961678, 0.7662587405961678, 0.7662587405961678, 0.7662587405961678, 0.7662587405961678, 0.7662587405961678]
[0.18147096819007297, 0.20160573839421372, 0.21110378300295413, 0.21255117350479064, 0.21597565156785511, 0.2135995538911779, 0.22149239426041145, 0.22865967093282352, 0.23407760227138402, 0.2390376816035713, 0.24213883936067893, 0.24748894531988735, 0.2575891636658424, 0.26277255542318173, 0.265074630420694, 0.26954073275974555, 0.2745697630829349, 0.27882882954944554, 0.28123005253073463, 0.2919744391928889, 0.3018465162338725, 0.30788206080275227, 0.3155969400719627, 0.3240476380128282, 0.3285266582429163, 0.32960671061817715, 0.33496980476057375, 0.34141722509808153, 0.3478555154989852, 0.35042132714487384, 0.3574883533049633, 0.3618298618243828, 0.36350833216607287, 0.36653757546191373, 0.3680100262890553, 0.3799021155886666, 0.3867901785715448, 0.3938533017000587, 0.3992501526542632, 0.4065212502860273, 0.410024589805587, 0.4127604708262411, 0.42068678129512166, 0.42068678129512166, 0.42550825306662154, 0.4271887546421794, 0.4325273664626314, 0.4346736197707807, 0.443574659031015, 0.4500987181948907, 0.4500987181948907, 0.4523816795924078, 0.4523816795924078, 0.457596653880468, 0.4608109887576188, 0.4608109887576188, 0.4662533795867339, 0.4662533795867339, 0.4662533795867339, 0.4662533795867339, 0.4662533795867339, 0.4662533795867339, 0.4662533795867339, 0.47395842635128893, 0.47395842635128893, 0.4786235367132037, 0.48337667549541075, 0.48337667549541075, 0.48337667549541075, 0.48337667549541075, 0.48337667549541075, 0.48337667549541075, 0.48861693717204396, 0.48861693717204396, 0.48861693717204396, 0.5043179998943906, 0.5043179998943906, 0.5043179998943906, 0.5098033449171879, 0.5098033449171879, 0.5098033449171879, 0.5098033449171879, 0.5098033449171879, 0.5163527776648742, 0.5163527776648742, 0.5163527776648742, 0.5163527776648742, 0.5163527776648742, 0.5163527776648742, 0.5163527776648742, 0.5163527776648742, 0.5163527776648742, 0.5163527776648742, 0.5163527776648742, 0.5163527776648742]
Training raw path: /home/anhnd/DTI Project/Codes/MPNN/data/KFold/ATCInchikeySideEffectByDrug.txt_train_3
('Number of substructures, proteins, pathways, drugs, se: ', 2936, 1448, 330, 969, 598)
((872, 2936), (97, 2936), (872, 598), (97, 598))
('VALIDATE SUM PROTEIN TRAIN: ', 0.0)
('VALIDATE SUM PROTEIN TEST: ', 0.0)
Train: 0.9287 0.7911
Test: 0.7519 0.4568
[0.6397512368048448, 0.6568631849527464, 0.6534864888589121, 0.6486804276055518, 0.6498762411894828, 0.6500481010761856, 0.6479476535022601, 0.6526167425647413, 0.6538289821270278, 0.6561574274936989, 0.6560119154212593, 0.6581879111935776, 0.6629293414602178, 0.6659742196654949, 0.6659451753454242, 0.667966020296239, 0.6690321206492167, 0.670305697706021, 0.6707324924653891, 0.6726757076132702, 0.6757830830651348, 0.6783156520619238, 0.6810898136396233, 0.6830217231978271, 0.6829707156393395, 0.6831643494913788, 0.6853098320272137, 0.6864549204048457, 0.6880705644352229, 0.6886790593537451, 0.6926150402824747, 0.6944432557933824, 0.6949778649136353, 0.6964516482127512, 0.6971018432908775, 0.7014988305155548, 0.7038979687779163, 0.7061242506975879, 0.7082884924922548, 0.7114565614483097, 0.7122774846101481, 0.7130739244129658, 0.715939507658035, 0.715939507658035, 0.7177045216849314, 0.7187546885292677, 0.720465667218303, 0.7216806476046074, 0.7253196894935512, 0.7283481049878375, 0.7283481049878375, 0.7294149119325335, 0.7294149119325335, 0.7315251331173999, 0.7326599605292053, 0.7326599605292053, 0.7350790141106768, 0.7350790141106768, 0.7350790141106768, 0.7350790141106768, 0.7350790141106768, 0.7350790141106768, 0.7350790141106768, 0.7378734800714523, 0.7378734800714523, 0.7394092384703268, 0.7409264548790268, 0.7409264548790268, 0.7409264548790268, 0.7409264548790268, 0.7409264548790268, 0.7409264548790268, 0.7426634484054251, 0.7426634484054251, 0.7426634484054251, 0.7480725465844751, 0.7480725465844751, 0.7480725465844751, 0.7499833525061432, 0.7499833525061432, 0.7499833525061432, 0.7499833525061432, 0.7499833525061432, 0.7519038557124139, 0.7519038557124139, 0.7519038557124139, 0.7519038557124139, 0.7519038557124139, 0.7519038557124139, 0.7519038557124139, 0.7519038557124139, 0.7519038557124139, 0.7519038557124139, 0.7519038557124139, 0.7519038557124139]
[0.10659967391665498, 0.1337938226262143, 0.1341014576568138, 0.1373277354598198, 0.143945840611243, 0.14995066969290793, 0.15577505657408852, 0.16700719319241514, 0.17398072130461073, 0.181514682167658, 0.1828242947912081, 0.18838559977229685, 0.19800214402819538, 0.2065609585877205, 0.20919513484311922, 0.21410623702638792, 0.21958018434555304, 0.2232502878798317, 0.22481941065654423, 0.23195182436378625, 0.23969453490624953, 0.2469429327554908, 0.255185660753506, 0.26096671495120766, 0.26408409383981746, 0.26516831707618116, 0.2714991909464825, 0.2767019952121911, 0.28228738981637785, 0.283562616074872, 0.29134510336847896, 0.295024836006501, 0.2958507337950689, 0.29847686276771973, 0.30010882834470665, 0.31104016313235383, 0.31627593842835494, 0.3238200182343986, 0.32949251153355363, 0.33798561830047297, 0.34121916306502353, 0.34307510159772686, 0.3487327262616932, 0.3487327262616932, 0.35288682822705314, 0.355074744163402, 0.360355784395605, 0.36382469896742414, 0.3731816495190351, 0.38116920724673503, 0.38116920724673503, 0.38411829547241755, 0.38411829547241755, 0.39022288947787265, 0.3932834643435451, 0.3932834643435451, 0.4000775561084115, 0.4000775561084115, 0.4000775561084115, 0.4000775561084115, 0.4000775561084115, 0.4000775561084115, 0.4000775561084115, 0.408557373118558, 0.408557373118558, 0.41305425301767085, 0.41841188975364346, 0.41841188975364346, 0.41841188975364346, 0.41841188975364346, 0.41841188975364346, 0.41841188975364346, 0.4247078735343502, 0.4247078735343502, 0.4247078735343502, 0.44277120641019074, 0.44277120641019074, 0.44277120641019074, 0.4496866516153802, 0.4496866516153802, 0.4496866516153802, 0.4496866516153802, 0.4496866516153802, 0.45676320376463003, 0.45676320376463003, 0.45676320376463003, 0.45676320376463003, 0.45676320376463003, 0.45676320376463003, 0.45676320376463003, 0.45676320376463003, 0.45676320376463003, 0.45676320376463003, 0.45676320376463003, 0.45676320376463003]
Training raw path: /home/anhnd/DTI Project/Codes/MPNN/data/KFold/ATCInchikeySideEffectByDrug.txt_train_4
('Number of substructures, proteins, pathways, drugs, se: ', 2936, 1448, 330, 969, 598)
((872, 2936), (97, 2936), (872, 598), (97, 598))
('VALIDATE SUM PROTEIN TRAIN: ', 0.0)
('VALIDATE SUM PROTEIN TEST: ', 0.0)
Train: 0.9281 0.7901
Test: 0.7655 0.4720
[0.6595505418160781, 0.6514264227350373, 0.662529775041443, 0.6563489580519067, 0.6582904110991541, 0.657677528610314, 0.658022600830136, 0.6593605257054841, 0.6613913669705509, 0.6613769694799686, 0.6623812836860739, 0.6622872327280962, 0.6693864521310968, 0.6715012912587224, 0.6723513343192544, 0.6747811099104726, 0.675453600446679, 0.6784948563493426, 0.6798743354546897, 0.682094677271674, 0.6850480618655214, 0.6879195139982569, 0.6897995918222659, 0.6926869478092966, 0.693484912699255, 0.6936310231326608, 0.6961774706314827, 0.6975011232704635, 0.699518015068255, 0.7006090114867047, 0.7031097065386449, 0.7049088691871725, 0.7053233578917297, 0.7069850678038158, 0.7080785963197871, 0.7135391867944685, 0.715604061527709, 0.718676549964171, 0.7208240358765696, 0.7235231412728546, 0.725006643963273, 0.7257808352005035, 0.7291648398869905, 0.7291648398869905, 0.7307792640584576, 0.7317612312009928, 0.7337449987437703, 0.7348516412114677, 0.7386954702446343, 0.741513355219442, 0.741513355219442, 0.7425685855039011, 0.7425685855039011, 0.7444888743533866, 0.7454232573694549, 0.7454232573694549, 0.7478493226947376, 0.7478493226947376, 0.7478493226947376, 0.7478493226947376, 0.7478493226947376, 0.7478493226947376, 0.7478493226947376, 0.7507409105745461, 0.7507409105745461, 0.7522454878984006, 0.7538304806458225, 0.7538304806458225, 0.7538304806458225, 0.7538304806458225, 0.7538304806458225, 0.7538304806458225, 0.7556605840835862, 0.7556605840835862, 0.7556605840835862, 0.7615836716055333, 0.7615836716055333, 0.7615836716055333, 0.7634676391412452, 0.7634676391412452, 0.7634676391412452, 0.7634676391412452, 0.7634676391412452, 0.7654745866969047, 0.7654745866969047, 0.7654745866969047, 0.7654745866969047, 0.7654745866969047, 0.7654745866969047, 0.7654745866969047, 0.7654745866969047, 0.7654745866969047, 0.7654745866969047, 0.7654745866969047, 0.7654745866969047]
[0.11355055522741003, 0.13587509433890826, 0.1461926264432799, 0.15254042647341948, 0.16041664651202378, 0.16401834511272564, 0.17061228973157286, 0.18022307813967647, 0.18918922992823528, 0.19589174304999435, 0.19858925038819797, 0.20194170220478463, 0.21454475327287525, 0.21889326134585893, 0.22157786848010635, 0.22664595827733625, 0.2303642256386497, 0.23716184878697483, 0.23971347167898138, 0.24716232935172766, 0.25279578400210306, 0.2593729192809035, 0.26375307969158374, 0.2709864721413366, 0.27505067102712444, 0.27583798086594113, 0.28265978511520545, 0.28533075115839635, 0.2917430336616127, 0.2944261827250147, 0.2979395387749812, 0.30298297559435694, 0.30396053523515265, 0.3089588339232472, 0.31129195800684034, 0.3238663904360922, 0.3287073356013189, 0.3354626665437579, 0.3404658748800926, 0.34797943492757655, 0.350220162386366, 0.3520367843190697, 0.360175016199508, 0.360175016199508, 0.36474685226733583, 0.3676498672478169, 0.37329447662569903, 0.37657657430405167, 0.387083363729548, 0.3937361582512691, 0.3937361582512691, 0.39639009106923945, 0.39639009106923945, 0.40122642061119834, 0.4036220935415293, 0.4036220935415293, 0.409917462513845, 0.409917462513845, 0.409917462513845, 0.409917462513845, 0.409917462513845, 0.409917462513845, 0.409917462513845, 0.418634158048155, 0.418634158048155, 0.4234337772627954, 0.4290040308201275, 0.4290040308201275, 0.4290040308201275, 0.4290040308201275, 0.4290040308201275, 0.4290040308201275, 0.43557459404757143, 0.43557459404757143, 0.43557459404757143, 0.457321169416126, 0.457321169416126, 0.457321169416126, 0.4641489733492064, 0.4641489733492064, 0.4641489733492064, 0.4641489733492064, 0.4641489733492064, 0.47196743302381655, 0.47196743302381655, 0.47196743302381655, 0.47196743302381655, 0.47196743302381655, 0.47196743302381655, 0.47196743302381655, 0.47196743302381655, 0.47196743302381655, 0.47196743302381655, 0.47196743302381655, 0.47196743302381655]
Training raw path: /home/anhnd/DTI Project/Codes/MPNN/data/KFold/ATCInchikeySideEffectByDrug.txt_train_5
('Number of substructures, proteins, pathways, drugs, se: ', 2936, 1448, 330, 969, 598)
((872, 2936), (97, 2936), (872, 598), (97, 598))
('VALIDATE SUM PROTEIN TRAIN: ', 0.0)
('VALIDATE SUM PROTEIN TEST: ', 0.0)
Train: 0.9330 0.8000
Test: 0.7725 0.4754
[0.6469810530203941, 0.668229527716758, 0.6655331351878512, 0.6657567591109819, 0.6678444027043738, 0.6671053298516707, 0.6756239263343101, 0.6728616125197653, 0.6767804892439936, 0.6800836913467355, 0.6813238838483, 0.6854619250321238, 0.687955042282579, 0.6904741189778286, 0.6914421863582134, 0.6931848324441695, 0.6949640118048415, 0.6959973104609624, 0.695980520091017, 0.6979948073059347, 0.7010211869138288, 0.7039143735278911, 0.7063764303301274, 0.7079402423964076, 0.7100684511725902, 0.7103736056451155, 0.7124711634364632, 0.7144421633493381, 0.7154960991941117, 0.7159673116259309, 0.7181266153084876, 0.7193451978209504, 0.7192879175620324, 0.7202389247185259, 0.7206381004974807, 0.7251591113074586, 0.7273158447618981, 0.7295841981006718, 0.7316429955507573, 0.7341138115030277, 0.7348978463890244, 0.7355766584432194, 0.7382827383999131, 0.7382827383999131, 0.7400715782238004, 0.740924358829768, 0.742585617410435, 0.7432636481683084, 0.7470181384382303, 0.7494989623281294, 0.7494989623281294, 0.7503592373671204, 0.7503592373671204, 0.7525669257800706, 0.7536471212541412, 0.7536471212541412, 0.7564101431067201, 0.7564101431067201, 0.7564101431067201, 0.7564101431067201, 0.7564101431067201, 0.7564101431067201, 0.7564101431067201, 0.7590477896998853, 0.7590477896998853, 0.7603017690473198, 0.7619658795110464, 0.7619658795110464, 0.7619658795110464, 0.7619658795110464, 0.7619658795110464, 0.7619658795110464, 0.763858727046366, 0.763858727046366, 0.763858727046366, 0.7689421753058101, 0.7689421753058101, 0.7689421753058101, 0.7706489225249651, 0.7706489225249651, 0.7706489225249651, 0.7706489225249651, 0.7706489225249651, 0.7724849360398779, 0.7724849360398779, 0.7724849360398779, 0.7724849360398779, 0.7724849360398779, 0.7724849360398779, 0.7724849360398779, 0.7724849360398779, 0.7724849360398779, 0.7724849360398779, 0.7724849360398779, 0.7724849360398779]
[0.11063690948036073, 0.14090914503615865, 0.146630075342297, 0.15146968915008355, 0.15863200512276504, 0.16366675114418688, 0.17417495797856747, 0.17952935021484623, 0.19079262944677305, 0.20010433175430387, 0.2044417350116942, 0.211902824998336, 0.2220975844485274, 0.2297249807486052, 0.2332307370355469, 0.2394891768550323, 0.244362661298321, 0.2511690297803192, 0.2520973632410795, 0.26031378292292695, 0.2699821388141632, 0.27478772560553494, 0.28181125003684226, 0.28493261464410213, 0.2894593430131811, 0.2903892418013998, 0.2966085218151044, 0.3030365121090647, 0.3064102214339921, 0.308649726127459, 0.3140004922733738, 0.3171208411447609, 0.3170897486365478, 0.32035845805288793, 0.3209162643841755, 0.3339078482654072, 0.33983455545070174, 0.3464968634739963, 0.35180340396270243, 0.35832650334962846, 0.36039969856259557, 0.362844017369139, 0.37048549950804877, 0.37048549950804877, 0.37522230445476257, 0.37758384718282323, 0.38184408007051096, 0.38412336111133705, 0.3940306886320336, 0.4008232484886931, 0.4008232484886931, 0.4026319358014173, 0.4026319358014173, 0.4098467948142693, 0.4132284513968161, 0.4132284513968161, 0.4219347611885107, 0.4219347611885107, 0.4219347611885107, 0.4219347611885107, 0.4219347611885107, 0.4219347611885107, 0.4219347611885107, 0.4297559413443291, 0.4297559413443291, 0.43363387184914315, 0.4394800799305099, 0.4394800799305099, 0.4394800799305099, 0.4394800799305099, 0.4394800799305099, 0.4394800799305099, 0.4456856814042249, 0.4456856814042249, 0.4456856814042249, 0.4634552199257708, 0.4634552199257708, 0.4634552199257708, 0.46880966966746, 0.46880966966746, 0.46880966966746, 0.46880966966746, 0.46880966966746, 0.4754152095102134, 0.4754152095102134, 0.4754152095102134, 0.4754152095102134, 0.4754152095102134, 0.4754152095102134, 0.4754152095102134, 0.4754152095102134, 0.4754152095102134, 0.4754152095102134, 0.4754152095102134, 0.4754152095102134]
Training raw path: /home/anhnd/DTI Project/Codes/MPNN/data/KFold/ATCInchikeySideEffectByDrug.txt_train_6
('Number of substructures, proteins, pathways, drugs, se: ', 2936, 1448, 330, 969, 598)
((872, 2936), (97, 2936), (872, 598), (97, 598))
('VALIDATE SUM PROTEIN TRAIN: ', 0.0)
('VALIDATE SUM PROTEIN TEST: ', 0.0)
Train: 0.9302 0.7953
Test: 0.7579 0.4559
[0.671068456966762, 0.6792536141382326, 0.6769895957181459, 0.6708312292769658, 0.6667819619234396, 0.6642864922312871, 0.6597615606718501, 0.6591835236775758, 0.658905205784217, 0.6621274202758957, 0.6619348395504798, 0.664556340096862, 0.6674878229576633, 0.6706282912020705, 0.6710347260302847, 0.6700589565110008, 0.670097248155753, 0.6701455638912589, 0.6709306631984674, 0.6743331032492612, 0.6775318094333761, 0.6800758363542405, 0.6818381490495622, 0.6836317857889191, 0.6839503749592312, 0.6841071567762438, 0.6863712150523198, 0.6882363469957091, 0.6914458199096587, 0.6926680673995629, 0.6965246558600384, 0.6983022881088073, 0.6989820193340153, 0.7006237322150055, 0.7009629215747789, 0.7045209284761378, 0.7071465006861384, 0.7095458212897059, 0.710904259048739, 0.7137913739972023, 0.7151349651359655, 0.7158872956913018, 0.7193479360500374, 0.7193479360500374, 0.7216522799585914, 0.7227401064800832, 0.7239345547574262, 0.7251873823570647, 0.729574853283955, 0.7328146275787263, 0.7328146275787263, 0.7339635057166117, 0.7339635057166117, 0.7361586208664415, 0.737294438334084, 0.737294438334084, 0.7398576510811782, 0.7398576510811782, 0.7398576510811782, 0.7398576510811782, 0.7398576510811782, 0.7398576510811782, 0.7398576510811782, 0.7427308778191517, 0.7427308778191517, 0.7440427504890861, 0.7460248512693116, 0.7460248512693116, 0.7460248512693116, 0.7460248512693116, 0.7460248512693116, 0.7460248512693116, 0.7478393597059021, 0.7478393597059021, 0.7478393597059021, 0.7538890207209246, 0.7538890207209246, 0.7538890207209246, 0.7556374482426935, 0.7556374482426935, 0.7556374482426935, 0.7556374482426935, 0.7556374482426935, 0.7579455528590502, 0.7579455528590502, 0.7579455528590502, 0.7579455528590502, 0.7579455528590502, 0.7579455528590502, 0.7579455528590502, 0.7579455528590502, 0.7579455528590502, 0.7579455528590502, 0.7579455528590502, 0.7579455528590502]
[0.1223153418525055, 0.1436677302828146, 0.1480036647438251, 0.13825077227482568, 0.13845352140657352, 0.142328120639365, 0.1457443636781767, 0.15116060741511955, 0.15733975207313475, 0.16620716786047568, 0.1698038448971474, 0.17653624866865292, 0.1849596612743612, 0.1916602394392243, 0.19387690090206874, 0.19599972995830936, 0.20097142640870097, 0.20217205783057934, 0.2045041650858545, 0.21404477301947455, 0.22069240026309728, 0.2284033267929612, 0.23519988957760318, 0.24067811502170033, 0.24331330441011703, 0.2446408198459234, 0.24936805774485307, 0.25396453629372384, 0.2623508654204296, 0.26547457816179687, 0.2763263891587202, 0.2801240450273579, 0.28155902511053843, 0.28744384180839166, 0.28811579580471386, 0.2981288699561552, 0.3043933026999727, 0.3118211918896449, 0.31687212857560704, 0.3252041647995798, 0.32817426620946333, 0.33022604232644426, 0.339791490532665, 0.339791490532665, 0.34664666496177604, 0.3490256137830606, 0.35254973226314923, 0.35589001931886644, 0.36765018507598646, 0.3770180057424311, 0.3770180057424311, 0.37968817507276786, 0.37968817507276786, 0.3853844596267767, 0.38865438939616936, 0.38865438939616936, 0.3957024290828376, 0.3957024290828376, 0.3957024290828376, 0.3957024290828376, 0.3957024290828376, 0.3957024290828376, 0.3957024290828376, 0.40459612374468085, 0.40459612374468085, 0.40791951468888243, 0.4144118330999161, 0.4144118330999161, 0.4144118330999161, 0.4144118330999161, 0.4144118330999161, 0.4144118330999161, 0.4202368542523165, 0.4202368542523165, 0.4202368542523165, 0.44128864888881864, 0.44128864888881864, 0.44128864888881864, 0.44707315328618297, 0.44707315328618297, 0.44707315328618297, 0.44707315328618297, 0.44707315328618297, 0.45585851434566194, 0.45585851434566194, 0.45585851434566194, 0.45585851434566194, 0.45585851434566194, 0.45585851434566194, 0.45585851434566194, 0.45585851434566194, 0.45585851434566194, 0.45585851434566194, 0.45585851434566194, 0.45585851434566194]
Training raw path: /home/anhnd/DTI Project/Codes/MPNN/data/KFold/ATCInchikeySideEffectByDrug.txt_train_7
('Number of substructures, proteins, pathways, drugs, se: ', 2936, 1448, 330, 969, 598)
((872, 2936), (97, 2936), (872, 598), (97, 598))
('VALIDATE SUM PROTEIN TRAIN: ', 0.0)
('VALIDATE SUM PROTEIN TEST: ', 0.0)
Train: 0.9323 0.7993
Test: 0.7444 0.4299
[0.6054107524783793, 0.615169481736988, 0.6247524057702806, 0.6228175113903449, 0.6222618630477553, 0.6240327090292634, 0.6220154896888678, 0.6238121637602075, 0.6262786223171662, 0.6275818900439184, 0.6274472458156847, 0.6283333718036047, 0.6340699899286176, 0.6366370257553664, 0.6377509984744996, 0.639395833438771, 0.6394829908722082, 0.6420205300246292, 0.6435587201004751, 0.6465236554559282, 0.6491819556572858, 0.6517565880605529, 0.6540983810489128, 0.6580086985439679, 0.6593597908868518, 0.6597003627561848, 0.6624424411089342, 0.6646863514772492, 0.666690124658036, 0.6679286481838237, 0.6723581199194433, 0.6737867286580521, 0.674953379173707, 0.6763381010689434, 0.6772569774209336, 0.6822857774138625, 0.6850808456523858, 0.6879623174924345, 0.6906753396483785, 0.6946861409003021, 0.6967150882952005, 0.6976848892577883, 0.7014377564801132, 0.7014377564801132, 0.7037924025198432, 0.7047462038430026, 0.7074659294228886, 0.7087693513768449, 0.7139267914407468, 0.7173212733920187, 0.7173212733920187, 0.7186245565191327, 0.7186245565191327, 0.7213816346361489, 0.7226700072468264, 0.7226700072468264, 0.7254980364622334, 0.7254980364622334, 0.7254980364622334, 0.7254980364622334, 0.7254980364622334, 0.7254980364622334, 0.7254980364622334, 0.7289114395340348, 0.7289114395340348, 0.7306255649066685, 0.7322450236778446, 0.7322450236778446, 0.7322450236778446, 0.7322450236778446, 0.7322450236778446, 0.7322450236778446, 0.7341002846305583, 0.7341002846305583, 0.7341002846305583, 0.7402492322982632, 0.7402492322982632, 0.7402492322982632, 0.7422738193193815, 0.7422738193193815, 0.7422738193193815, 0.7422738193193815, 0.7422738193193815, 0.7444424172641302, 0.7444424172641302, 0.7444424172641302, 0.7444424172641302, 0.7444424172641302, 0.7444424172641302, 0.7444424172641302, 0.7444424172641302, 0.7444424172641302, 0.7444424172641302, 0.7444424172641302, 0.7444424172641302]
[0.09525901426760636, 0.10765663009274334, 0.11026468033518352, 0.115344344405681, 0.12181815886873053, 0.12760826628151406, 0.13094013331254384, 0.1363709763689456, 0.13984584992961727, 0.14295914577356766, 0.1447279921417965, 0.14793178446805066, 0.15865676049503152, 0.16588840174691855, 0.16850804509255687, 0.17188191619431276, 0.1739524851286033, 0.17923271881006786, 0.18126581253965227, 0.18885213176482776, 0.1977176012299065, 0.2036177347251283, 0.20910981855655789, 0.21612850420569407, 0.22109722062357443, 0.22138320213599064, 0.2264621204708278, 0.23163053119270843, 0.23665242538546266, 0.2387678475424159, 0.2479473868767314, 0.2515059860750895, 0.25370243919813285, 0.2569524105619785, 0.25899454040327247, 0.2698090586307269, 0.2771515747238521, 0.28231851247956097, 0.2875517407925929, 0.29650285529114573, 0.30043534537275185, 0.3027504094491101, 0.31072532790135915, 0.31072532790135915, 0.31669495176983037, 0.3188410781686276, 0.32504837611002285, 0.3286299156277458, 0.34111956001077964, 0.3500564422729495, 0.3500564422729495, 0.3526654859529354, 0.3526654859529354, 0.3598184289341585, 0.36287132899162255, 0.36287132899162255, 0.37023994057006326, 0.37023994057006326, 0.37023994057006326, 0.37023994057006326, 0.37023994057006326, 0.37023994057006326, 0.37023994057006326, 0.3795433135249559, 0.3795433135249559, 0.3840626824490171, 0.38911477330585903, 0.38911477330585903, 0.38911477330585903, 0.38911477330585903, 0.38911477330585903, 0.38911477330585903, 0.3952438476024958, 0.3952438476024958, 0.3952438476024958, 0.4150886869182925, 0.4150886869182925, 0.4150886869182925, 0.4222005731676806, 0.4222005731676806, 0.4222005731676806, 0.4222005731676806, 0.4222005731676806, 0.4298779620055335, 0.4298779620055335, 0.4298779620055335, 0.4298779620055335, 0.4298779620055335, 0.4298779620055335, 0.4298779620055335, 0.4298779620055335, 0.4298779620055335, 0.4298779620055335, 0.4298779620055335, 0.4298779620055335]
Training raw path: /home/anhnd/DTI Project/Codes/MPNN/data/KFold/ATCInchikeySideEffectByDrug.txt_train_8
('Number of substructures, proteins, pathways, drugs, se: ', 2936, 1448, 330, 969, 598)
((872, 2936), (97, 2936), (872, 598), (97, 598))
('VALIDATE SUM PROTEIN TRAIN: ', 0.0)
('VALIDATE SUM PROTEIN TEST: ', 0.0)
Train: 0.9271 0.7866
Test: 0.7591 0.4434
[0.6491228704960048, 0.6375015794449939, 0.6457000123859462, 0.6471953210824171, 0.6433651205128091, 0.6445400946912595, 0.6475160796799001, 0.6508865794549099, 0.6546574193838759, 0.6577739433776586, 0.6600342161253058, 0.6612649507963604, 0.6642195745135643, 0.6668779354462421, 0.6680685485265401, 0.6682134481072972, 0.6692418971286147, 0.6712475652004667, 0.6726129311183381, 0.6762313960658, 0.6786646577305274, 0.682035700434447, 0.6837952440132783, 0.6870888005188323, 0.6884403524748125, 0.6890245176499056, 0.6912233241647374, 0.6933811487255052, 0.6953705673050392, 0.6953215296429542, 0.6987772636960909, 0.7002894827549299, 0.7005748879792008, 0.701936677967772, 0.7028334481422482, 0.7073724887706626, 0.7098540684116434, 0.7117115688870601, 0.7134056442101017, 0.7158721724939585, 0.7175455692317821, 0.7180023990118569, 0.7211897622590293, 0.7211897622590293, 0.7230199119574905, 0.7240290651829842, 0.7253789059609563, 0.7262444492461617, 0.7299997506425407, 0.7331063375537874, 0.7331063375537874, 0.7340586308565868, 0.7340586308565868, 0.7363973021015218, 0.7377254069922123, 0.7377254069922123, 0.7403334371788886, 0.7403334371788886, 0.7403334371788886, 0.7403334371788886, 0.7403334371788886, 0.7403334371788886, 0.7403334371788886, 0.7434742201358331, 0.7434742201358331, 0.7449833466046384, 0.7466417188855353, 0.7466417188855353, 0.7466417188855353, 0.7466417188855353, 0.7466417188855353, 0.7466417188855353, 0.7483785969645494, 0.7483785969645494, 0.7483785969645494, 0.754655359376122, 0.754655359376122, 0.754655359376122, 0.7567217359605112, 0.7567217359605112, 0.7567217359605112, 0.7567217359605112, 0.7567217359605112, 0.7590579717056684, 0.7590579717056684, 0.7590579717056684, 0.7590579717056684, 0.7590579717056684, 0.7590579717056684, 0.7590579717056684, 0.7590579717056684, 0.7590579717056684, 0.7590579717056684, 0.7590579717056684, 0.7590579717056684]
[0.11062307324888598, 0.11510315517328869, 0.12426565127281454, 0.1292253621975034, 0.13167802117303062, 0.1382637435398288, 0.1466727563757121, 0.15641052761673124, 0.16562307512259974, 0.17267326084409276, 0.17837833272036335, 0.18174461444256676, 0.1871616495124504, 0.19454033913017388, 0.197561917906033, 0.19829060712090735, 0.20156419041528406, 0.20602220939082888, 0.20906040272718984, 0.21411821277853826, 0.22194690303499887, 0.2298582957697763, 0.23389758620518558, 0.24002474111258643, 0.2418629237201621, 0.24334925412903802, 0.24770053211030185, 0.251783376702506, 0.25495919802398775, 0.25559523907218773, 0.2639999744184056, 0.26791249326496114, 0.26868632596095443, 0.27325411265711663, 0.27565133721176416, 0.2875050278825326, 0.29399743139566614, 0.2989493082945801, 0.30366380268287546, 0.31006599010824265, 0.31448279152851877, 0.31563039369186796, 0.3236097993021011, 0.3236097993021011, 0.33018121823579183, 0.33232704751030756, 0.3362506909749706, 0.33920716712092835, 0.3499563466277707, 0.3580105961605218, 0.3580105961605218, 0.360615448710546, 0.360615448710546, 0.36700470973967725, 0.37078634874245064, 0.37078634874245064, 0.3779137523886322, 0.3779137523886322, 0.3779137523886322, 0.3779137523886322, 0.3779137523886322, 0.3779137523886322, 0.3779137523886322, 0.387892275472852, 0.387892275472852, 0.3924525683162189, 0.39784885722268665, 0.39784885722268665, 0.39784885722268665, 0.39784885722268665, 0.39784885722268665, 0.39784885722268665, 0.4033316955752864, 0.4033316955752864, 0.4033316955752864, 0.4267938944892185, 0.4267938944892185, 0.4267938944892185, 0.4339529956807717, 0.4339529956807717, 0.4339529956807717, 0.4339529956807717, 0.4339529956807717, 0.44336908894349236, 0.44336908894349236, 0.44336908894349236, 0.44336908894349236, 0.44336908894349236, 0.44336908894349236, 0.44336908894349236, 0.44336908894349236, 0.44336908894349236, 0.44336908894349236, 0.44336908894349236, 0.44336908894349236]
Training raw path: /home/anhnd/DTI Project/Codes/MPNN/data/KFold/ATCInchikeySideEffectByDrug.txt_train_9
('Number of substructures, proteins, pathways, drugs, se: ', 2936, 1448, 330, 969, 598)
((873, 2936), (96, 2936), (873, 598), (96, 598))
('VALIDATE SUM PROTEIN TRAIN: ', 0.0)
('VALIDATE SUM PROTEIN TEST: ', 0.0)
Train: 0.9291 0.7875
Test: 0.7246 0.4177
[0.5809546321823018, 0.5973724633291506, 0.604852007135094, 0.5990380569920251, 0.6002766542366663, 0.6004501489622107, 0.6028533852130645, 0.6062441571294279, 0.6098379687028261, 0.6104928933021275, 0.6122858188856152, 0.614190728600337, 0.6194376874889184, 0.6211354579836363, 0.6214124667415143, 0.6238682240888183, 0.6247391637880657, 0.6266989247278898, 0.6275140895541591, 0.6301924227345659, 0.6342024719280679, 0.6379934962632854, 0.6415380790138214, 0.6443187991834005, 0.6462872292188747, 0.6466608915459783, 0.6492200447618287, 0.6512377153872522, 0.6536675787810229, 0.6554264548002786, 0.6598171893735646, 0.6613334093738437, 0.6620749037805634, 0.6637298195749082, 0.6647437202482307, 0.668484564058857, 0.6706350179889513, 0.6740492499572642, 0.6763924098543336, 0.6797852208369326, 0.681819644751757, 0.6823548287907967, 0.6858859729270074, 0.6858859729270074, 0.6878911105451956, 0.6886565468489911, 0.690871955695622, 0.691800794482805, 0.6959446788089569, 0.6989853467380668, 0.6989853467380668, 0.700117215483036, 0.700117215483036, 0.7026808359972639, 0.7039368135515695, 0.7039368135515695, 0.7066552645296722, 0.7066552645296722, 0.7066552645296722, 0.7066552645296722, 0.7066552645296722, 0.7066552645296722, 0.7066552645296722, 0.7096766855670965, 0.7096766855670965, 0.7114281395229034, 0.7130807215935734, 0.7130807215935734, 0.7130807215935734, 0.7130807215935734, 0.7130807215935734, 0.7130807215935734, 0.7148342406760556, 0.7148342406760556, 0.7148342406760556, 0.7205530184292943, 0.7205530184292943, 0.7205530184292943, 0.7225699873223828, 0.7225699873223828, 0.7225699873223828, 0.7225699873223828, 0.7225699873223828, 0.7246464740175418, 0.7246464740175418, 0.7246464740175418, 0.7246464740175418, 0.7246464740175418, 0.7246464740175418, 0.7246464740175418, 0.7246464740175418, 0.7246464740175418, 0.7246464740175418, 0.7246464740175418, 0.7246464740175418]
[0.07920543333643919, 0.09119009579304074, 0.10473579893788858, 0.1074143628490969, 0.11600206345322664, 0.12023633158152294, 0.12677177056905098, 0.13182820554284497, 0.138260805087076, 0.1429654655939404, 0.1459399373466374, 0.15064278330954176, 0.1601314575622863, 0.16580277443913516, 0.16852190379054638, 0.1740125366184001, 0.1767626036212172, 0.181362728180365, 0.18358046594996755, 0.18994822479699947, 0.19741180295999777, 0.20478912389927237, 0.21295768116723876, 0.2212188095276571, 0.22514698510555786, 0.22637214663032051, 0.23164449183888003, 0.23643383518301636, 0.24188676840231704, 0.24524119274477416, 0.2532396425583258, 0.25582684788478294, 0.2573956731839489, 0.26126970120658644, 0.2633215808070258, 0.2715020681145216, 0.27605975042781933, 0.28364288772190444, 0.2886070658690806, 0.2961035941782691, 0.30060056334489405, 0.3019757605624952, 0.3101657277078407, 0.3101657277078407, 0.315396546749846, 0.31703135906076285, 0.32253246397678936, 0.3242577695748727, 0.3345504775205328, 0.34255721175389925, 0.34255721175389925, 0.3450056855327894, 0.3450056855327894, 0.3518005930531426, 0.3546703204455826, 0.3546703204455826, 0.361694161817507, 0.361694161817507, 0.361694161817507, 0.361694161817507, 0.361694161817507, 0.361694161817507, 0.361694161817507, 0.3702689678736013, 0.3702689678736013, 0.37546880652042386, 0.3804181892994856, 0.3804181892994856, 0.3804181892994856, 0.3804181892994856, 0.3804181892994856, 0.3804181892994856, 0.38566865289784186, 0.38566865289784186, 0.38566865289784186, 0.40410056701609404, 0.40410056701609404, 0.40410056701609404, 0.4105235754135586, 0.4105235754135586, 0.4105235754135586, 0.4105235754135586, 0.4105235754135586, 0.417695742119401, 0.417695742119401, 0.417695742119401, 0.417695742119401, 0.417695742119401, 0.417695742119401, 0.417695742119401, 0.417695742119401, 0.417695742119401, 0.417695742119401, 0.417695742119401, 0.417695742119401]
AUC: 0.7554 0.0040
AUPR: 0.4615 0.0083
('RARE AUC', [(0.6378559012837794, 0.010115594693301564), (0.6462451837880108, 0.008821907870347385), (0.6493425238976217, 0.007830151203380428), (0.6456776264519121, 0.008010524201140139), (0.6442886994511963, 0.007811114419299273), (0.6446947615345586, 0.00733041983987696), (0.6459502646510101, 0.007469838319180767), (0.6477380817477199, 0.0071156578195231334), (0.6499147765600461, 0.006878471396332688), (0.6516730367204968, 0.006935490933897093), (0.6522885213340752, 0.0069722214375640724), (0.6542503022239458, 0.007052194906866078), (0.6586727268718708, 0.006687600184661054), (0.6614745823397287, 0.00664213547034063), (0.6622640781230705, 0.006635325846362423), (0.6639291449729043, 0.006513705188211429), (0.6649121732978062, 0.0065986576353767225), (0.6667162095726975, 0.006486975207581345), (0.6676505032577494, 0.0064224562269869405), (0.6705629777991222, 0.006371199727580259), (0.6737607123306677, 0.00630215897720953), (0.6767232047481924, 0.006238970728929405), (0.6791095179789227, 0.006180704563969606), (0.6817974178523348, 0.006065864094081394), (0.6831882264652304, 0.006024717532839472), (0.6834816673403235, 0.006018504165433114), (0.685704952464356, 0.005946784070412062), (0.6877094952738643, 0.005928505707225563), (0.6899241221091715, 0.0058214967524642365), (0.6908567129902292, 0.005723511995487191), (0.6943010533142655, 0.005461862985395007), (0.6960860773454577, 0.005450319201460516), (0.6966916341931804, 0.005382300546706853), (0.698138028793996, 0.005317269259192028), (0.6988823251689942, 0.005276853827827299), (0.7033277118920366, 0.005283099241241574), (0.7056905306714273, 0.005247523750635242), (0.708401595682432, 0.00513191415229251), (0.7104349554072483, 0.005048731703989534), (0.7134149081470275, 0.004905674316656699), (0.7148557395859763, 0.004803578701700214), (0.7156539412607601, 0.004811669071080706), (0.7188524479937504, 0.004719731410140669), (0.7188524479937504, 0.004719731410140669), (0.7207106832041693, 0.004679803771266683), (0.7216443950854792, 0.0046808410163016005), (0.7234983873098175, 0.00459992712054263), (0.7244966375858441, 0.004568334212396654), (0.7284253837605666, 0.0044695071833724676), (0.7313677230843225, 0.004395244206437824), (0.7313677230843225, 0.004395244206437824), (0.7324163717198588, 0.004366489351939296), (0.7324163717198588, 0.004366489351939296), (0.734630989879272, 0.004294816616000778), (0.7357831611069633, 0.004273914856931931), (0.7357831611069633, 0.004273914856931931), (0.7382510215208303, 0.004233868657809551), (0.7382510215208303, 0.004233868657809551), (0.7382510215208303, 0.004233868657809551), (0.7382510215208303, 0.004233868657809551), (0.7382510215208303, 0.004233868657809551), (0.7382510215208303, 0.004233868657809551), (0.7382510215208303, 0.004233868657809551), (0.741168855177997, 0.004184674453744475), (0.741168855177997, 0.004184674453744475), (0.7426585429188346, 0.004145592255900757), (0.7442394182982343, 0.0041366559396966065), (0.7442394182982343, 0.0041366559396966065), (0.7442394182982343, 0.0041366559396966065), (0.7442394182982343, 0.0041366559396966065), (0.7442394182982343, 0.0041366559396966065), (0.7442394182982343, 0.0041366559396966065), (0.7460170663882519, 0.0041344870420655785), (0.7460170663882519, 0.0041344870420655785), (0.7460170663882519, 0.0041344870420655785), (0.751520616397219, 0.0040676246388384185), (0.751520616397219, 0.0040676246388384185), (0.751520616397219, 0.0040676246388384185), (0.7533962235942979, 0.004037665885836806), (0.7533962235942979, 0.004037665885836806), (0.7533962235942979, 0.004037665885836806), (0.7533962235942979, 0.004037665885836806), (0.7533962235942979, 0.004037665885836806), (0.7554375252038901, 0.004017848312407757), (0.7554375252038901, 0.004017848312407757), (0.7554375252038901, 0.004017848312407757), (0.7554375252038901, 0.004017848312407757), (0.7554375252038901, 0.004017848312407757), (0.7554375252038901, 0.004017848312407757), (0.7554375252038901, 0.004017848312407757), (0.7554375252038901, 0.004017848312407757), (0.7554375252038901, 0.004017848312407757), (0.7554375252038901, 0.004017848312407757), (0.7554375252038901, 0.004017848312407757), (0.7554375252038901, 0.004017848312407757)])
('RARE AUPR', [(0.1145279114352489, 0.008138845392503534), (0.1339974008923504, 0.008749991139620515), (0.13986845877789486, 0.008826713339416476), (0.14166783047959464, 0.008635199799682582), (0.14633861072473273, 0.008487781476491292), (0.15075387903136267, 0.007882285819685034), (0.15758191864328, 0.008182247609588456), (0.16499310008647022, 0.00831867879768259), (0.1724485708480109, 0.008381042384221396), (0.17810715547859762, 0.008578827428343917), (0.18088284222049314, 0.008695382562569538), (0.18581891794005806, 0.008822052747854666), (0.1958773695362807, 0.00887054964920432), (0.20278703939792225, 0.008730036985400383), (0.2057289224882742, 0.008714755324067755), (0.21026227090340951, 0.008844046098745308), (0.21394501530326343, 0.009094565264261511), (0.21859654923215283, 0.009207895227244037), (0.22084721415877234, 0.009170315436980736), (0.22894249828594923, 0.009446688281996305), (0.23691140894615273, 0.009598914913734215), (0.24380019985472864, 0.009447815211354295), (0.24999770014131334, 0.009552063237403593), (0.2565098949661401, 0.009519508647716536), (0.2604333383834402, 0.009603347814475194), (0.2614407545809697, 0.009607944741151881), (0.26675592179458174, 0.009714887377106893), (0.27184687222090836, 0.009845919011443514), (0.2777289505498608, 0.009875612588665112), (0.28016687141631275, 0.009886768253427675), (0.2880528362082678, 0.00958413170839838), (0.2922315637294929, 0.009666619638106068), (0.29362108641838625, 0.009623776167074043), (0.2977859685435611, 0.009549957950232663), (0.29950138593279946, 0.009483576134714303), (0.3110471931729411, 0.009747322037558796), (0.3169707419818998, 0.009780025913091937), (0.32429100411340495, 0.009915001294029425), (0.32955936084534676, 0.009959983004380524), (0.33739852332662795, 0.009906669258358555), (0.34088763888364204, 0.009798853826340258), (0.3430364224325969, 0.009912582934970694), (0.3509694052522362, 0.009884880296753978), (0.3509694052522362, 0.009884880296753978), (0.3561224078650213, 0.009735868194090055), (0.35837644022138526, 0.009743642018550696), (0.36359751613245544, 0.009766437508821762), (0.3664490408604276, 0.009719355904594527), (0.3769633712008308, 0.009517771125076138), (0.3850841544851554, 0.00937171186946518), (0.3850841544851554, 0.00937171186946518), (0.3876129791653328, 0.00934226164054271), (0.3876129791653328, 0.00934226164054271), (0.39390552327201106, 0.009229836277043978), (0.3970186551799217, 0.009228078057624586), (0.3970186551799217, 0.009228078057624586), (0.40389534912762787, 0.009113858917568607), (0.40389534912762787, 0.009113858917568607), (0.40389534912762787, 0.009113858917568607), (0.40389534912762787, 0.009113858917568607), (0.40389534912762787, 0.009113858917568607), (0.40389534912762787, 0.009113858917568607), (0.40389534912762787, 0.009113858917568607), (0.4127202269818606, 0.00899973681151324), (0.4127202269818606, 0.00899973681151324), (0.41710667312691474, 0.008968621143525589), (0.4223302955820105, 0.008925267647800777), (0.4223302955820105, 0.008925267647800777), (0.4223302955820105, 0.008925267647800777), (0.4223302955820105, 0.008925267647800777), (0.4223302955820105, 0.008925267647800777), (0.4223302955820105, 0.008925267647800777), (0.4283668237698059, 0.008950135991562087), (0.4283668237698059, 0.008950135991562087), (0.4283668237698059, 0.008950135991562087), (0.44738986753791743, 0.008539530922680899), (0.44738986753791743, 0.008539530922680899), (0.44738986753791743, 0.008539530922680899), (0.4538587570794735, 0.008433260082605), (0.4538587570794735, 0.008433260082605), (0.4538587570794735, 0.008433260082605), (0.4538587570794735, 0.008433260082605), (0.4538587570794735, 0.008433260082605), (0.4615249520825975, 0.008327674745528488), (0.4615249520825975, 0.008327674745528488), (0.4615249520825975, 0.008327674745528488), (0.4615249520825975, 0.008327674745528488), (0.4615249520825975, 0.008327674745528488), (0.4615249520825975, 0.008327674745528488), (0.4615249520825975, 0.008327674745528488), (0.4615249520825975, 0.008327674745528488), (0.4615249520825975, 0.008327674745528488), (0.4615249520825975, 0.008327674745528488), (0.4615249520825975, 0.008327674745528488), (0.4615249520825975, 0.008327674745528488)])
