Default
<models.baselines.omodels.NeuSK object at 0x7fcb9eeef110>
('Manual torch seed: ', 443181909)
Training raw path: /home/anhnd/DTI Project/Codes/MPNN/data/KFold/ATCInchikeySideEffectByDrug.txt_train_0
('Number of substructures, proteins, pathways, drugs, se: ', 2936, 1448, 330, 969, 598)
((872, 1448), (97, 1448), (872, 598), (97, 598))
Train: 0.9182 0.7648
Test: 0.7770 0.4637
[0.647858083053155, 0.6662651183696899, 0.6839035484793844, 0.6779279157517227, 0.6771298225483386, 0.6778203345724694, 0.6807705353113016, 0.6835510351230428, 0.6817614936567349, 0.6844501839478296, 0.6850889478456728, 0.6864150270178713, 0.6906946084072176, 0.6937715061644575, 0.6951819539414215, 0.6966816774007991, 0.6974347233876981, 0.6985336357368921, 0.6992843337805512, 0.7022957445735326, 0.7057464988367479, 0.7082026270867205, 0.7096344135390888, 0.7117955180744107, 0.7136476852826633, 0.7140294001708245, 0.7158337003097276, 0.7174280439785314, 0.719801358864754, 0.7205525868523663, 0.7237650131013228, 0.7253517308233841, 0.7260261868208063, 0.7271925956910181, 0.7280981679002135, 0.7325098370752546, 0.7343612824927022, 0.7369113243670632, 0.7386700789941285, 0.7415060167981742, 0.7426365825161036, 0.7434310185330605, 0.745977766231798, 0.745977766231798, 0.7477811820040852, 0.7485370555328654, 0.7503687547459028, 0.751259000880929, 0.7544557835675949, 0.756967791400122, 0.756967791400122, 0.7579146549218727, 0.7579146549218727, 0.7599505898047119, 0.7608561293522, 0.7608561293522, 0.762647204357151, 0.762647204357151, 0.762647204357151, 0.762647204357151, 0.762647204357151, 0.762647204357151, 0.762647204357151, 0.7651428719040089, 0.7651428719040089, 0.7664387636320884, 0.767697415045143, 0.767697415045143, 0.767697415045143, 0.767697415045143, 0.767697415045143, 0.767697415045143, 0.7692108674838226, 0.7692108674838226, 0.7692108674838226, 0.7736204199442991, 0.7736204199442991, 0.7736204199442991, 0.7752466221532366, 0.7752466221532366, 0.7752466221532366, 0.7752466221532366, 0.7752466221532366, 0.7770428138749836, 0.7770428138749836, 0.7770428138749836, 0.7770428138749836, 0.7770428138749836, 0.7770428138749836, 0.7770428138749836, 0.7770428138749836, 0.7770428138749836, 0.7770428138749836, 0.7770428138749836, 0.7770428138749836]
[0.11605961389762595, 0.13841674125638354, 0.15267367593635886, 0.15287386775508766, 0.1539686864404945, 0.16221526496423488, 0.16803480380575347, 0.17276538114977213, 0.1735475301495556, 0.18000709709566304, 0.18146405880049082, 0.18555543302106353, 0.1958732802251454, 0.20441459837943263, 0.20788778904152794, 0.21201413863990506, 0.21403443419923676, 0.2169301005011684, 0.2187685114474742, 0.229888184559903, 0.23874612869775091, 0.24558366343752558, 0.2515838140132589, 0.2595902760848622, 0.26529259356690654, 0.26582176029244015, 0.27030962415312965, 0.276403590316205, 0.28388169447962364, 0.28634327788821623, 0.29510528677072545, 0.29862241370124243, 0.30017474638442054, 0.3038219583660205, 0.306251571720843, 0.3182596385179594, 0.32347319772705496, 0.33086354407491025, 0.33667509409837376, 0.3452564775554451, 0.34880031006574125, 0.3506963599986066, 0.3578139817966869, 0.3578139817966869, 0.3644699222778581, 0.36654279780693705, 0.37258416546625295, 0.37540318987993443, 0.38584682768679723, 0.39341696201471665, 0.39341696201471665, 0.3957849486777072, 0.3957849486777072, 0.40262277903536975, 0.4057336291390321, 0.4057336291390321, 0.41209517681941776, 0.41209517681941776, 0.41209517681941776, 0.41209517681941776, 0.41209517681941776, 0.41209517681941776, 0.41209517681941776, 0.4204031355214568, 0.4204031355214568, 0.42487021849839834, 0.42934973853272307, 0.42934973853272307, 0.42934973853272307, 0.42934973853272307, 0.42934973853272307, 0.42934973853272307, 0.4347091636164059, 0.4347091636164059, 0.4347091636164059, 0.45075394770467264, 0.45075394770467264, 0.45075394770467264, 0.45666211530740847, 0.45666211530740847, 0.45666211530740847, 0.45666211530740847, 0.45666211530740847, 0.4637106005186527, 0.4637106005186527, 0.4637106005186527, 0.4637106005186527, 0.4637106005186527, 0.4637106005186527, 0.4637106005186527, 0.4637106005186527, 0.4637106005186527, 0.4637106005186527, 0.4637106005186527, 0.4637106005186527]
Training raw path: /home/anhnd/DTI Project/Codes/MPNN/data/KFold/ATCInchikeySideEffectByDrug.txt_train_1
('Number of substructures, proteins, pathways, drugs, se: ', 2936, 1448, 330, 969, 598)
((872, 1448), (97, 1448), (872, 598), (97, 598))
Train: 0.9190 0.7671
Test: 0.7511 0.4496
[0.614441973081802, 0.626546439754207, 0.6271491884476987, 0.6246740006499641, 0.6252143637443506, 0.6194097997861835, 0.6249526720605851, 0.6257109195040468, 0.6300706115434778, 0.6319276587016665, 0.6321530606278684, 0.6344330993327596, 0.6412411805075557, 0.644664027175219, 0.6464534116682861, 0.650716799817432, 0.651990532931604, 0.6546729918632641, 0.6557600412265134, 0.6607131618929031, 0.6643962376392005, 0.666254540249142, 0.669443772878757, 0.6728094447419333, 0.6740829549469688, 0.6741684073770545, 0.6762577026981937, 0.6782834717525823, 0.682075043737954, 0.6834779185716569, 0.6871106775146372, 0.6896360777639583, 0.6906506667424268, 0.6923965368175456, 0.6932401151526684, 0.6979253657806281, 0.6999495293783725, 0.7031193221472125, 0.7053527460198541, 0.7092942867760741, 0.7108844803087795, 0.7117911144187936, 0.7149379628389966, 0.7149379628389966, 0.7163095984954106, 0.7171911182344616, 0.7193340350008255, 0.7202878408554414, 0.7242994499386066, 0.7273034725137159, 0.7273034725137159, 0.7280026222998811, 0.7280026222998811, 0.730480498991797, 0.7317208924263072, 0.7317208924263072, 0.7341889765769445, 0.7341889765769445, 0.7341889765769445, 0.7341889765769445, 0.7341889765769445, 0.7341889765769445, 0.7341889765769445, 0.7372160727174311, 0.7372160727174311, 0.7386547283911999, 0.7400982268669821, 0.7400982268669821, 0.7400982268669821, 0.7400982268669821, 0.7400982268669821, 0.7400982268669821, 0.7419996056550283, 0.7419996056550283, 0.7419996056550283, 0.7469972241012848, 0.7469972241012848, 0.7469972241012848, 0.7489951041311362, 0.7489951041311362, 0.7489951041311362, 0.7489951041311362, 0.7489951041311362, 0.7510509566617087, 0.7510509566617087, 0.7510509566617087, 0.7510509566617087, 0.7510509566617087, 0.7510509566617087, 0.7510509566617087, 0.7510509566617087, 0.7510509566617087, 0.7510509566617087, 0.7510509566617087, 0.7510509566617087]
[0.09441226288901589, 0.10913250612020979, 0.10985373477478538, 0.11275565536336268, 0.12062053662538072, 0.12108916366812914, 0.12894042938803907, 0.13346322055593138, 0.14143990005034304, 0.14537918474335956, 0.14700774312035775, 0.150528415553969, 0.16041728340521622, 0.16841258915963678, 0.17212174810301958, 0.17998082397036747, 0.18261397527175988, 0.1890599995758789, 0.19106281065975717, 0.201853195877613, 0.21080487143503834, 0.21651091530300362, 0.2232137268151334, 0.23109390063693303, 0.2352475553119644, 0.2361432561359461, 0.24105593218152754, 0.24644167792386912, 0.25557060378511814, 0.2594604015905686, 0.26918872934632565, 0.2746582718185318, 0.2768061478637645, 0.28153261520063616, 0.2831823104671656, 0.2954972695169335, 0.30056881918808065, 0.3089641898585219, 0.3149076481166914, 0.32580382298500216, 0.32967249624294537, 0.3321916313019385, 0.34043985566268375, 0.34043985566268375, 0.34456809891341633, 0.34701628325456946, 0.3526087128115454, 0.3554735033313431, 0.36605362061001034, 0.37590772357399554, 0.37590772357399554, 0.3772282588518197, 0.3772282588518197, 0.38484874674971126, 0.38798461205755597, 0.38798461205755597, 0.3950050047888538, 0.3950050047888538, 0.3950050047888538, 0.3950050047888538, 0.3950050047888538, 0.3950050047888538, 0.3950050047888538, 0.403999430760109, 0.403999430760109, 0.40799277024766223, 0.41276722672970834, 0.41276722672970834, 0.41276722672970834, 0.41276722672970834, 0.41276722672970834, 0.41276722672970834, 0.4191573897135989, 0.4191573897135989, 0.4191573897135989, 0.435401313750131, 0.435401313750131, 0.435401313750131, 0.44210587418560676, 0.44210587418560676, 0.44210587418560676, 0.44210587418560676, 0.44210587418560676, 0.4495745419374269, 0.4495745419374269, 0.4495745419374269, 0.4495745419374269, 0.4495745419374269, 0.4495745419374269, 0.4495745419374269, 0.4495745419374269, 0.4495745419374269, 0.4495745419374269, 0.4495745419374269, 0.4495745419374269]
Training raw path: /home/anhnd/DTI Project/Codes/MPNN/data/KFold/ATCInchikeySideEffectByDrug.txt_train_2
('Number of substructures, proteins, pathways, drugs, se: ', 2936, 1448, 330, 969, 598)
((872, 1448), (97, 1448), (872, 598), (97, 598))
Train: 0.9180 0.7648
Test: 0.7824 0.5680
[0.6554813727708502, 0.6737339779806438, 0.6826525262067658, 0.6798054049092425, 0.6812657300939424, 0.6789564548316493, 0.6830760711882133, 0.687577127862036, 0.6876616588123797, 0.6883890847380434, 0.6904593176110944, 0.6926715099545752, 0.6941153920296239, 0.6955540992271246, 0.6966713218756675, 0.6994583663671211, 0.7010754687128855, 0.7024601793359061, 0.7035235266721733, 0.7064720866899608, 0.7091415114518267, 0.7117288896174883, 0.7152818781917658, 0.7184648505539148, 0.7204980746255698, 0.7207771530414736, 0.7228737481253497, 0.7252752592661846, 0.7271916837481291, 0.7280760381511364, 0.7313138405918154, 0.7328742753021102, 0.7335330919967381, 0.7344460745776727, 0.7351922193110016, 0.7395394909645843, 0.7419347816561144, 0.7446395224345315, 0.7466044950345381, 0.7489358723254552, 0.7502016620683081, 0.7510843843892078, 0.753743622879061, 0.753743622879061, 0.7555436568601875, 0.7562921890204716, 0.7576694666632487, 0.7585569866046913, 0.7617561242235589, 0.7640078897812742, 0.7640078897812742, 0.7648079745973008, 0.7648079745973008, 0.7662760627990255, 0.7673150568133007, 0.7673150568133007, 0.768950536247706, 0.768950536247706, 0.768950536247706, 0.768950536247706, 0.768950536247706, 0.768950536247706, 0.768950536247706, 0.7711796820119449, 0.7711796820119449, 0.7724871686695305, 0.7737340743794776, 0.7737340743794776, 0.7737340743794776, 0.7737340743794776, 0.7737340743794776, 0.7737340743794776, 0.7751865400031471, 0.7751865400031471, 0.7751865400031471, 0.7793053367037369, 0.7793053367037369, 0.7793053367037369, 0.7808076660004509, 0.7808076660004509, 0.7808076660004509, 0.7808076660004509, 0.7808076660004509, 0.7824158773475354, 0.7824158773475354, 0.7824158773475354, 0.7824158773475354, 0.7824158773475354, 0.7824158773475354, 0.7824158773475354, 0.7824158773475354, 0.7824158773475354, 0.7824158773475354, 0.7824158773475354, 0.7824158773475354]
[0.22243696846459904, 0.25457527499329335, 0.2667980467071899, 0.26025520750346737, 0.2668917615862646, 0.2666771042930449, 0.2791641194898872, 0.28916294261992426, 0.29240208479234964, 0.2970470519112445, 0.30187043313678125, 0.30710752534416846, 0.3126356728184881, 0.31691721701854947, 0.3200137250675069, 0.326928700590202, 0.3309953137576114, 0.3343249832987999, 0.3374822920841285, 0.34890337882218236, 0.3564976381411208, 0.36256605162924527, 0.3722835405415369, 0.381574677217327, 0.3878474984564777, 0.38860038972821276, 0.3938560680009664, 0.401409980139701, 0.40847904005184266, 0.4112437334165043, 0.4193941654239966, 0.42268663454062777, 0.42436983178565946, 0.4274312704136717, 0.42930027796266323, 0.4409733652783977, 0.4475117849541938, 0.4544303214100802, 0.46068873690236445, 0.46800589989579056, 0.471564633785742, 0.47394619110353214, 0.481047192697859, 0.481047192697859, 0.4862369014206075, 0.48809565685257766, 0.4922828601330298, 0.4948028849531956, 0.5038252358589939, 0.51008691601558, 0.51008691601558, 0.512278166339874, 0.512278166339874, 0.5166258215078188, 0.5194702608552987, 0.5194702608552987, 0.5237656354549205, 0.5237656354549205, 0.5237656354549205, 0.5237656354549205, 0.5237656354549205, 0.5237656354549205, 0.5237656354549205, 0.5304680245694187, 0.5304680245694187, 0.5344015157169534, 0.5384719267842847, 0.5384719267842847, 0.5384719267842847, 0.5384719267842847, 0.5384719267842847, 0.5384719267842847, 0.5435875792098293, 0.5435875792098293, 0.5435875792098293, 0.5570455349468046, 0.5570455349468046, 0.5570455349468046, 0.5622861434225266, 0.5622861434225266, 0.5622861434225266, 0.5622861434225266, 0.5622861434225266, 0.5679940639798721, 0.5679940639798721, 0.5679940639798721, 0.5679940639798721, 0.5679940639798721, 0.5679940639798721, 0.5679940639798721, 0.5679940639798721, 0.5679940639798721, 0.5679940639798721, 0.5679940639798721, 0.5679940639798721]
Training raw path: /home/anhnd/DTI Project/Codes/MPNN/data/KFold/ATCInchikeySideEffectByDrug.txt_train_3
('Number of substructures, proteins, pathways, drugs, se: ', 2936, 1448, 330, 969, 598)
((872, 1448), (97, 1448), (872, 598), (97, 598))
Train: 0.9167 0.7628
Test: 0.7887 0.4918
[0.7001235930440677, 0.7205882089028351, 0.7174942546205952, 0.714184850340366, 0.7103700259198942, 0.7086427127700833, 0.7092066148650826, 0.7102958062512891, 0.7096340046905988, 0.7138916415469412, 0.7130518584703022, 0.7139562364387338, 0.7155034697437139, 0.7193702615603061, 0.7196526083113421, 0.7209316623211958, 0.7215490238612816, 0.722503694634548, 0.7230738096203662, 0.7255990761532927, 0.7282407699562753, 0.729750648523032, 0.7318336608867245, 0.7336545027545908, 0.7343406794612783, 0.7347246589177979, 0.7359883924049223, 0.7370604364801757, 0.7390095428811609, 0.7392498375302435, 0.7422725603116573, 0.7435390472503918, 0.7438628761190982, 0.7448818908321327, 0.7451689983558912, 0.7484425606511519, 0.750723808730976, 0.7524687851111084, 0.7537381216119379, 0.7563244693623621, 0.7570315213511831, 0.757739041849272, 0.7602938786360836, 0.7602938786360836, 0.7616947597749252, 0.762566172019153, 0.7639922462331861, 0.7649453046013802, 0.7678670471633987, 0.7703176785197925, 0.7703176785197925, 0.7710097048280966, 0.7710097048280966, 0.7725269312099615, 0.7735136832784201, 0.7735136832784201, 0.7753737074417504, 0.7753737074417504, 0.7753737074417504, 0.7753737074417504, 0.7753737074417504, 0.7753737074417504, 0.7753737074417504, 0.7775087862703438, 0.7775087862703438, 0.7786429467966708, 0.7798761367650116, 0.7798761367650116, 0.7798761367650116, 0.7798761367650116, 0.7798761367650116, 0.7798761367650116, 0.7812249851533096, 0.7812249851533096, 0.7812249851533096, 0.785555769285225, 0.785555769285225, 0.785555769285225, 0.7870921303815945, 0.7870921303815945, 0.7870921303815945, 0.7870921303815945, 0.7870921303815945, 0.7886751905579851, 0.7886751905579851, 0.7886751905579851, 0.7886751905579851, 0.7886751905579851, 0.7886751905579851, 0.7886751905579851, 0.7886751905579851, 0.7886751905579851, 0.7886751905579851, 0.7886751905579851, 0.7886751905579851]
[0.16028045069377733, 0.18868801424638812, 0.18705452334040396, 0.19276475374167512, 0.19631292344213302, 0.20166824759680008, 0.20987755923778834, 0.21753481254680146, 0.22216675423511476, 0.2314557411885881, 0.2359113267321138, 0.2402090554000641, 0.24786015470442113, 0.25875500757540465, 0.2612177370755526, 0.26591147363181167, 0.270163478955223, 0.27238885842677496, 0.27484843138090087, 0.2815823323083887, 0.29054643189378926, 0.29805774845167177, 0.30331274577569256, 0.31037096751017756, 0.3119808723202261, 0.31347101644655273, 0.31863194554230634, 0.32215986608931246, 0.32856796813785677, 0.329325638012258, 0.3382431271696395, 0.3417616212464146, 0.3431224435381343, 0.34838858674844214, 0.3493907862591819, 0.35921629459857424, 0.36625468377473247, 0.37140776133857806, 0.3758963682057511, 0.38534876633019355, 0.387178929499688, 0.3891560208592745, 0.39723899524518874, 0.39723899524518874, 0.401440829026778, 0.40429278944209457, 0.40937881978132407, 0.4127698800789322, 0.4222438503112438, 0.43016652428174534, 0.43016652428174534, 0.4322361872597089, 0.4322361872597089, 0.4377256589370827, 0.4408223635278077, 0.4408223635278077, 0.4465273561554039, 0.4465273561554039, 0.4465273561554039, 0.4465273561554039, 0.4465273561554039, 0.4465273561554039, 0.4465273561554039, 0.453348704795865, 0.453348704795865, 0.4568750082781684, 0.4610841478669647, 0.4610841478669647, 0.4610841478669647, 0.4610841478669647, 0.4610841478669647, 0.4610841478669647, 0.46598031127160977, 0.46598031127160977, 0.46598031127160977, 0.48061961115189167, 0.48061961115189167, 0.48061961115189167, 0.4860546712824405, 0.4860546712824405, 0.4860546712824405, 0.4860546712824405, 0.4860546712824405, 0.49180382749259144, 0.49180382749259144, 0.49180382749259144, 0.49180382749259144, 0.49180382749259144, 0.49180382749259144, 0.49180382749259144, 0.49180382749259144, 0.49180382749259144, 0.49180382749259144, 0.49180382749259144, 0.49180382749259144]
Training raw path: /home/anhnd/DTI Project/Codes/MPNN/data/KFold/ATCInchikeySideEffectByDrug.txt_train_4
('Number of substructures, proteins, pathways, drugs, se: ', 2936, 1448, 330, 969, 598)
((872, 1448), (97, 1448), (872, 598), (97, 598))
Train: 0.9190 0.7699
Test: 0.7934 0.4881
[0.6801154880431167, 0.6814935700817637, 0.6890575150602358, 0.6970431259984202, 0.6941250056557284, 0.6946413117602039, 0.698501224843471, 0.7015640954768038, 0.7032628877475459, 0.7049635780979411, 0.704804501671253, 0.706843460209055, 0.7112421182476195, 0.7132525515091293, 0.713660078118594, 0.7155359325078514, 0.7166605189713342, 0.7183075962184168, 0.7194671005293832, 0.7214260666840132, 0.723061132136135, 0.7258000502632844, 0.7277544259591251, 0.7297406230117542, 0.7324884349606458, 0.7327865059628615, 0.7352044373315152, 0.7362339419048517, 0.7381007093279726, 0.7392325237758988, 0.7411902865451268, 0.7430230369415232, 0.7430524109860294, 0.7445904316848224, 0.7454135706175224, 0.7487284882850699, 0.7502601860004826, 0.7531590450596357, 0.7552809736823825, 0.7579480515204413, 0.7593039727309041, 0.759815562086745, 0.7624777202723879, 0.7624777202723879, 0.7639862204282519, 0.7646804455345579, 0.7662744682163628, 0.7672116593728757, 0.7706205213642136, 0.7729980503010022, 0.7729980503010022, 0.7738587263569161, 0.7738587263569161, 0.7755641802741351, 0.7762422796369526, 0.7762422796369526, 0.7783477676117053, 0.7783477676117053, 0.7783477676117053, 0.7783477676117053, 0.7783477676117053, 0.7783477676117053, 0.7783477676117053, 0.7808235284517082, 0.7808235284517082, 0.7820484360408027, 0.7834068520936289, 0.7834068520936289, 0.7834068520936289, 0.7834068520936289, 0.7834068520936289, 0.7834068520936289, 0.7849844366562717, 0.7849844366562717, 0.7849844366562717, 0.790038206029051, 0.790038206029051, 0.790038206029051, 0.7916699991367642, 0.7916699991367642, 0.7916699991367642, 0.7916699991367642, 0.7916699991367642, 0.7934071050976463, 0.7934071050976463, 0.7934071050976463, 0.7934071050976463, 0.7934071050976463, 0.7934071050976463, 0.7934071050976463, 0.7934071050976463, 0.7934071050976463, 0.7934071050976463, 0.7934071050976463, 0.7934071050976463]
[0.14811962610609136, 0.1509705944890167, 0.1559755315509492, 0.1689567727891687, 0.1703735047483211, 0.17751317854585238, 0.19275345440001682, 0.20195340756628266, 0.2090466102947146, 0.21751713839296605, 0.22029273428736387, 0.22747042388238162, 0.2397797204028441, 0.2476356033217173, 0.24920043568328304, 0.253641239061129, 0.26015053260992116, 0.2650916232266264, 0.2684574241241159, 0.2757730549900814, 0.28205537423199367, 0.2895649420614243, 0.294679298187558, 0.29942889747715323, 0.30664476047950195, 0.3074595333758533, 0.31410212773518575, 0.3174514686578806, 0.32265612704783997, 0.32448594266393205, 0.33003313961027136, 0.33453590195575, 0.33471814215060536, 0.34127823637650595, 0.3429124669962494, 0.3523375138544671, 0.35579636077317656, 0.36292906911482004, 0.36808751169674947, 0.3753280561215907, 0.3783530405979504, 0.37935414016917396, 0.3857517097719146, 0.3857517097719146, 0.38994283328719387, 0.3917213071300027, 0.3960732213935644, 0.39933205555874174, 0.40886415917577135, 0.4159393200790684, 0.4159393200790684, 0.41836142804795806, 0.41836142804795806, 0.42338555548887097, 0.4249917472474833, 0.4249917472474833, 0.43180934804236204, 0.43180934804236204, 0.43180934804236204, 0.43180934804236204, 0.43180934804236204, 0.43180934804236204, 0.43180934804236204, 0.4404631103812252, 0.4404631103812252, 0.44425015280704994, 0.44917098469995714, 0.44917098469995714, 0.44917098469995714, 0.44917098469995714, 0.44917098469995714, 0.44917098469995714, 0.45571139414294803, 0.45571139414294803, 0.45571139414294803, 0.4748164469989024, 0.4748164469989024, 0.4748164469989024, 0.4814604554071434, 0.4814604554071434, 0.4814604554071434, 0.4814604554071434, 0.4814604554071434, 0.48813090950797666, 0.48813090950797666, 0.48813090950797666, 0.48813090950797666, 0.48813090950797666, 0.48813090950797666, 0.48813090950797666, 0.48813090950797666, 0.48813090950797666, 0.48813090950797666, 0.48813090950797666, 0.48813090950797666]
Training raw path: /home/anhnd/DTI Project/Codes/MPNN/data/KFold/ATCInchikeySideEffectByDrug.txt_train_5
('Number of substructures, proteins, pathways, drugs, se: ', 2936, 1448, 330, 969, 598)
((872, 1448), (97, 1448), (872, 598), (97, 598))
Train: 0.9152 0.7603
Test: 0.7518 0.4464
[0.6332633750074081, 0.6389888715025963, 0.6389211852018939, 0.6354683902391711, 0.6345520086261511, 0.6369659545854462, 0.6367386035277371, 0.6367375237978388, 0.636253517483448, 0.639405673247101, 0.640536869400526, 0.6443401434936393, 0.6519408255691523, 0.6534101117470245, 0.6539150619367291, 0.6561537285442772, 0.6570275143259428, 0.6602534166153607, 0.6612548835102627, 0.6645750343129773, 0.6692606660844154, 0.6704450910737354, 0.673283257283904, 0.6762778076956543, 0.6795558213729737, 0.6796658650628826, 0.6820500778042513, 0.6845927160553797, 0.6863194852263206, 0.687289373801522, 0.6896966195958985, 0.6913846106046846, 0.6918015325543272, 0.6929413810973598, 0.6934590048384757, 0.6981228587001964, 0.7007753828851818, 0.7032778216882167, 0.7051064074670513, 0.7078379085816753, 0.7091181329545038, 0.7098387788708405, 0.7129748920194066, 0.7129748920194066, 0.71522444211725, 0.7161197135954047, 0.7177769200428648, 0.7186051612649362, 0.7231544826060345, 0.7261728492955881, 0.7261728492955881, 0.7271997065733427, 0.7271997065733427, 0.7298729784072456, 0.7310487679960558, 0.7310487679960558, 0.7340516984655593, 0.7340516984655593, 0.7340516984655593, 0.7340516984655593, 0.7340516984655593, 0.7340516984655593, 0.7340516984655593, 0.7369749295652863, 0.7369749295652863, 0.7383452345941417, 0.7401589809885161, 0.7401589809885161, 0.7401589809885161, 0.7401589809885161, 0.7401589809885161, 0.7401589809885161, 0.7422753155150078, 0.7422753155150078, 0.7422753155150078, 0.7478935497013541, 0.7478935497013541, 0.7478935497013541, 0.7497986949492182, 0.7497986949492182, 0.7497986949492182, 0.7497986949492182, 0.7497986949492182, 0.7518246820599532, 0.7518246820599532, 0.7518246820599532, 0.7518246820599532, 0.7518246820599532, 0.7518246820599532, 0.7518246820599532, 0.7518246820599532, 0.7518246820599532, 0.7518246820599532, 0.7518246820599532, 0.7518246820599532]
[0.1250395842818301, 0.1339458810420242, 0.13429907825416657, 0.1376925867305186, 0.14291352194062093, 0.14484546741589469, 0.15538577398813347, 0.15828020386032635, 0.16448914736279233, 0.1726163515425805, 0.17502577988233908, 0.18135964244912803, 0.1944731038526042, 0.20000970198171011, 0.20066359273289766, 0.20682012049810744, 0.20961797183120523, 0.21766438376626923, 0.21881380810452, 0.22671435345435087, 0.23557057497546802, 0.23863035831819707, 0.24600966954982542, 0.2518383425326257, 0.2571210481563691, 0.25792614137500314, 0.26423696129522606, 0.2707074557628234, 0.27570353089645666, 0.278792390326712, 0.28468112810701984, 0.28803466206298667, 0.2887363249319913, 0.2911571288611757, 0.2922427393956486, 0.3042223750385636, 0.30952941485326785, 0.31569176931098947, 0.32047942985432754, 0.3270701481740181, 0.33014713134324575, 0.33204956511683076, 0.33913959527890264, 0.33913959527890264, 0.34545716809470367, 0.347292569183258, 0.3511795208729425, 0.35338010375503565, 0.3643119959626496, 0.3722402549669851, 0.3722402549669851, 0.37429182136501027, 0.37429182136501027, 0.38084154448717844, 0.3833877638758298, 0.3833877638758298, 0.39138113900014126, 0.39138113900014126, 0.39138113900014126, 0.39138113900014126, 0.39138113900014126, 0.39138113900014126, 0.39138113900014126, 0.39919978413278145, 0.39919978413278145, 0.40250341646073257, 0.40818268945741487, 0.40818268945741487, 0.40818268945741487, 0.40818268945741487, 0.40818268945741487, 0.40818268945741487, 0.4149477802527199, 0.4149477802527199, 0.4149477802527199, 0.4334707237981499, 0.4334707237981499, 0.4334707237981499, 0.439270301212083, 0.439270301212083, 0.439270301212083, 0.439270301212083, 0.439270301212083, 0.4463533441636885, 0.4463533441636885, 0.4463533441636885, 0.4463533441636885, 0.4463533441636885, 0.4463533441636885, 0.4463533441636885, 0.4463533441636885, 0.4463533441636885, 0.4463533441636885, 0.4463533441636885, 0.4463533441636885]
Training raw path: /home/anhnd/DTI Project/Codes/MPNN/data/KFold/ATCInchikeySideEffectByDrug.txt_train_6
('Number of substructures, proteins, pathways, drugs, se: ', 2936, 1448, 330, 969, 598)
((872, 1448), (97, 1448), (872, 598), (97, 598))
Train: 0.9229 0.7804
Test: 0.7889 0.5072
[0.6889077701959058, 0.699906397591439, 0.7089225090957265, 0.7071776447785141, 0.7057549851813913, 0.704382598879432, 0.7033956600906929, 0.7048445142290228, 0.7044107362229592, 0.7077635763437086, 0.7075003156049975, 0.70916893958274, 0.7103834346840698, 0.7138193088436007, 0.7135732117549226, 0.714320212044756, 0.7149473969036916, 0.7145546738530246, 0.7159817820482386, 0.7186810635251598, 0.7209116116912277, 0.7243990389290844, 0.7254748506756964, 0.72628011019914, 0.7270515470627967, 0.7268950281615786, 0.7280229380408987, 0.7290177035802415, 0.7310813269666654, 0.7321340181453895, 0.7355087949253677, 0.7364130266850895, 0.7371122691727896, 0.7385747877300126, 0.7391435270505039, 0.7426005098095076, 0.7448793662536548, 0.7467524070956368, 0.7487003150583166, 0.7508409974101538, 0.7520251070280592, 0.7527218315231916, 0.7557682525467189, 0.7557682525467189, 0.7577677210299769, 0.7585699021385126, 0.7598991292409191, 0.7609014586269967, 0.7645984863966164, 0.7672339948744988, 0.7672339948744988, 0.7681891652381458, 0.7681891652381458, 0.7701514298157404, 0.7711481403485834, 0.7711481403485834, 0.7733969525811368, 0.7733969525811368, 0.7733969525811368, 0.7733969525811368, 0.7733969525811368, 0.7733969525811368, 0.7733969525811368, 0.775827123977447, 0.775827123977447, 0.7769308761431966, 0.7786494808903164, 0.7786494808903164, 0.7786494808903164, 0.7786494808903164, 0.7786494808903164, 0.7786494808903164, 0.7802054347938676, 0.7802054347938676, 0.7802054347938676, 0.7853927318215873, 0.7853927318215873, 0.7853927318215873, 0.7868713918287494, 0.7868713918287494, 0.7868713918287494, 0.7868713918287494, 0.7868713918287494, 0.7888898607992766, 0.7888898607992766, 0.7888898607992766, 0.7888898607992766, 0.7888898607992766, 0.7888898607992766, 0.7888898607992766, 0.7888898607992766, 0.7888898607992766, 0.7888898607992766, 0.7888898607992766, 0.7888898607992766]
[0.19211583391814485, 0.22609504574778155, 0.22178929417370866, 0.2230050166692627, 0.2325418052486013, 0.22629308870049925, 0.2329315185044616, 0.2435077206734969, 0.2564537327195844, 0.2663930806017911, 0.269619139074629, 0.27457593242224276, 0.284159413493954, 0.29368988518176437, 0.29420887380116606, 0.2983067206924084, 0.3024613954336649, 0.3048623155014555, 0.30730345630268474, 0.31553747168580426, 0.3215316916743291, 0.3309152357579007, 0.3362922445835433, 0.33867162748624147, 0.33962268577564164, 0.34045496844531004, 0.34334470362377206, 0.3468606565351131, 0.35054532383171044, 0.3526196898129501, 0.36108438500215184, 0.36294398571139963, 0.3642756274321364, 0.36919534127038567, 0.37016091380331617, 0.3778504473148617, 0.3835191660316055, 0.3880021581404874, 0.3926453916358027, 0.39742581136675886, 0.3998480772375079, 0.4014093288414977, 0.4092049750207425, 0.4092049750207425, 0.4150637810239459, 0.41689794428394045, 0.42002672770077765, 0.42222073037949237, 0.4319814509996446, 0.4391925168457469, 0.4391925168457469, 0.44119408031748053, 0.44119408031748053, 0.4453084426035525, 0.4487047327266417, 0.4487047327266417, 0.45511048979440394, 0.45511048979440394, 0.45511048979440394, 0.45511048979440394, 0.45511048979440394, 0.45511048979440394, 0.45511048979440394, 0.46241673380016457, 0.46241673380016457, 0.4652507516322578, 0.47126994985086834, 0.47126994985086834, 0.47126994985086834, 0.47126994985086834, 0.47126994985086834, 0.47126994985086834, 0.47584706674469224, 0.47584706674469224, 0.47584706674469224, 0.4947236752773651, 0.4947236752773651, 0.4947236752773651, 0.4991316512143822, 0.4991316512143822, 0.4991316512143822, 0.4991316512143822, 0.4991316512143822, 0.5072196796035965, 0.5072196796035965, 0.5072196796035965, 0.5072196796035965, 0.5072196796035965, 0.5072196796035965, 0.5072196796035965, 0.5072196796035965, 0.5072196796035965, 0.5072196796035965, 0.5072196796035965, 0.5072196796035965]
Training raw path: /home/anhnd/DTI Project/Codes/MPNN/data/KFold/ATCInchikeySideEffectByDrug.txt_train_7
('Number of substructures, proteins, pathways, drugs, se: ', 2936, 1448, 330, 969, 598)
((872, 1448), (97, 1448), (872, 598), (97, 598))
Train: 0.9216 0.7748
Test: 0.7883 0.5126
[0.6585929959456124, 0.6732043172545646, 0.6832184811683284, 0.681593964766353, 0.6816037393661736, 0.6811799672209086, 0.6833264589416714, 0.6859265978217589, 0.6872743428417947, 0.6901505618384673, 0.6913925906196954, 0.6933593544003279, 0.6952632550902285, 0.698024470942235, 0.6992098252957094, 0.7000699898630649, 0.7019922466740779, 0.7041525208421497, 0.7051239366910022, 0.7084200130984009, 0.7112944707894753, 0.7145444126254308, 0.7180569940935903, 0.7211360592895355, 0.7229370933186287, 0.7235150974145347, 0.7255930766457065, 0.7263046170786147, 0.727382275281747, 0.7281868072649567, 0.7315076182798131, 0.7330864533070416, 0.7338202378570632, 0.7347398692039184, 0.7353064608933744, 0.7389795380115458, 0.7414173041739671, 0.743419918361499, 0.7455684388420962, 0.7486182255448056, 0.749824869977605, 0.750461664901385, 0.7531141170726605, 0.7531141170726605, 0.755213776960296, 0.7561265653686559, 0.7581808223659554, 0.7593346755146183, 0.7637302301535203, 0.7664384779399698, 0.7664384779399698, 0.7675334472669972, 0.7675334472669972, 0.7696114426705459, 0.7706041754547958, 0.7706041754547958, 0.772833518980865, 0.772833518980865, 0.772833518980865, 0.772833518980865, 0.772833518980865, 0.772833518980865, 0.772833518980865, 0.7755738153678526, 0.7755738153678526, 0.7769489139287855, 0.7782676460710172, 0.7782676460710172, 0.7782676460710172, 0.7782676460710172, 0.7782676460710172, 0.7782676460710172, 0.7797555016884228, 0.7797555016884228, 0.7797555016884228, 0.7848045719255567, 0.7848045719255567, 0.7848045719255567, 0.7864548962581162, 0.7864548962581162, 0.7864548962581162, 0.7864548962581162, 0.7864548962581162, 0.788259921538189, 0.788259921538189, 0.788259921538189, 0.788259921538189, 0.788259921538189, 0.788259921538189, 0.788259921538189, 0.788259921538189, 0.788259921538189, 0.788259921538189, 0.788259921538189, 0.788259921538189]
[0.14237109488318006, 0.1535716949167632, 0.16753596221654543, 0.17580866363850756, 0.17833656387523011, 0.17894303436583353, 0.18710204850072887, 0.19586643296480802, 0.20179967479750152, 0.20251253630346144, 0.20605015674776744, 0.20885907837580794, 0.22005351720416047, 0.22917090740704654, 0.2331131403078745, 0.23721669488173097, 0.2419782750602673, 0.2484868126799238, 0.2517455077100037, 0.26194211825169367, 0.27265537574601345, 0.28103612620839913, 0.2883197823138943, 0.2980499112558346, 0.30351898432160807, 0.3044379203755903, 0.31058593227613035, 0.31501525312222983, 0.3195998780495356, 0.3206548955020358, 0.3312945542825386, 0.33585869513637123, 0.33805795843096975, 0.34057774945863184, 0.3423747710286892, 0.3548050386263416, 0.36106553112552353, 0.36673172166190915, 0.3725766918899154, 0.3825165286953974, 0.3863317425608323, 0.38847626302553834, 0.39660336342472335, 0.39660336342472335, 0.40439391979455375, 0.40712262625413864, 0.4135756172263817, 0.41702978550881364, 0.43126680759809255, 0.4393515048489458, 0.4393515048489458, 0.44259791671653537, 0.44259791671653537, 0.4498283790653952, 0.4528249943550938, 0.4528249943550938, 0.45987638445137313, 0.45987638445137313, 0.45987638445137313, 0.45987638445137313, 0.45987638445137313, 0.45987638445137313, 0.45987638445137313, 0.46892006515495577, 0.46892006515495577, 0.47335049460662404, 0.47781758516166306, 0.47781758516166306, 0.47781758516166306, 0.47781758516166306, 0.47781758516166306, 0.47781758516166306, 0.48259440149141375, 0.48259440149141375, 0.48259440149141375, 0.5003954078986315, 0.5003954078986315, 0.5003954078986315, 0.5059899984162977, 0.5059899984162977, 0.5059899984162977, 0.5059899984162977, 0.5059899984162977, 0.5126387735722653, 0.5126387735722653, 0.5126387735722653, 0.5126387735722653, 0.5126387735722653, 0.5126387735722653, 0.5126387735722653, 0.5126387735722653, 0.5126387735722653, 0.5126387735722653, 0.5126387735722653, 0.5126387735722653]
Training raw path: /home/anhnd/DTI Project/Codes/MPNN/data/KFold/ATCInchikeySideEffectByDrug.txt_train_8
('Number of substructures, proteins, pathways, drugs, se: ', 2936, 1448, 330, 969, 598)
((872, 1448), (97, 1448), (872, 598), (97, 598))
Train: 0.9178 0.7669
Test: 0.7749 0.4431
[0.6660839238152672, 0.680252321784141, 0.6826969286029605, 0.6872205447784905, 0.6820991484421834, 0.6800519468363909, 0.682375292004376, 0.6837442285185473, 0.6825779334197638, 0.6854007569951842, 0.6867058603125992, 0.6875803017747729, 0.6896311341899998, 0.6916958535347291, 0.6927849268310795, 0.6925421624949532, 0.6932596976159277, 0.6948555831127152, 0.6966904689986494, 0.698297737167922, 0.700057328771375, 0.7016723057985953, 0.7033429869987635, 0.7056096484862122, 0.7065086901172781, 0.7068471966006891, 0.7091086962030076, 0.7100740946928905, 0.7117052226584734, 0.7121708375805703, 0.7160906480125395, 0.7177003285639725, 0.718162390196744, 0.7200259071632844, 0.720645539504819, 0.7246691690640925, 0.7269094224660626, 0.7292977222730741, 0.7314519865518747, 0.7342878374909665, 0.7358486664121142, 0.7361981421381261, 0.739149002537167, 0.739149002537167, 0.7406430701393296, 0.7416801968652202, 0.7433593027080513, 0.7442574182780692, 0.7479524455904492, 0.7511626957216463, 0.7511626957216463, 0.7520255058809164, 0.7520255058809164, 0.754260467021531, 0.755486858410779, 0.755486858410779, 0.7578505071354605, 0.7578505071354605, 0.7578505071354605, 0.7578505071354605, 0.7578505071354605, 0.7578505071354605, 0.7578505071354605, 0.7607453913776375, 0.7607453913776375, 0.7620989317972824, 0.763633698909898, 0.763633698909898, 0.763633698909898, 0.763633698909898, 0.763633698909898, 0.763633698909898, 0.7652226967983481, 0.7652226967983481, 0.7652226967983481, 0.770908523700208, 0.770908523700208, 0.770908523700208, 0.7727931311711077, 0.7727931311711077, 0.7727931311711077, 0.7727931311711077, 0.7727931311711077, 0.7749391967772941, 0.7749391967772941, 0.7749391967772941, 0.7749391967772941, 0.7749391967772941, 0.7749391967772941, 0.7749391967772941, 0.7749391967772941, 0.7749391967772941, 0.7749391967772941, 0.7749391967772941, 0.7749391967772941]
[0.12774645672128654, 0.14515310489256042, 0.15671972235885603, 0.16994618573233078, 0.16917186390937866, 0.17450190719776687, 0.17991391343842267, 0.1867966841358606, 0.18971798768089526, 0.19582693956080519, 0.19943561971238985, 0.20258039876687955, 0.2079539043071587, 0.21112773871875506, 0.2125349989602891, 0.215123017101543, 0.21584009167789553, 0.22066970188198598, 0.22354536825421278, 0.22903695670141933, 0.23609335340274354, 0.2412581844674081, 0.24509401785218185, 0.25208590453894525, 0.25623587772366174, 0.25692289849838434, 0.26074189324642805, 0.26513189511557445, 0.26929478770849513, 0.26974595866965256, 0.27809894439396887, 0.2814316074263843, 0.28226252387795614, 0.28756903506547915, 0.2892260098835308, 0.29950972798566167, 0.3057263208017176, 0.31046658627141865, 0.31615168181183156, 0.32366347202509, 0.3278902704852955, 0.32912903817518324, 0.3371656825162452, 0.3371656825162452, 0.3422090156155426, 0.345173479965939, 0.3502823405681374, 0.35263281523179024, 0.362351719605335, 0.3713020933446684, 0.3713020933446684, 0.3734880677998339, 0.3734880677998339, 0.37845363229064405, 0.38188480012637954, 0.38188480012637954, 0.3873978739199661, 0.3873978739199661, 0.3873978739199661, 0.3873978739199661, 0.3873978739199661, 0.3873978739199661, 0.3873978739199661, 0.3956704632056207, 0.3956704632056207, 0.3997930874255891, 0.4045570762419998, 0.4045570762419998, 0.4045570762419998, 0.4045570762419998, 0.4045570762419998, 0.4045570762419998, 0.4097068845662883, 0.4097068845662883, 0.4097068845662883, 0.42897047319247533, 0.42897047319247533, 0.42897047319247533, 0.4351565195120271, 0.4351565195120271, 0.4351565195120271, 0.4351565195120271, 0.4351565195120271, 0.44313231888876986, 0.44313231888876986, 0.44313231888876986, 0.44313231888876986, 0.44313231888876986, 0.44313231888876986, 0.44313231888876986, 0.44313231888876986, 0.44313231888876986, 0.44313231888876986, 0.44313231888876986, 0.44313231888876986]
Training raw path: /home/anhnd/DTI Project/Codes/MPNN/data/KFold/ATCInchikeySideEffectByDrug.txt_train_9
('Number of substructures, proteins, pathways, drugs, se: ', 2936, 1448, 330, 969, 598)
((873, 1448), (96, 1448), (873, 598), (96, 598))
Train: 0.9231 0.7767
Test: 0.7846 0.4854
[0.6868648943019569, 0.7087670373415257, 0.7102638691139246, 0.7071648162551554, 0.7092608500850226, 0.7078985488944383, 0.7090847529620474, 0.7104953284105363, 0.7106894645966182, 0.7110776259728817, 0.7119086840082075, 0.7123573177039264, 0.7136689852118908, 0.7150530354027752, 0.7152145802467237, 0.7176676087591913, 0.7196842454770567, 0.7209396266752333, 0.7211476903681067, 0.7229664313792104, 0.7252188905242758, 0.7264876126628894, 0.7285364578582706, 0.7300149310881301, 0.7305104769902973, 0.7307279821450068, 0.7324719392034315, 0.7341845901185569, 0.7359956227221633, 0.7367191136807824, 0.7394335690551158, 0.7400740636640009, 0.7405740318483943, 0.7419886760198274, 0.7425886963118464, 0.7453553578310471, 0.7468953985767968, 0.7489893679290007, 0.7506003931265788, 0.7530195662187666, 0.7542110752003163, 0.7546593587990171, 0.7568290924017551, 0.7568290924017551, 0.758261482185004, 0.7588891360714671, 0.7604655486227635, 0.7610890424736735, 0.7640306471546879, 0.7662225695883347, 0.7662225695883347, 0.7668440602651804, 0.7668440602651804, 0.7685843213830805, 0.7694210925642571, 0.7694210925642571, 0.7713680787510102, 0.7713680787510102, 0.7713680787510102, 0.7713680787510102, 0.7713680787510102, 0.7713680787510102, 0.7713680787510102, 0.7734726762843087, 0.7734726762843087, 0.7747195663042895, 0.7759473169966064, 0.7759473169966064, 0.7759473169966064, 0.7759473169966064, 0.7759473169966064, 0.7759473169966064, 0.7772490206163796, 0.7772490206163796, 0.7772490206163796, 0.781494643170813, 0.781494643170813, 0.781494643170813, 0.7830039923949205, 0.7830039923949205, 0.7830039923949205, 0.7830039923949205, 0.7830039923949205, 0.7845806700812868, 0.7845806700812868, 0.7845806700812868, 0.7845806700812868, 0.7845806700812868, 0.7845806700812868, 0.7845806700812868, 0.7845806700812868, 0.7845806700812868, 0.7845806700812868, 0.7845806700812868, 0.7845806700812868]
[0.15660346114364415, 0.17815875343527965, 0.19060905178554227, 0.19381626683063075, 0.2040672576621625, 0.20518650166788738, 0.21190553324020808, 0.2161358722510887, 0.2215451385797121, 0.22909380937708743, 0.23214770174594318, 0.2355658510344098, 0.24416411107676872, 0.25128333595457, 0.2531056058223916, 0.2616001033475138, 0.2675631329325141, 0.2712197898506373, 0.271345022577499, 0.2787332257266868, 0.2860391831386234, 0.29126027890180606, 0.29654592421526993, 0.302597777279467, 0.3046583046692304, 0.3059146273242217, 0.3108273705140071, 0.31593620326399563, 0.32170133259026684, 0.32416664845581966, 0.3320775411891878, 0.33355996118396336, 0.33564048862939777, 0.34107928752613426, 0.34273090828673397, 0.3519310477073036, 0.35738072397857934, 0.36377978604560557, 0.3673814418257281, 0.37510090054147427, 0.3785432993694059, 0.38006806685712374, 0.3872018078330994, 0.3872018078330994, 0.3920782192100104, 0.39418583038604643, 0.3996759860882684, 0.40210272803191105, 0.4119291949357371, 0.4197289993855617, 0.4197289993855617, 0.421686325864032, 0.421686325864032, 0.42737213151155484, 0.4296725441260113, 0.4296725441260113, 0.4363132318054064, 0.4363132318054064, 0.4363132318054064, 0.4363132318054064, 0.4363132318054064, 0.4363132318054064, 0.4363132318054064, 0.44323195778606084, 0.44323195778606084, 0.44751260513778196, 0.452040472923204, 0.452040472923204, 0.452040472923204, 0.452040472923204, 0.452040472923204, 0.452040472923204, 0.4571888104931178, 0.4571888104931178, 0.4571888104931178, 0.47323470764337483, 0.47323470764337483, 0.47323470764337483, 0.47899122006599604, 0.47899122006599604, 0.47899122006599604, 0.47899122006599604, 0.47899122006599604, 0.4853576156075545, 0.4853576156075545, 0.4853576156075545, 0.4853576156075545, 0.4853576156075545, 0.4853576156075545, 0.4853576156075545, 0.4853576156075545, 0.4853576156075545, 0.4853576156075545, 0.4853576156075545, 0.4853576156075545]
AUC: 0.7781 0.0045
AUPR: 0.4856 0.0115
('RARE AUC', [(0.6631733469259141, 0.008042658052947496), (0.6769746260563406, 0.008715080275134016), (0.6824280005997514, 0.008776048133138533), (0.6812260658467401, 0.008957471877039894), (0.6801375679663176, 0.008789189879820058), (0.6789949630137205, 0.00890384666629236), (0.6811427885795178, 0.008662598801151496), (0.6830447176994923, 0.008817862897469138), (0.6833596651015321, 0.008586183208479084), (0.6857420341429765, 0.008579033377254292), (0.6863602006172216, 0.008505481343648043), (0.6881125389908401, 0.008305966752464852), (0.6913684403681073, 0.007700528307763109), (0.6938615226106601, 0.007717321159690382), (0.6946316979980476, 0.007601569294735889), (0.6964078140120642, 0.007406708289431773), (0.69756213688615, 0.007417598805297209), (0.6991233918887511, 0.007190581442631721), (0.7001307573445248, 0.007157047595916793), (0.7029446415477373, 0.006945110158022158), (0.7057329117880954, 0.006731028488684217), (0.7079285216829403, 0.006819436215058462), (0.7102642698365685, 0.0067115504150393945), (0.7125783495895276, 0.0065474243204061665), (0.71416214581391, 0.006446978884773035), (0.7144137294854704, 0.006465182631888393), (0.7163404708767005, 0.006404610471046923), (0.7178454874908009, 0.0062907561484784), (0.7198662271415341, 0.006176743216594497), (0.7207089055354523, 0.006131785012342947), (0.7237889627933294, 0.006090655255351006), (0.7253082650906156, 0.005988710787581672), (0.7258595694294417, 0.005953148521963421), (0.7271778150817595, 0.005923612998888445), (0.7278256299936317, 0.005912064960124667), (0.731687317617308, 0.0057517467782470365), (0.7338106462614311, 0.005709699205139733), (0.7362035236466979, 0.0056364039368536544), (0.738107395638876, 0.005605307791541306), (0.7408613232028876, 0.005508629473826701), (0.7421086070547877, 0.0054690054114638655), (0.7427740897509639, 0.005450773038469835), (0.7455266307436035, 0.005384511467798736), (0.7455266307436035, 0.005384511467798736), (0.7472425909994718, 0.005366294599516736), (0.7480652494380771, 0.00534905022584743), (0.7497320693840079, 0.005306744364723015), (0.7506448548473611, 0.005310953255709272), (0.7542465218158682, 0.0052019754956110715), (0.7568825469935945, 0.005125834734307842), (0.7568825469935945, 0.005125834734307842), (0.757738556822865, 0.0051220526441814705), (0.757738556822865, 0.0051220526441814705), (0.7597278902377775, 0.005018885554879939), (0.7607357076281651, 0.004978954109237882), (0.7607357076281651, 0.004978954109237882), (0.7629008948149288, 0.004892354958728961), (0.7629008948149288, 0.004892354958728961), (0.7629008948149288, 0.004892354958728961), (0.7629008948149288, 0.004892354958728961), (0.7629008948149288, 0.004892354958728961), (0.7629008948149288, 0.004892354958728961), (0.7629008948149288, 0.004892354958728961), (0.7654464877927969, 0.00481595314179453), (0.7654464877927969, 0.00481595314179453), (0.7667315566297989, 0.004793206015864594), (0.7681469829006597, 0.004760105627085088), (0.7681469829006597, 0.004760105627085088), (0.7681469829006597, 0.004760105627085088), (0.7681469829006597, 0.004760105627085088), (0.7681469829006597, 0.004760105627085088), (0.7681469829006597, 0.004760105627085088), (0.7697314404363607, 0.004695430938802267), (0.7697314404363607, 0.004695430938802267), (0.7697314404363607, 0.004695430938802267), (0.7746010976383115, 0.0046242772619183746), (0.7746010976383115, 0.0046242772619183746), (0.7746010976383115, 0.0046242772619183746), (0.7762733628405295, 0.004576158769036359), (0.7762733628405295, 0.004576158769036359), (0.7762733628405295, 0.004576158769036359), (0.7762733628405295, 0.004576158769036359), (0.7762733628405295, 0.004576158769036359), (0.7781086274795859, 0.004538241684913138), (0.7781086274795859, 0.004538241684913138), (0.7781086274795859, 0.004538241684913138), (0.7781086274795859, 0.004538241684913138), (0.7781086274795859, 0.004538241684913138), (0.7781086274795859, 0.004538241684913138), (0.7781086274795859, 0.004538241684913138), (0.7781086274795859, 0.004538241684913138), (0.7781086274795859, 0.004538241684913138), (0.7781086274795859, 0.004538241684913138), (0.7781086274795859, 0.004538241684913138), (0.7781086274795859, 0.004538241684913138)])
('RARE AUPR', [(0.14851853529991954, 0.011211658540274455), (0.1678707611139701, 0.013387206977479586), (0.17433086210985063, 0.013472740057005949), (0.1787874976754012, 0.01261649786639914), (0.18351984254785875, 0.012970702660320101), (0.1858932958415943, 0.01243892640546411), (0.19460091539934393, 0.01264248212729539), (0.20154666783242928, 0.01322554532159924), (0.20726085606625633, 0.013317043883832584), (0.2137848930717547, 0.013500164185120815), (0.21688246932401758, 0.013755551659560923), (0.22138117562501147, 0.013851734510546563), (0.2307370161490761, 0.013500083451752125), (0.23814165846985866, 0.013506618001032642), (0.24040676465955085, 0.013428886826119719), (0.24575430324147188, 0.013439579731668577), (0.24954186017292992, 0.013720334046017395), (0.254069856870952, 0.013360271996080256), (0.2563372632645297, 0.013443745973260746), (0.26499642723781236, 0.01347675300354734), (0.27305406233368706, 0.013301049477077848), (0.27953835045365816, 0.013557486627994112), (0.2857334763847894, 0.013734709330535591), (0.2925302282019567, 0.013677238155664382), (0.29681701807815875, 0.013623138307539407), (0.2977152511997515, 0.013637413866579195), (0.302769255856868, 0.013624414042729023), (0.30775180469267044, 0.013657655936070028), (0.3136000286578746, 0.013573634569483644), (0.3156838576338649, 0.013545998279685344), (0.3239201001295825, 0.013536992887256795), (0.3274093754783672, 0.01340975427870644), (0.3288164235025036, 0.013438143329578938), (0.33320312092870824, 0.013405237113013781), (0.33477727558040216, 0.013396708124778526), (0.3454602718439064, 0.013261141496609792), (0.35108260032079325, 0.013356734584990688), (0.3573266907227321, 0.013303542883009417), (0.36254899960375353, 0.013316025112774913), (0.37055198836907605, 0.01317441842625276), (0.37383299311883544, 0.013115327577323648), (0.3756476605448699, 0.01314623958218384), (0.3831607159248046, 0.013108372574018345), (0.3831607159248046, 0.013108372574018345), (0.38858606886646097, 0.013113362127296227), (0.3908341284559504, 0.013072273565325353), (0.3957667972042224, 0.012991777084978366), (0.398514767670919, 0.013008426746696234), (0.40886748627442754, 0.012943394621876334), (0.4167332815357014, 0.012718080936466045), (0.4167332815357014, 0.012718080936466045), (0.418914720123996, 0.012762044277275378), (0.418914720123996, 0.012762044277275378), (0.42470126916771783, 0.01257889205937055), (0.4275477448037134, 0.012569755520742507), (0.4275477448037134, 0.012569755520742507), (0.4339281640232249, 0.012380912245876275), (0.4339281640232249, 0.012380912245876275), (0.4339281640232249, 0.012380912245876275), (0.4339281640232249, 0.012380912245876275), (0.4339281640232249, 0.012380912245876275), (0.4339281640232249, 0.012380912245876275), (0.4339281640232249, 0.012380912245876275), (0.4418121410107658, 0.012243037414867248), (0.4418121410107658, 0.012243037414867248), (0.4456800020811218, 0.012236874380968217), (0.45047117982487883, 0.012167768550701468), (0.45047117982487883, 0.012167768550701468), (0.45047117982487883, 0.012167768550701468), (0.45047117982487883, 0.012167768550701468), (0.45047117982487883, 0.012167768550701468), (0.45047117982487883, 0.012167768550701468), (0.45594307815026236, 0.01204692408297535), (0.45594307815026236, 0.01204692408297535), (0.45594307815026236, 0.01204692408297535), (0.4729431842362398, 0.011729096344363522), (0.4729431842362398, 0.011729096344363522), (0.4729431842362398, 0.011729096344363522), (0.47871089500259123, 0.011612996567793526), (0.47871089500259123, 0.011612996567793526), (0.47871089500259123, 0.011612996567793526), (0.47871089500259123, 0.011612996567793526), (0.47871089500259123, 0.011612996567793526), (0.4855915675272395, 0.011468662516077461), (0.4855915675272395, 0.011468662516077461), (0.4855915675272395, 0.011468662516077461), (0.4855915675272395, 0.011468662516077461), (0.4855915675272395, 0.011468662516077461), (0.4855915675272395, 0.011468662516077461), (0.4855915675272395, 0.011468662516077461), (0.4855915675272395, 0.011468662516077461), (0.4855915675272395, 0.011468662516077461), (0.4855915675272395, 0.011468662516077461), (0.4855915675272395, 0.011468662516077461), (0.4855915675272395, 0.011468662516077461)])
