Default
<models.baselines.omodels.NeuSK object at 0x7f11e9825590>
('Manual torch seed: ', 1772727637)
('Config: ', 'Protein Test: ', True, 'KNN: ', 2)
('EXT MODE: ', True)
Training raw path: /home/anhnd/DTI Project/Codes/MPNN/data/KFold/ATCInchikeySideEffectByDrug.txt_train_0
('Number of substructures, proteins, pathways, drugs, se: ', 2936, 1448, 330, 969, 598)
((872, 4714), (97, 4714), (872, 598), (97, 598))
('VALIDATE SUM PROTEIN TRAIN: ', 22497.0)
('VALIDATE SUM PROTEIN TEST: ', 2685.0)
Train: 0.9632 0.8795
Test: 0.7567 0.4772
[0.6481762453836375, 0.6605273379903024, 0.6684174888668882, 0.6601369441813583, 0.6586169657745433, 0.6582079226081097, 0.6585894831628056, 0.6601494230015351, 0.6610437752420223, 0.662789883857763, 0.6626540747675466, 0.6621063197395066, 0.6643252572378863, 0.6654142469631549, 0.6658742414968868, 0.66751870174934, 0.6689912021877797, 0.6704561379803309, 0.671021780333976, 0.6732067633987369, 0.6773898224100192, 0.6802332481206639, 0.6811939511283163, 0.6836577234199339, 0.6857890196513956, 0.6861785371266145, 0.6874232901751632, 0.6891163563008951, 0.6916034452125244, 0.6924593153279953, 0.6962674798606268, 0.69775700262796, 0.6981848008710094, 0.6997887989346672, 0.7006087213503432, 0.7054128903590836, 0.7077344893858188, 0.7106773205582201, 0.7128320201113878, 0.7163060835795043, 0.7174730400695788, 0.718400376072909, 0.7212538690469087, 0.7212538690469087, 0.7230613501640282, 0.7238831149017698, 0.7259342194712562, 0.7270238758329496, 0.7307950765090603, 0.7338449619855791, 0.7338449619855791, 0.7349192234216084, 0.7349192234216084, 0.7372595446876753, 0.7383319484507431, 0.7383319484507431, 0.7404780971384379, 0.7404780971384379, 0.7404780971384379, 0.7404780971384379, 0.7404780971384379, 0.7404780971384379, 0.7404780971384379, 0.7433520436279746, 0.7433520436279746, 0.7447950723309934, 0.7462007225403958, 0.7462007225403958, 0.7462007225403958, 0.7462007225403958, 0.7462007225403958, 0.7462007225403958, 0.7479127410754998, 0.7479127410754998, 0.7479127410754998, 0.752903255240973, 0.752903255240973, 0.752903255240973, 0.7547276147130201, 0.7547276147130201, 0.7547276147130201, 0.7547276147130201, 0.7547276147130201, 0.7567064732608224, 0.7567064732608224, 0.7567064732608224, 0.7567064732608224, 0.7567064732608224, 0.7567064732608224, 0.7567064732608224, 0.7567064732608224, 0.7567064732608224, 0.7567064732608224, 0.7567064732608224, 0.7567064732608224]
[0.16690825960179984, 0.18453632012645516, 0.19429113022684516, 0.18284850906558414, 0.1841733189441184, 0.18876310215497127, 0.19623428005804322, 0.2040236187597536, 0.2057707141000863, 0.20820377943918733, 0.20958590182437878, 0.2117716820359467, 0.22132509330248518, 0.22908943264390536, 0.23144674876760213, 0.23673705788983065, 0.23904964956235378, 0.24144966833891335, 0.24406152274136228, 0.25366351052542785, 0.26283944859781516, 0.2688553910752369, 0.27520220310659255, 0.2819338959830455, 0.2871592330452137, 0.28747323403174774, 0.2917254584390804, 0.29597357988885564, 0.30254691860087557, 0.3046813625422012, 0.31269304449372165, 0.31637463752488154, 0.31823415807900957, 0.32193325479914936, 0.32348509214253635, 0.3349379886346645, 0.34094860410268296, 0.34758315486855257, 0.35226578120218477, 0.36026349723748463, 0.36319570807092744, 0.3658031202106996, 0.37389406909155487, 0.37389406909155487, 0.37918076711518567, 0.3816903555377224, 0.3868846470012174, 0.3896940690897126, 0.3988948374686325, 0.40685732383890305, 0.40685732383890305, 0.4093941792982596, 0.4093941792982596, 0.41638884555161393, 0.4187521982928798, 0.4187521982928798, 0.42524137085419167, 0.42524137085419167, 0.42524137085419167, 0.42524137085419167, 0.42524137085419167, 0.42524137085419167, 0.42524137085419167, 0.4337695633972396, 0.4337695633972396, 0.43760728109320357, 0.44189950593468, 0.44189950593468, 0.44189950593468, 0.44189950593468, 0.44189950593468, 0.44189950593468, 0.44766111731900327, 0.44766111731900327, 0.44766111731900327, 0.46400852314429053, 0.46400852314429053, 0.46400852314429053, 0.4700430082600404, 0.4700430082600404, 0.4700430082600404, 0.4700430082600404, 0.4700430082600404, 0.4772067471784557, 0.4772067471784557, 0.4772067471784557, 0.4772067471784557, 0.4772067471784557, 0.4772067471784557, 0.4772067471784557, 0.4772067471784557, 0.4772067471784557, 0.4772067471784557, 0.4772067471784557, 0.4772067471784557]
Training raw path: /home/anhnd/DTI Project/Codes/MPNN/data/KFold/ATCInchikeySideEffectByDrug.txt_train_1
('Number of substructures, proteins, pathways, drugs, se: ', 2936, 1448, 330, 969, 598)
((872, 4714), (97, 4714), (872, 598), (97, 598))
('VALIDATE SUM PROTEIN TRAIN: ', 22668.0)
('VALIDATE SUM PROTEIN TEST: ', 2514.0)
Train: 0.9595 0.8693
Test: 0.7655 0.4925
[0.6455821090099695, 0.6606730070148433, 0.6570388634495714, 0.6587628115476529, 0.6604190590319219, 0.6597439840409478, 0.6587390245424329, 0.6546901552470056, 0.6592093024525829, 0.6615648714315138, 0.6614123728309707, 0.6641204490287472, 0.6694233479271849, 0.6722162043198308, 0.6728573481912261, 0.6756626140555917, 0.6762054138258484, 0.6776596897338458, 0.6779349694985568, 0.6813085171279146, 0.6840512310334144, 0.6857111004948482, 0.6874164231611521, 0.6906067668148352, 0.6918313083288697, 0.6917886318149086, 0.694100386371274, 0.6963048525490014, 0.7003333876461797, 0.7016845651302899, 0.7059867093874355, 0.7079223557043195, 0.708810541722763, 0.7106393117493831, 0.7112818260628421, 0.7156799689480309, 0.7179207299223197, 0.7207695630820533, 0.722429419185141, 0.7258077395303448, 0.7271689023172975, 0.7281971172794658, 0.7313405515279734, 0.7313405515279734, 0.732501314204157, 0.73331357817249, 0.7354058661602333, 0.736291562384443, 0.7397907156308133, 0.7429175337490228, 0.7429175337490228, 0.7436556566947081, 0.7436556566947081, 0.7459692389937245, 0.7470311182890009, 0.7470311182890009, 0.7494570595315321, 0.7494570595315321, 0.7494570595315321, 0.7494570595315321, 0.7494570595315321, 0.7494570595315321, 0.7494570595315321, 0.7523485346557414, 0.7523485346557414, 0.7536861563714251, 0.7550210225291603, 0.7550210225291603, 0.7550210225291603, 0.7550210225291603, 0.7550210225291603, 0.7550210225291603, 0.7568707782131037, 0.7568707782131037, 0.7568707782131037, 0.7616004663387128, 0.7616004663387128, 0.7616004663387128, 0.7635097711359599, 0.7635097711359599, 0.7635097711359599, 0.7635097711359599, 0.7635097711359599, 0.7654638873971451, 0.7654638873971451, 0.7654638873971451, 0.7654638873971451, 0.7654638873971451, 0.7654638873971451, 0.7654638873971451, 0.7654638873971451, 0.7654638873971451, 0.7654638873971451, 0.7654638873971451, 0.7654638873971451]
[0.12254892691013403, 0.14412309010850788, 0.15151779846131452, 0.1611188722438477, 0.17003875646986014, 0.17196621809677656, 0.17662938706185474, 0.18076809637349509, 0.19292025222960457, 0.19834566917173022, 0.19951755375084484, 0.20446363533455586, 0.21681845198356064, 0.22472317721340002, 0.22836855671191758, 0.23443553908382384, 0.23647158474264446, 0.24159245507194066, 0.24275601867113594, 0.2509405733789801, 0.25756891403510057, 0.26435884658773035, 0.2692977319111597, 0.2770748805885995, 0.28093336510802985, 0.2818360789556671, 0.285482801201843, 0.2911397618214086, 0.3014686524677044, 0.3048837879130534, 0.31602171764932085, 0.32091943213582125, 0.3225962714792086, 0.3280646384741328, 0.3301691901287188, 0.3424035464246967, 0.3475705738680914, 0.3561455651000898, 0.3613619825528398, 0.3712681408171548, 0.3748868769644811, 0.3772115758868845, 0.38547315611647437, 0.38547315611647437, 0.38889539339794216, 0.39179457453328903, 0.398570917436962, 0.40032316592551936, 0.410741492725813, 0.4202802169058033, 0.4202802169058033, 0.42230729499379105, 0.42230729499379105, 0.4291580740333599, 0.43188791119548525, 0.43188791119548525, 0.43891911916679527, 0.43891911916679527, 0.43891911916679527, 0.43891911916679527, 0.43891911916679527, 0.43891911916679527, 0.43891911916679527, 0.4480152760490319, 0.4480152760490319, 0.45174880141790313, 0.45610454278303647, 0.45610454278303647, 0.45610454278303647, 0.45610454278303647, 0.45610454278303647, 0.45610454278303647, 0.46306885810589765, 0.46306885810589765, 0.46306885810589765, 0.47839425216070386, 0.47839425216070386, 0.47839425216070386, 0.48541242099212356, 0.48541242099212356, 0.48541242099212356, 0.48541242099212356, 0.48541242099212356, 0.4925344877270136, 0.4925344877270136, 0.4925344877270136, 0.4925344877270136, 0.4925344877270136, 0.4925344877270136, 0.4925344877270136, 0.4925344877270136, 0.4925344877270136, 0.4925344877270136, 0.4925344877270136, 0.4925344877270136]
Training raw path: /home/anhnd/DTI Project/Codes/MPNN/data/KFold/ATCInchikeySideEffectByDrug.txt_train_2
('Number of substructures, proteins, pathways, drugs, se: ', 2936, 1448, 330, 969, 598)
((872, 4714), (97, 4714), (872, 598), (97, 598))
('VALIDATE SUM PROTEIN TRAIN: ', 22376.0)
('VALIDATE SUM PROTEIN TEST: ', 2806.0)
