Default
<models.baselines.omodels.NeuSK object at 0x7f21fd48fa50>
Training raw path: /home/anhnd/DTI Project/Codes/MPNN/data/KFold/ATCInchikeySideEffectByDrug.txt_train_0
('Number of substructures, proteins, pathways, drugs, se: ', 2936, 1448, 330, 969, 331)
Train: 0.8540 0.7132
Test: 0.7435 0.5461
[0.5892139594125902, 0.613020056407237, 0.6183145022110295, 0.6181741832930258, 0.6212784166955223, 0.6212967733312048, 0.6237925524339801, 0.6297761614101358, 0.6338483073047911, 0.6340860409970012, 0.6371106633041401, 0.6391866443017689, 0.6401465944773694, 0.6405713264531724, 0.6445192150816652, 0.6486865178688781, 0.6511299380977122, 0.6545657505150608, 0.6585004999919758, 0.6603345590334205, 0.6609291773635813, 0.6628885083758609, 0.6659938479521761, 0.6695149417388191, 0.6705754709901371, 0.674451265039855, 0.6758877819659305, 0.6767035364104788, 0.6785065836164191, 0.6796928982558342, 0.6856352845607518, 0.6882047871221528, 0.6920147259910542, 0.6939951293553096, 0.6978031673483072, 0.6993407398326574, 0.7005787765974298, 0.7036368573155262, 0.7036368573155262, 0.706116482230642, 0.7069259354181475, 0.7094720473136407, 0.7106413252367718, 0.7145988423928327, 0.7178385755874237, 0.7178385755874237, 0.7190939611150036, 0.7190939611150036, 0.721573841452144, 0.7226645164279816, 0.7226645164279816, 0.7249033610793896, 0.7249033610793896, 0.7249033610793896, 0.7249033610793896, 0.7249033610793896, 0.7249033610793896, 0.7249033610793896, 0.7280804153403062, 0.7280804153403062, 0.7295542512703956, 0.7310866314324802, 0.7310866314324802, 0.7310866314324802, 0.7310866314324802, 0.7310866314324802, 0.7310866314324802, 0.7330843203263349, 0.7330843203263349, 0.7330843203263349, 0.7388092535725779, 0.7388092535725779, 0.7388092535725779, 0.7410220280389851, 0.7410220280389851, 0.7410220280389851, 0.7410220280389851, 0.7410220280389851, 0.7434509914746797, 0.7434509914746797, 0.7434509914746797, 0.7434509914746797, 0.7434509914746797, 0.7434509914746797, 0.7434509914746797, 0.7434509914746797, 0.7434509914746797, 0.7434509914746797, 0.7434509914746797, 0.7434509914746797]
[0.19895660382834054, 0.20372973848680076, 0.20890523362092292, 0.21390351965655086, 0.2184684484895885, 0.22047376684728026, 0.22494504672147597, 0.23754203652292954, 0.24506157893528002, 0.24824921007853262, 0.25748936735618944, 0.25890215679575945, 0.2617098014555349, 0.26430127830239203, 0.27754377862860347, 0.289606219755124, 0.29683473684742134, 0.3035191169867689, 0.3104127202341298, 0.31724523670403876, 0.31793122945358177, 0.32198809218459395, 0.3300454881510879, 0.34041064743106647, 0.3430076713078855, 0.35257716337115047, 0.3570078583258691, 0.3596097674343227, 0.3661225877998689, 0.36903953350959473, 0.38382934235606525, 0.3909738779521291, 0.40054331714409813, 0.40566457777767806, 0.41545338812090804, 0.4194586703837124, 0.42254421977050793, 0.42974880515656033, 0.42974880515656033, 0.4367944587382838, 0.43892555820743, 0.44490372479626134, 0.44845861559454603, 0.45931825352673317, 0.46832751332581135, 0.46832751332581135, 0.47151781720465835, 0.47151781720465835, 0.4789372326553298, 0.48200655708386564, 0.48200655708386564, 0.4887566776618597, 0.4887566776618597, 0.4887566776618597, 0.4887566776618597, 0.4887566776618597, 0.4887566776618597, 0.4887566776618597, 0.49764306193588326, 0.49764306193588326, 0.5025770689113015, 0.5075286017995472, 0.5075286017995472, 0.5075286017995472, 0.5075286017995472, 0.5075286017995472, 0.5075286017995472, 0.5138766279608037, 0.5138766279608037, 0.5138766279608037, 0.5315591562860326, 0.5315591562860326, 0.5315591562860326, 0.5383941355360462, 0.5383941355360462, 0.5383941355360462, 0.5383941355360462, 0.5383941355360462, 0.5461437971127924, 0.5461437971127924, 0.5461437971127924, 0.5461437971127924, 0.5461437971127924, 0.5461437971127924, 0.5461437971127924, 0.5461437971127924, 0.5461437971127924, 0.5461437971127924, 0.5461437971127924, 0.5461437971127924]
Training raw path: /home/anhnd/DTI Project/Codes/MPNN/data/KFold/ATCInchikeySideEffectByDrug.txt_train_1
('Number of substructures, proteins, pathways, drugs, se: ', 2936, 1448, 330, 969, 331)
Train: 0.9325 0.8524
Test: 0.7442 0.5539
[0.63698903191584, 0.6225637755902348, 0.6229389617170968, 0.632026240127924, 0.6329092646002752, 0.631616576379043, 0.6373652225981499, 0.6419239160877849, 0.6474198169150465, 0.6482096080725668, 0.6490041879904028, 0.6493658252168829, 0.651368594196322, 0.6513326130847336, 0.6561324893654472, 0.6586301893584737, 0.6612613095374181, 0.6624100573160068, 0.6657974336554433, 0.6659843856241561, 0.6658589416760885, 0.667321305108765, 0.6694794302844955, 0.6723146704506939, 0.6737747905883209, 0.6775310387262901, 0.6801008611378827, 0.6811117417994279, 0.6830594986971446, 0.6836211190055064, 0.6885492313336601, 0.6908495385605156, 0.6940322423785742, 0.6965123862091499, 0.6999268877316891, 0.7006959126342195, 0.7015069418059485, 0.7043051174136239, 0.7043051174136239, 0.7055839072490021, 0.7064056917370705, 0.7088052283613673, 0.7099095480284231, 0.7136878312218291, 0.7166858260059827, 0.7166858260059827, 0.7176346616060248, 0.7176346616060248, 0.7203988972946669, 0.7217347707822637, 0.7217347707822637, 0.7245582669118811, 0.7245582669118811, 0.7245582669118811, 0.7245582669118811, 0.7245582669118811, 0.7245582669118811, 0.7245582669118811, 0.7280571477224947, 0.7280571477224947, 0.7295831761264382, 0.7311613506572326, 0.7311613506572326, 0.7311613506572326, 0.7311613506572326, 0.7311613506572326, 0.7311613506572326, 0.7334611631752659, 0.7334611631752659, 0.7334611631752659, 0.7392869534040549, 0.7392869534040549, 0.7392869534040549, 0.7417130260690296, 0.7417130260690296, 0.7417130260690296, 0.7417130260690296, 0.7417130260690296, 0.7442232024622131, 0.7442232024622131, 0.7442232024622131, 0.7442232024622131, 0.7442232024622131, 0.7442232024622131, 0.7442232024622131, 0.7442232024622131, 0.7442232024622131, 0.7442232024622131, 0.7442232024622131, 0.7442232024622131]
[0.16940083571021908, 0.1729961003132413, 0.18722457952817376, 0.20077638010659163, 0.20720396052877751, 0.20715189357135055, 0.2193515852480028, 0.23308873985851597, 0.24522875684849643, 0.24885175191767414, 0.2559067484041126, 0.25771602809948935, 0.2656469321628205, 0.26706668222856456, 0.27930789418011054, 0.2908742539211168, 0.30035434153656915, 0.30596935762124045, 0.31521915253468924, 0.31697990126817277, 0.3173933523187018, 0.32006323007417375, 0.32733041947127883, 0.3370748036888976, 0.34097011873521177, 0.3510165333989271, 0.35712498833654643, 0.35914001955276376, 0.36444371753813487, 0.3677045308105379, 0.3847160812832974, 0.39136975281715414, 0.40101001936601827, 0.4076398988760147, 0.41887900781481713, 0.422756140948562, 0.4256319414915848, 0.434056453268813, 0.434056453268813, 0.4379089247286412, 0.4410273266724471, 0.44808387314890485, 0.4512054850986478, 0.46362420326949777, 0.47364001570030895, 0.47364001570030895, 0.47579001767927076, 0.47579001767927076, 0.4834194894619265, 0.486852413774607, 0.486852413774607, 0.49454580471615217, 0.49454580471615217, 0.49454580471615217, 0.49454580471615217, 0.49454580471615217, 0.49454580471615217, 0.49454580471615217, 0.5046602101265822, 0.5046602101265822, 0.5086991959773851, 0.5134700719265266, 0.5134700719265266, 0.5134700719265266, 0.5134700719265266, 0.5134700719265266, 0.5134700719265266, 0.520910290960271, 0.520910290960271, 0.520910290960271, 0.5383880805990457, 0.5383880805990457, 0.5383880805990457, 0.5459666997882733, 0.5459666997882733, 0.5459666997882733, 0.5459666997882733, 0.5459666997882733, 0.5539394626243677, 0.5539394626243677, 0.5539394626243677, 0.5539394626243677, 0.5539394626243677, 0.5539394626243677, 0.5539394626243677, 0.5539394626243677, 0.5539394626243677, 0.5539394626243677, 0.5539394626243677, 0.5539394626243677]
