Default
<models.baselines.omodels.NeuSK object at 0x7fc26efbf650>
Training raw path: /home/anhnd/DTI Project/Codes/MPNN/data/KFold/ATCInchikeySideEffectByDrug.txt_train_0
('Number of substructures, proteins, pathways, drugs, se: ', 2936, 1448, 330, 969, 598)
Train: 0.9353 0.8044
Test: 0.7590 0.4753
[0.6490842490842491, 0.6676506396891329, 0.6726492006369307, 0.6621893321847584, 0.658471626690555, 0.6622293432737042, 0.6617470265713243, 0.6628685839048285, 0.6615931973621845, 0.6633524444991193, 0.662719823568948, 0.6633993779081746, 0.6664898279174669, 0.6686570543396274, 0.6691996105523349, 0.6704404459681684, 0.6713465248062782, 0.6726751744661841, 0.6737426034038072, 0.6765509625569548, 0.6795232101042361, 0.6822747996056593, 0.6847385413834528, 0.6873985212710159, 0.6894027567303469, 0.6897369888415558, 0.6914887260655278, 0.693694636225471, 0.6960285160134185, 0.6965560875417844, 0.6997904855241043, 0.7014142191206235, 0.7020358512224414, 0.703695222250116, 0.7043638826250542, 0.7086772809623355, 0.7111414701759743, 0.7138573367559943, 0.7159492666786323, 0.7193382005023946, 0.7205415093566516, 0.7214491084060585, 0.7243198761507195, 0.7243198761507195, 0.7263240392883471, 0.727240015503812, 0.7292759362614317, 0.7302389750782947, 0.7339107689301436, 0.7368202188156044, 0.7368202188156044, 0.7378973483636806, 0.7378973483636806, 0.7401212451825634, 0.7411395990737137, 0.7411395990737137, 0.7431508171996344, 0.7431508171996344, 0.7431508171996344, 0.7431508171996344, 0.7431508171996344, 0.7431508171996344, 0.7431508171996344, 0.7459115503231195, 0.7459115503231195, 0.7473293577884912, 0.748719240108809, 0.748719240108809, 0.748719240108809, 0.748719240108809, 0.748719240108809, 0.748719240108809, 0.7503989228797139, 0.7503989228797139, 0.7503989228797139, 0.7552563424909231, 0.7552563424909231, 0.7552563424909231, 0.757046208248888, 0.757046208248888, 0.757046208248888, 0.757046208248888, 0.757046208248888, 0.758986130551815, 0.758986130551815, 0.758986130551815, 0.758986130551815, 0.758986130551815, 0.758986130551815, 0.758986130551815, 0.758986130551815, 0.758986130551815, 0.758986130551815, 0.758986130551815, 0.758986130551815]
[0.16285832654498195, 0.18669314522333655, 0.1903717866358504, 0.1804195844080298, 0.18116671473104562, 0.18891464125818153, 0.19540457890625917, 0.20222856514433155, 0.20374820970085894, 0.20636024940039271, 0.20736184864228335, 0.21070113493936385, 0.21848071281308035, 0.22540944981430489, 0.2281954789744178, 0.23314933032216778, 0.23420116301612795, 0.23595176301969845, 0.2382988759891789, 0.2497266846459464, 0.25740673769080813, 0.2640195180229158, 0.2717263656009634, 0.2793440497821658, 0.2834078015298619, 0.2837143974003172, 0.2882245969563797, 0.2942923559968258, 0.3011743417028358, 0.3029507085215974, 0.310417908166157, 0.3140956924320274, 0.31556561835129404, 0.320252365811246, 0.32155724623484816, 0.33250816884404405, 0.3384324888438656, 0.3459878221304328, 0.3504520530748245, 0.35789100485234365, 0.36095770970321006, 0.36345742476649706, 0.3714385734686445, 0.3714385734686445, 0.37662474483322117, 0.3789983420487964, 0.38420063364874313, 0.38673658197189686, 0.3961920354910844, 0.40412194679225416, 0.40412194679225416, 0.4066752659584034, 0.4066752659584034, 0.41333173272788004, 0.4160126469818691, 0.4160126469818691, 0.4224337980088296, 0.4224337980088296, 0.4224337980088296, 0.4224337980088296, 0.4224337980088296, 0.4224337980088296, 0.4224337980088296, 0.4305667673303975, 0.4305667673303975, 0.434755006806256, 0.4395847709472606, 0.4395847709472606, 0.4395847709472606, 0.4395847709472606, 0.4395847709472606, 0.4395847709472606, 0.44540495540559805, 0.44540495540559805, 0.44540495540559805, 0.4617334307445312, 0.4617334307445312, 0.4617334307445312, 0.4681279948944905, 0.4681279948944905, 0.4681279948944905, 0.4681279948944905, 0.4681279948944905, 0.4752971558623919, 0.4752971558623919, 0.4752971558623919, 0.4752971558623919, 0.4752971558623919, 0.4752971558623919, 0.4752971558623919, 0.4752971558623919, 0.4752971558623919, 0.4752971558623919, 0.4752971558623919, 0.4752971558623919]
Training raw path: /home/anhnd/DTI Project/Codes/MPNN/data/KFold/ATCInchikeySideEffectByDrug.txt_train_1
('Number of substructures, proteins, pathways, drugs, se: ', 2936, 1448, 330, 969, 598)
Train: 0.9335 0.8020
Test: 0.7842 0.5072
