Default
<models.baselines.omodels.NeuSK object at 0x7ff173d78910>
Training raw path: /home/anhnd/DTI Project/Codes/MPNN/data/KFold/ATCInchikeySideEffectByDrug.txt_train_0
('Number of substructures, proteins, pathways, drugs, se: ', 2936, 1448, 330, 969, 598)
Train: 0.9352 0.8051
Test: 0.7419 0.4343
[0.6220589540507404, 0.63654462020627, 0.6382265225918411, 0.6280953208129267, 0.629440716080697, 0.6303285640822199, 0.6324828470651876, 0.6358517077910365, 0.6337788844494343, 0.6348724372977157, 0.6353825655805263, 0.6377280827516054, 0.6403251243322485, 0.6432931344108616, 0.6437302612284683, 0.6450971755779077, 0.6463400836939089, 0.6478099639570808, 0.6484419662992259, 0.6519238069617947, 0.6558412605945848, 0.6593214766647562, 0.6620468365085086, 0.6650418662566568, 0.6669060687535633, 0.667333418558925, 0.6686189782673088, 0.6706992087077828, 0.6731456655774711, 0.6741918145403811, 0.6777821632533156, 0.6797003354464296, 0.680437225212758, 0.6821376303814838, 0.6829357848060505, 0.6879242083899211, 0.6903998909414171, 0.6935435989178322, 0.6956418539512061, 0.699367219407518, 0.7008620470439306, 0.7018636955124524, 0.7048482350065358, 0.7048482350065358, 0.7070158994674305, 0.7078456351989426, 0.7099754634650569, 0.7110175534372132, 0.7148030725840187, 0.7179999083245111, 0.7179999083245111, 0.7191793239571916, 0.7191793239571916, 0.7215758620560183, 0.7226426025093695, 0.7226426025093695, 0.7248197637000178, 0.7248197637000178, 0.7248197637000178, 0.7248197637000178, 0.7248197637000178, 0.7248197637000178, 0.7248197637000178, 0.727812378060051, 0.727812378060051, 0.7293522894783568, 0.7308473704469978, 0.7308473704469978, 0.7308473704469978, 0.7308473704469978, 0.7308473704469978, 0.7308473704469978, 0.732662171730973, 0.732662171730973, 0.732662171730973, 0.7379535068003726, 0.7379535068003726, 0.7379535068003726, 0.7398420188786268, 0.7398420188786268, 0.7398420188786268, 0.7398420188786268, 0.7398420188786268, 0.7419222752825531, 0.7419222752825531, 0.7419222752825531, 0.7419222752825531, 0.7419222752825531, 0.7419222752825531, 0.7419222752825531, 0.7419222752825531, 0.7419222752825531, 0.7419222752825531, 0.7419222752825531, 0.7419222752825531]
[0.1284485292723478, 0.13702000403961648, 0.14469837727435203, 0.13856961008446822, 0.1407493534217188, 0.14695754853306575, 0.1534271946713034, 0.16130232312066384, 0.16459139531889977, 0.16515618139025065, 0.1672773485733241, 0.1710066040945472, 0.17889327662558321, 0.18585428075039795, 0.18772373277269766, 0.19281099779843064, 0.19465791515945413, 0.1979776802782327, 0.20027188970401616, 0.20987332054874144, 0.216855825159309, 0.22383610325416964, 0.23011549888159996, 0.23658311569392912, 0.24139021112512724, 0.24191345588713348, 0.24491448868249216, 0.2494424675477222, 0.2555087128008521, 0.2579792634748515, 0.2658721564474265, 0.27060004936770193, 0.2723517048533771, 0.2763386965530487, 0.27798151412565686, 0.28917683936794614, 0.2949209020963972, 0.30244956527631756, 0.3072640995928768, 0.3154203890318982, 0.31838072113876814, 0.32105921394396636, 0.32749382808872723, 0.32749382808872723, 0.33222478738632133, 0.3342969849284194, 0.3398063107951361, 0.3424132555344364, 0.3520050011874025, 0.3608662519448025, 0.3608662519448025, 0.36356112808364616, 0.36356112808364616, 0.3704134191448215, 0.3729270044283833, 0.3729270044283833, 0.37920958648963976, 0.37920958648963976, 0.37920958648963976, 0.37920958648963976, 0.37920958648963976, 0.37920958648963976, 0.37920958648963976, 0.3876525509703341, 0.3876525509703341, 0.3919847720969687, 0.39660961213385176, 0.39660961213385176, 0.39660961213385176, 0.39660961213385176, 0.39660961213385176, 0.39660961213385176, 0.4031072245733541, 0.4031072245733541, 0.4031072245733541, 0.42044991825284894, 0.42044991825284894, 0.42044991825284894, 0.42688121796635375, 0.42688121796635375, 0.42688121796635375, 0.42688121796635375, 0.42688121796635375, 0.4343190942666256, 0.4343190942666256, 0.4343190942666256, 0.4343190942666256, 0.4343190942666256, 0.4343190942666256, 0.4343190942666256, 0.4343190942666256, 0.4343190942666256, 0.4343190942666256, 0.4343190942666256, 0.4343190942666256]
Training raw path: /home/anhnd/DTI Project/Codes/MPNN/data/KFold/ATCInchikeySideEffectByDrug.txt_train_1
('Number of substructures, proteins, pathways, drugs, se: ', 2936, 1448, 330, 969, 598)
Train: 0.9295 0.7896
Test: 0.7465 0.4572
[0.6215309495477923, 0.6159744330441206, 0.6176867983490034, 0.6179370105972409, 0.6106693247995428, 0.611399943703297, 0.6137886886694955, 0.617849158889608, 0.6234236203063384, 0.6239757585997773, 0.6235979783936458, 0.6270060939883393, 0.6323127097211723, 0.6377503438691197, 0.6386366665072267, 0.6419145183949152, 0.6434044403078685, 0.6447717705615086, 0.64556106285868, 0.649117582382972, 0.652466957800748, 0.6554334110631709, 0.6577454190916598, 0.6607049029354788, 0.6630512435897434, 0.6632011970860174, 0.6656443572931785, 0.668392398815659, 0.6723362563032856, 0.6737606515991725, 0.6781850176459452, 0.6814616469369004, 0.6826109897124514, 0.6844450881981532, 0.6852776266312198, 0.6905605127469008, 0.6929631818470531, 0.6967706346272831, 0.6990364636983466, 0.7024072764913412, 0.7040476499621894, 0.7052838284642096, 0.7090995977063759, 0.7090995977063759, 0.7103230718171056, 0.7112763543442457, 0.7134907207063113, 0.7143333860891218, 0.7183953998817971, 0.7218139596261632, 0.7218139596261632, 0.7228102294210831, 0.7228102294210831, 0.7252416775418842, 0.7264727215325395, 0.7264727215325395, 0.7290189305940366, 0.7290189305940366, 0.7290189305940366, 0.7290189305940366, 0.7290189305940366, 0.7290189305940366, 0.7290189305940366, 0.7322832907530648, 0.7322832907530648, 0.7337528516981373, 0.7351936921402555, 0.7351936921402555, 0.7351936921402555, 0.7351936921402555, 0.7351936921402555, 0.7351936921402555, 0.7371826015242493, 0.7371826015242493, 0.7371826015242493, 0.7423454114944854, 0.7423454114944854, 0.7423454114944854, 0.744394298477413, 0.744394298477413, 0.744394298477413, 0.744394298477413, 0.744394298477413, 0.7465145716922366, 0.7465145716922366, 0.7465145716922366, 0.7465145716922366, 0.7465145716922366, 0.7465145716922366, 0.7465145716922366, 0.7465145716922366, 0.7465145716922366, 0.7465145716922366, 0.7465145716922366, 0.7465145716922366]
[0.10703550398880989, 0.12047748615206039, 0.12161177143630549, 0.12496870920163844, 0.12643888760122862, 0.12835512230953322, 0.13528593235243802, 0.14350510247001075, 0.1546627938797312, 0.15781663104458266, 0.15718107454940317, 0.16444885973545487, 0.174727303927823, 0.18363116152219827, 0.1867802746398921, 0.1915604910822291, 0.19345112192315275, 0.19846671696111393, 0.20039551256007623, 0.2084727306380626, 0.21750013490561798, 0.22526616647570546, 0.23018956211878985, 0.2371027101347423, 0.23996330283351508, 0.2411884928054462, 0.24499032835858808, 0.25068398791347185, 0.25769047531033407, 0.26103256704719763, 0.2710935309275921, 0.27735769382258857, 0.27990937025953205, 0.2858560977817808, 0.28797078464563775, 0.3014238259895019, 0.3068375615564293, 0.31697465655824886, 0.3224771717043634, 0.33110909763824226, 0.33518607746533935, 0.33783211748703934, 0.34623373876292507, 0.34623373876292507, 0.3499671517024437, 0.3523433960682707, 0.358554263241048, 0.36116333268595135, 0.37211453091069296, 0.38205045218140565, 0.38205045218140565, 0.38432689058855296, 0.38432689058855296, 0.3907639264880539, 0.39393154167422006, 0.39393154167422006, 0.40049295691603515, 0.40049295691603515, 0.40049295691603515, 0.40049295691603515, 0.40049295691603515, 0.40049295691603515, 0.40049295691603515, 0.41077877851944267, 0.41077877851944267, 0.4146644281304487, 0.41894789024365797, 0.41894789024365797, 0.41894789024365797, 0.41894789024365797, 0.41894789024365797, 0.41894789024365797, 0.4260735606261874, 0.4260735606261874, 0.4260735606261874, 0.4424877484353503, 0.4424877484353503, 0.4424877484353503, 0.4494462677234918, 0.4494462677234918, 0.4494462677234918, 0.4494462677234918, 0.4494462677234918, 0.45719355388829, 0.45719355388829, 0.45719355388829, 0.45719355388829, 0.45719355388829, 0.45719355388829, 0.45719355388829, 0.45719355388829, 0.45719355388829, 0.45719355388829, 0.45719355388829, 0.45719355388829]
Training raw path: /home/anhnd/DTI Project/Codes/MPNN/data/KFold/ATCInchikeySideEffectByDrug.txt_train_2
('Number of substructures, proteins, pathways, drugs, se: ', 2936, 1448, 330, 969, 598)
Train: 0.9295 0.7882
Test: 0.7544 0.5026
[0.671281572640118, 0.6722926265704094, 0.666835494763281, 0.6619957530958036, 0.6639832673826852, 0.6603229441692278, 0.6625697775533675, 0.6647046303825989, 0.6659555691295261, 0.6660310020142103, 0.6666680579533741, 0.6686475397708251, 0.669867907568921, 0.6712132582562742, 0.6717539577936181, 0.6725643370284834, 0.6743146294071652, 0.6756561631143729, 0.6762699166977186, 0.6785596095357567, 0.6817239233741699, 0.684581091113776, 0.6873557440101057, 0.6903797380843038, 0.6912651024022946, 0.6917147159097532, 0.6936034883678177, 0.6955104710952045, 0.696967784300061, 0.6977089379036879, 0.7000481310761578, 0.7019871049639772, 0.7029621845259125, 0.7042675682830943, 0.7046699838522672, 0.7086460552035457, 0.7108666870963076, 0.712989229596746, 0.7145901752522539, 0.7169280357236519, 0.7180430946096887, 0.7187828517007882, 0.7217756326370294, 0.7217756326370294, 0.7235790353861158, 0.7242993658349015, 0.7261104690029576, 0.7269883281837685, 0.7305941561971234, 0.7331978651050755, 0.7331978651050755, 0.7340397884725307, 0.7340397884725307, 0.7357308763242645, 0.7369040238211738, 0.7369040238211738, 0.7389116382906942, 0.7389116382906942, 0.7389116382906942, 0.7389116382906942, 0.7389116382906942, 0.7389116382906942, 0.7389116382906942, 0.7415572700716764, 0.7415572700716764, 0.7430786623673958, 0.7444875782961177, 0.7444875782961177, 0.7444875782961177, 0.7444875782961177, 0.7444875782961177, 0.7444875782961177, 0.7461319316930141, 0.7461319316930141, 0.7461319316930141, 0.7508798649006936, 0.7508798649006936, 0.7508798649006936, 0.7525845634549456, 0.7525845634549456, 0.7525845634549456, 0.7525845634549456, 0.7525845634549456, 0.7544077649818262, 0.7544077649818262, 0.7544077649818262, 0.7544077649818262, 0.7544077649818262, 0.7544077649818262, 0.7544077649818262, 0.7544077649818262, 0.7544077649818262, 0.7544077649818262, 0.7544077649818262, 0.7544077649818262]
[0.1447958376257438, 0.16565050382865415, 0.1775198097814229, 0.1836413927581932, 0.18999223288499845, 0.19172378503438037, 0.2001282141681655, 0.20740189045404386, 0.2135417665252394, 0.21814547246873223, 0.22049124454881677, 0.2250392009435236, 0.23361826485447582, 0.23641409144167647, 0.23824543390720782, 0.24349927052962925, 0.2486634407523629, 0.2529481460837697, 0.2549420470782335, 0.26613657857395856, 0.27594336655985247, 0.28226532978637475, 0.29048203749211005, 0.29923634306742997, 0.3050213715952308, 0.3060598197982762, 0.31075302730864307, 0.316631739353208, 0.32323442813106384, 0.3251218729240526, 0.3342871351433047, 0.3387789507432542, 0.34077565719339586, 0.3443198203822031, 0.34555044870629137, 0.35734199589086835, 0.3641132607175188, 0.3720356763762059, 0.378092730640044, 0.38546076804002377, 0.3889867200227481, 0.39149382857467485, 0.3996287058112839, 0.3996287058112839, 0.4045506108415475, 0.40639579743822324, 0.4120674970613697, 0.4144863255933661, 0.42458326238215693, 0.4321844225661393, 0.4321844225661393, 0.434746827663261, 0.434746827663261, 0.44009815202025454, 0.4433224839951617, 0.4433224839951617, 0.44902792201735287, 0.44902792201735287, 0.44902792201735287, 0.44902792201735287, 0.44902792201735287, 0.44902792201735287, 0.44902792201735287, 0.45748334116061484, 0.45748334116061484, 0.46237056965039713, 0.4672617875526095, 0.4672617875526095, 0.4672617875526095, 0.4672617875526095, 0.4672617875526095, 0.4672617875526095, 0.47306224077597697, 0.47306224077597697, 0.47306224077597697, 0.48967872661260353, 0.48967872661260353, 0.48967872661260353, 0.4956450148003718, 0.4956450148003718, 0.4956450148003718, 0.4956450148003718, 0.4956450148003718, 0.5026203568627854, 0.5026203568627854, 0.5026203568627854, 0.5026203568627854, 0.5026203568627854, 0.5026203568627854, 0.5026203568627854, 0.5026203568627854, 0.5026203568627854, 0.5026203568627854, 0.5026203568627854, 0.5026203568627854]
Training raw path: /home/anhnd/DTI Project/Codes/MPNN/data/KFold/ATCInchikeySideEffectByDrug.txt_train_3
('Number of substructures, proteins, pathways, drugs, se: ', 2936, 1448, 330, 969, 598)
