Default
<models.baselines.omodels.NeuSK object at 0x7feb2159b510>
Training raw path: /home/anhnd/DTI Project/Codes/MPNN/data/KFold/ATCInchikeySideEffectByDrug.txt_train_0
('Number of substructures, proteins, pathways, drugs, se: ', 2048, 1448, 330, 1030, 1472)
Train: 0.8332 0.3993
Test: 0.8205 0.4013
[0.4645266362316618, 0.5339797890767635, 0.5633892518937619, 0.5979859967844905, 0.6221055315973589, 0.6426169929223244, 0.6594543874556601, 0.6741028621498593, 0.6833800400157167, 0.6908788436015032, 0.6996953564863201, 0.7063666560088326, 0.7128607916004409, 0.7177492851942118, 0.7200999777495428, 0.7239300257620763, 0.7319443671131013, 0.7374058603449768, 0.7391367215877213, 0.7414189766571644, 0.7438974912781993, 0.7466392260762356, 0.7486963250555069, 0.7529141260233811, 0.7548707480219395, 0.7581363038995985, 0.7619215608828029, 0.7648188234739424, 0.7666426903589336, 0.7670356904863035, 0.7696422806761203, 0.7712861338503516, 0.7734136775484655, 0.7743982893616159, 0.7778858505446478, 0.7795306060541891, 0.7802691655268069, 0.7814506368368892, 0.7820609492220587, 0.7853733694720257, 0.7871332911273029, 0.789103684250612, 0.7908134714701479, 0.7931258645004644, 0.7942028283118112, 0.7947001790140885, 0.7970050394401798, 0.7970050394401798, 0.7985632372542717, 0.7991558446768937, 0.8004137474450441, 0.8010081831470095, 0.8039338696790871, 0.8060837733623427, 0.8060837733623427, 0.8066625614745251, 0.8066625614745251, 0.808119774076052, 0.808825947675345, 0.808825947675345, 0.8104812313905781, 0.8104812313905781, 0.8104812313905781, 0.8104812313905781, 0.8104812313905781, 0.8104812313905781, 0.8104812313905781, 0.8122442972845285, 0.8122442972845285, 0.8132745159053182, 0.8142299873142628, 0.8142299873142628, 0.8142299873142628, 0.8142299873142628, 0.8142299873142628, 0.8142299873142628, 0.8152554240381424, 0.8152554240381424, 0.8152554240381424, 0.8184278573830622, 0.8184278573830622, 0.8184278573830622, 0.8193789977285614, 0.8193789977285614, 0.8193789977285614, 0.8193789977285614, 0.8193789977285614, 0.8204931461772051, 0.8204931461772051, 0.8204931461772051, 0.8204931461772051, 0.8204931461772051, 0.8204931461772051, 0.8204931461772051, 0.8204931461772051, 0.8204931461772051, 0.8204931461772051, 0.8204931461772051, 0.8204931461772051]
[0.02068632137238261, 0.02502325187012396, 0.03162488824313399, 0.040719712360310654, 0.05037269159840027, 0.060210529085721276, 0.07020045792468536, 0.08009704694273401, 0.08751435968234554, 0.09334750667439883, 0.10101149989624261, 0.10790346359647679, 0.11548679381973712, 0.12311653580704299, 0.12663626256825192, 0.1322102929521699, 0.1449620146356277, 0.15466206484944595, 0.1570681053304489, 0.1604893086527, 0.16530071700194746, 0.17017974621410129, 0.1740068794380329, 0.18216915088223146, 0.1850843448749115, 0.19312658109191114, 0.20279232338407777, 0.20970329482418182, 0.2128379956502896, 0.21362186385769605, 0.2199119860664756, 0.2231891652018273, 0.22710134884159622, 0.22965904722788683, 0.23975571224100026, 0.24374996189793452, 0.2463164887774976, 0.24956914200272878, 0.25165592582004614, 0.26243019706006143, 0.26832131349067134, 0.273223014960418, 0.27839175767194835, 0.28565319541645817, 0.28856712397035045, 0.2901671502012255, 0.2978220098607332, 0.2978220098607332, 0.30441323334575854, 0.3066138950505048, 0.31103686845030515, 0.3130221055340537, 0.3241089394507726, 0.3322919165473116, 0.3322919165473116, 0.3339778431104906, 0.3339778431104906, 0.33982683480936304, 0.342729447515117, 0.342729447515117, 0.3495342873282648, 0.3495342873282648, 0.3495342873282648, 0.3495342873282648, 0.3495342873282648, 0.3495342873282648, 0.3495342873282648, 0.3577341506840464, 0.3577341506840464, 0.362917105109593, 0.36768701763683465, 0.36768701763683465, 0.36768701763683465, 0.36768701763683465, 0.36768701763683465, 0.36768701763683465, 0.37303088488598135, 0.37303088488598135, 0.37303088488598135, 0.39029988566942986, 0.39029988566942986, 0.39029988566942986, 0.39495548823224547, 0.39495548823224547, 0.39495548823224547, 0.39495548823224547, 0.39495548823224547, 0.40134976319673094, 0.40134976319673094, 0.40134976319673094, 0.40134976319673094, 0.40134976319673094, 0.40134976319673094, 0.40134976319673094, 0.40134976319673094, 0.40134976319673094, 0.40134976319673094, 0.40134976319673094, 0.40134976319673094]
Training raw path: /home/anhnd/DTI Project/Codes/MPNN/data/KFold/ATCInchikeySideEffectByDrug.txt_train_1
('Number of substructures, proteins, pathways, drugs, se: ', 2048, 1448, 330, 1030, 1472)
Train: 0.8342 0.4080
Test: 0.8313 0.3835
[0.4603798704202904, 0.5140820250306315, 0.5515836081199049, 0.5730463571676714, 0.6016659795804259, 0.6186651800607792, 0.6349024071182229, 0.652043651810421, 0.6606899887587191, 0.6687351098784771, 0.6817333975228785, 0.6912154486172883, 0.7000740026365567, 0.7051506201932374, 0.7084033523469312, 0.714166177918896, 0.72377665351411, 0.7291921100965919, 0.7317249899309163, 0.7350190612454275, 0.7378456188404282, 0.7424241491214597, 0.7445219203529031, 0.7494365080187824, 0.7522353537998134, 0.7566603016291148, 0.760623316354754, 0.7641601448346849, 0.7673187458753755, 0.7677930441322179, 0.7708517106929984, 0.7730238531575828, 0.7758201654644573, 0.7771500284897224, 0.7805613022871878, 0.7824557783995355, 0.7828876600339668, 0.7843482641905076, 0.7852353696937182, 0.7898910197932081, 0.7920355710012563, 0.7949586914033359, 0.7965897986745967, 0.7993820463306155, 0.8009212126066508, 0.8015562847606064, 0.8041376216881876, 0.8041376216881876, 0.8060621880871631, 0.8067975591737742, 0.8081918076283755, 0.808956104493471, 0.8121223365490033, 0.8143339058604342, 0.8143339058604342, 0.8152429086252418, 0.8152429086252418, 0.8167994510887178, 0.8176988639127267, 0.8176988639127267, 0.8192132442346061, 0.8192132442346061, 0.8192132442346061, 0.8192132442346061, 0.8192132442346061, 0.8192132442346061, 0.8192132442346061, 0.821313674968398, 0.821313674968398, 0.8223402954425726, 0.8236057913981162, 0.8236057913981162, 0.8236057913981162, 0.8236057913981162, 0.8236057913981162, 0.8236057913981162, 0.8247597230705916, 0.8247597230705916, 0.8247597230705916, 0.8285828282510362, 0.8285828282510362, 0.8285828282510362, 0.8298818260319831, 0.8298818260319831, 0.8298818260319831, 0.8298818260319831, 0.8298818260319831, 0.8312903551316371, 0.8312903551316371, 0.8312903551316371, 0.8312903551316371, 0.8312903551316371, 0.8312903551316371, 0.8312903551316371, 0.8312903551316371, 0.8312903551316371, 0.8312903551316371, 0.8312903551316371, 0.8312903551316371]
[0.010080056910210036, 0.01616333387076992, 0.02111156985650886, 0.024912176045417195, 0.03077257342589859, 0.03563366297174432, 0.04124965577507708, 0.04998138576370423, 0.05483306463535986, 0.058761085140633794, 0.06758235770010099, 0.07474479292524863, 0.08131863260182567, 0.08586107887967773, 0.08862928256080503, 0.09509131382648875, 0.10499791586010726, 0.11090781944413283, 0.11425341797769842, 0.11836513261252703, 0.12216808182129227, 0.12938623858911935, 0.13242011915320445, 0.14000849650378933, 0.14349691765912911, 0.15154306205266704, 0.1584078130904555, 0.1644706940592788, 0.17029181546344876, 0.17093779917559215, 0.17734382643182756, 0.18179129115888587, 0.1875386239323318, 0.1906111405450286, 0.19801681459060821, 0.2024696427500609, 0.20260723003814415, 0.20667589274804696, 0.20968652284622952, 0.2234072309720443, 0.2292372832492566, 0.23745855836700042, 0.23991270630293637, 0.24773669625978456, 0.25307321785733383, 0.2547239798704635, 0.2614841265941929, 0.2614841265941929, 0.269452553637214, 0.2715582177834394, 0.2754287955959711, 0.27795934658781046, 0.288741602816486, 0.295820895070483, 0.295820895070483, 0.2996384732182138, 0.2996384732182138, 0.3050636899970158, 0.30878707594395804, 0.30878707594395804, 0.31366435366271295, 0.31366435366271295, 0.31366435366271295, 0.31366435366271295, 0.31366435366271295, 0.31366435366271295, 0.31366435366271295, 0.3248579238655579, 0.3248579238655579, 0.33001846871533225, 0.3373428476165524, 0.3373428476165524, 0.3373428476165524, 0.3373428476165524, 0.3373428476165524, 0.3373428476165524, 0.3437592476911986, 0.3437592476911986, 0.3437592476911986, 0.3665550361465463, 0.3665550361465463, 0.3665550361465463, 0.37400690015745425, 0.37400690015745425, 0.37400690015745425, 0.37400690015745425, 0.37400690015745425, 0.3835277606091185, 0.3835277606091185, 0.3835277606091185, 0.3835277606091185, 0.3835277606091185, 0.3835277606091185, 0.3835277606091185, 0.3835277606091185, 0.3835277606091185, 0.3835277606091185, 0.3835277606091185, 0.3835277606091185]
Training raw path: /home/anhnd/DTI Project/Codes/MPNN/data/KFold/ATCInchikeySideEffectByDrug.txt_train_2
('Number of substructures, proteins, pathways, drugs, se: ', 2048, 1448, 330, 1030, 1472)
Train: 0.8339 0.4046
Test: 0.8318 0.3950
[0.48180159101131265, 0.5277923858955739, 0.5828048448611033, 0.6127684008869054, 0.6352378231642966, 0.6431805665539889, 0.6574469562489184, 0.6689800408754691, 0.6791820953984617, 0.6888706835875624, 0.6994625903800181, 0.70555811245069, 0.7112633148702447, 0.7165444010200199, 0.7195183460685006, 0.7232991018240463, 0.7327181644002789, 0.7368483059160811, 0.7384820894469069, 0.7420918346727278, 0.7444865596904536, 0.7475003070687369, 0.7494977169838364, 0.7531911595665755, 0.75612116340141, 0.7590989717455416, 0.7623571680937713, 0.7657071552595386, 0.7683669978073876, 0.7689793358140775, 0.7716946825784495, 0.7739835099435521, 0.7768606641562075, 0.7779526158119761, 0.7816823441710427, 0.7832101670106318, 0.7838467500025741, 0.7853811405926101, 0.7860230937339798, 0.7897737745104393, 0.7918174352790165, 0.7946109298511874, 0.796671113267617, 0.7996609250246866, 0.8012832404885081, 0.8018299722551022, 0.8049306467812456, 0.8049306467812456, 0.8062754895322806, 0.8071738905050087, 0.8087783677585678, 0.8096178084819264, 0.812962641573405, 0.81547766095876, 0.81547766095876, 0.816247747630155, 0.816247747630155, 0.8179053093739461, 0.8187619497798238, 0.8187619497798238, 0.8203524099279725, 0.8203524099279725, 0.8203524099279725, 0.8203524099279725, 0.8203524099279725, 0.8203524099279725, 0.8203524099279725, 0.822543382966997, 0.822543382966997, 0.8234926997520691, 0.8244727576687678, 0.8244727576687678, 0.8244727576687678, 0.8244727576687678, 0.8244727576687678, 0.8244727576687678, 0.8256101650016152, 0.8256101650016152, 0.8256101650016152, 0.8293198249158701, 0.8293198249158701, 0.8293198249158701, 0.8304886824212006, 0.8304886824212006, 0.8304886824212006, 0.8304886824212006, 0.8304886824212006, 0.8317626703769081, 0.8317626703769081, 0.8317626703769081, 0.8317626703769081, 0.8317626703769081, 0.8317626703769081, 0.8317626703769081, 0.8317626703769081, 0.8317626703769081, 0.8317626703769081, 0.8317626703769081, 0.8317626703769081]
[0.02292306555712302, 0.019614045653084673, 0.0287360059658825, 0.0361926251143336, 0.04346839227173509, 0.047499530364738037, 0.05251643755895389, 0.057255077130893194, 0.06333586194120616, 0.06872511907645044, 0.07594136472346333, 0.08029909070534824, 0.08466417638058002, 0.09033229539858662, 0.09278124772534506, 0.09691676962471463, 0.10812969049615195, 0.11332217988095697, 0.11543307506840102, 0.12162445193149937, 0.12549008591871408, 0.1299090672870829, 0.133227399969395, 0.1386003384613256, 0.1447482098986027, 0.150395328793203, 0.15596695818579015, 0.16343019145555387, 0.16874273082089264, 0.17013012656364576, 0.17642238219425635, 0.18149202147607374, 0.18853950352050652, 0.19095414973435376, 0.19974099420323876, 0.20310510133692128, 0.20485620989866216, 0.20999996558819195, 0.21139543098004598, 0.22086193872737026, 0.2275219232908618, 0.23553947195705727, 0.2412308529644005, 0.2507553161260464, 0.2560440222510146, 0.2573251866944647, 0.26855534939412484, 0.26855534939412484, 0.27302082754053164, 0.2770205217795638, 0.28222383743352075, 0.2857667497368821, 0.2993746016112313, 0.3100049600539148, 0.3100049600539148, 0.31221243561061274, 0.31221243561061274, 0.31881413363701727, 0.32251246354706986, 0.32251246354706986, 0.32841757284298834, 0.32841757284298834, 0.32841757284298834, 0.32841757284298834, 0.32841757284298834, 0.32841757284298834, 0.32841757284298834, 0.34071691126362047, 0.34071691126362047, 0.3452362596697869, 0.35014846710416536, 0.35014846710416536, 0.35014846710416536, 0.35014846710416536, 0.35014846710416536, 0.35014846710416536, 0.3569050850542816, 0.3569050850542816, 0.3569050850542816, 0.3804208516918973, 0.3804208516918973, 0.3804208516918973, 0.3868565196679084, 0.3868565196679084, 0.3868565196679084, 0.3868565196679084, 0.3868565196679084, 0.3950021983797335, 0.3950021983797335, 0.3950021983797335, 0.3950021983797335, 0.3950021983797335, 0.3950021983797335, 0.3950021983797335, 0.3950021983797335, 0.3950021983797335, 0.3950021983797335, 0.3950021983797335, 0.3950021983797335]
Training raw path: /home/anhnd/DTI Project/Codes/MPNN/data/KFold/ATCInchikeySideEffectByDrug.txt_train_3
('Number of substructures, proteins, pathways, drugs, se: ', 2048, 1448, 330, 1030, 1472)
Train: 0.8350 0.4034
Test: 0.8143 0.3994
[0.48571602403418496, 0.5284248070001459, 0.5703155557437627, 0.5949780365079882, 0.6158215441276165, 0.6288531239577893, 0.6438173973719907, 0.658038269819171, 0.6685074911484166, 0.6770277961205663, 0.6867910101981963, 0.6948722376490134, 0.7011692525785969, 0.7053625965776218, 0.7094140127581179, 0.7135575827573807, 0.7215445345986401, 0.7268170034201529, 0.728717945829556, 0.7311227168558363, 0.7330964915490298, 0.736683923012905, 0.7385062027474154, 0.7424995862527963, 0.7456001460434293, 0.7490212447459967, 0.7521755620712579, 0.7547303493829625, 0.757201308662262, 0.7576466818632992, 0.7604844831728417, 0.7628013274550731, 0.7656870512400593, 0.7667465306279916, 0.7704094256274101, 0.7718749469355604, 0.7724552438590984, 0.7733427062745271, 0.7741516484052219, 0.7779430686180534, 0.7798008130254879, 0.7819710367819397, 0.7838432761006047, 0.7862502418283703, 0.7875968067309235, 0.7883307046011614, 0.7908394649777991, 0.7908394649777991, 0.7922099813024777, 0.7928003135259413, 0.7942334661599803, 0.7948960267978589, 0.7976605718198287, 0.7996360575263178, 0.7996360575263178, 0.8004058770286475, 0.8004058770286475, 0.8019267100767397, 0.8027559386827818, 0.8027559386827818, 0.8042842662685491, 0.8042842662685491, 0.8042842662685491, 0.8042842662685491, 0.8042842662685491, 0.8042842662685491, 0.8042842662685491, 0.8060000900396145, 0.8060000900396145, 0.8068425591728418, 0.8077763127711763, 0.8077763127711763, 0.8077763127711763, 0.8077763127711763, 0.8077763127711763, 0.8077763127711763, 0.808798045688466, 0.808798045688466, 0.808798045688466, 0.8119799760406036, 0.8119799760406036, 0.8119799760406036, 0.8130261745592355, 0.8130261745592355, 0.8130261745592355, 0.8130261745592355, 0.8130261745592355, 0.814250559288063, 0.814250559288063, 0.814250559288063, 0.814250559288063, 0.814250559288063, 0.814250559288063, 0.814250559288063, 0.814250559288063, 0.814250559288063, 0.814250559288063, 0.814250559288063, 0.814250559288063]
[0.017577334099273152, 0.02534023221882339, 0.0325037026788638, 0.03901945391525263, 0.04784730423097237, 0.05342378995715006, 0.06147985129916084, 0.07147114048144843, 0.07911340520511148, 0.08564189135062261, 0.09469144347073948, 0.10224842713902722, 0.10907570603426403, 0.11420405010660757, 0.11945761754476422, 0.12531722841733722, 0.1369824709483826, 0.1443301262880269, 0.14724558061495244, 0.15099621803165753, 0.15439523220335197, 0.1612704228593395, 0.16441618669552915, 0.17152981986537222, 0.17776571008589012, 0.18432939899765227, 0.19088442284199114, 0.19684068110407646, 0.20217768182445173, 0.20312080245649686, 0.2102679940361027, 0.21618191414952198, 0.2237999988335862, 0.22656321284166486, 0.23666571737852718, 0.23989352162599992, 0.24145546864283102, 0.24341986783261677, 0.24621013727056332, 0.25759224793696744, 0.263055367427975, 0.26901206129357375, 0.2745914626092269, 0.2819869517269833, 0.28629268315919726, 0.2889684076766462, 0.2966671017156941, 0.2966671017156941, 0.30184889092646794, 0.303352804722368, 0.30860746341802675, 0.3110181142023249, 0.32088523390851864, 0.32747631408754085, 0.32747631408754085, 0.3305100148054769, 0.3305100148054769, 0.336838162373776, 0.34042043281639517, 0.34042043281639517, 0.3467606546091066, 0.3467606546091066, 0.3467606546091066, 0.3467606546091066, 0.3467606546091066, 0.3467606546091066, 0.3467606546091066, 0.35444527741665516, 0.35444527741665516, 0.3582229050324301, 0.3629691435162712, 0.3629691435162712, 0.3629691435162712, 0.3629691435162712, 0.3629691435162712, 0.3629691435162712, 0.36867843102729214, 0.36867843102729214, 0.36867843102729214, 0.3860056646553792, 0.3860056646553792, 0.3860056646553792, 0.39172302712920287, 0.39172302712920287, 0.39172302712920287, 0.39172302712920287, 0.39172302712920287, 0.3994329419862166, 0.3994329419862166, 0.3994329419862166, 0.3994329419862166, 0.3994329419862166, 0.3994329419862166, 0.3994329419862166, 0.3994329419862166, 0.3994329419862166, 0.3994329419862166, 0.3994329419862166, 0.3994329419862166]
Training raw path: /home/anhnd/DTI Project/Codes/MPNN/data/KFold/ATCInchikeySideEffectByDrug.txt_train_4
('Number of substructures, proteins, pathways, drugs, se: ', 2048, 1448, 330, 1030, 1472)
Train: 0.8354 0.4090
Test: 0.8197 0.3608
[0.48646552087507156, 0.5278769292247971, 0.5661870686288291, 0.588719220980461, 0.6063537081191738, 0.6209686686419652, 0.6395633178523857, 0.6555609886763518, 0.6629746814091989, 0.671211841647404, 0.6828770767897812, 0.6901445055992328, 0.6949151091515445, 0.6986098665706211, 0.7013982318482036, 0.7049353476372909, 0.7131924364877176, 0.7186752184329208, 0.7206262667665896, 0.7238674451449467, 0.7259768904937182, 0.7287347864792604, 0.7306490665071211, 0.7354156098527994, 0.7392954963152699, 0.7433134177185465, 0.7472167378143539, 0.7501690789204264, 0.75310570530101, 0.7537192464546202, 0.7564830713618683, 0.7590586102437309, 0.7625470922249133, 0.763919609621541, 0.7679290266009088, 0.7699780791404572, 0.7707136944679438, 0.7721776190982155, 0.772812524610377, 0.7771353391903105, 0.7791962274500334, 0.7822757228515933, 0.7845712538551877, 0.7871492244085823, 0.7886754449621949, 0.7893811725945389, 0.7926446077385862, 0.7926446077385862, 0.794106654297172, 0.7950655716714654, 0.7967169873027338, 0.7975009107423785, 0.8003731169340483, 0.8023076736998178, 0.8023076736998178, 0.8032043410788174, 0.8032043410788174, 0.8050156691054211, 0.8058232847951039, 0.8058232847951039, 0.8075599718292872, 0.8075599718292872, 0.8075599718292872, 0.8075599718292872, 0.8075599718292872, 0.8075599718292872, 0.8075599718292872, 0.8095093705815808, 0.8095093705815808, 0.8106651685447057, 0.8116540293594473, 0.8116540293594473, 0.8116540293594473, 0.8116540293594473, 0.8116540293594473, 0.8116540293594473, 0.8128765443186345, 0.8128765443186345, 0.8128765443186345, 0.816861872098824, 0.816861872098824, 0.816861872098824, 0.8182176672093064, 0.8182176672093064, 0.8182176672093064, 0.8182176672093064, 0.8182176672093064, 0.819715692548961, 0.819715692548961, 0.819715692548961, 0.819715692548961, 0.819715692548961, 0.819715692548961, 0.819715692548961, 0.819715692548961, 0.819715692548961, 0.819715692548961, 0.819715692548961, 0.819715692548961]
[0.012749289421203135, 0.017844059421990247, 0.023569240292122144, 0.028389339392664206, 0.03399411071540674, 0.03816217463929085, 0.04397471286524396, 0.05256525900965305, 0.05607568871732829, 0.06176323481688993, 0.07106355650880036, 0.07832484430629882, 0.08081508789984028, 0.0845444379839827, 0.08795281038781744, 0.0925843024814604, 0.10155543088248414, 0.10693109271266885, 0.10908210224859022, 0.1134140803621971, 0.11577745417380775, 0.1190460533541879, 0.12156750649468245, 0.1297654307934287, 0.13626812449600406, 0.14309863680028534, 0.14945271239481567, 0.15424975592178097, 0.1587783911935797, 0.15988595430493976, 0.16433051014205466, 0.16946559482797335, 0.1771815988392324, 0.180154980575989, 0.1895261854048922, 0.19369658760020902, 0.19560993387191886, 0.19896556004339344, 0.20050428947790921, 0.21262536301572138, 0.2177483786304939, 0.22628613096258693, 0.2320885448693048, 0.23833136095134896, 0.2424631451061241, 0.244354386182353, 0.2543540480377884, 0.2543540480377884, 0.2583336206327562, 0.2617151048076378, 0.2668768221983695, 0.2695173632364702, 0.277249793620694, 0.281616502423365, 0.281616502423365, 0.28466832910772283, 0.28466832910772283, 0.29126760581748373, 0.2936890518866544, 0.2936890518866544, 0.2993437999271845, 0.2993437999271845, 0.2993437999271845, 0.2993437999271845, 0.2993437999271845, 0.2993437999271845, 0.2993437999271845, 0.30694751772096357, 0.30694751772096357, 0.31233987037667205, 0.31624674238349976, 0.31624674238349976, 0.31624674238349976, 0.31624674238349976, 0.31624674238349976, 0.31624674238349976, 0.32250936080953774, 0.32250936080953774, 0.32250936080953774, 0.3441657955986606, 0.3441657955986606, 0.3441657955986606, 0.35158271838624355, 0.35158271838624355, 0.35158271838624355, 0.35158271838624355, 0.35158271838624355, 0.3607923252822959, 0.3607923252822959, 0.3607923252822959, 0.3607923252822959, 0.3607923252822959, 0.3607923252822959, 0.3607923252822959, 0.3607923252822959, 0.3607923252822959, 0.3607923252822959, 0.3607923252822959, 0.3607923252822959]
Training raw path: /home/anhnd/DTI Project/Codes/MPNN/data/KFold/ATCInchikeySideEffectByDrug.txt_train_5
('Number of substructures, proteins, pathways, drugs, se: ', 2048, 1448, 330, 1030, 1472)
Train: 0.8338 0.4079
Test: 0.8282 0.3741
[0.4431353681913969, 0.5113506699799892, 0.5583574608973446, 0.590691508710969, 0.6169100878499854, 0.6333722541706273, 0.6498609194212586, 0.6644501447834681, 0.6737444510822966, 0.6804556098275413, 0.6918825753247448, 0.7002227731209234, 0.7067801741455494, 0.7117959091444226, 0.7154059052899062, 0.7192034571496708, 0.7268121183371641, 0.7321079795339586, 0.7337616929867905, 0.7376244973066277, 0.7395599973420941, 0.7429283151345442, 0.7449653239578613, 0.7498836393147655, 0.7528916413324096, 0.7561191948434066, 0.7596211852805705, 0.7629612001887233, 0.7659312132672178, 0.7663442800931781, 0.7692743955750576, 0.7713438695794103, 0.7741218063194136, 0.7755838956181171, 0.7784846402658492, 0.7804219644698819, 0.7808774687847114, 0.7821632418906743, 0.7829324622695155, 0.7874767220626555, 0.789557567062756, 0.7921150269590709, 0.7942342407851993, 0.7969551647309647, 0.798324178436089, 0.7991213909119159, 0.801794029516936, 0.801794029516936, 0.8029954379877209, 0.8036771230654738, 0.8051735514694744, 0.8059610318780537, 0.8093005264267241, 0.8115238384304726, 0.8115238384304726, 0.8123029848592297, 0.8123029848592297, 0.8139034501250504, 0.8146053563772596, 0.8146053563772596, 0.81643540045581, 0.81643540045581, 0.81643540045581, 0.81643540045581, 0.81643540045581, 0.81643540045581, 0.81643540045581, 0.8184304924164598, 0.8184304924164598, 0.8195946196603753, 0.8207874173867157, 0.8207874173867157, 0.8207874173867157, 0.8207874173867157, 0.8207874173867157, 0.8207874173867157, 0.8220314445100405, 0.8220314445100405, 0.8220314445100405, 0.8256005412277199, 0.8256005412277199, 0.8256005412277199, 0.8268993624554605, 0.8268993624554605, 0.8268993624554605, 0.8268993624554605, 0.8268993624554605, 0.8282426518714219, 0.8282426518714219, 0.8282426518714219, 0.8282426518714219, 0.8282426518714219, 0.8282426518714219, 0.8282426518714219, 0.8282426518714219, 0.8282426518714219, 0.8282426518714219, 0.8282426518714219, 0.8282426518714219]
[0.014241813367694069, 0.020992816901864025, 0.025689658110127273, 0.02937212887941873, 0.03688528804768962, 0.041186482128271744, 0.046931896779557586, 0.05532628378752368, 0.05926947099252632, 0.06348760879762427, 0.07197055805375314, 0.07863714256834939, 0.08427122348190311, 0.09021109290171932, 0.09386057044658518, 0.09848164573365142, 0.10820523726692162, 0.11464361838776323, 0.11619449423095529, 0.12212485393086289, 0.12439388524756959, 0.12964376738681743, 0.13281324095324165, 0.1420463053237944, 0.14665625069602314, 0.15232102237527614, 0.15840296966675488, 0.1652690778687521, 0.1714868851840835, 0.171610607463463, 0.17789135549744292, 0.1818401686811047, 0.18685802100777427, 0.1905787604048408, 0.19523067092330434, 0.19974153182081114, 0.2003596746438785, 0.2032541816564014, 0.2057853892139645, 0.21902696763607538, 0.22486001560318564, 0.23064393579834183, 0.23656418196608103, 0.24383731590440935, 0.24771324355040247, 0.25039092961454384, 0.25758076857576345, 0.25758076857576345, 0.2609531366543983, 0.263120562720198, 0.2683260240689115, 0.2711013503496655, 0.28402155685230385, 0.2909189960405321, 0.2909189960405321, 0.2934706362438596, 0.2934706362438596, 0.29918773252637515, 0.3013372294193246, 0.3013372294193246, 0.309168451730736, 0.309168451730736, 0.309168451730736, 0.309168451730736, 0.309168451730736, 0.309168451730736, 0.309168451730736, 0.3187526977252386, 0.3187526977252386, 0.3253829144419226, 0.3319596527478714, 0.3319596527478714, 0.3319596527478714, 0.3319596527478714, 0.3319596527478714, 0.3319596527478714, 0.3391001094686725, 0.3391001094686725, 0.3391001094686725, 0.3581594803492102, 0.3581594803492102, 0.3581594803492102, 0.365912122183769, 0.365912122183769, 0.365912122183769, 0.365912122183769, 0.365912122183769, 0.3741118778247864, 0.3741118778247864, 0.3741118778247864, 0.3741118778247864, 0.3741118778247864, 0.3741118778247864, 0.3741118778247864, 0.3741118778247864, 0.3741118778247864, 0.3741118778247864, 0.3741118778247864, 0.3741118778247864]
Training raw path: /home/anhnd/DTI Project/Codes/MPNN/data/KFold/ATCInchikeySideEffectByDrug.txt_train_6
('Number of substructures, proteins, pathways, drugs, se: ', 2048, 1448, 330, 1030, 1472)
Train: 0.8343 0.4031
Test: 0.8133 0.3963
[0.4763950842678587, 0.5151274973472836, 0.5574501389890699, 0.5864057065845246, 0.6070528217401576, 0.6230261424002292, 0.6368416047549251, 0.6457003964883361, 0.65373867646511, 0.6608211895390814, 0.6697601295901271, 0.6784718300116155, 0.6845711248318241, 0.6879723562842104, 0.6909956493717258, 0.6960327825423998, 0.7047932745028658, 0.7101360554783069, 0.7124341761158871, 0.7163796415769917, 0.7185193939606866, 0.7212588545532935, 0.7237864548291457, 0.7290144500250245, 0.7325670227187705, 0.7355974356530156, 0.7396974195805758, 0.7433920816044226, 0.7459151591514991, 0.7465624538488914, 0.7495441391058559, 0.7526564166144802, 0.7560701158696399, 0.7574135389111354, 0.7613214905093622, 0.7632586802305522, 0.7640775897107798, 0.7657750660216146, 0.7662936806596614, 0.7704224706280737, 0.7727402196117035, 0.7759622773582577, 0.7780084301116975, 0.7808312770445935, 0.7822194185180552, 0.7830326366004865, 0.7860341353308831, 0.7860341353308831, 0.7874369583692499, 0.7883873370322065, 0.7901308442132767, 0.7910980171058846, 0.7943379766022987, 0.7968720366073847, 0.7968720366073847, 0.7975871866315822, 0.7975871866315822, 0.7993138306913138, 0.8000701961207501, 0.8000701961207501, 0.8019818292308776, 0.8019818292308776, 0.8019818292308776, 0.8019818292308776, 0.8019818292308776, 0.8019818292308776, 0.8019818292308776, 0.8042190837213261, 0.8042190837213261, 0.805140600103486, 0.8061805453384521, 0.8061805453384521, 0.8061805453384521, 0.8061805453384521, 0.8061805453384521, 0.8061805453384521, 0.8074434413365701, 0.8074434413365701, 0.8074434413365701, 0.8107682098666531, 0.8107682098666531, 0.8107682098666531, 0.8120889196882963, 0.8120889196882963, 0.8120889196882963, 0.8120889196882963, 0.8120889196882963, 0.8133485991885976, 0.8133485991885976, 0.8133485991885976, 0.8133485991885976, 0.8133485991885976, 0.8133485991885976, 0.8133485991885976, 0.8133485991885976, 0.8133485991885976, 0.8133485991885976, 0.8133485991885976, 0.8133485991885976]
[0.0274317622570903, 0.02959185122899808, 0.03754069853437188, 0.04567983682075823, 0.05435659533300587, 0.06247707337747823, 0.06940698896685316, 0.07343695340667374, 0.07744414293678553, 0.0825127456558302, 0.08758558665247883, 0.09464361248096903, 0.09916009149462664, 0.10235588948465255, 0.10495801216830271, 0.11125632111871273, 0.12064296381695855, 0.12584387578935113, 0.12822862741251984, 0.13388004498317307, 0.13598928151407877, 0.13809807915392838, 0.1424432148197223, 0.1505476773779943, 0.15665873486731366, 0.15955423651268325, 0.1666090997157005, 0.17455575807375515, 0.1775601411181995, 0.17891068653152656, 0.18427399804932512, 0.1918786907449075, 0.19945966220966005, 0.20213937273642996, 0.20986453605860766, 0.2142808521521796, 0.2167644906013717, 0.222206364652181, 0.22267845761647856, 0.23274150751248465, 0.2397479394835521, 0.24901527659443679, 0.2535698121155666, 0.26106469977416097, 0.26458737930466636, 0.26727153270580256, 0.27630818617843816, 0.27630818617843816, 0.28073170711766265, 0.28468187545989754, 0.29101642946128714, 0.29523785067960073, 0.305100578185285, 0.3142324267241383, 0.3142324267241383, 0.31594823754448076, 0.31594823754448076, 0.3225540562800644, 0.32483166592946594, 0.32483166592946594, 0.3333870730125935, 0.3333870730125935, 0.3333870730125935, 0.3333870730125935, 0.3333870730125935, 0.3333870730125935, 0.3333870730125935, 0.345596528669567, 0.345596528669567, 0.3492155612055041, 0.3545511830626686, 0.3545511830626686, 0.3545511830626686, 0.3545511830626686, 0.3545511830626686, 0.3545511830626686, 0.3631363268546317, 0.3631363268546317, 0.3631363268546317, 0.3797602500594913, 0.3797602500594913, 0.3797602500594913, 0.3886413582187182, 0.3886413582187182, 0.3886413582187182, 0.3886413582187182, 0.3886413582187182, 0.39629012028619814, 0.39629012028619814, 0.39629012028619814, 0.39629012028619814, 0.39629012028619814, 0.39629012028619814, 0.39629012028619814, 0.39629012028619814, 0.39629012028619814, 0.39629012028619814, 0.39629012028619814, 0.39629012028619814]
Training raw path: /home/anhnd/DTI Project/Codes/MPNN/data/KFold/ATCInchikeySideEffectByDrug.txt_train_7
('Number of substructures, proteins, pathways, drugs, se: ', 2048, 1448, 330, 1030, 1472)
Train: 0.8351 0.4060
Test: 0.8180 0.3785
[0.4428777126850201, 0.49828679126357156, 0.5468008632813145, 0.5809504612632722, 0.6034397362920023, 0.6186487388893593, 0.634174817353311, 0.6444212535118463, 0.656375092876797, 0.6658441116590597, 0.6763655130999936, 0.6855236901911034, 0.6937899242886455, 0.6981162977961526, 0.7016487628469408, 0.7064546476096687, 0.7133244035290386, 0.7187611015228076, 0.7209680851577869, 0.7241747950077791, 0.7262071682203971, 0.7306729308807517, 0.7325602390795882, 0.7373727537141125, 0.7407442228531128, 0.7445908768432107, 0.7480894798777333, 0.7509811549134193, 0.7542696210010358, 0.7550418497835757, 0.7577572812028103, 0.7608301032732587, 0.7640149960680183, 0.7654285455747386, 0.7691697467118722, 0.7711771365978113, 0.7718815792517746, 0.7730553548683208, 0.77373731432004, 0.7778166940766182, 0.7796601362569713, 0.7825198132072452, 0.784587073358623, 0.7874838584633636, 0.7888409229074697, 0.789562142455837, 0.7920056557882043, 0.7920056557882043, 0.793267146628065, 0.7936845496247289, 0.7952950342209476, 0.7961332284645118, 0.7994428415606893, 0.8016648617753195, 0.8016648617753195, 0.8025635635892421, 0.8025635635892421, 0.8041283727132197, 0.8050387903391766, 0.8050387903391766, 0.806922082551361, 0.806922082551361, 0.806922082551361, 0.806922082551361, 0.806922082551361, 0.806922082551361, 0.806922082551361, 0.8088681009302143, 0.8088681009302143, 0.8098974585425458, 0.8108698282121433, 0.8108698282121433, 0.8108698282121433, 0.8108698282121433, 0.8108698282121433, 0.8108698282121433, 0.8120656910908489, 0.8120656910908489, 0.8120656910908489, 0.8156151888265866, 0.8156151888265866, 0.8156151888265866, 0.8167424740430396, 0.8167424740430396, 0.8167424740430396, 0.8167424740430396, 0.8167424740430396, 0.8179983630363998, 0.8179983630363998, 0.8179983630363998, 0.8179983630363998, 0.8179983630363998, 0.8179983630363998, 0.8179983630363998, 0.8179983630363998, 0.8179983630363998, 0.8179983630363998, 0.8179983630363998, 0.8179983630363998]
[0.013838232002101117, 0.01784935117903184, 0.024371981638444583, 0.030959524296912358, 0.03632846745114954, 0.04121374404246104, 0.04718601312279116, 0.05209898999661432, 0.05845703578512386, 0.06427591503166197, 0.0709620877594222, 0.07735418445759532, 0.08409386016237126, 0.08834193217402797, 0.09197399019706973, 0.0971289174150122, 0.1037843896859906, 0.10984993937105655, 0.11285915875840263, 0.11726971355289895, 0.11987881312798047, 0.12685688618351412, 0.12960151089974772, 0.13728867717539764, 0.14281087752063024, 0.14953883982127522, 0.1552399379801111, 0.1602523209628895, 0.16763127779331505, 0.1693986006288607, 0.17423934449120335, 0.18164788011089877, 0.1889686672216887, 0.19253458172367077, 0.20094048528485894, 0.20578810451170787, 0.20757897873710152, 0.21021645610589676, 0.21210661198289432, 0.2227766821933942, 0.22751291343255906, 0.23557567097801366, 0.24146113178699435, 0.24973336064660195, 0.25340040248504087, 0.25566112592072826, 0.26193522699310307, 0.26193522699310307, 0.26592923586538714, 0.2662503972992445, 0.2724883583869366, 0.27570105154545793, 0.2887565663326035, 0.2960926564439941, 0.2960926564439941, 0.29977887987793983, 0.29977887987793983, 0.3060145302234834, 0.3098734810704574, 0.3098734810704574, 0.318478683323946, 0.318478683323946, 0.318478683323946, 0.318478683323946, 0.318478683323946, 0.318478683323946, 0.318478683323946, 0.3279722748121282, 0.3279722748121282, 0.33301444301310074, 0.33757679402663693, 0.33757679402663693, 0.33757679402663693, 0.33757679402663693, 0.33757679402663693, 0.33757679402663693, 0.34466217995005144, 0.34466217995005144, 0.34466217995005144, 0.3650211461097535, 0.3650211461097535, 0.3650211461097535, 0.370580039611724, 0.370580039611724, 0.370580039611724, 0.370580039611724, 0.370580039611724, 0.3784966329560351, 0.3784966329560351, 0.3784966329560351, 0.3784966329560351, 0.3784966329560351, 0.3784966329560351, 0.3784966329560351, 0.3784966329560351, 0.3784966329560351, 0.3784966329560351, 0.3784966329560351, 0.3784966329560351]
Training raw path: /home/anhnd/DTI Project/Codes/MPNN/data/KFold/ATCInchikeySideEffectByDrug.txt_train_8
('Number of substructures, proteins, pathways, drugs, se: ', 2048, 1448, 330, 1030, 1472)
Train: 0.8344 0.4058
Test: 0.8180 0.3736
[0.48608307756161656, 0.5248096650417586, 0.5639447152799816, 0.5883388451257091, 0.6100198952671493, 0.6268468193337537, 0.6445082219896313, 0.657323761398383, 0.6674502255816235, 0.6770421606998938, 0.6882385400698777, 0.697561216761308, 0.7052757274080494, 0.7087945629581224, 0.7116395831183101, 0.716793442990437, 0.7236760058345504, 0.728068663725759, 0.729641027590359, 0.7316422104468832, 0.7334571640849056, 0.7358417906962519, 0.7372452489579042, 0.7414627253426125, 0.7446637334032505, 0.7488116097636952, 0.7526356038011304, 0.7558327083856462, 0.7583732338711359, 0.7589562258403563, 0.7615984630812154, 0.7636491373832355, 0.7661767192424602, 0.767131794123767, 0.7704143976400792, 0.7723823013885651, 0.772875915847521, 0.7739424800384553, 0.7745127443087556, 0.7777420479418751, 0.7797476598492967, 0.7826021787857833, 0.7849227456462922, 0.7874915341855792, 0.7888090253760474, 0.7895218690144865, 0.7923472192968721, 0.7923472192968721, 0.7936902652305406, 0.7943743126625297, 0.7957695961373256, 0.7966306773087223, 0.7995034885722602, 0.801875141685058, 0.801875141685058, 0.8026573796436802, 0.8026573796436802, 0.8042648621984791, 0.8052259126997516, 0.8052259126997516, 0.8069322008256486, 0.8069322008256486, 0.8069322008256486, 0.8069322008256486, 0.8069322008256486, 0.8069322008256486, 0.8069322008256486, 0.8087741534050623, 0.8087741534050623, 0.8097901167271246, 0.810815336562027, 0.810815336562027, 0.810815336562027, 0.810815336562027, 0.810815336562027, 0.810815336562027, 0.8119362780618223, 0.8119362780618223, 0.8119362780618223, 0.8153556745670067, 0.8153556745670067, 0.8153556745670067, 0.8166693969517527, 0.8166693969517527, 0.8166693969517527, 0.8166693969517527, 0.8166693969517527, 0.8180251549414161, 0.8180251549414161, 0.8180251549414161, 0.8180251549414161, 0.8180251549414161, 0.8180251549414161, 0.8180251549414161, 0.8180251549414161, 0.8180251549414161, 0.8180251549414161, 0.8180251549414161, 0.8180251549414161]
[0.015420055699922667, 0.018511706344493412, 0.02446711543897387, 0.029772660912496973, 0.035672853661037035, 0.04158473670978721, 0.04942121523433875, 0.055982886281854195, 0.061589212095556185, 0.06776760391921938, 0.07594088064794019, 0.0840552931956787, 0.09079859606245481, 0.09391015156787805, 0.0971210736637073, 0.10387757542670287, 0.1116863544257291, 0.11679047621244486, 0.11868391094428407, 0.120822569339072, 0.12329525132629862, 0.12679373352489226, 0.12872825612692898, 0.13638391601455274, 0.14257894072010913, 0.15101919252447965, 0.15883800221224548, 0.16538179369663314, 0.16981423162885106, 0.17121782976604896, 0.17681190191218693, 0.181239699925871, 0.18663221631615445, 0.18837880681493402, 0.19574121533105798, 0.20103775902865406, 0.20193942317563401, 0.20448541992789304, 0.20585041334004223, 0.21256016939997038, 0.21876982039043213, 0.2275421572996077, 0.23504829026081295, 0.24221726792391962, 0.2458729886645024, 0.2480927991616945, 0.25674059034051544, 0.25674059034051544, 0.261117843695367, 0.26330892532122974, 0.2679966724480853, 0.2716301375361282, 0.2811802455990076, 0.289399893854385, 0.289399893854385, 0.2923968646008558, 0.2923968646008558, 0.2987429741280372, 0.3030340103021441, 0.3030340103021441, 0.3106269053321362, 0.3106269053321362, 0.3106269053321362, 0.3106269053321362, 0.3106269053321362, 0.3106269053321362, 0.3106269053321362, 0.3190877908801066, 0.3190877908801066, 0.32466128278726764, 0.3301542849475033, 0.3301542849475033, 0.3301542849475033, 0.3301542849475033, 0.3301542849475033, 0.3301542849475033, 0.3365501694305791, 0.3365501694305791, 0.3365501694305791, 0.3557193695457165, 0.3557193695457165, 0.3557193695457165, 0.36470156593377934, 0.36470156593377934, 0.36470156593377934, 0.36470156593377934, 0.36470156593377934, 0.3736080677366932, 0.3736080677366932, 0.3736080677366932, 0.3736080677366932, 0.3736080677366932, 0.3736080677366932, 0.3736080677366932, 0.3736080677366932, 0.3736080677366932, 0.3736080677366932, 0.3736080677366932, 0.3736080677366932]
Training raw path: /home/anhnd/DTI Project/Codes/MPNN/data/KFold/ATCInchikeySideEffectByDrug.txt_train_9
('Number of substructures, proteins, pathways, drugs, se: ', 2048, 1448, 330, 1030, 1472)
Train: 0.8337 0.4028
Test: 0.8211 0.3937
[0.4718197591551351, 0.51130648868167, 0.5762766982017316, 0.6056984104833303, 0.6261951670363404, 0.6432784647107579, 0.6550809869100163, 0.6730857455819207, 0.6820528459955346, 0.6900633597497631, 0.699756643097381, 0.7095627453833262, 0.7155557492473682, 0.7201701231384856, 0.7228777436033226, 0.725317910296891, 0.7322239455400744, 0.7376817122476762, 0.7396052726346061, 0.7413843252640707, 0.7431129665881306, 0.7451580145523187, 0.7466924684762639, 0.7504234437254456, 0.7528793644488059, 0.7562801440967659, 0.758910549877104, 0.7613230195047753, 0.7635340384083307, 0.7640505015979637, 0.7664355882525946, 0.767670325404353, 0.769905171963584, 0.7707937101595622, 0.7741655947750293, 0.775997757499994, 0.7765649323947288, 0.7776816580751046, 0.7782882624524776, 0.7824151368682062, 0.784481177898551, 0.786801299541032, 0.7886318482002743, 0.791242483258506, 0.7921149416210203, 0.7927745227246762, 0.7954630484355647, 0.7954630484355647, 0.7969015028553604, 0.7977520945408331, 0.7992076292160298, 0.7998406082248648, 0.8025467450499054, 0.8047899045279411, 0.8047899045279411, 0.805586368967634, 0.805586368967634, 0.8073801107695086, 0.8081228621312474, 0.8081228621312474, 0.8099603621213349, 0.8099603621213349, 0.8099603621213349, 0.8099603621213349, 0.8099603621213349, 0.8099603621213349, 0.8099603621213349, 0.8119665814189971, 0.8119665814189971, 0.8129591337590785, 0.8139601401763706, 0.8139601401763706, 0.8139601401763706, 0.8139601401763706, 0.8139601401763706, 0.8139601401763706, 0.8150752976070117, 0.8150752976070117, 0.8150752976070117, 0.8187185949893943, 0.8187185949893943, 0.8187185949893943, 0.8198913706203551, 0.8198913706203551, 0.8198913706203551, 0.8198913706203551, 0.8198913706203551, 0.8211477656796748, 0.8211477656796748, 0.8211477656796748, 0.8211477656796748, 0.8211477656796748, 0.8211477656796748, 0.8211477656796748, 0.8211477656796748, 0.8211477656796748, 0.8211477656796748, 0.8211477656796748, 0.8211477656796748]
[0.018591540087111197, 0.02084234438268595, 0.02914069926586854, 0.036827155358514704, 0.043520444466961766, 0.05005024738342848, 0.05672641203022022, 0.06808221726620711, 0.07376774594121277, 0.07996890094050049, 0.0888174097266704, 0.10027874443437072, 0.10662393174841475, 0.1138385370249079, 0.1166887156847282, 0.11926926370140317, 0.1294693719935656, 0.13943281638061938, 0.1425489851248848, 0.1452257237290411, 0.14861213963025416, 0.1522377797933695, 0.15474281233691312, 0.16200404191301518, 0.165862840406207, 0.17364815999967181, 0.1788713639386381, 0.1835126493255823, 0.1880122028505146, 0.1892555295492797, 0.1950479579259614, 0.19646482336603854, 0.20132757991447192, 0.20340245272275537, 0.21265402187573113, 0.21826679625741613, 0.21977731606604733, 0.2230712863515685, 0.22481627031795892, 0.23796318015092416, 0.24444777087568256, 0.2502188617994013, 0.2549810098799983, 0.2634057974655052, 0.2645359441613593, 0.26664938426525353, 0.2753418849640112, 0.2753418849640112, 0.28083889230299425, 0.28430788395167, 0.28941072614213115, 0.29150288798472107, 0.3002188789014039, 0.30878805174081103, 0.30878805174081103, 0.31193769803983196, 0.31193769803983196, 0.32052770010715675, 0.32294894187956735, 0.32294894187956735, 0.3316085529001179, 0.3316085529001179, 0.3316085529001179, 0.3316085529001179, 0.3316085529001179, 0.3316085529001179, 0.3316085529001179, 0.34202976496819715, 0.34202976496819715, 0.3467010802196359, 0.3514283684173522, 0.3514283684173522, 0.3514283684173522, 0.3514283684173522, 0.3514283684173522, 0.3514283684173522, 0.35770557072717324, 0.35770557072717324, 0.35770557072717324, 0.3793595944067917, 0.3793595944067917, 0.3793595944067917, 0.38604170153108053, 0.38604170153108053, 0.38604170153108053, 0.38604170153108053, 0.38604170153108053, 0.39369880944072894, 0.39369880944072894, 0.39369880944072894, 0.39369880944072894, 0.39369880944072894, 0.39369880944072894, 0.39369880944072894, 0.39369880944072894, 0.39369880944072894, 0.39369880944072894, 0.39369880944072894, 0.39369880944072894]
AUC: 0.8216 0.0020
AUPR: 0.3856 0.0041
('RARE AUC', [(0.4699200644433549, 0.005039867030095546), (0.5193037048542185, 0.0032986042023855112), (0.5637110205896804, 0.0032760738989766726), (0.5919582944495321, 0.0034672252706694617), (0.6144802294774507, 0.003257552506636723), (0.6299456951641573, 0.003032099699791388), (0.645565101647632, 0.0028334091731265208), (0.6593707115095226, 0.003174598053395968), (0.6688095588731875, 0.0031674689210129995), (0.6770950706310852, 0.0031686892244654663), (0.6876562832559319, 0.0030909081871796544), (0.6959499215793334, 0.0029638786577187485), (0.7026255170758822, 0.002903374228881235), (0.7070266018877105, 0.0030393683808482073), (0.71014015650015, 0.0029965846125144524), (0.7143690476488758, 0.0028440035947109184), (0.7224005903857542, 0.002819457035670676), (0.7275694010719231, 0.0027744805860929643), (0.729509826804712, 0.0027243037003598825), (0.7324725504178454, 0.0026256617999219282), (0.7346159742048043, 0.0026433713611051027), (0.7377842297575758, 0.0026186085080297976), (0.7397120966947546, 0.0025891780250088922), (0.7441614001836296, 0.002489939510811844), (0.7471868892338211, 0.0023573396113725333), (0.7507629500938893, 0.0023413399189686442), (0.7543248583634055, 0.002284334587546873), (0.7574075716468541, 0.0022701471137532648), (0.7600658713704187, 0.0022462227905041716), (0.7606129309914482, 0.0022248300928368095), (0.7633766095699812, 0.0022145620326024973), (0.7656303286905028, 0.0020969370951984504), (0.768461746009722, 0.002011365308490484), (0.7696518558300167, 0.001998523932273465), (0.773202381913339, 0.0019432648926385639), (0.7750287417727179, 0.001918899917311402), (0.7756449999879906, 0.0018959462058435472), (0.7769318167886918, 0.001893844921993115), (0.7776048049675806, 0.0019108936895431093), (0.7815989643161465, 0.0019298469360322233), (0.7836170098562375, 0.001922395247309725), (0.7862920660990056, 0.0018860998911296482), (0.788287325147024, 0.001858256135061118), (0.7909572619775725, 0.001872854313952328), (0.7922988019958771, 0.0018867890647039785), (0.79298108749329, 0.0018701618688656896), (0.7957201468994459, 0.0018616368885699692), (0.7957201468994459, 0.0018616368885699692), (0.7971508861544302, 0.0018814489469303006), (0.7978868596478856, 0.0018838155067368628), (0.7993911031551755, 0.0018694569075749681), (0.8001642596644682, 0.0018624326078675187), (0.8032184114767251, 0.001892321397081667), (0.8054564854433849, 0.001901501343672068), (0.8054564854433849, 0.001901501343672068), (0.8062460919528756, 0.0019053800953433187), (0.8062460919528756, 0.0019053800953433187), (0.8078757540218449, 0.001899531061539512), (0.8086929102513967, 0.0018999965167929421), (0.8086929102513967, 0.0018999965167929421), (0.8104122998836025, 0.0018809658747110651), (0.8104122998836025, 0.0018809658747110651), (0.8104122998836025, 0.0018809658747110651), (0.8104122998836025, 0.0018809658747110651), (0.8104122998836025, 0.0018809658747110651), (0.8104122998836025, 0.0018809658747110651), (0.8104122998836025, 0.0018809658747110651), (0.8123869227733179, 0.0018994264786226787), (0.8123869227733179, 0.0018994264786226787), (0.8133997167610116, 0.00190885035025489), (0.8144352146187479, 0.001927436303715661), (0.8144352146187479, 0.001927436303715661), (0.8144352146187479, 0.001927436303715661), (0.8144352146187479, 0.001927436303715661), (0.8144352146187479, 0.001927436303715661), (0.8144352146187479, 0.001927436303715661), (0.8155852054723743, 0.001928695687322295), (0.8155852054723743, 0.001928695687322295), (0.8155852054723743, 0.001928695687322295), (0.8191230568166757, 0.001971051457693808), (0.8191230568166757, 0.001971051457693808), (0.8191230568166757, 0.001971051457693808), (0.8203284871709192, 0.001976570484648078), (0.8203284871709192, 0.001976570484648078), (0.8203284871709192, 0.001976570484648078), (0.8203284871709192, 0.001976570484648078), (0.8203284871709192, 0.001976570484648078), (0.8216274958240284, 0.0019852747200907565), (0.8216274958240284, 0.0019852747200907565), (0.8216274958240284, 0.0019852747200907565), (0.8216274958240284, 0.0019852747200907565), (0.8216274958240284, 0.0019852747200907565), (0.8216274958240284, 0.0019852747200907565), (0.8216274958240284, 0.0019852747200907565), (0.8216274958240284, 0.0019852747200907565), (0.8216274958240284, 0.0019852747200907565), (0.8216274958240284, 0.0019852747200907565), (0.8216274958240284, 0.0019852747200907565), (0.8216274958240284, 0.0019852747200907565)])
('RARE AUPR', [(0.01735394707741113, 0.0015657637464542506), (0.02117729930718655, 0.0012647015389043038), (0.027875556002429747, 0.001497329921100786), (0.03418446130960793, 0.0019540428055410263), (0.041321872120225686, 0.0023352868002433857), (0.04714419706600713, 0.0027723134153929047), (0.0539093641556882, 0.003075324183204511), (0.06162972400673059, 0.0031912093326405505), (0.0671399987932556, 0.003413327983022445), (0.0726251611403832, 0.003539421876579614), (0.08055667451396115, 0.003467957960482565), (0.08784895958093628, 0.003659252539179473), (0.09363080996860176, 0.0038709594163909124), (0.09867160013290834, 0.004143193971819162), (0.10200595829473766, 0.004228335151891628), (0.10721336306976532, 0.0042075247272247715), (0.11704158400119191, 0.004573198776669081), (0.12367140093164666, 0.005010469177344042), (0.12615974577111375, 0.005053112440093314), (0.13042120971256294, 0.0049035276859140916), (0.1335300941965295, 0.005061338990488824), (0.13834217743463526, 0.005096165199479247), (0.1413967126887398, 0.005182991014391019), (0.14903438543109016, 0.0051796884231206305), (0.15419309512248208, 0.004998365679824732), (0.16085744589691048, 0.005066450366114921), (0.16754656034105803, 0.005264919807051673), (0.17376662172924842, 0.005309216995226387), (0.17873333535276265, 0.00512330690954144), (0.17980898002975493, 0.005094603605491573), (0.18565412567468367, 0.005241486280530796), (0.19051912496431028, 0.0051030930174402675), (0.19674072206370025, 0.004977103997421754), (0.1994976505327554, 0.004941903126052561), (0.20781363532918268, 0.00522232229682593), (0.21220298589818945, 0.005142141450923031), (0.21372652144530865, 0.005256209879322829), (0.21718641369089187, 0.005191131936527851), (0.21906894488661327, 0.005230517735960469), (0.23019854846050136, 0.005281251691201029), (0.23612227258746699, 0.005296853193174249), (0.24345151400104376, 0.004988760559975681), (0.24878397504272698, 0.004909233695239892), (0.2564721962195219, 0.004917352993044497), (0.2602550150509992, 0.004810007424381525), (0.2623604882293175, 0.0048200765418036935), (0.27067892926543646, 0.004757531702828673), (0.27067892926543646, 0.004757531702828673), (0.2756639941718537, 0.00493285350332516), (0.27819301888957537, 0.004927997802035129), (0.28334119976035443, 0.004914068575992511), (0.2862456957393115, 0.004839453583498779), (0.2969637997278306, 0.0048290120771058865), (0.3046642612986476, 0.005025500515460705), (0.3046642612986476, 0.005025500515460705), (0.30745394121594855, 0.0049106220738326855), (0.30745394121594855, 0.0049106220738326855), (0.31388374198997726, 0.004939633329810044), (0.3170163800310154, 0.004939272781302225), (0.3170163800310154, 0.004939272781302225), (0.3240990334669787, 0.00497948243119602), (0.3240990334669787, 0.00497948243119602), (0.3240990334669787, 0.00497948243119602), (0.3240990334669787, 0.00497948243119602), (0.3240990334669787, 0.00497948243119602), (0.3240990334669787, 0.00497948243119602), (0.3240990334669787, 0.00497948243119602), (0.33381408380060806, 0.005031549622627576), (0.33381408380060806, 0.005031549622627576), (0.33877098905712455, 0.004859897051530514), (0.34400645014593556, 0.004814256860356474), (0.34400645014593556, 0.004814256860356474), (0.34400645014593556, 0.004814256860356474), (0.34400645014593556, 0.004814256860356474), (0.34400645014593556, 0.004814256860356474), (0.34400645014593556, 0.004814256860356474), (0.35060373658994, 0.004773007102392617), (0.35060373658994, 0.004773007102392617), (0.35060373658994, 0.004773007102392617), (0.37054670742328766, 0.004477648488535388), (0.37054670742328766, 0.004477648488535388), (0.37054670742328766, 0.004477648488535388), (0.37750014410521254, 0.004267898159046926), (0.37750014410521254, 0.004267898159046926), (0.37750014410521254, 0.004267898159046926), (0.37750014410521254, 0.004267898159046926), (0.37750014410521254, 0.004267898159046926), (0.38563104976985374, 0.004066475770494323), (0.38563104976985374, 0.004066475770494323), (0.38563104976985374, 0.004066475770494323), (0.38563104976985374, 0.004066475770494323), (0.38563104976985374, 0.004066475770494323), (0.38563104976985374, 0.004066475770494323), (0.38563104976985374, 0.004066475770494323), (0.38563104976985374, 0.004066475770494323), (0.38563104976985374, 0.004066475770494323), (0.38563104976985374, 0.004066475770494323), (0.38563104976985374, 0.004066475770494323), (0.38563104976985374, 0.004066475770494323)])
