Default
<models.baselines.omodels.NeuSK object at 0x7f2a3c3828d0>
Training raw path: /home/anhnd/DTI Project/Codes/MPNN/data/KFold/ATCInchikeySideEffectByDrug.txt_train_0
('Number of substructures, proteins, pathways, drugs, se: ', 2936, 1448, 330, 969, 331)
Train: 0.9347 0.8555
Test: 0.7381 0.5368
[0.6406590071312022, 0.646922454761942, 0.6467601869746533, 0.6476596181401824, 0.6527053725573981, 0.6512516443682497, 0.6520283508893079, 0.65293481293909, 0.6549985888459412, 0.6544331710030288, 0.6549730313151287, 0.6570892257745715, 0.6576049116082127, 0.6583027820937974, 0.6596783735053025, 0.6631483608766952, 0.6643847949552312, 0.6652283802436891, 0.6679769540348978, 0.6686952004299139, 0.6688138827340555, 0.6692514741145651, 0.670854145691637, 0.6732229231898693, 0.6736632526301839, 0.6765104261740611, 0.6777931810506872, 0.6781067847698323, 0.6801119839957454, 0.6807317500191628, 0.684551660030874, 0.6870017991913245, 0.689440478261292, 0.6911958041212602, 0.6944465579976471, 0.6954374071145133, 0.6965884296216093, 0.6991308688643627, 0.6991308688643627, 0.7009388107235126, 0.7019835361892741, 0.704113275766819, 0.7051151043004336, 0.7086108402392621, 0.7115627433293288, 0.7115627433293288, 0.7127147797637896, 0.7127147797637896, 0.7151938775173223, 0.7162809301142963, 0.7162809301142963, 0.7185964150682118, 0.7185964150682118, 0.7185964150682118, 0.7185964150682118, 0.7185964150682118, 0.7185964150682118, 0.7185964150682118, 0.7217695381017346, 0.7217695381017346, 0.7234156546941833, 0.7250613892836512, 0.7250613892836512, 0.7250613892836512, 0.7250613892836512, 0.7250613892836512, 0.7250613892836512, 0.727197937103274, 0.727197937103274, 0.727197937103274, 0.7332976993933271, 0.7332976993933271, 0.7332976993933271, 0.7355785240529196, 0.7355785240529196, 0.7355785240529196, 0.7355785240529196, 0.7355785240529196, 0.7381276593008483, 0.7381276593008483, 0.7381276593008483, 0.7381276593008483, 0.7381276593008483, 0.7381276593008483, 0.7381276593008483, 0.7381276593008483, 0.7381276593008483, 0.7381276593008483, 0.7381276593008483, 0.7381276593008483]
[0.22269696260588082, 0.2279333851978707, 0.2346526378509099, 0.23873985402239534, 0.24060332897286918, 0.24081509166796394, 0.2440815768179499, 0.25565194619615395, 0.2640459301328746, 0.26876191701165236, 0.2733353681524831, 0.2758635908289915, 0.2774477520683818, 0.28110691292502116, 0.2940573681768115, 0.3046822061974549, 0.31057195762126266, 0.318023993798783, 0.3262077552702184, 0.3314898244658126, 0.3317215949085843, 0.3358650620885366, 0.34261479047222887, 0.35005168204605, 0.3519582985778711, 0.36101383521779973, 0.36555212766419587, 0.3670189189413905, 0.3718845667790036, 0.37400253625235313, 0.38589127434938447, 0.39281371245040964, 0.40037076347886, 0.4044159004753202, 0.4127495432235553, 0.41654168811110764, 0.41906160985897567, 0.4276357273961838, 0.4276357273961838, 0.43268001141720147, 0.4354425963162655, 0.4406793711984945, 0.44355423145113837, 0.4529922038270573, 0.46126343089878324, 0.46126343089878324, 0.4642386955182203, 0.4642386955182203, 0.4712649442766352, 0.4742362140592162, 0.4742362140592162, 0.4805595367091548, 0.4805595367091548, 0.4805595367091548, 0.4805595367091548, 0.4805595367091548, 0.4805595367091548, 0.4805595367091548, 0.48879943776745594, 0.48879943776745594, 0.49302837424424817, 0.49780358676510494, 0.49780358676510494, 0.49780358676510494, 0.49780358676510494, 0.49780358676510494, 0.49780358676510494, 0.5042461873952506, 0.5042461873952506, 0.5042461873952506, 0.5220157705698458, 0.5220157705698458, 0.5220157705698458, 0.5288035816069696, 0.5288035816069696, 0.5288035816069696, 0.5288035816069696, 0.5288035816069696, 0.5368342914549364, 0.5368342914549364, 0.5368342914549364, 0.5368342914549364, 0.5368342914549364, 0.5368342914549364, 0.5368342914549364, 0.5368342914549364, 0.5368342914549364, 0.5368342914549364, 0.5368342914549364, 0.5368342914549364]
Training raw path: /home/anhnd/DTI Project/Codes/MPNN/data/KFold/ATCInchikeySideEffectByDrug.txt_train_1
('Number of substructures, proteins, pathways, drugs, se: ', 2936, 1448, 330, 969, 331)
Train: 0.9368 0.8591
Test: 0.7499 0.5645
[0.6576517954513257, 0.6359330383566318, 0.6389828785005633, 0.6464502280357733, 0.6445876471291245, 0.6446694237112522, 0.6467681931601038, 0.6516382037779169, 0.6557610844881777, 0.6562824922293716, 0.6584115467180756, 0.6593959208222178, 0.6606469214477438, 0.6614536441808965, 0.6636882310576689, 0.6686769736515334, 0.669940023746154, 0.6705925160557229, 0.674332073321717, 0.67471411339303, 0.6747271053710602, 0.676254118946227, 0.6782963934707087, 0.6805602927907265, 0.6819669479941215, 0.6852393109291509, 0.6882560578921987, 0.6891522761237296, 0.6912450698922168, 0.6922421017137079, 0.6970372833982048, 0.6983626167796482, 0.7010638268392424, 0.7036856613273472, 0.7075169376754921, 0.7083781841254908, 0.708977589262178, 0.7115302330973972, 0.7115302330973972, 0.7128006004035758, 0.7136494398468727, 0.7160629160058534, 0.7170740291939114, 0.7208500855748388, 0.7237438745436666, 0.7237438745436666, 0.7245351718062076, 0.7245351718062076, 0.7271752422520444, 0.7283660860601312, 0.7283660860601312, 0.7310539871261397, 0.7310539871261397, 0.7310539871261397, 0.7310539871261397, 0.7310539871261397, 0.7310539871261397, 0.7310539871261397, 0.7343269591013476, 0.7343269591013476, 0.735840788395483, 0.737354303172519, 0.737354303172519, 0.737354303172519, 0.737354303172519, 0.737354303172519, 0.737354303172519, 0.739595179360561, 0.739595179360561, 0.739595179360561, 0.7451389683442965, 0.7451389683442965, 0.7451389683442965, 0.7474924599967414, 0.7474924599967414, 0.7474924599967414, 0.7474924599967414, 0.7474924599967414, 0.7499348495674398, 0.7499348495674398, 0.7499348495674398, 0.7499348495674398, 0.7499348495674398, 0.7499348495674398, 0.7499348495674398, 0.7499348495674398, 0.7499348495674398, 0.7499348495674398, 0.7499348495674398, 0.7499348495674398]
[0.18969527355266957, 0.19180701377083365, 0.21042263126525404, 0.2300947954874341, 0.23025794187601656, 0.23323107623231992, 0.2421499616186947, 0.25538298546388083, 0.2665850790832044, 0.2712913763370336, 0.27799627773105906, 0.278678066192028, 0.2869369015042319, 0.2897186132209199, 0.3002922956475782, 0.31029674509490535, 0.3178800997932246, 0.3222359085581449, 0.3313097005476645, 0.3321288456675393, 0.33336827787887274, 0.33644411486663545, 0.3420990921903891, 0.3513554555625537, 0.35525826688750506, 0.3663444757631496, 0.37423827295365747, 0.3759679959606347, 0.38116894103014565, 0.3842002076054132, 0.3992749480120843, 0.4037640760545639, 0.4137657663983278, 0.421472583062947, 0.4325587047545617, 0.4364565783620037, 0.4387704191571452, 0.44636061100996555, 0.44636061100996555, 0.4503212781367062, 0.4531780322010852, 0.4607702570512443, 0.46393356324702906, 0.47628326081928446, 0.4857300512055628, 0.4857300512055628, 0.48827519229435623, 0.48827519229435623, 0.49562875820331304, 0.49869346392592395, 0.49869346392592395, 0.5064761685810517, 0.5064761685810517, 0.5064761685810517, 0.5064761685810517, 0.5064761685810517, 0.5064761685810517, 0.5064761685810517, 0.516743442513832, 0.516743442513832, 0.5209961869244357, 0.5254699264716012, 0.5254699264716012, 0.5254699264716012, 0.5254699264716012, 0.5254699264716012, 0.5254699264716012, 0.5327079434981725, 0.5327079434981725, 0.5327079434981725, 0.5492544642791559, 0.5492544642791559, 0.5492544642791559, 0.5565999588151845, 0.5565999588151845, 0.5565999588151845, 0.5565999588151845, 0.5565999588151845, 0.5645466705697317, 0.5645466705697317, 0.5645466705697317, 0.5645466705697317, 0.5645466705697317, 0.5645466705697317, 0.5645466705697317, 0.5645466705697317, 0.5645466705697317, 0.5645466705697317, 0.5645466705697317, 0.5645466705697317]
Training raw path: /home/anhnd/DTI Project/Codes/MPNN/data/KFold/ATCInchikeySideEffectByDrug.txt_train_2
('Number of substructures, proteins, pathways, drugs, se: ', 2936, 1448, 330, 969, 331)
Train: 0.9350 0.8562
Test: 0.7569 0.6102
[0.662290926161894, 0.6725305758879214, 0.6847244533187486, 0.6871177287644712, 0.6894095313651046, 0.6911797865325627, 0.6905546968377516, 0.6864179465410869, 0.6849756046943299, 0.6847975121706574, 0.6863655722575385, 0.6882846963212881, 0.6868983932512721, 0.6874253737724252, 0.6897720127879328, 0.6922997565826138, 0.6948011673700023, 0.6966884245485019, 0.6995450953809965, 0.7006301602362112, 0.7006936352493953, 0.701104433626991, 0.7021795519395698, 0.7032811416750531, 0.7033606900162931, 0.704726871433288, 0.7060677842519941, 0.706483044034945, 0.7073042004190853, 0.7079600863906108, 0.7107295815750121, 0.7127644880931239, 0.7146356083514103, 0.7164687400474009, 0.7189560711716083, 0.7196693713409332, 0.7204528041941121, 0.7230412651972198, 0.7230412651972198, 0.7247772817688788, 0.7255961121553601, 0.7273136247811738, 0.7282653942708075, 0.7313332001062899, 0.7336540406786138, 0.7336540406786138, 0.7345303459731659, 0.7345303459731659, 0.7361238019807068, 0.7373780675836672, 0.7373780675836672, 0.7393185231180874, 0.7393185231180874, 0.7393185231180874, 0.7393185231180874, 0.7393185231180874, 0.7393185231180874, 0.7393185231180874, 0.7421498781766949, 0.7421498781766949, 0.7437890992087788, 0.7454095600920719, 0.7454095600920719, 0.7454095600920719, 0.7454095600920719, 0.7454095600920719, 0.7454095600920719, 0.7473423873161753, 0.7473423873161753, 0.7473423873161753, 0.752733873279076, 0.752733873279076, 0.752733873279076, 0.7547206627305061, 0.7547206627305061, 0.7547206627305061, 0.7547206627305061, 0.7547206627305061, 0.7568916130214363, 0.7568916130214363, 0.7568916130214363, 0.7568916130214363, 0.7568916130214363, 0.7568916130214363, 0.7568916130214363, 0.7568916130214363, 0.7568916130214363, 0.7568916130214363, 0.7568916130214363, 0.7568916130214363]
[0.24463257578683717, 0.27418563863919715, 0.2941347813608336, 0.30158716471394864, 0.31176649388096545, 0.3171418340921214, 0.3226257563899025, 0.3314282656901547, 0.3352868986123001, 0.33775106567923485, 0.34551186100004705, 0.3517506639281176, 0.35433742592362083, 0.3585425376406501, 0.37236992524904927, 0.38249268387294905, 0.3907858132518096, 0.3990696247424368, 0.4091497325856498, 0.415829722704884, 0.4165322269997569, 0.4202623698955301, 0.4254877048058791, 0.4321424636206197, 0.4341810917971698, 0.4423888510674526, 0.4471478456389234, 0.44870829836070597, 0.4524605239301661, 0.4546319440106567, 0.4662860762399951, 0.4737871393650839, 0.48148520925890936, 0.488720587150977, 0.4974072286303871, 0.5007825152275772, 0.5034852949114476, 0.512042263012494, 0.512042263012494, 0.516731659457164, 0.5190543725326582, 0.5246364560918491, 0.5271221736951199, 0.5362959733718058, 0.5425365891461083, 0.5425365891461083, 0.5454062453114057, 0.5454062453114057, 0.5507263348056366, 0.5543826575056291, 0.5543826575056291, 0.5596029743542429, 0.5596029743542429, 0.5596029743542429, 0.5596029743542429, 0.5596029743542429, 0.5596029743542429, 0.5596029743542429, 0.5672508119046741, 0.5672508119046741, 0.5717390162359611, 0.5766258665625676, 0.5766258665625676, 0.5766258665625676, 0.5766258665625676, 0.5766258665625676, 0.5766258665625676, 0.5823644950750195, 0.5823644950750195, 0.5823644950750195, 0.5979091049375114, 0.5979091049375114, 0.5979091049375114, 0.6036637929916044, 0.6036637929916044, 0.6036637929916044, 0.6036637929916044, 0.6036637929916044, 0.610200056825594, 0.610200056825594, 0.610200056825594, 0.610200056825594, 0.610200056825594, 0.610200056825594, 0.610200056825594, 0.610200056825594, 0.610200056825594, 0.610200056825594, 0.610200056825594, 0.610200056825594]
Training raw path: /home/anhnd/DTI Project/Codes/MPNN/data/KFold/ATCInchikeySideEffectByDrug.txt_train_3
('Number of substructures, proteins, pathways, drugs, se: ', 2936, 1448, 330, 969, 331)
Train: 0.9419 0.8723
Test: 0.7709 0.5913
[0.7229807111482839, 0.7117751184418319, 0.720959598881794, 0.7188818070373705, 0.7264190584600779, 0.7254281301592373, 0.7214064685768037, 0.7199227351625531, 0.7210386382378834, 0.720518548178464, 0.7215535204761498, 0.7223162925092694, 0.7212823921933815, 0.720881083068527, 0.7208184462595049, 0.7230558095643768, 0.7245724355984583, 0.7253836132467965, 0.7259988953248477, 0.7252774494486095, 0.7256522153224316, 0.7265487812986822, 0.7250146503115888, 0.724654200062425, 0.7246175597979341, 0.726458603142481, 0.7269297124656676, 0.7272389856531611, 0.7282712358701245, 0.7286283458288727, 0.7309947462866911, 0.7327855315356683, 0.7334855173272624, 0.7352685543502889, 0.737821795179095, 0.7376360181785172, 0.7379978154537976, 0.7391582748194608, 0.7391582748194608, 0.7406584395352771, 0.7414511228703391, 0.7428918758114669, 0.7439265736517487, 0.7469148882601163, 0.749067917266431, 0.749067917266431, 0.7496458545762029, 0.7496458545762029, 0.7513142910468232, 0.7523371102871294, 0.7523371102871294, 0.7543209701872877, 0.7543209701872877, 0.7543209701872877, 0.7543209701872877, 0.7543209701872877, 0.7543209701872877, 0.7543209701872877, 0.7567643616587221, 0.7567643616587221, 0.7581413979935944, 0.7596088254384668, 0.7596088254384668, 0.7596088254384668, 0.7596088254384668, 0.7596088254384668, 0.7596088254384668, 0.7613456469478778, 0.7613456469478778, 0.7613456469478778, 0.7668634325824768, 0.7668634325824768, 0.7668634325824768, 0.7688368521552553, 0.7688368521552553, 0.7688368521552553, 0.7688368521552553, 0.7688368521552553, 0.7708800283253938, 0.7708800283253938, 0.7708800283253938, 0.7708800283253938, 0.7708800283253938, 0.7708800283253938, 0.7708800283253938, 0.7708800283253938, 0.7708800283253938, 0.7708800283253938, 0.7708800283253938, 0.7708800283253938]
[0.3028396537955748, 0.2906792816675046, 0.31672416226969874, 0.3252217745664945, 0.34464227202336517, 0.3474300626548239, 0.34988482567739815, 0.35516099025787756, 0.36741797349132344, 0.36897561617741603, 0.374604697831495, 0.38041704968872514, 0.3797239347684399, 0.3786172893369675, 0.38430272347882843, 0.39549872086060894, 0.4045462483999543, 0.4115061101789733, 0.41688568721423286, 0.4184767046899634, 0.4196631880849117, 0.425424367342049, 0.43052215715322917, 0.43493707973711726, 0.4355179274466984, 0.44436282767558805, 0.4479537378667781, 0.44821812046171167, 0.452639564999763, 0.45427028313836926, 0.4651034404642482, 0.4714536520965663, 0.4763592839319761, 0.48254900619408936, 0.4917529898756711, 0.4934272104090398, 0.4951492867325091, 0.4998956859949247, 0.4998956859949247, 0.5029869843544749, 0.5058146002126703, 0.5109856712862253, 0.5140506739730956, 0.52287494483109, 0.5300318313891634, 0.5300318313891634, 0.5317251065136877, 0.5317251065136877, 0.536702984798366, 0.5393941040229551, 0.5393941040229551, 0.5446309925606749, 0.5446309925606749, 0.5446309925606749, 0.5446309925606749, 0.5446309925606749, 0.5446309925606749, 0.5446309925606749, 0.5512879446194713, 0.5512879446194713, 0.5546777400652299, 0.5587992750030233, 0.5587992750030233, 0.5587992750030233, 0.5587992750030233, 0.5587992750030233, 0.5587992750030233, 0.564147670846153, 0.564147670846153, 0.564147670846153, 0.5793081255394656, 0.5793081255394656, 0.5793081255394656, 0.5850580589281208, 0.5850580589281208, 0.5850580589281208, 0.5850580589281208, 0.5850580589281208, 0.5912865712997608, 0.5912865712997608, 0.5912865712997608, 0.5912865712997608, 0.5912865712997608, 0.5912865712997608, 0.5912865712997608, 0.5912865712997608, 0.5912865712997608, 0.5912865712997608, 0.5912865712997608, 0.5912865712997608]
Training raw path: /home/anhnd/DTI Project/Codes/MPNN/data/KFold/ATCInchikeySideEffectByDrug.txt_train_4
('Number of substructures, proteins, pathways, drugs, se: ', 2936, 1448, 330, 969, 331)
Train: 0.9237 0.8365
Test: 0.7633 0.5564
[0.6769081132598846, 0.670739540092453, 0.6748755361011628, 0.6739255591228165, 0.6767354865618727, 0.6743739592002883, 0.676710851734863, 0.6827664374885118, 0.6847676223449639, 0.685594144883676, 0.6870699039191223, 0.687402300385139, 0.6886515360108934, 0.6889333257677099, 0.6906029481641986, 0.6929863750490323, 0.6941493456182275, 0.6950055070912107, 0.6972246452447888, 0.6981190480600763, 0.6974670100785427, 0.6996342785170896, 0.7003504506168059, 0.7022139089505425, 0.7031112874350255, 0.7040706218313157, 0.7057639851833964, 0.7060490338876226, 0.7081314374525525, 0.7091541194764969, 0.7134094905787329, 0.715525402976339, 0.7175691290242914, 0.7192318609087479, 0.7216485988610726, 0.7229043929300829, 0.7235344497860976, 0.7262459156030943, 0.7262459156030943, 0.7276327240250732, 0.7284203010080007, 0.7298757837202889, 0.73096443838424, 0.7346204958828644, 0.7371181902774622, 0.7371181902774622, 0.7381990868832207, 0.7381990868832207, 0.7401815682830473, 0.740966046408368, 0.740966046408368, 0.743449644812006, 0.743449644812006, 0.743449644812006, 0.743449644812006, 0.743449644812006, 0.743449644812006, 0.743449644812006, 0.7465687338445901, 0.7465687338445901, 0.7481221250551041, 0.7499172887093468, 0.7499172887093468, 0.7499172887093468, 0.7499172887093468, 0.7499172887093468, 0.7499172887093468, 0.7519827882538823, 0.7519827882538823, 0.7519827882538823, 0.7588191835966758, 0.7588191835966758, 0.7588191835966758, 0.7609535356382362, 0.7609535356382362, 0.7609535356382362, 0.7609535356382362, 0.7609535356382362, 0.7632796510772129, 0.7632796510772129, 0.7632796510772129, 0.7632796510772129, 0.7632796510772129, 0.7632796510772129, 0.7632796510772129, 0.7632796510772129, 0.7632796510772129, 0.7632796510772129, 0.7632796510772129, 0.7632796510772129]
[0.23591269131385134, 0.2415383794794279, 0.248127170569776, 0.25835418918610187, 0.2741483600706809, 0.2729536910950339, 0.27814602734425053, 0.28960145617315347, 0.2939089755182751, 0.29630954679293975, 0.29948177831842715, 0.30377026349346214, 0.3094438310126193, 0.31517241613036373, 0.32211503730963836, 0.3256147882973052, 0.3304738075433502, 0.33365343933781666, 0.34142540400491395, 0.34851748227318535, 0.34853813707997633, 0.3558904685138278, 0.36024055204013766, 0.3686667911187792, 0.3714957333751753, 0.3754722835531551, 0.38140376746599514, 0.3825677058397236, 0.39000793018220425, 0.39281072857622606, 0.4045324367259523, 0.409131909126229, 0.4178169670751606, 0.42328888262959985, 0.43176632497767065, 0.4349310104797258, 0.43636219750836913, 0.44507320415313945, 0.44507320415313945, 0.4485397516163019, 0.4502013133975945, 0.45506004623388274, 0.4582723596816085, 0.4691126124149877, 0.4755775200495983, 0.4755775200495983, 0.47873784653479257, 0.47873784653479257, 0.48448858670250605, 0.4866423356132458, 0.4866423356132458, 0.4932396804999706, 0.4932396804999706, 0.4932396804999706, 0.4932396804999706, 0.4932396804999706, 0.4932396804999706, 0.4932396804999706, 0.5031572065888907, 0.5031572065888907, 0.5074349224608681, 0.5131149626470839, 0.5131149626470839, 0.5131149626470839, 0.5131149626470839, 0.5131149626470839, 0.5131149626470839, 0.519918772058137, 0.519918772058137, 0.519918772058137, 0.5421087558499552, 0.5421087558499552, 0.5421087558499552, 0.5486991473746772, 0.5486991473746772, 0.5486991473746772, 0.5486991473746772, 0.5486991473746772, 0.5563668653256832, 0.5563668653256832, 0.5563668653256832, 0.5563668653256832, 0.5563668653256832, 0.5563668653256832, 0.5563668653256832, 0.5563668653256832, 0.5563668653256832, 0.5563668653256832, 0.5563668653256832, 0.5563668653256832]
Training raw path: /home/anhnd/DTI Project/Codes/MPNN/data/KFold/ATCInchikeySideEffectByDrug.txt_train_5
('Number of substructures, proteins, pathways, drugs, se: ', 2936, 1448, 330, 969, 331)
Train: 0.9358 0.8605
Test: 0.7359 0.5244
[0.6554630645842127, 0.6592452561819937, 0.6415578609653795, 0.6472181998398994, 0.6484468504530962, 0.6475415844128882, 0.6504289876598512, 0.6522107416183531, 0.6541618132932642, 0.6530300748101845, 0.6532241254879362, 0.65356900232001, 0.6562603507705768, 0.6548596742120419, 0.6583644497168895, 0.6627253266696832, 0.6633946276485406, 0.6673232942411961, 0.6687240013354628, 0.6689835434250695, 0.6695682663530186, 0.6713146468685469, 0.6728403771824651, 0.672827655928966, 0.6728941217435286, 0.6741166899310056, 0.6751953097876018, 0.6753291246433326, 0.6757332957891362, 0.676188888949747, 0.6809338445153066, 0.6833332975406738, 0.6850468774385271, 0.6871231820986696, 0.6895865394315075, 0.6902468521653021, 0.6909414286438696, 0.693587211299047, 0.693587211299047, 0.6958995013325326, 0.6968306270849379, 0.6987140711689744, 0.6995839351347001, 0.7041966084205643, 0.7066924646933678, 0.7066924646933678, 0.7075763121070038, 0.7075763121070038, 0.7103366293202356, 0.7116897892484582, 0.7116897892484582, 0.7150727697484756, 0.7150727697484756, 0.7150727697484756, 0.7150727697484756, 0.7150727697484756, 0.7150727697484756, 0.7150727697484756, 0.7181165442463175, 0.7181165442463175, 0.719678544700253, 0.7218441169767855, 0.7218441169767855, 0.7218441169767855, 0.7218441169767855, 0.7218441169767855, 0.7218441169767855, 0.7243502334112989, 0.7243502334112989, 0.7243502334112989, 0.7311689270696426, 0.7311689270696426, 0.7311689270696426, 0.7334692175755966, 0.7334692175755966, 0.7334692175755966, 0.7334692175755966, 0.7334692175755966, 0.7359367129245138, 0.7359367129245138, 0.7359367129245138, 0.7359367129245138, 0.7359367129245138, 0.7359367129245138, 0.7359367129245138, 0.7359367129245138, 0.7359367129245138, 0.7359367129245138, 0.7359367129245138, 0.7359367129245138]
[0.19050751860226728, 0.21538241210353176, 0.20412725167992066, 0.22209600362510906, 0.2327896329198919, 0.23778689721789978, 0.2441958915663689, 0.25763566843289776, 0.2649444512220008, 0.26758816411607156, 0.27485537306416297, 0.27876764238045076, 0.29087677825758806, 0.28862543595472767, 0.29641942624055717, 0.3077265436746586, 0.30955732021370547, 0.31894561780306574, 0.32359495969471197, 0.32514670985733246, 0.32613782444868283, 0.3335828776365045, 0.34121249733595765, 0.34333783948160923, 0.3460807623122454, 0.3506762020153309, 0.3541951611247445, 0.35471518548381753, 0.35797446811838446, 0.35755406946941304, 0.3713185134922253, 0.3786895550985877, 0.3845661910786948, 0.3893548195829486, 0.39618110682076446, 0.39751263218209976, 0.4001185761347505, 0.4079696670355547, 0.4079696670355547, 0.41397554169173545, 0.4164190265539046, 0.42093581202583097, 0.42358513894699806, 0.43515031021366324, 0.4421069456198175, 0.4421069456198175, 0.4439278089865667, 0.4439278089865667, 0.451405358469492, 0.4551086104299082, 0.4551086104299082, 0.4649159717389542, 0.4649159717389542, 0.4649159717389542, 0.4649159717389542, 0.4649159717389542, 0.4649159717389542, 0.4649159717389542, 0.4729666667426393, 0.4729666667426393, 0.4769113660262564, 0.4834487716797977, 0.4834487716797977, 0.4834487716797977, 0.4834487716797977, 0.4834487716797977, 0.4834487716797977, 0.4906209493385024, 0.4906209493385024, 0.4906209493385024, 0.5106153422753503, 0.5106153422753503, 0.5106153422753503, 0.5168575315090375, 0.5168575315090375, 0.5168575315090375, 0.5168575315090375, 0.5168575315090375, 0.5243540993447523, 0.5243540993447523, 0.5243540993447523, 0.5243540993447523, 0.5243540993447523, 0.5243540993447523, 0.5243540993447523, 0.5243540993447523, 0.5243540993447523, 0.5243540993447523, 0.5243540993447523, 0.5243540993447523]
Training raw path: /home/anhnd/DTI Project/Codes/MPNN/data/KFold/ATCInchikeySideEffectByDrug.txt_train_6
('Number of substructures, proteins, pathways, drugs, se: ', 2936, 1448, 330, 969, 331)
Train: 0.9286 0.8461
Test: 0.7525 0.5155
[0.6513627357248757, 0.6713889004020392, 0.6801622063817367, 0.6844459659933813, 0.6920002098418713, 0.6913109738427514, 0.6927305139037561, 0.6910361348064458, 0.6918283976827901, 0.6906792446132548, 0.6896730578583772, 0.690120735136868, 0.6895271276078987, 0.689280924638077, 0.691290465584448, 0.6959138921593255, 0.6971303827217059, 0.698948172428744, 0.6998750587336638, 0.6987254642284552, 0.6987254866109363, 0.6997236934759906, 0.6995087829410597, 0.7006760947076527, 0.70110776269243, 0.7034892729038713, 0.7042517449313148, 0.7047008756329877, 0.7061364120351481, 0.7064221755960679, 0.7082264984463574, 0.7101704897975171, 0.7103808033773891, 0.7113981762294124, 0.7133522715273616, 0.7140933768164003, 0.7142994033524662, 0.7167144359478214, 0.7167144359478214, 0.7188201404764205, 0.7195198120693628, 0.7202245318286171, 0.7213084756594239, 0.7245531994160408, 0.7270252285064661, 0.7270252285064661, 0.7280600436991546, 0.7280600436991546, 0.7294860554338315, 0.7305924955582267, 0.7305924955582267, 0.7329665972884745, 0.7329665972884745, 0.7329665972884745, 0.7329665972884745, 0.7329665972884745, 0.7329665972884745, 0.7329665972884745, 0.7357763111141994, 0.7357763111141994, 0.7369934480120921, 0.7391328538366231, 0.7391328538366231, 0.7391328538366231, 0.7391328538366231, 0.7391328538366231, 0.7391328538366231, 0.7410617013372585, 0.7410617013372585, 0.7410617013372585, 0.7478815528152392, 0.7478815528152392, 0.7478815528152392, 0.7498220532182571, 0.7498220532182571, 0.7498220532182571, 0.7498220532182571, 0.7498220532182571, 0.7525436369328193, 0.7525436369328193, 0.7525436369328193, 0.7525436369328193, 0.7525436369328193, 0.7525436369328193, 0.7525436369328193, 0.7525436369328193, 0.7525436369328193, 0.7525436369328193, 0.7525436369328193, 0.7525436369328193]
[0.17009351634916967, 0.1824599207141454, 0.19096514127322664, 0.20274866323428703, 0.21912380205302553, 0.224888806619804, 0.23281434743905782, 0.2423596897006501, 0.24863137162073412, 0.2492286289119478, 0.25055175699696586, 0.25697252855182173, 0.25867565178825064, 0.26025779875040794, 0.2694217428235703, 0.2790367057927091, 0.28809447313341213, 0.29586594303719943, 0.3011574800575415, 0.3017779118520264, 0.3028979741608041, 0.30775291205606375, 0.3124808142710111, 0.32095595780650166, 0.3240336208573147, 0.3363524757836244, 0.3395522636059335, 0.3414473660522186, 0.3484824214580817, 0.3499683058995041, 0.3601851547766849, 0.36750994221741357, 0.3720191369515394, 0.37803099853902045, 0.38628672625624805, 0.3901996850702534, 0.3919392494159899, 0.4017377155244731, 0.4017377155244731, 0.40902623776652475, 0.4110720091514153, 0.41504399329793945, 0.41745147033030494, 0.4279404593772013, 0.4366857996628488, 0.4366857996628488, 0.4398167595442183, 0.4398167595442183, 0.44517464074315644, 0.4491661593398874, 0.4491661593398874, 0.4565949038730398, 0.4565949038730398, 0.4565949038730398, 0.4565949038730398, 0.4565949038730398, 0.4565949038730398, 0.4565949038730398, 0.46469011989989845, 0.46469011989989845, 0.4678559860591855, 0.47452576550018705, 0.47452576550018705, 0.47452576550018705, 0.47452576550018705, 0.47452576550018705, 0.47452576550018705, 0.4800885742325348, 0.4800885742325348, 0.4800885742325348, 0.5010350144362457, 0.5010350144362457, 0.5010350144362457, 0.5067593207846208, 0.5067593207846208, 0.5067593207846208, 0.5067593207846208, 0.5067593207846208, 0.5154715263290308, 0.5154715263290308, 0.5154715263290308, 0.5154715263290308, 0.5154715263290308, 0.5154715263290308, 0.5154715263290308, 0.5154715263290308, 0.5154715263290308, 0.5154715263290308, 0.5154715263290308, 0.5154715263290308]
Training raw path: /home/anhnd/DTI Project/Codes/MPNN/data/KFold/ATCInchikeySideEffectByDrug.txt_train_7
('Number of substructures, proteins, pathways, drugs, se: ', 2936, 1448, 330, 969, 331)
Train: 0.9332 0.8542
Test: 0.7510 0.5447
[0.6502930643094126, 0.6531947190422183, 0.6557689070491839, 0.6572056899534532, 0.6607437213445913, 0.6559890126993159, 0.6547876424695784, 0.6559975503321128, 0.6578800334996617, 0.6591553812126493, 0.6586025787820416, 0.659472729598289, 0.6611270968747551, 0.6624821750225549, 0.6651074360105448, 0.6695468384830078, 0.6723242132245396, 0.674683686986235, 0.67745148157516, 0.6792217835962181, 0.6790887011068673, 0.679405784420479, 0.6811742854907088, 0.6827391959254245, 0.6837340012571013, 0.6868170393742352, 0.6883739672515329, 0.6890212175521766, 0.6900842002722649, 0.6907386966723439, 0.6945652300367394, 0.6967355066630045, 0.6985906300266796, 0.7009677280976103, 0.7043793864966567, 0.7053370234874858, 0.7059862460857911, 0.7093310900481228, 0.7093310900481228, 0.7114145334086507, 0.7123943135779811, 0.7148504081810508, 0.7161828278246987, 0.7210641920464369, 0.7238481264808021, 0.7238481264808021, 0.7250986025783005, 0.7250986025783005, 0.7273513491669003, 0.7285304989093596, 0.7285304989093596, 0.7309824053141718, 0.7309824053141718, 0.7309824053141718, 0.7309824053141718, 0.7309824053141718, 0.7309824053141718, 0.7309824053141718, 0.7344592815183857, 0.7344592815183857, 0.7361057755588245, 0.7378042824130561, 0.7378042824130561, 0.7378042824130561, 0.7378042824130561, 0.7378042824130561, 0.7378042824130561, 0.7397045465361365, 0.7397045465361365, 0.7397045465361365, 0.7464131712227001, 0.7464131712227001, 0.7464131712227001, 0.7485896819950766, 0.7485896819950766, 0.7485896819950766, 0.7485896819950766, 0.7485896819950766, 0.7509909144048352, 0.7509909144048352, 0.7509909144048352, 0.7509909144048352, 0.7509909144048352, 0.7509909144048352, 0.7509909144048352, 0.7509909144048352, 0.7509909144048352, 0.7509909144048352, 0.7509909144048352, 0.7509909144048352]
[0.2315328108498015, 0.23007902193745122, 0.23053337839003465, 0.23561785804644209, 0.2377282040774089, 0.23502066863465612, 0.24047475669935106, 0.2515011531456025, 0.2603117235850221, 0.26436493047289866, 0.26541014373468624, 0.2682450213252916, 0.2764140637294419, 0.2771707759032118, 0.29015770843526545, 0.30500896785578746, 0.3125092316915289, 0.319933465529044, 0.3291550942538089, 0.3364496933157067, 0.33569174132208246, 0.33737067167288987, 0.3435236166457291, 0.34862221855786674, 0.3503926754417963, 0.3616547141481994, 0.3657604010616735, 0.36819129296456204, 0.37141493207767606, 0.3724245432983486, 0.38222476667926375, 0.38928691984201247, 0.3932022585765368, 0.399312060950574, 0.40885788635850756, 0.41187339076912066, 0.4138568454494085, 0.4212551273108298, 0.4212551273108298, 0.4294269838575255, 0.43145227870874236, 0.43800907251638993, 0.4416717466184254, 0.4559395126345599, 0.46443383941365646, 0.46443383941365646, 0.46724421886124073, 0.46724421886124073, 0.4739380495619684, 0.4773296906945177, 0.4773296906945177, 0.48369118986401194, 0.48369118986401194, 0.48369118986401194, 0.48369118986401194, 0.48369118986401194, 0.48369118986401194, 0.48369118986401194, 0.49404799112710585, 0.49404799112710585, 0.49823976737391273, 0.5035190848980627, 0.5035190848980627, 0.5035190848980627, 0.5035190848980627, 0.5035190848980627, 0.5035190848980627, 0.5093437727437555, 0.5093437727437555, 0.5093437727437555, 0.5300159868814941, 0.5300159868814941, 0.5300159868814941, 0.5367275353622731, 0.5367275353622731, 0.5367275353622731, 0.5367275353622731, 0.5367275353622731, 0.5447082984723539, 0.5447082984723539, 0.5447082984723539, 0.5447082984723539, 0.5447082984723539, 0.5447082984723539, 0.5447082984723539, 0.5447082984723539, 0.5447082984723539, 0.5447082984723539, 0.5447082984723539, 0.5447082984723539]
Training raw path: /home/anhnd/DTI Project/Codes/MPNN/data/KFold/ATCInchikeySideEffectByDrug.txt_train_8
('Number of substructures, proteins, pathways, drugs, se: ', 2936, 1448, 330, 969, 331)
Train: 0.9346 0.8583
Test: 0.7510 0.5307
[0.6536679278452954, 0.6768421052631579, 0.6772799423310198, 0.6705221023595862, 0.6755723849085503, 0.6784690243331607, 0.6800154752944477, 0.6778574452278792, 0.6803237125127736, 0.679242132116496, 0.6779584795645128, 0.6796358077103933, 0.6809133797984819, 0.6829345838614562, 0.6844249365407441, 0.6882900128408548, 0.6902321329258482, 0.691310008470742, 0.6940699252149781, 0.6933780017659832, 0.6941413754542956, 0.6963331396270274, 0.6973978633937514, 0.6978964188054861, 0.6973814398822152, 0.6999916854474384, 0.7007432521333639, 0.700407595392927, 0.7012742807833722, 0.7016271212801445, 0.7043000859103579, 0.7058463988267514, 0.7072654289460207, 0.7087703659688196, 0.7103770557770797, 0.7109914779461307, 0.7112067133592284, 0.7135651300189122, 0.7135651300189122, 0.7153496571771398, 0.7161568579647302, 0.7174006108188118, 0.7182727874781686, 0.7209857715148438, 0.7233633793343566, 0.7233633793343566, 0.724207011265307, 0.724207011265307, 0.7263335510421809, 0.7278163707959016, 0.7278163707959016, 0.7299986436356739, 0.7299986436356739, 0.7299986436356739, 0.7299986436356739, 0.7299986436356739, 0.7299986436356739, 0.7299986436356739, 0.7333018834283929, 0.7333018834283929, 0.7349402783588748, 0.7367650093101957, 0.7367650093101957, 0.7367650093101957, 0.7367650093101957, 0.7367650093101957, 0.7367650093101957, 0.7385562603063851, 0.7385562603063851, 0.7385562603063851, 0.7458652199890977, 0.7458652199890977, 0.7458652199890977, 0.7482209753325499, 0.7482209753325499, 0.7482209753325499, 0.7482209753325499, 0.7482209753325499, 0.7510071962303351, 0.7510071962303351, 0.7510071962303351, 0.7510071962303351, 0.7510071962303351, 0.7510071962303351, 0.7510071962303351, 0.7510071962303351, 0.7510071962303351, 0.7510071962303351, 0.7510071962303351, 0.7510071962303351]
[0.19558275554041635, 0.21373862970635105, 0.21613913770301868, 0.2228989811081355, 0.2326895633460478, 0.23847429108936122, 0.24563410157264476, 0.2494223176931093, 0.2542122158531343, 0.2576393956838813, 0.260158983888538, 0.26398758948309897, 0.27282051788006445, 0.27864441306019, 0.2868403265542425, 0.3005144322147726, 0.30456504804058104, 0.31090265765164676, 0.3212245394540653, 0.32489617313364816, 0.32610411860400323, 0.33122328501627085, 0.33732650219637283, 0.341806165909318, 0.3429436567017401, 0.3541120683537605, 0.357903743596409, 0.35778540703408357, 0.36272933802116114, 0.36485807161355205, 0.37700032981953246, 0.38367158019956527, 0.38744253265808015, 0.39220601051849313, 0.398080151348132, 0.4028654465154176, 0.40402377982575055, 0.4121508656801155, 0.4121508656801155, 0.41886344738416786, 0.42226949458292873, 0.42667761362473844, 0.4299026824918456, 0.440535814709305, 0.44994928698340325, 0.44994928698340325, 0.4522907310901187, 0.4522907310901187, 0.4585936107701828, 0.46284796813252, 0.46284796813252, 0.46858016521296236, 0.46858016521296236, 0.46858016521296236, 0.46858016521296236, 0.46858016521296236, 0.46858016521296236, 0.46858016521296236, 0.47790529675984184, 0.47790529675984184, 0.48203184996795756, 0.48769302237302714, 0.48769302237302714, 0.48769302237302714, 0.48769302237302714, 0.48769302237302714, 0.48769302237302714, 0.4927332808645242, 0.4927332808645242, 0.4927332808645242, 0.5146637999003492, 0.5146637999003492, 0.5146637999003492, 0.5216685294947287, 0.5216685294947287, 0.5216685294947287, 0.5216685294947287, 0.5216685294947287, 0.530727121234553, 0.530727121234553, 0.530727121234553, 0.530727121234553, 0.530727121234553, 0.530727121234553, 0.530727121234553, 0.530727121234553, 0.530727121234553, 0.530727121234553, 0.530727121234553, 0.530727121234553]
Training raw path: /home/anhnd/DTI Project/Codes/MPNN/data/KFold/ATCInchikeySideEffectByDrug.txt_train_9
('Number of substructures, proteins, pathways, drugs, se: ', 2936, 1448, 330, 969, 331)
Train: 0.9384 0.8638
Test: 0.7495 0.5399
[0.6467545065071538, 0.6724210689078662, 0.6755777522964139, 0.6796617757238156, 0.6809027649821475, 0.682809684826085, 0.6854241162276876, 0.689090215180028, 0.6917711565760727, 0.6904420934098945, 0.6915693170679993, 0.6928755244735736, 0.6941426826511652, 0.6934512906184793, 0.6929439495835562, 0.6965934571572864, 0.6981142946969303, 0.6989066191060347, 0.7005353885168887, 0.6996638241763565, 0.6996925338510938, 0.7002462670399697, 0.6998247584732074, 0.7002295211111539, 0.7012701573786432, 0.702583971556692, 0.702628059537925, 0.7030697525627498, 0.7041549835181966, 0.7044242742941097, 0.7064735345969251, 0.7078847401449923, 0.7095981946848756, 0.7107631845475317, 0.7129600155355024, 0.713115156163266, 0.7135587571959555, 0.7155519049251696, 0.7155519049251696, 0.7175895298575798, 0.7180916216909016, 0.7197160509117773, 0.7204730554530465, 0.7238359371109894, 0.7258868517844983, 0.7258868517844983, 0.7264283237352678, 0.7264283237352678, 0.7286437109940442, 0.7296663629390178, 0.7296663629390178, 0.7321266462738957, 0.7321266462738957, 0.7321266462738957, 0.7321266462738957, 0.7321266462738957, 0.7321266462738957, 0.7321266462738957, 0.7347670728582714, 0.7347670728582714, 0.7364676943620876, 0.7381105080744781, 0.7381105080744781, 0.7381105080744781, 0.7381105080744781, 0.7381105080744781, 0.7381105080744781, 0.7397974057439163, 0.7397974057439163, 0.7397974057439163, 0.7453897850317259, 0.7453897850317259, 0.7453897850317259, 0.7474250246239759, 0.7474250246239759, 0.7474250246239759, 0.7474250246239759, 0.7474250246239759, 0.7495428944214682, 0.7495428944214682, 0.7495428944214682, 0.7495428944214682, 0.7495428944214682, 0.7495428944214682, 0.7495428944214682, 0.7495428944214682, 0.7495428944214682, 0.7495428944214682, 0.7495428944214682, 0.7495428944214682]
[0.17397067708304703, 0.2167806540978548, 0.23100136589297765, 0.24456528986752016, 0.2583905989711414, 0.26592472040866355, 0.27171155002108616, 0.28747835977885766, 0.29662065637773594, 0.29895662590127314, 0.30679841827163445, 0.3132775035332074, 0.3206157436785869, 0.3214322312705913, 0.3253395479850447, 0.33752557377058634, 0.34170757212251845, 0.34964771555526863, 0.3575020276756951, 0.3576438930487541, 0.35859748082204845, 0.3610724665469639, 0.3647425138008329, 0.36895005058186575, 0.37266860059058016, 0.3791421571804748, 0.3800946119809522, 0.381864256280119, 0.3867018715195529, 0.38828269854633024, 0.39786769119674925, 0.4024468204039279, 0.40875576959836873, 0.41230248780324286, 0.4209092460391742, 0.4236311373803994, 0.4254674165595536, 0.43287319264048263, 0.43287319264048263, 0.4387203962020184, 0.4400122670399939, 0.44597453042302293, 0.44813078690646574, 0.45844932797300353, 0.4665101566710789, 0.4665101566710789, 0.4676876629385054, 0.4676876629385054, 0.4749419861941136, 0.47734336214605166, 0.47734336214605166, 0.48497687056307875, 0.48497687056307875, 0.48497687056307875, 0.48497687056307875, 0.48497687056307875, 0.48497687056307875, 0.48497687056307875, 0.4928867785020763, 0.4928867785020763, 0.49843918224944744, 0.5034881982529036, 0.5034881982529036, 0.5034881982529036, 0.5034881982529036, 0.5034881982529036, 0.5034881982529036, 0.5086663567431455, 0.5086663567431455, 0.5086663567431455, 0.5265220647445059, 0.5265220647445059, 0.5265220647445059, 0.5330153300133571, 0.5330153300133571, 0.5330153300133571, 0.5330153300133571, 0.5330153300133571, 0.5399472039225138, 0.5399472039225138, 0.5399472039225138, 0.5399472039225138, 0.5399472039225138, 0.5399472039225138, 0.5399472039225138, 0.5399472039225138, 0.5399472039225138, 0.5399472039225138, 0.5399472039225138, 0.5399472039225138]
AUC: 0.7519 0.0031
AUPR: 0.5514 0.0090
('RARE AUC', [(0.661803185212354, 0.007077940991102333), (0.6670992777338055, 0.006175586882190074), (0.6696649322800655, 0.007441335718004625), (0.6713088674970749, 0.006869806412319828), (0.6747523027603834, 0.007421861482780294), (0.6743023224085791, 0.007575414076464857), (0.675085529675415, 0.007199692159672725), (0.6759872223073977, 0.006764568929667423), (0.6777506652175859, 0.006579618474887342), (0.6774174794627676, 0.006504679134445715), (0.6779401133446882, 0.00653724735954657), (0.679016223505162, 0.006513186518917909), (0.6797054792214381, 0.006255605751833173), (0.6800004857235965, 0.006193169423657211), (0.681669124921079, 0.005941152105185066), (0.6853236803034408, 0.0057510935087230495), (0.6869043418505638, 0.005775161695888495), (0.6884070222418874, 0.005653878502333745), (0.6905733518683401, 0.0054787269387742196), (0.6907408588759922, 0.005333176631658783), (0.6908570212131696, 0.0053288845515493755), (0.6919816617935568, 0.005322731072353641), (0.6927441259511503, 0.00502369587774127), (0.69383013531473, 0.00487744307833035), (0.6943107220827477, 0.004828191833350294), (0.6964004492723539, 0.004734585004387089), (0.6976003054485681, 0.0046310931093155455), (0.6979558690253465, 0.0046223995757172995), (0.6992447100027842, 0.004614055697674708), (0.6998117560221264, 0.004597875556903224), (0.7031221955375201, 0.004389405630234568), (0.7050410271549044, 0.004341198370235482), (0.7067076494276991, 0.004225067918277851), (0.708487325769709, 0.004177485601559836), (0.7111045229653022, 0.0041161523975937996), (0.7117809260268123, 0.004057246828172477), (0.7123543636955106, 0.004017151376361807), (0.7147856329820608, 0.003916772498720816), (0.7147856329820608, 0.003916772498720816), (0.7165881218708641, 0.003860020187074131), (0.717409374445776, 0.003838601729469616), (0.7191163148994834, 0.0037704572152591985), (0.7201166621351179, 0.0037779724244125486), (0.7236965218572247, 0.0036711059311074485), (0.7261962816894993, 0.003623387450719254), (0.7261962816894993, 0.003623387450719254), (0.7270995532387621, 0.0035988198478336918), (0.7270995532387621, 0.0035988198478336918), (0.7292140077037137, 0.0035009955315723953), (0.7303623757904555, 0.003472549199986808), (0.7303623757904555, 0.003472549199986808), (0.7327886602572424, 0.003390773416563031), (0.7327886602572424, 0.003390773416563031), (0.7327886602572424, 0.003390773416563031), (0.7327886602572424, 0.003390773416563031), (0.7327886602572424, 0.003390773416563031), (0.7327886602572424, 0.003390773416563031), (0.7327886602572424, 0.003390773416563031), (0.7358000564048656, 0.0033415938880365192), (0.7358000564048656, 0.0033415938880365192), (0.7373494806339276, 0.0033268113581030154), (0.7391008137307193, 0.003291569510464755), (0.7391008137307193, 0.003291569510464755), (0.7391008137307193, 0.003291569510464755), (0.7391008137307193, 0.003291569510464755), (0.7391008137307193, 0.003291569510464755), (0.7391008137307193, 0.003291569510464755), (0.7410934086316765, 0.003245752462465893), (0.7410934086316765, 0.003245752462465893), (0.7410934086316765, 0.003245752462465893), (0.7473571813324258, 0.0031822821131245902), (0.7473571813324258, 0.0031822821131245902), (0.7473571813324258, 0.0031822821131245902), (0.7495108987319115, 0.003152854230721087), (0.7495108987319115, 0.003152854230721087), (0.7495108987319115, 0.003152854230721087), (0.7495108987319115, 0.003152854230721087), (0.7495108987319115, 0.003152854230721087), (0.7519135156206304, 0.0031154642943198845), (0.7519135156206304, 0.0031154642943198845), (0.7519135156206304, 0.0031154642943198845), (0.7519135156206304, 0.0031154642943198845), (0.7519135156206304, 0.0031154642943198845), (0.7519135156206304, 0.0031154642943198845), (0.7519135156206304, 0.0031154642943198845), (0.7519135156206304, 0.0031154642943198845), (0.7519135156206304, 0.0031154642943198845), (0.7519135156206304, 0.0031154642943198845), (0.7519135156206304, 0.0031154642943198845), (0.7519135156206304, 0.0031154642943198845)])
('RARE AUPR', [(0.21574644354795156, 0.012114238768419588), (0.22845843373141683, 0.010059628941306603), (0.23768276582556505, 0.011901321919820384), (0.24819245738578682, 0.01134100899674546), (0.25821401981914127, 0.01221840188476758), (0.26136671397126476, 0.012244020326712634), (0.2671718795146705, 0.011875104708568516), (0.27756228325323373, 0.011508992356660482), (0.2851965275496605, 0.011660189090867067), (0.28808672670843494, 0.011519881493888986), (0.2928704658989499, 0.011929663455552273), (0.2971729919405195, 0.012206662172354794), (0.30272926006112255, 0.011624702944593609), (0.3049288424193051, 0.011490530125166992), (0.31413161019005853, 0.011283526535053953), (0.3248397367631738, 0.011167662698770646), (0.3310691571811347, 0.011414508276183436), (0.33797844761923795, 0.01146026430408323), (0.34576123807585024, 0.011481843251087809), (0.34923569610088523, 0.011617344936847337), (0.3499252564309723, 0.011631832531917088), (0.3544888595635272, 0.011632452941123248), (0.36002502409117676, 0.011534230429980424), (0.3660825704422281, 0.011419970459989694), (0.3684530633988096, 0.011287866227755319), (0.3771519890758535, 0.011087714184577983), (0.3813801932959263, 0.011110505015771098), (0.3826484547378967, 0.011071492364024828), (0.3875464558116139, 0.010963715325813465), (0.3893003388410166, 0.011045250636952853), (0.400968463175612, 0.011000176150497308), (0.407255530685436, 0.010986380234762389), (0.41357838790064533, 0.011151513541728693), (0.4191653336907212, 0.011333160431867153), (0.42765499082846714, 0.011494562207862023), (0.4308221294506745, 0.011409846380911212), (0.43282346755539003, 0.011445206254620921), (0.44069940597581636, 0.01125141757474769), (0.44069940597581636, 0.01125141757474769), (0.44612722918838205, 0.010913085287210147), (0.44849159906972585, 0.010926529916419424), (0.4538772823749618, 0.011017516054331935), (0.45676748273420315, 0.0110137922347599), (0.4675574420171958, 0.010790526546373929), (0.4754825451040022, 0.010607882016017468), (0.4754825451040022, 0.010607882016017468), (0.4779350267593113, 0.010595902953745314), (0.4779350267593113, 0.010595902953745314), (0.4842865254525369, 0.010452478187416932), (0.48751445658698545, 0.01039290319154024), (0.48751445658698545, 0.01039290319154024), (0.4943268453957142, 0.010139988482422006), (0.4943268453957142, 0.010139988482422006), (0.4943268453957142, 0.010139988482422006), (0.4943268453957142, 0.010139988482422006), (0.4943268453957142, 0.010139988482422006), (0.4943268453957142, 0.010139988482422006), (0.4943268453957142, 0.010139988482422006), (0.5029735696425885, 0.010016115113444855), (0.5029735696425885, 0.010016115113444855), (0.5071354391607503, 0.010033159985539468), (0.5124488460153359, 0.00985067362831233), (0.5124488460153359, 0.00985067362831233), (0.5124488460153359, 0.00985067362831233), (0.5124488460153359, 0.00985067362831233), (0.5124488460153359, 0.00985067362831233), (0.5124488460153359, 0.00985067362831233), (0.5184838002795195, 0.009831871975611467), (0.5184838002795195, 0.009831871975611467), (0.5184838002795195, 0.009831871975611467), (0.537344842941388, 0.009244785312989248), (0.537344842941388, 0.009244785312989248), (0.537344842941388, 0.009244785312989248), (0.5437852786880574, 0.009193841145352287), (0.5437852786880574, 0.009193841145352287), (0.5437852786880574, 0.009193841145352287), (0.5437852786880574, 0.009193841145352287), (0.5437852786880574, 0.009193841145352287), (0.551444270477891, 0.008990928485980534), (0.551444270477891, 0.008990928485980534), (0.551444270477891, 0.008990928485980534), (0.551444270477891, 0.008990928485980534), (0.551444270477891, 0.008990928485980534), (0.551444270477891, 0.008990928485980534), (0.551444270477891, 0.008990928485980534), (0.551444270477891, 0.008990928485980534), (0.551444270477891, 0.008990928485980534), (0.551444270477891, 0.008990928485980534), (0.551444270477891, 0.008990928485980534), (0.551444270477891, 0.008990928485980534)])
