Default
<models.baselines.omodels.NeuSK object at 0x7f8f2b4fbc90>
('Manual torch seed: ', 443181909)
Training raw path: /home/anhnd/DTI Project/Codes/MPNN/data/KFold/ATCInchikeySideEffectByDrug.txt_train_0
('Number of substructures, proteins, pathways, drugs, se: ', 888, 1448, 330, 969, 598)
Train: 0.9053 0.7326
Test: 0.7489 0.4500
[0.6436786485246444, 0.651857183437942, 0.6522645483325742, 0.648736468030738, 0.6461698926029933, 0.6455808643712788, 0.6461661526862679, 0.6479403504437886, 0.6466035137033431, 0.6473515809188292, 0.6468045144239134, 0.6484583818761787, 0.6506105874816401, 0.6533065089646272, 0.653417172328088, 0.6553362960992908, 0.6568529737484692, 0.6580160962764299, 0.6588282347561047, 0.6623876590951123, 0.6663557151032095, 0.6696356698394299, 0.6714234359350448, 0.6740794190872792, 0.6758594540705041, 0.6761905012482818, 0.6778837926720249, 0.6800039728219428, 0.6827525841905309, 0.6838580576001702, 0.6868031481150496, 0.6883966596502051, 0.6890796502634575, 0.6906455216426792, 0.6914426655273569, 0.6963807503395779, 0.6987003144239288, 0.701643946878632, 0.7036509704423477, 0.7070819306061713, 0.708403967125913, 0.709410501392238, 0.7124579767604586, 0.7124579767604586, 0.7144152821740426, 0.7153485488545561, 0.7173591633082271, 0.7184810017891304, 0.722313068593063, 0.7255180413126899, 0.7255180413126899, 0.7266165252917116, 0.7266165252917116, 0.7290014292569471, 0.7300688381867774, 0.7300688381867774, 0.7321707967294495, 0.7321707967294495, 0.7321707967294495, 0.7321707967294495, 0.7321707967294495, 0.7321707967294495, 0.7321707967294495, 0.7351194744088693, 0.7351194744088693, 0.7366155306588088, 0.7380978701746364, 0.7380978701746364, 0.7380978701746364, 0.7380978701746364, 0.7380978701746364, 0.7380978701746364, 0.7398304675147103, 0.7398304675147103, 0.7398304675147103, 0.744964234984494, 0.744964234984494, 0.744964234984494, 0.7468407578440692, 0.7468407578440692, 0.7468407578440692, 0.7468407578440692, 0.7468407578440692, 0.7488832885001206, 0.7488832885001206, 0.7488832885001206, 0.7488832885001206, 0.7488832885001206, 0.7488832885001206, 0.7488832885001206, 0.7488832885001206, 0.7488832885001206, 0.7488832885001206, 0.7488832885001206, 0.7488832885001206]
[0.144484306608783, 0.161956503077868, 0.16441997070224262, 0.16297361068611826, 0.16522786355325084, 0.1689865049321216, 0.17333874138691935, 0.18164101207804145, 0.1843360467903824, 0.18596532827981835, 0.18850224238872748, 0.1928442942242572, 0.1996472147070824, 0.20742908712386604, 0.2094003245609212, 0.21482456567013408, 0.21665662884961864, 0.21966372989846353, 0.22179682284553012, 0.23131136979677966, 0.23851614947308888, 0.24405061165223027, 0.2481665083776492, 0.25383624524584075, 0.25909057015069437, 0.2598158558250141, 0.26284779347816783, 0.26741753530524714, 0.27327123580156765, 0.2762770833471618, 0.28371794975888304, 0.287630447563197, 0.2893299053612227, 0.29393189594311003, 0.2957932995303329, 0.30725828878919637, 0.31212185202408715, 0.3188384089917607, 0.3240099009869897, 0.3329720587550899, 0.3362024849110102, 0.33866339480943275, 0.3455446545907158, 0.3455446545907158, 0.3498341852797341, 0.35203690955553407, 0.35790471358742215, 0.3608324699139387, 0.3701618798378472, 0.3782673770066966, 0.3782673770066966, 0.38093415090948546, 0.38093415090948546, 0.38743135407876317, 0.3901250953459625, 0.3901250953459625, 0.39616654324325756, 0.39616654324325756, 0.39616654324325756, 0.39616654324325756, 0.39616654324325756, 0.39616654324325756, 0.39616654324325756, 0.40456709796914025, 0.40456709796914025, 0.4091409637457038, 0.41401268669273034, 0.41401268669273034, 0.41401268669273034, 0.41401268669273034, 0.41401268669273034, 0.41401268669273034, 0.41970733097754576, 0.41970733097754576, 0.41970733097754576, 0.4361441985046722, 0.4361441985046722, 0.4361441985046722, 0.44256618281849813, 0.44256618281849813, 0.44256618281849813, 0.44256618281849813, 0.44256618281849813, 0.45000597497425926, 0.45000597497425926, 0.45000597497425926, 0.45000597497425926, 0.45000597497425926, 0.45000597497425926, 0.45000597497425926, 0.45000597497425926, 0.45000597497425926, 0.45000597497425926, 0.45000597497425926, 0.45000597497425926]
Training raw path: /home/anhnd/DTI Project/Codes/MPNN/data/KFold/ATCInchikeySideEffectByDrug.txt_train_1
('Number of substructures, proteins, pathways, drugs, se: ', 888, 1448, 330, 969, 598)
Train: 0.9029 0.7292
Test: 0.7374 0.4354
[0.57399378969445, 0.5818924974914371, 0.575967681352759, 0.5839852000941983, 0.5864298455912297, 0.5868517802099062, 0.5910843789829114, 0.591127118056863, 0.5938724143573685, 0.5955216550933751, 0.5952383345584122, 0.5992394343696945, 0.6048049373013251, 0.6092162261176145, 0.6113013155455544, 0.6142120624821004, 0.6146897882658582, 0.6184219687579844, 0.6204438833081531, 0.6256079092068138, 0.628930108787297, 0.6329561337654702, 0.6367700544019401, 0.6409055431441943, 0.6438191304091498, 0.6443739296376858, 0.6469020752597259, 0.6503692340131821, 0.6547367635907653, 0.6564548433618889, 0.6616643753865126, 0.6650318598036148, 0.6661715652121639, 0.6683843649463419, 0.6694599132066944, 0.6753949723283266, 0.6780699758308214, 0.6822767267545398, 0.6850324703679034, 0.6892769723254091, 0.6914034454106874, 0.6926066204715083, 0.6969872316979335, 0.6969872316979335, 0.6986449420312477, 0.6996820584457951, 0.7023474942230483, 0.7033264170263548, 0.7077466194085253, 0.7112782885783202, 0.7112782885783202, 0.7123486283819843, 0.7123486283819843, 0.715018606226935, 0.7163565104628812, 0.7163565104628812, 0.7190585199689317, 0.7190585199689317, 0.7190585199689317, 0.7190585199689317, 0.7190585199689317, 0.7190585199689317, 0.7190585199689317, 0.7224272768968385, 0.7224272768968385, 0.7240066451221823, 0.7255407756181487, 0.7255407756181487, 0.7255407756181487, 0.7255407756181487, 0.7255407756181487, 0.7255407756181487, 0.7276107284603484, 0.7276107284603484, 0.7276107284603484, 0.7330283813353738, 0.7330283813353738, 0.7330283813353738, 0.7351764155117354, 0.7351764155117354, 0.7351764155117354, 0.7351764155117354, 0.7351764155117354, 0.7373919323600207, 0.7373919323600207, 0.7373919323600207, 0.7373919323600207, 0.7373919323600207, 0.7373919323600207, 0.7373919323600207, 0.7373919323600207, 0.7373919323600207, 0.7373919323600207, 0.7373919323600207, 0.7373919323600207]
[0.07455176240581218, 0.0864328762536282, 0.08736678966622713, 0.09360152524241969, 0.09985365574046379, 0.10231207541883239, 0.10950485326196371, 0.11335680726512534, 0.11935426468390517, 0.12234534939712459, 0.12300754320961255, 0.1284622579924422, 0.13755864392065129, 0.14562241015193683, 0.14840999661892493, 0.15309677930443905, 0.1544451023008589, 0.15953598158320237, 0.16185209502262596, 0.17055120217941047, 0.17691462844882672, 0.18480138063258109, 0.19172086505408564, 0.1993339944848273, 0.2035359399604352, 0.2042651220582344, 0.20851846587375814, 0.21525136869866868, 0.22356471664391864, 0.22658221209201185, 0.2366587596438013, 0.24260697973912773, 0.24511059228259943, 0.2507079060223787, 0.25323946744502673, 0.26655289418052774, 0.2724416303087843, 0.2820035051661016, 0.2866655633057843, 0.29700561623986454, 0.302000060524133, 0.3047669731314209, 0.3145310659319267, 0.3145310659319267, 0.31911582872258115, 0.321784509931742, 0.3288816583623472, 0.3309879696354113, 0.3429753616682111, 0.35311878703874544, 0.35311878703874544, 0.35491008210636377, 0.35491008210636377, 0.362000330877512, 0.36565608545058603, 0.36565608545058603, 0.3729365834464424, 0.3729365834464424, 0.3729365834464424, 0.3729365834464424, 0.3729365834464424, 0.3729365834464424, 0.3729365834464424, 0.383515623629787, 0.383515623629787, 0.38785545399712784, 0.392884841390687, 0.392884841390687, 0.392884841390687, 0.392884841390687, 0.392884841390687, 0.392884841390687, 0.4003784899203835, 0.4003784899203835, 0.4003784899203835, 0.4186948104194945, 0.4186948104194945, 0.4186948104194945, 0.4265240442810717, 0.4265240442810717, 0.4265240442810717, 0.4265240442810717, 0.4265240442810717, 0.43544045527245706, 0.43544045527245706, 0.43544045527245706, 0.43544045527245706, 0.43544045527245706, 0.43544045527245706, 0.43544045527245706, 0.43544045527245706, 0.43544045527245706, 0.43544045527245706, 0.43544045527245706, 0.43544045527245706]
Training raw path: /home/anhnd/DTI Project/Codes/MPNN/data/KFold/ATCInchikeySideEffectByDrug.txt_train_2
('Number of substructures, proteins, pathways, drugs, se: ', 888, 1448, 330, 969, 598)
Train: 0.9003 0.7207
Test: 0.7606 0.5059
[0.6539391425315098, 0.6563785032429744, 0.6557852331176592, 0.6549975351530056, 0.6575749493149696, 0.6557606085978164, 0.6597696556785477, 0.6625669371467275, 0.6632924011376885, 0.6646711898889708, 0.66353946852482, 0.6656154606437182, 0.6682783601978809, 0.6696698926575605, 0.6701590794310859, 0.6727062371722188, 0.6748501877847248, 0.675513264053563, 0.6763749978530738, 0.680433387679285, 0.6838322282575233, 0.6859742388841567, 0.6886263512868052, 0.6917529947708472, 0.6944933611778483, 0.6948871573531152, 0.6969511837190907, 0.6993745094196977, 0.7015971483264885, 0.7024902202473798, 0.705260986888933, 0.707213236336403, 0.7078520926218541, 0.7087212901423227, 0.7093189761088096, 0.7141262938182107, 0.7168684697472363, 0.7191059152859056, 0.721208624971212, 0.7238249686898738, 0.7251133672421806, 0.7260926256517012, 0.7287519313389313, 0.7287519313389313, 0.7306665369607614, 0.731411402784983, 0.7331121247192155, 0.7341107612676001, 0.7376404279417867, 0.740124601458829, 0.740124601458829, 0.7409287466845658, 0.7409287466845658, 0.742563951265251, 0.7437685894261785, 0.7437685894261785, 0.7456717640544651, 0.7456717640544651, 0.7456717640544651, 0.7456717640544651, 0.7456717640544651, 0.7456717640544651, 0.7456717640544651, 0.7481474221013587, 0.7481474221013587, 0.7495804928594936, 0.75096161087071, 0.75096161087071, 0.75096161087071, 0.75096161087071, 0.75096161087071, 0.75096161087071, 0.7525686904580479, 0.7525686904580479, 0.7525686904580479, 0.7571576469157153, 0.7571576469157153, 0.7571576469157153, 0.7588123393039172, 0.7588123393039172, 0.7588123393039172, 0.7588123393039172, 0.7588123393039172, 0.7605851167196195, 0.7605851167196195, 0.7605851167196195, 0.7605851167196195, 0.7605851167196195, 0.7605851167196195, 0.7605851167196195, 0.7605851167196195, 0.7605851167196195, 0.7605851167196195, 0.7605851167196195, 0.7605851167196195]
[0.1341963459728443, 0.14842246222068325, 0.16375500182735986, 0.16399147866648947, 0.16983575249642607, 0.17458880565551874, 0.18420160280394587, 0.19303976439250872, 0.20025472448434326, 0.20525638669963067, 0.20635729271055486, 0.21222408515587338, 0.22234719801188887, 0.22650089283784539, 0.23012307419902978, 0.23568433272281947, 0.24084774535118303, 0.24622862644415183, 0.24843530397008637, 0.2611384406903843, 0.2708730837012987, 0.279288964104163, 0.2879849044985339, 0.2956414465093183, 0.30553126538165226, 0.30651257656620196, 0.3122110124732745, 0.3198434291227567, 0.326802713255483, 0.32952336297321416, 0.33688084111532146, 0.3411759249696511, 0.342787213683581, 0.34585502134204604, 0.34748012261254735, 0.36004022185589857, 0.36758552846259107, 0.375197772072715, 0.3823188374118914, 0.3902307263573588, 0.3938501824469164, 0.3969755078275863, 0.404723626147126, 0.404723626147126, 0.41088305409133713, 0.41280467016868455, 0.417972565870651, 0.42047566154114363, 0.4307974930626215, 0.4376914665320927, 0.4376914665320927, 0.4399724073232667, 0.4399724073232667, 0.44490486582402167, 0.4486313605303147, 0.4486313605303147, 0.45419790722903347, 0.45419790722903347, 0.45419790722903347, 0.45419790722903347, 0.45419790722903347, 0.45419790722903347, 0.45419790722903347, 0.46216240397006514, 0.46216240397006514, 0.4669224618908352, 0.47156009548178246, 0.47156009548178246, 0.47156009548178246, 0.47156009548178246, 0.47156009548178246, 0.47156009548178246, 0.4770807581002289, 0.4770807581002289, 0.4770807581002289, 0.49361290077000547, 0.49361290077000547, 0.49361290077000547, 0.499315158134522, 0.499315158134522, 0.499315158134522, 0.499315158134522, 0.499315158134522, 0.5058820704605944, 0.5058820704605944, 0.5058820704605944, 0.5058820704605944, 0.5058820704605944, 0.5058820704605944, 0.5058820704605944, 0.5058820704605944, 0.5058820704605944, 0.5058820704605944, 0.5058820704605944, 0.5058820704605944]
Training raw path: /home/anhnd/DTI Project/Codes/MPNN/data/KFold/ATCInchikeySideEffectByDrug.txt_train_3
('Number of substructures, proteins, pathways, drugs, se: ', 888, 1448, 330, 969, 598)
Train: 0.9088 0.7403
Test: 0.7302 0.4222
[0.6401073577447878, 0.6475260547935806, 0.6278115609426647, 0.6220260167504021, 0.6230471216242233, 0.6202587351764085, 0.6201770571198499, 0.6240754906063182, 0.6274165823189544, 0.6296609183550468, 0.6303086901690431, 0.6313560542915049, 0.6351487500592725, 0.6372333047359156, 0.6376140400679309, 0.6388238279925168, 0.6399503404719873, 0.641342182749423, 0.641436050915106, 0.6435142964019626, 0.646437599211747, 0.6494066903214213, 0.651375742245986, 0.6538586324430125, 0.65422279669478, 0.6546252037108491, 0.6574264588241492, 0.6589496176960885, 0.6614953623423001, 0.6625027131793937, 0.6661778913284422, 0.6681540188103401, 0.6686311131828455, 0.6700324678423384, 0.6705870213341243, 0.6749471143853589, 0.6772576248767944, 0.6800678535165319, 0.6823258540634674, 0.6857370442980748, 0.6868775696745041, 0.6876900121972431, 0.6911677905099575, 0.6911677905099575, 0.6929135481066441, 0.6940113147792768, 0.6960064662796362, 0.6972290223945565, 0.701243927340458, 0.7046789109296421, 0.7046789109296421, 0.7057527348171997, 0.7057527348171997, 0.7080136180338834, 0.7092924135149932, 0.7092924135149932, 0.7119483931438598, 0.7119483931438598, 0.7119483931438598, 0.7119483931438598, 0.7119483931438598, 0.7119483931438598, 0.7119483931438598, 0.7150068881714182, 0.7150068881714182, 0.7166418930231662, 0.7183094943108709, 0.7183094943108709, 0.7183094943108709, 0.7183094943108709, 0.7183094943108709, 0.7183094943108709, 0.720179080410847, 0.720179080410847, 0.720179080410847, 0.726071277920052, 0.726071277920052, 0.726071277920052, 0.7281237215509253, 0.7281237215509253, 0.7281237215509253, 0.7281237215509253, 0.7281237215509253, 0.73020654613469, 0.73020654613469, 0.73020654613469, 0.73020654613469, 0.73020654613469, 0.73020654613469, 0.73020654613469, 0.73020654613469, 0.73020654613469, 0.73020654613469, 0.73020654613469, 0.73020654613469]
[0.10034542024806531, 0.1135522293387663, 0.11043277983828392, 0.11346856945612371, 0.1212026250257566, 0.12570877879295778, 0.1339714835045776, 0.14554367059762427, 0.15355491916038527, 0.16156608018137114, 0.1644608178475343, 0.1700306450170689, 0.18126397466899496, 0.18837845184777763, 0.19113862979278623, 0.19478657256312576, 0.2000017769512304, 0.20283579812605515, 0.20487703205385943, 0.2106127080020046, 0.21811101945012495, 0.22415552664106508, 0.2307029899048128, 0.2365914661545847, 0.23925492751043353, 0.2404883102586405, 0.247067758071228, 0.2512248522097894, 0.2566864180053602, 0.2584624302568931, 0.2659929769029509, 0.26927617286778727, 0.2701276731021274, 0.27249701021762696, 0.27343119530690047, 0.2829012754083859, 0.28830187443686506, 0.2950007109059313, 0.30053478694692387, 0.308931912139843, 0.31128291731182856, 0.31312698319270427, 0.3205136696114662, 0.3205136696114662, 0.32437983875321863, 0.32636280882535007, 0.3312513406779608, 0.33387720694752826, 0.342851752416413, 0.35123755192317657, 0.35123755192317657, 0.35362129941924614, 0.35362129941924614, 0.3594232056573467, 0.3624728398960203, 0.3624728398960203, 0.3689204227549304, 0.3689204227549304, 0.3689204227549304, 0.3689204227549304, 0.3689204227549304, 0.3689204227549304, 0.3689204227549304, 0.3769052385273096, 0.3769052385273096, 0.3813071110146786, 0.3860976177151415, 0.3860976177151415, 0.3860976177151415, 0.3860976177151415, 0.3860976177151415, 0.3860976177151415, 0.39173174833851465, 0.39173174833851465, 0.39173174833851465, 0.40926726429907084, 0.40926726429907084, 0.40926726429907084, 0.4154822088717825, 0.4154822088717825, 0.4154822088717825, 0.4154822088717825, 0.4154822088717825, 0.4221994593354596, 0.4221994593354596, 0.4221994593354596, 0.4221994593354596, 0.4221994593354596, 0.4221994593354596, 0.4221994593354596, 0.4221994593354596, 0.4221994593354596, 0.4221994593354596, 0.4221994593354596, 0.4221994593354596]
Training raw path: /home/anhnd/DTI Project/Codes/MPNN/data/KFold/ATCInchikeySideEffectByDrug.txt_train_4
('Number of substructures, proteins, pathways, drugs, se: ', 888, 1448, 330, 969, 598)
Train: 0.9059 0.7370
Test: 0.7455 0.4472
[0.6491209748792128, 0.6366558223000127, 0.6391853615277808, 0.633560507214034, 0.6372781581461585, 0.6347816593116076, 0.634727225325731, 0.6359979467791343, 0.6379085849844996, 0.6381764733027094, 0.6380052791506895, 0.6403463887245638, 0.6451671170187485, 0.6471862024900795, 0.6472408787744999, 0.6499667211104391, 0.6500178004368313, 0.6521671102015373, 0.6534739653211649, 0.655069367359995, 0.6577089822854698, 0.6598322577561986, 0.6626379898596156, 0.6654221862109273, 0.6680808425235703, 0.6682806846490681, 0.6709460837723946, 0.673099447628468, 0.6754390687887567, 0.6766769539800414, 0.6788841732772506, 0.6808951640338062, 0.6815019518484267, 0.6832506728986485, 0.684365901633198, 0.6897556836173624, 0.6919867324411847, 0.6944123149610977, 0.6968913070808902, 0.7001667081766576, 0.7018617433527929, 0.7026849947774677, 0.7058740786011073, 0.7058740786011073, 0.7077216414239131, 0.7086625806525702, 0.7108003079929744, 0.7117831605677609, 0.7161544482928556, 0.7192267951640183, 0.7192267951640183, 0.7203817779576953, 0.7203817779576953, 0.7225474643698413, 0.7236246505931563, 0.7236246505931563, 0.7262446548132057, 0.7262446548132057, 0.7262446548132057, 0.7262446548132057, 0.7262446548132057, 0.7262446548132057, 0.7262446548132057, 0.729424090238068, 0.729424090238068, 0.7310985500577099, 0.7328002149445627, 0.7328002149445627, 0.7328002149445627, 0.7328002149445627, 0.7328002149445627, 0.7328002149445627, 0.7347778997141272, 0.7347778997141272, 0.7347778997141272, 0.741220599626565, 0.741220599626565, 0.741220599626565, 0.7432835903299375, 0.7432835903299375, 0.7432835903299375, 0.7432835903299375, 0.7432835903299375, 0.745480874362563, 0.745480874362563, 0.745480874362563, 0.745480874362563, 0.745480874362563, 0.745480874362563, 0.745480874362563, 0.745480874362563, 0.745480874362563, 0.745480874362563, 0.745480874362563, 0.745480874362563]
[0.12376964803251464, 0.1267827107844777, 0.1397540812809049, 0.1479197186394732, 0.14733391999290157, 0.14958735266473433, 0.15628219361506016, 0.16767343757731884, 0.1754403732370561, 0.18168882624785948, 0.18272896918174858, 0.1882543121192619, 0.20015106758412615, 0.20707539291456128, 0.20810827341917598, 0.2144542204824754, 0.21672775739950118, 0.221951778234539, 0.2251783412822692, 0.2321765043367117, 0.2376826540943665, 0.24286472012310203, 0.24763734821959058, 0.25436416615041046, 0.25917930069915296, 0.26008291115820087, 0.2655724603344132, 0.26936065564537937, 0.2753440646311207, 0.2771039725244035, 0.28083592636371274, 0.28477588905789564, 0.28574432594518684, 0.2901251281588304, 0.29231339972109843, 0.3029911016703436, 0.3078212636905025, 0.3135667137758614, 0.31808688876335106, 0.32405747542555585, 0.32737177186924704, 0.3287557876744496, 0.33692284906446335, 0.33692284906446335, 0.3412499271486441, 0.34396531357895543, 0.34875332704897477, 0.35134443811588223, 0.3616001292946571, 0.3671312298757372, 0.3671312298757372, 0.36965243026072836, 0.36965243026072836, 0.37433333719351536, 0.37705543224673366, 0.37705543224673366, 0.382991013512857, 0.382991013512857, 0.382991013512857, 0.382991013512857, 0.382991013512857, 0.382991013512857, 0.382991013512857, 0.3921336709200892, 0.3921336709200892, 0.39673591738889524, 0.4024159437583976, 0.4024159437583976, 0.4024159437583976, 0.4024159437583976, 0.4024159437583976, 0.4024159437583976, 0.40890930023773, 0.40890930023773, 0.40890930023773, 0.43199032253538844, 0.43199032253538844, 0.43199032253538844, 0.4389381433510082, 0.4389381433510082, 0.4389381433510082, 0.4389381433510082, 0.4389381433510082, 0.44715594495066735, 0.44715594495066735, 0.44715594495066735, 0.44715594495066735, 0.44715594495066735, 0.44715594495066735, 0.44715594495066735, 0.44715594495066735, 0.44715594495066735, 0.44715594495066735, 0.44715594495066735, 0.44715594495066735]
Training raw path: /home/anhnd/DTI Project/Codes/MPNN/data/KFold/ATCInchikeySideEffectByDrug.txt_train_5
('Number of substructures, proteins, pathways, drugs, se: ', 888, 1448, 330, 969, 598)
Train: 0.9049 0.7340
Test: 0.7580 0.4127
[0.6204407064424141, 0.6318183023702871, 0.6270483510359516, 0.6284379140504186, 0.6301425422437544, 0.6311118171246708, 0.6368091573847329, 0.6383978196814295, 0.6415443445765819, 0.642376911156314, 0.6444433982564558, 0.6474184206925304, 0.6539202869599593, 0.6583760830911111, 0.6597527430410113, 0.6610980151900998, 0.6631154890499105, 0.6662568211033251, 0.6667045009940422, 0.6700286244757108, 0.6733049212625541, 0.6766426166970847, 0.6802442674271523, 0.6831768742325895, 0.6864441417614409, 0.6868508484911482, 0.6897401596514816, 0.6925372805382459, 0.6942422486805336, 0.6959189953844471, 0.6987659407371873, 0.7006722504202494, 0.7009376157276875, 0.7018324941627441, 0.7022439627366452, 0.7069401725170966, 0.7090147152628481, 0.711853243577357, 0.7138666395905544, 0.7166022446363209, 0.7178958752737614, 0.7184155126267915, 0.7215805706605646, 0.7215805706605646, 0.7234674449715287, 0.7241604250956561, 0.7258326618032828, 0.7266531302055323, 0.7309127094036452, 0.7338384809459744, 0.7338384809459744, 0.734714603642221, 0.734714603642221, 0.7371684210068891, 0.7382782658061345, 0.7382782658061345, 0.7411856860556052, 0.7411856860556052, 0.7411856860556052, 0.7411856860556052, 0.7411856860556052, 0.7411856860556052, 0.7411856860556052, 0.7439247045566286, 0.7439247045566286, 0.7451886606505164, 0.7469429555315168, 0.7469429555315168, 0.7469429555315168, 0.7469429555315168, 0.7469429555315168, 0.7469429555315168, 0.748955674354911, 0.748955674354911, 0.748955674354911, 0.7542890708254765, 0.7542890708254765, 0.7542890708254765, 0.7561145376004049, 0.7561145376004049, 0.7561145376004049, 0.7561145376004049, 0.7561145376004049, 0.7580458199794361, 0.7580458199794361, 0.7580458199794361, 0.7580458199794361, 0.7580458199794361, 0.7580458199794361, 0.7580458199794361, 0.7580458199794361, 0.7580458199794361, 0.7580458199794361, 0.7580458199794361, 0.7580458199794361]
[0.08226194400490551, 0.10515867737397658, 0.10516888309923297, 0.10695560593074793, 0.11252366437401283, 0.1167547567089112, 0.1227177352486017, 0.12664859585629454, 0.13401481928196118, 0.13904662534386453, 0.14218559854405746, 0.14751306512374984, 0.1572251326949296, 0.16351630453530588, 0.16536907860722228, 0.16945404886845628, 0.17317103625137156, 0.18048103710879565, 0.18216943536528696, 0.19073443860299866, 0.19904058017429718, 0.20403551110812915, 0.21153098469926515, 0.21788828534427823, 0.2227619234310101, 0.2238735817644682, 0.2299239998084895, 0.2365002455623443, 0.24106236458880803, 0.24461784300523767, 0.25005892630945487, 0.254323031253063, 0.2547245209376834, 0.25662206391933196, 0.2573262434379908, 0.2690244571879465, 0.274406550362165, 0.2816495723239953, 0.28607374274277564, 0.293100617613724, 0.2959513539075106, 0.2974820630126547, 0.3053663582970094, 0.3053663582970094, 0.3102469256303371, 0.3118577383203494, 0.3159460290374966, 0.31841577618115924, 0.32943035538709003, 0.3369470017907259, 0.3369470017907259, 0.33895570716933565, 0.33895570716933565, 0.3460404215848444, 0.3493535452065993, 0.3493535452065993, 0.3577657052749262, 0.3577657052749262, 0.3577657052749262, 0.3577657052749262, 0.3577657052749262, 0.3577657052749262, 0.3577657052749262, 0.36548535728303805, 0.36548535728303805, 0.3691130303861856, 0.37489212188761534, 0.37489212188761534, 0.37489212188761534, 0.37489212188761534, 0.37489212188761534, 0.37489212188761534, 0.3814394356513662, 0.3814394356513662, 0.3814394356513662, 0.399750545739578, 0.399750545739578, 0.399750545739578, 0.4057056352807438, 0.4057056352807438, 0.4057056352807438, 0.4057056352807438, 0.4057056352807438, 0.41265639039639185, 0.41265639039639185, 0.41265639039639185, 0.41265639039639185, 0.41265639039639185, 0.41265639039639185, 0.41265639039639185, 0.41265639039639185, 0.41265639039639185, 0.41265639039639185, 0.41265639039639185, 0.41265639039639185]
Training raw path: /home/anhnd/DTI Project/Codes/MPNN/data/KFold/ATCInchikeySideEffectByDrug.txt_train_6
('Number of substructures, proteins, pathways, drugs, se: ', 888, 1448, 330, 969, 598)
Train: 0.9028 0.7275
Test: 0.7499 0.4187
[0.6331104556460488, 0.6485987962546476, 0.6494087763718202, 0.6464309836515498, 0.6441933630098511, 0.6420138113272682, 0.6420714020221162, 0.6441002621255116, 0.6456774266184999, 0.6488131430718326, 0.6496285468762791, 0.6513370010211814, 0.6557736287887561, 0.6587142454273369, 0.6589966590905103, 0.6595266571911516, 0.6601194119087561, 0.6607056900611429, 0.6617871726152249, 0.6646764987368715, 0.6676475409643541, 0.6701944915518386, 0.6717949349893784, 0.6737401702145313, 0.6746995430638035, 0.6751629513478099, 0.6768765216919934, 0.6788665634201609, 0.6817613192673231, 0.6829668194187526, 0.6870285048372138, 0.6885948653116085, 0.6893996064977166, 0.6911158910084464, 0.6913956489884334, 0.6950350914080679, 0.6976870181431585, 0.7001017603358514, 0.7019270772646017, 0.7052529748006422, 0.706547402732097, 0.7073828537478202, 0.7109008370412999, 0.7109008370412999, 0.7130821527233113, 0.7140297781177201, 0.715562957362388, 0.7167875100051626, 0.7212328934422491, 0.7243461103751094, 0.7243461103751094, 0.725589689619078, 0.725589689619078, 0.727765239101597, 0.7288656655176483, 0.7288656655176483, 0.7314363878101884, 0.7314363878101884, 0.7314363878101884, 0.7314363878101884, 0.7314363878101884, 0.7314363878101884, 0.7314363878101884, 0.7344281341133971, 0.7344281341133971, 0.735777708834185, 0.7377213891936723, 0.7377213891936723, 0.7377213891936723, 0.7377213891936723, 0.7377213891936723, 0.7377213891936723, 0.739570464907939, 0.739570464907939, 0.739570464907939, 0.7457418608962002, 0.7457418608962002, 0.7457418608962002, 0.7475261260460099, 0.7475261260460099, 0.7475261260460099, 0.7475261260460099, 0.7475261260460099, 0.7498689664330209, 0.7498689664330209, 0.7498689664330209, 0.7498689664330209, 0.7498689664330209, 0.7498689664330209, 0.7498689664330209, 0.7498689664330209, 0.7498689664330209, 0.7498689664330209, 0.7498689664330209, 0.7498689664330209]
[0.0892777117043069, 0.1070317292572148, 0.11571117069389843, 0.11056683159656988, 0.11176835339850351, 0.11542872799892068, 0.12244159474535063, 0.13039338002599282, 0.13561175148644533, 0.14208397108288773, 0.14682070939456435, 0.15147879768745426, 0.16147878950210448, 0.1664876194781174, 0.16843627636499028, 0.17144671675679643, 0.17637422278553916, 0.17853242885654397, 0.18113735842957523, 0.18935139848737567, 0.19643731804698253, 0.20362776834319368, 0.20993545875001718, 0.21484237424445446, 0.21974181217634475, 0.22122259213352097, 0.2253213899844533, 0.22975768409659303, 0.237225270168021, 0.24011248700528617, 0.24884448881997817, 0.25225658785200733, 0.2536193815013542, 0.25856090902646695, 0.25896437613078516, 0.2677800266213976, 0.27381387683923974, 0.2809714857203693, 0.28617211608038695, 0.2943320726100625, 0.2965932561329529, 0.2988071048994406, 0.30725482287611006, 0.30725482287611006, 0.31303820040960806, 0.31455117784410547, 0.3179677987020242, 0.32102263283722016, 0.33233614161608516, 0.3414870897621912, 0.3414870897621912, 0.3442045995114482, 0.3442045995114482, 0.34987750576414467, 0.3525189338516214, 0.3525189338516214, 0.3596127633610853, 0.3596127633610853, 0.3596127633610853, 0.3596127633610853, 0.3596127633610853, 0.3596127633610853, 0.3596127633610853, 0.368530073730165, 0.368530073730165, 0.37224854741093805, 0.37809473728444165, 0.37809473728444165, 0.37809473728444165, 0.37809473728444165, 0.37809473728444165, 0.37809473728444165, 0.38374886696764987, 0.38374886696764987, 0.38374886696764987, 0.40449618164563794, 0.40449618164563794, 0.40449618164563794, 0.410309872869952, 0.410309872869952, 0.410309872869952, 0.410309872869952, 0.410309872869952, 0.4186971297321044, 0.4186971297321044, 0.4186971297321044, 0.4186971297321044, 0.4186971297321044, 0.4186971297321044, 0.4186971297321044, 0.4186971297321044, 0.4186971297321044, 0.4186971297321044, 0.4186971297321044, 0.4186971297321044]
Training raw path: /home/anhnd/DTI Project/Codes/MPNN/data/KFold/ATCInchikeySideEffectByDrug.txt_train_7
('Number of substructures, proteins, pathways, drugs, se: ', 888, 1448, 330, 969, 598)
Train: 0.9039 0.7309
Test: 0.7647 0.4676
[0.6251073459354876, 0.6418815839677581, 0.6416990072443687, 0.6489830234667351, 0.6551387751027334, 0.6570793178946315, 0.656310296988895, 0.6602684062154222, 0.6615130967379361, 0.663234199197912, 0.6618924065545256, 0.6642191430654358, 0.6668683456866454, 0.6698761898603882, 0.6699972530771924, 0.671409530293485, 0.672567644967712, 0.6749432929399599, 0.6755241081872362, 0.6776982356723272, 0.6802499561370523, 0.6833275653268003, 0.6856665403089427, 0.6885724253231187, 0.6904954207291876, 0.6904555718338596, 0.6922573229596309, 0.6940684689214025, 0.6959288563856297, 0.6967414552570577, 0.700293025221951, 0.7019065901418843, 0.7027457930854084, 0.7034319405686693, 0.7040605580614013, 0.7082418996373845, 0.7110995468995511, 0.7138943488768188, 0.7165904467475994, 0.7198182465052416, 0.7215003481770067, 0.7224078790005112, 0.7257542146546321, 0.7257542146546321, 0.7276738000655442, 0.7287055593720371, 0.7310105571084388, 0.732161450558058, 0.7368898190166304, 0.7400855154204904, 0.7400855154204904, 0.7412054950096698, 0.7412054950096698, 0.7436036319192725, 0.74471498045596, 0.74471498045596, 0.7472129178003148, 0.7472129178003148, 0.7472129178003148, 0.7472129178003148, 0.7472129178003148, 0.7472129178003148, 0.7472129178003148, 0.7503613540652484, 0.7503613540652484, 0.7519352885966499, 0.753424878471734, 0.753424878471734, 0.753424878471734, 0.753424878471734, 0.753424878471734, 0.753424878471734, 0.7550976707604415, 0.7550976707604415, 0.7550976707604415, 0.7607915420411177, 0.7607915420411177, 0.7607915420411177, 0.7626570294872592, 0.7626570294872592, 0.7626570294872592, 0.7626570294872592, 0.7626570294872592, 0.7646835500812654, 0.7646835500812654, 0.7646835500812654, 0.7646835500812654, 0.7646835500812654, 0.7646835500812654, 0.7646835500812654, 0.7646835500812654, 0.7646835500812654, 0.7646835500812654, 0.7646835500812654, 0.7646835500812654]
[0.14582269197649944, 0.16302384915461504, 0.1643290752358416, 0.17296531662180753, 0.18030740331384348, 0.17975429222238087, 0.17981591580442127, 0.18868659260202297, 0.19422546714890257, 0.1984194242183016, 0.19623428690458947, 0.19937489712553758, 0.20609501760754234, 0.21200194453774204, 0.21301517462333716, 0.21742442983791743, 0.2213564138242166, 0.22611688614946926, 0.22696933614988551, 0.23238108156872672, 0.2399980776126327, 0.2475759093198101, 0.25524972765498, 0.26435956391205157, 0.2674801820898859, 0.26754919725866344, 0.27239216342611133, 0.2765191281639263, 0.2805571533228945, 0.2819998864758245, 0.2894387758926561, 0.2922895700389137, 0.29416680998905753, 0.2962489264951255, 0.29740494756259095, 0.30818897517426913, 0.31460910663065955, 0.32056212599089245, 0.32629092994755, 0.3340420916657592, 0.3379754671587408, 0.34001220043408587, 0.3478961632152321, 0.3478961632152321, 0.35324541098346707, 0.3555719554306967, 0.36188598412168604, 0.365062123862003, 0.37751106073181606, 0.38590464294069626, 0.38590464294069626, 0.38834095090943654, 0.38834095090943654, 0.39521058029967926, 0.39777968506034384, 0.39777968506034384, 0.40495890630037007, 0.40495890630037007, 0.40495890630037007, 0.40495890630037007, 0.40495890630037007, 0.40495890630037007, 0.40495890630037007, 0.41562838141976677, 0.41562838141976677, 0.4204563984867578, 0.4254217975618314, 0.4254217975618314, 0.4254217975618314, 0.4254217975618314, 0.4254217975618314, 0.4254217975618314, 0.4316811832212569, 0.4316811832212569, 0.4316811832212569, 0.4523215201373388, 0.4523215201373388, 0.4523215201373388, 0.45946044594862756, 0.45946044594862756, 0.45946044594862756, 0.45946044594862756, 0.45946044594862756, 0.46758989205983215, 0.46758989205983215, 0.46758989205983215, 0.46758989205983215, 0.46758989205983215, 0.46758989205983215, 0.46758989205983215, 0.46758989205983215, 0.46758989205983215, 0.46758989205983215, 0.46758989205983215, 0.46758989205983215]
Training raw path: /home/anhnd/DTI Project/Codes/MPNN/data/KFold/ATCInchikeySideEffectByDrug.txt_train_8
('Number of substructures, proteins, pathways, drugs, se: ', 888, 1448, 330, 969, 598)
Train: 0.8983 0.7175
Test: 0.7456 0.4037
[0.6143745916880244, 0.6145546945462309, 0.6211192449019128, 0.6157123776149168, 0.6118454021264782, 0.6147929415584631, 0.6150520760069582, 0.6163266403906825, 0.6166954222154221, 0.6196923975561747, 0.6200344171293207, 0.6225622433667907, 0.6252329963756843, 0.627788847430761, 0.6293057491094955, 0.631600440195182, 0.633243642352413, 0.6369484272633932, 0.6386235646896601, 0.642659964419482, 0.646001052655572, 0.6502961643821535, 0.6536904120369579, 0.6570758081330337, 0.6595023088840619, 0.6597704970446494, 0.6625990968195159, 0.6655589832262502, 0.6683782241249607, 0.6690457396568692, 0.6735236229459192, 0.6757800878248341, 0.6764680064901796, 0.6787914109897341, 0.6800455915205736, 0.6850374439342162, 0.6878139557325431, 0.6906726592927122, 0.6930493403143915, 0.696503359575777, 0.6989805203856359, 0.6994787593165113, 0.7031644261360119, 0.7031644261360119, 0.7051331502955486, 0.7064272434843244, 0.7082187986377695, 0.7093518264657844, 0.7141626844759681, 0.7181501522978659, 0.7181501522978659, 0.7191563240162338, 0.7191563240162338, 0.7218715518790151, 0.7232669944680484, 0.7232669944680484, 0.7260691298766535, 0.7260691298766535, 0.7260691298766535, 0.7260691298766535, 0.7260691298766535, 0.7260691298766535, 0.7260691298766535, 0.729388969197448, 0.729388969197448, 0.7309804840296177, 0.7327299273325014, 0.7327299273325014, 0.7327299273325014, 0.7327299273325014, 0.7327299273325014, 0.7327299273325014, 0.7345658197913387, 0.7345658197913387, 0.7345658197913387, 0.7410426914237589, 0.7410426914237589, 0.7410426914237589, 0.7431939813514985, 0.7431939813514985, 0.7431939813514985, 0.7431939813514985, 0.7431939813514985, 0.7455920121901767, 0.7455920121901767, 0.7455920121901767, 0.7455920121901767, 0.7455920121901767, 0.7455920121901767, 0.7455920121901767, 0.7455920121901767, 0.7455920121901767, 0.7455920121901767, 0.7455920121901767, 0.7455920121901767]
[0.07340295885481396, 0.08594618698554665, 0.09279107856204477, 0.09520872488556886, 0.09857891078209963, 0.1054205081185538, 0.1092514552062751, 0.11339034908972015, 0.11653737745021392, 0.12232993848366211, 0.12494205310488561, 0.12789162465581969, 0.1351998057233512, 0.13997029212351814, 0.14244717963150244, 0.14582661730250762, 0.1483408846850976, 0.15366234479217106, 0.156150231210012, 0.16115119828179142, 0.1681389924861359, 0.17627695196037907, 0.18257973646613423, 0.18783419701911405, 0.193493494207725, 0.19406107669593176, 0.19910083808488738, 0.2044341912768305, 0.2091797069390573, 0.2103385387206548, 0.218536734131892, 0.22254856370842813, 0.22376853423563547, 0.22899278959823471, 0.23164659143067173, 0.24258256477505258, 0.24794711077625514, 0.25563001790194, 0.2626098130496947, 0.27065164770121797, 0.2764161008352463, 0.277359163489436, 0.2855891834676256, 0.2855891834676256, 0.2894970802386704, 0.29224422446758536, 0.2974714780152152, 0.300003840732095, 0.31070007537302624, 0.32068451970114886, 0.32068451970114886, 0.3237756877196035, 0.3237756877196035, 0.33089771255437816, 0.33500308902813164, 0.33500308902813164, 0.3420810327560364, 0.3420810327560364, 0.3420810327560364, 0.3420810327560364, 0.3420810327560364, 0.3420810327560364, 0.3420810327560364, 0.3515312192358534, 0.3515312192358534, 0.3560152103988037, 0.3614745159016303, 0.3614745159016303, 0.3614745159016303, 0.3614745159016303, 0.3614745159016303, 0.3614745159016303, 0.3672448059567306, 0.3672448059567306, 0.3672448059567306, 0.3883821536093927, 0.3883821536093927, 0.3883821536093927, 0.39531202600978566, 0.39531202600978566, 0.39531202600978566, 0.39531202600978566, 0.39531202600978566, 0.4036770039760675, 0.4036770039760675, 0.4036770039760675, 0.4036770039760675, 0.4036770039760675, 0.4036770039760675, 0.4036770039760675, 0.4036770039760675, 0.4036770039760675, 0.4036770039760675, 0.4036770039760675, 0.4036770039760675]
Training raw path: /home/anhnd/DTI Project/Codes/MPNN/data/KFold/ATCInchikeySideEffectByDrug.txt_train_9
('Number of substructures, proteins, pathways, drugs, se: ', 888, 1448, 330, 969, 598)
Train: 0.9060 0.7341
Test: 0.7298 0.4092
[0.5775408472298584, 0.5955575267188785, 0.5949507730153953, 0.5868969445329126, 0.5922421495198515, 0.5913124495084229, 0.5939848103399635, 0.5984005098480223, 0.60328118085186, 0.60582647679787, 0.6085834694372464, 0.6099978310145846, 0.6159140476583291, 0.6186206535956098, 0.6200593369549553, 0.6233377066751441, 0.6253203326755943, 0.6282869197175117, 0.6292537444087931, 0.6332862389149327, 0.637606146307401, 0.6411807381972856, 0.6448868048419991, 0.6489252208801517, 0.6503405701572611, 0.650882264768373, 0.6537188476284291, 0.6560470221025121, 0.6589353211808557, 0.660571871934788, 0.6647442728511895, 0.6664585256202881, 0.6671506655378119, 0.6690200017082808, 0.6701234579055432, 0.6747213257377076, 0.6770331149694974, 0.6803728070686912, 0.6828343480575338, 0.6865589049536261, 0.6884603462465676, 0.6890877383382649, 0.6924515434292625, 0.6924515434292625, 0.6945418287532832, 0.6953020281452863, 0.6975526623181965, 0.6984735412833517, 0.7025161370054758, 0.7053518556388496, 0.7053518556388496, 0.7063109694452623, 0.7063109694452623, 0.7087352806107159, 0.7099072901031833, 0.7099072901031833, 0.7124405501433324, 0.7124405501433324, 0.7124405501433324, 0.7124405501433324, 0.7124405501433324, 0.7124405501433324, 0.7124405501433324, 0.715353044837412, 0.715353044837412, 0.7170227445464096, 0.7186079592801157, 0.7186079592801157, 0.7186079592801157, 0.7186079592801157, 0.7186079592801157, 0.7186079592801157, 0.7203286493111877, 0.7203286493111877, 0.7203286493111877, 0.7258187866750135, 0.7258187866750135, 0.7258187866750135, 0.7277846186383282, 0.7277846186383282, 0.7277846186383282, 0.7277846186383282, 0.7277846186383282, 0.7298115165583765, 0.7298115165583765, 0.7298115165583765, 0.7298115165583765, 0.7298115165583765, 0.7298115165583765, 0.7298115165583765, 0.7298115165583765, 0.7298115165583765, 0.7298115165583765, 0.7298115165583765, 0.7298115165583765]
[0.07671584461703368, 0.09462758820799161, 0.10203406639945223, 0.10382332118454995, 0.11296879948910611, 0.11580049718327759, 0.12091860252226992, 0.1265494700541546, 0.132800759612753, 0.1376141929903671, 0.141798326442499, 0.14566379925583495, 0.1539861989015031, 0.1603552199422612, 0.1631791174458401, 0.16918918834612828, 0.17274080797231417, 0.17697980738622587, 0.17883141306349631, 0.1848560658671482, 0.1917037846991932, 0.1982719422072265, 0.20600793319161237, 0.21308071994923672, 0.21713064130782006, 0.2180463064826995, 0.22341087153703065, 0.22848556834723513, 0.2337848038676397, 0.2371880702676563, 0.2451431712768335, 0.24813448039723174, 0.2494467363663565, 0.2535093618888679, 0.25582848020275956, 0.2645914591839152, 0.2690664735311641, 0.2762314883822765, 0.2810346588896614, 0.2894458665732341, 0.293885697582696, 0.2951992079253339, 0.3030755526775113, 0.3030755526775113, 0.3085412441272233, 0.3102983153135996, 0.3160371306693473, 0.31818382328470124, 0.3282886514761047, 0.3359741229688251, 0.3359741229688251, 0.3381496496646215, 0.3381496496646215, 0.34517479404596224, 0.3482498016435454, 0.3482498016435454, 0.3553486669187792, 0.3553486669187792, 0.3553486669187792, 0.3553486669187792, 0.3553486669187792, 0.3553486669187792, 0.3553486669187792, 0.36388401305078305, 0.36388401305078305, 0.3685391245959896, 0.37315289098697646, 0.37315289098697646, 0.37315289098697646, 0.37315289098697646, 0.37315289098697646, 0.37315289098697646, 0.37867191167103686, 0.37867191167103686, 0.37867191167103686, 0.39561559714027295, 0.39561559714027295, 0.39561559714027295, 0.4021960948146272, 0.4021960948146272, 0.4021960948146272, 0.4021960948146272, 0.4021960948146272, 0.4091790756140147, 0.4091790756140147, 0.4091790756140147, 0.4091790756140147, 0.4091790756140147, 0.4091790756140147, 0.4091790756140147, 0.4091790756140147, 0.4091790756140147, 0.4091790756140147, 0.4091790756140147, 0.4091790756140147]
AUC: 0.7471 0.0036
AUPR: 0.4372 0.0095
('RARE AUC', [(0.6231413860316438, 0.00837577295200606), (0.6306720965123749, 0.007582924263227134), (0.6285240537842887, 0.00773113930999963), (0.626976697055891, 0.007597982549439423), (0.6284062199282243, 0.007473144551374283), (0.6279543985080474, 0.007383015142531009), (0.6296152212535975, 0.0072001445728362935), (0.6319201481293899, 0.007279267635940765), (0.6337804967502153, 0.006984695585031723), (0.6355324945339035, 0.006895687015111679), (0.6358478525080706, 0.006713318745128222), (0.6380550359066183, 0.006633597543225093), (0.6421719057528241, 0.006416145173877841), (0.6449988154371005, 0.00632542475155434), (0.6457844227420324, 0.00616409676406406), (0.6478017494401629, 0.006019238672364911), (0.6490727611662257, 0.006064060554135683), (0.651260177312427, 0.005847217712635745), (0.652245022304856, 0.00575451038225647), (0.6555362181962494, 0.005615023240414029), (0.658807425097218, 0.0055603014599907045), (0.661944656672184, 0.0054283662961860085), (0.6647116533333821, 0.005314955319339327), (0.6677509274439686, 0.005206701099469102), (0.6697957569471608, 0.00527364627964918), (0.670147961008484, 0.005246596975457799), (0.6725301542998438, 0.005166434933169112), (0.674887509978795, 0.005119953725563983), (0.6775266896878145, 0.004952529097159332), (0.6787227670020789, 0.00491517465750667), (0.6823145941589648, 0.004740638843324779), (0.6843103257953234, 0.004661266326273418), (0.6849938060467553, 0.004640279098853518), (0.6865226055910204, 0.004504370182173489), (0.687304369702278, 0.0044462015155219674), (0.692058074772331, 0.004385823232213687), (0.6945531468327564, 0.004401930035606947), (0.6974401576548137, 0.004301890735721957), (0.6997377078900501, 0.004269338656803772), (0.7030823354567796, 0.004159445481129784), (0.7047044585621147, 0.004109929858707727), (0.7055257497520058, 0.004114061772314136), (0.7089090600830159, 0.0040305984194271205), (0.7089090600830159, 0.0040305984194271205), (0.7108260327505824, 0.004039465924750261), (0.7117740939732206, 0.004018603465231699), (0.7137803193753177, 0.003976948389695369), (0.7148357821563291, 0.003972441136074777), (0.7190812734920657, 0.003962891902014127), (0.7222598752121789, 0.003908439714182645), (0.7222598752121789, 0.003908439714182645), (0.7233005494865621, 0.0038988035838057626), (0.7233005494865621, 0.0038988035838057626), (0.7256289193670348, 0.003861177503752789), (0.726814419853496, 0.0038458952318186778), (0.726814419853496, 0.0038458952318186778), (0.7293438800396006, 0.003811750341637838), (0.7293438800396006, 0.003811750341637838), (0.7293438800396006, 0.003811750341637838), (0.7293438800396006, 0.003811750341637838), (0.7293438800396006, 0.003811750341637838), (0.7293438800396006, 0.003811750341637838), (0.7293438800396006, 0.003811750341637838), (0.7323581358586687, 0.00377544470451697), (0.7323581358586687, 0.00377544470451697), (0.7338847998378739, 0.00375022014184197), (0.7355137075728468, 0.0037389682379040286), (0.7355137075728468, 0.0037389682379040286), (0.7355137075728468, 0.0037389682379040286), (0.7355137075728468, 0.0037389682379040286), (0.7355137075728468, 0.0037389682379040286), (0.7355137075728468, 0.0037389682379040286), (0.7373485145683898, 0.0037231046501430007), (0.7373485145683898, 0.0037231046501430007), (0.7373485145683898, 0.0037231046501430007), (0.7430126092643766, 0.0036660628864350164), (0.7430126092643766, 0.0036660628864350164), (0.7430126092643766, 0.0036660628864350164), (0.7449513117664085, 0.0036327937701747023), (0.7449513117664085, 0.0036327937701747023), (0.7449513117664085, 0.0036327937701747023), (0.7449513117664085, 0.0036327937701747023), (0.7449513117664085, 0.0036327937701747023), (0.7470549623319289, 0.003612603224917179), (0.7470549623319289, 0.003612603224917179), (0.7470549623319289, 0.003612603224917179), (0.7470549623319289, 0.003612603224917179), (0.7470549623319289, 0.003612603224917179), (0.7470549623319289, 0.003612603224917179), (0.7470549623319289, 0.003612603224917179), (0.7470549623319289, 0.003612603224917179), (0.7470549623319289, 0.003612603224917179), (0.7470549623319289, 0.003612603224917179), (0.7470549623319289, 0.003612603224917179), (0.7470549623319289, 0.003612603224917179)])
('RARE AUPR', [(0.10448286344255789, 0.008910045416063345), (0.11929348126547683, 0.008843323747930145), (0.12457628973054882, 0.009214887260974386), (0.12714747029098686, 0.00934394228650395), (0.13196009481663645, 0.009231536818390748), (0.1354342299696209, 0.00897247238388918), (0.14124441780993854, 0.00882214746163117), (0.14869230795388036, 0.009395723061432718), (0.15461305033363482, 0.009447068784732341), (0.15963161229248873, 0.009363733372403312), (0.16170378397287738, 0.009056282412818488), (0.16637377783572999, 0.009115257995423353), (0.17549530433221744, 0.009171565992258561), (0.1817337615492932, 0.009130409957172488), (0.18396271252637303, 0.009089931185500747), (0.18861874718547997, 0.009257345190304812), (0.19206623763709313, 0.00939009963158857), (0.19659884185796178, 0.009346857406579489), (0.1987397369392627, 0.009322113045308606), (0.20642644078133315, 0.009647203747555216), (0.2137416288186947, 0.009796172901880278), (0.220494928609188, 0.009765925122891489), (0.22715164568166815, 0.00979466289573342), (0.23377724590141166, 0.009966442692816177), (0.23872000569151544, 0.010241586621799595), (0.2395917530201576, 0.010227134305793419), (0.24463667530718142, 0.010261888512664548), (0.24987946584287704, 0.010295389767123159), (0.25574784472238704, 0.010296469090377054), (0.2582205886668344, 0.010286496364823343), (0.26561085502154846, 0.010101035941734116), (0.26950176474473025, 0.010065163528203101), (0.2708825693404805, 0.010087964040301767), (0.27470510126120196, 0.009920252733374688), (0.27634281233807034, 0.009880275071962624), (0.2871911264846933, 0.010025994928615414), (0.29281152670623134, 0.01018628173672454), (0.29996518012318435, 0.010098396866326421), (0.3053797238125009, 0.010199389714800092), (0.313477008508171, 0.010144583266400647), (0.3171529292680282, 0.010060061497568247), (0.3191148386396545, 0.010203758117074413), (0.3271417945879186, 0.010130373125519176), (0.3271417945879186, 0.010130373125519176), (0.3320031695384821, 0.01024263108655596), (0.3341477623436602, 0.010237841820868817), (0.33940720260931256, 0.010295370322436194), (0.3420205943051083, 0.010318267785527841), (0.35266529008638725, 0.010298811544894699), (0.36084437895400356, 0.010102319614886278), (0.36084437895400356, 0.010102319614886278), (0.3632516964993536, 0.01008615826124875), (0.3632516964993536, 0.01008615826124875), (0.36952941078801677, 0.009933200314213617), (0.3726845868259859, 0.009920976107062988), (0.3726845868259859, 0.009920976107062988), (0.37949795447977175, 0.009759225220613812), (0.37949795447977175, 0.009759225220613812), (0.37949795447977175, 0.009759225220613812), (0.37949795447977175, 0.009759225220613812), (0.37949795447977175, 0.009759225220613812), (0.37949795447977175, 0.009759225220613812), (0.37949795447977175, 0.009759225220613812), (0.3884343079735998, 0.00974361467058282), (0.3884343079735998, 0.00974361467058282), (0.39283342193159154, 0.00980979290932027), (0.39800072486612337, 0.00974087480628125), (0.39800072486612337, 0.00974087480628125), (0.39800072486612337, 0.00974087480628125), (0.39800072486612337, 0.00974087480628125), (0.39800072486612337, 0.00974087480628125), (0.39800072486612337, 0.00974087480628125), (0.40405938310424433, 0.009722654192776707), (0.40405938310424433, 0.009722654192776707), (0.40405938310424433, 0.009722654192776707), (0.42302754948008514, 0.009559222497234211), (0.42302754948008514, 0.009559222497234211), (0.42302754948008514, 0.009559222497234211), (0.4295809812380618, 0.009531857681839099), (0.4295809812380618, 0.009531857681839099), (0.4295809812380618, 0.009531857681839099), (0.4295809812380618, 0.009531857681839099), (0.4295809812380618, 0.009531857681839099), (0.4372483396771848, 0.009479284505746111), (0.4372483396771848, 0.009479284505746111), (0.4372483396771848, 0.009479284505746111), (0.4372483396771848, 0.009479284505746111), (0.4372483396771848, 0.009479284505746111), (0.4372483396771848, 0.009479284505746111), (0.4372483396771848, 0.009479284505746111), (0.4372483396771848, 0.009479284505746111), (0.4372483396771848, 0.009479284505746111), (0.4372483396771848, 0.009479284505746111), (0.4372483396771848, 0.009479284505746111), (0.4372483396771848, 0.009479284505746111)])
