Default
<models.baselines.omodels.NeuSK object at 0x7fb0f175d690>
('Manual torch seed: ', 1772727637)
('Config: ', 'Protein Test: ', True, 'KNN: ', 2)
('EXT MODE: ', True)
Training raw path: /home/anhnd/DTI Project/Codes/MPNN/data/KFold/ATCInchikeySideEffectByDrug.txt_train_0
('Number of substructures, proteins, pathways, drugs, se: ', 2936, 1448, 330, 969, 598)
((872, 4714), (97, 4714), (872, 598), (97, 598))
('VALIDATE SUM PROTEIN TRAIN: ', 22497.0)
('VALIDATE SUM PROTEIN TEST: ', 2685.0)
Train: 0.9270 0.7850
Test: 0.7724 0.4862
[0.679786086603335, 0.685105855049746, 0.687229577374656, 0.6739877468671646, 0.6710118879863649, 0.6723257254650772, 0.674585971529822, 0.6764050003133224, 0.6773593934508366, 0.6792826091822143, 0.6785672074111427, 0.6797649788595943, 0.6850809362953582, 0.6876500552772531, 0.6883263520305264, 0.6898798694889839, 0.6913776318976842, 0.6921194405226774, 0.6928511180333016, 0.6948385515969758, 0.6977337308462914, 0.7004874347043752, 0.7021831104954414, 0.704422240385018, 0.7068214262703404, 0.7070630959685847, 0.7086123395995608, 0.7106853413388985, 0.7134447475866801, 0.7143606364741069, 0.717665997139704, 0.7193151681091701, 0.7197008300692206, 0.7210456045520388, 0.7217272085727593, 0.725648997500411, 0.7274548512291892, 0.7302954267755144, 0.7322046737402482, 0.7352531786907488, 0.7366054794537471, 0.7374240822820348, 0.740223332167796, 0.740223332167796, 0.741912216385799, 0.7426504937202105, 0.7445135673976597, 0.7454683840317111, 0.7487557884696794, 0.7513313798231985, 0.7513313798231985, 0.7523502369165634, 0.7523502369165634, 0.7544851226094293, 0.7554308135374478, 0.7554308135374478, 0.7573571301711207, 0.7573571301711207, 0.7573571301711207, 0.7573571301711207, 0.7573571301711207, 0.7573571301711207, 0.7573571301711207, 0.7599480043778581, 0.7599480043778581, 0.761281909874636, 0.7625844912944447, 0.7625844912944447, 0.7625844912944447, 0.7625844912944447, 0.7625844912944447, 0.7625844912944447, 0.7641811240062907, 0.7641811240062907, 0.7641811240062907, 0.7688136752393975, 0.7688136752393975, 0.7688136752393975, 0.7705081802084734, 0.7705081802084734, 0.7705081802084734, 0.7705081802084734, 0.7705081802084734, 0.7723542507705616, 0.7723542507705616, 0.7723542507705616, 0.7723542507705616, 0.7723542507705616, 0.7723542507705616, 0.7723542507705616, 0.7723542507705616, 0.7723542507705616, 0.7723542507705616, 0.7723542507705616, 0.7723542507705616]
[0.15824834739391347, 0.1631531014388395, 0.17196809200351865, 0.16925032929418365, 0.17197058806787657, 0.17955870367869164, 0.18733137340138672, 0.19402176537892207, 0.1973800388927111, 0.20112443496427343, 0.20264189883391587, 0.20698461659085807, 0.21806280708476206, 0.2260699017536539, 0.23054333606410804, 0.23667193612493054, 0.2385883925609082, 0.24089729018692957, 0.24336920988933258, 0.2540059338054613, 0.26275332127534223, 0.2688567657434563, 0.27581481106149874, 0.28222228538142236, 0.287945817871802, 0.2884526710925468, 0.292302372436431, 0.29800857352854265, 0.30521317167024464, 0.3074329734888152, 0.31547901085378866, 0.31958410465384485, 0.3207945190389425, 0.3249401205665709, 0.3267076709115643, 0.33890702817436746, 0.3448963663632595, 0.3528511531615953, 0.35802163919653623, 0.36593178893099404, 0.3690681178220922, 0.37182661272983575, 0.3800636908003875, 0.3800636908003875, 0.385188111981898, 0.3875328813411036, 0.3928759805197243, 0.3958032223159845, 0.40619467949911303, 0.4146118326571352, 0.4146118326571352, 0.41749243903341143, 0.41749243903341143, 0.4242462539518911, 0.42689110406506814, 0.42689110406506814, 0.43341380545327135, 0.43341380545327135, 0.43341380545327135, 0.43341380545327135, 0.43341380545327135, 0.43341380545327135, 0.43341380545327135, 0.44167167881352365, 0.44167167881352365, 0.44592621019468476, 0.45060655785410375, 0.45060655785410375, 0.45060655785410375, 0.45060655785410375, 0.45060655785410375, 0.45060655785410375, 0.4566438157961126, 0.4566438157961126, 0.4566438157961126, 0.4728278494588765, 0.4728278494588765, 0.4728278494588765, 0.4790771734813851, 0.4790771734813851, 0.4790771734813851, 0.4790771734813851, 0.4790771734813851, 0.48622782280495686, 0.48622782280495686, 0.48622782280495686, 0.48622782280495686, 0.48622782280495686, 0.48622782280495686, 0.48622782280495686, 0.48622782280495686, 0.48622782280495686, 0.48622782280495686, 0.48622782280495686, 0.48622782280495686]
Training raw path: /home/anhnd/DTI Project/Codes/MPNN/data/KFold/ATCInchikeySideEffectByDrug.txt_train_1
('Number of substructures, proteins, pathways, drugs, se: ', 2936, 1448, 330, 969, 598)
((872, 4714), (97, 4714), (872, 598), (97, 598))
('VALIDATE SUM PROTEIN TRAIN: ', 22668.0)
('VALIDATE SUM PROTEIN TEST: ', 2514.0)
Train: 0.9274 0.7865
Test: 0.7804 0.5056
[0.6574201616148728, 0.6629153562104995, 0.6699141509368806, 0.666258298989294, 0.6678051024132411, 0.6687864732611459, 0.6690172537408264, 0.6686619579256524, 0.6725012175244729, 0.6733460987704258, 0.6726468256548334, 0.6757139011144827, 0.6803765102555753, 0.6841744709883777, 0.6850212542873263, 0.6879610167547968, 0.6889021904975299, 0.6914176420683997, 0.6922778922173826, 0.6957155307194315, 0.6990510644933, 0.7018626220775253, 0.7033349981169938, 0.7061713573934607, 0.7075613989769673, 0.707909592042993, 0.7102172098327602, 0.7123475623422728, 0.7155092586545154, 0.7167307433351467, 0.7204966932682406, 0.7233779665388851, 0.7242030311560886, 0.7257353950141148, 0.726420830583433, 0.7312292804859878, 0.733475024322697, 0.7367595360986448, 0.738834100622122, 0.7422870306424153, 0.7436514580297572, 0.7446520138823791, 0.7476243858817857, 0.7476243858817857, 0.7489818379014731, 0.7498351843399765, 0.7518027741061754, 0.752662377709138, 0.7561979158225632, 0.7590658308331404, 0.7590658308331404, 0.7598268149608874, 0.7598268149608874, 0.7620723037860604, 0.7631817835548939, 0.7631817835548939, 0.7653957814303685, 0.7653957814303685, 0.7653957814303685, 0.7653957814303685, 0.7653957814303685, 0.7653957814303685, 0.7653957814303685, 0.768173515544754, 0.768173515544754, 0.7694136884516038, 0.7706150282886719, 0.7706150282886719, 0.7706150282886719, 0.7706150282886719, 0.7706150282886719, 0.7706150282886719, 0.7723360708008192, 0.7723360708008192, 0.7723360708008192, 0.7767282648185899, 0.7767282648185899, 0.7767282648185899, 0.7785072619569586, 0.7785072619569586, 0.7785072619569586, 0.7785072619569586, 0.7785072619569586, 0.7803522794027563, 0.7803522794027563, 0.7803522794027563, 0.7803522794027563, 0.7803522794027563, 0.7803522794027563, 0.7803522794027563, 0.7803522794027563, 0.7803522794027563, 0.7803522794027563, 0.7803522794027563, 0.7803522794027563]
[0.1231406619867353, 0.14084346640284495, 0.14963065951491417, 0.15604324917123238, 0.16166324630930629, 0.1634216490697261, 0.1687977309740447, 0.17526051691286318, 0.18460618246824298, 0.18816541337399836, 0.18953819038274444, 0.19538023816464695, 0.21041933601232704, 0.21975728194308536, 0.22419943796849345, 0.2305616105875785, 0.23211707078222915, 0.23818244968082813, 0.23925153756971548, 0.24835442707725433, 0.2577373048034075, 0.2659884553341353, 0.2707673649665612, 0.27827225294817215, 0.2815178082748001, 0.28253557090936327, 0.2864433897826901, 0.29106991141721217, 0.29966067340899316, 0.3037307033835315, 0.31374858410038375, 0.32063012452935025, 0.32248560669612203, 0.3281618731322107, 0.3305640477666274, 0.34491422976357167, 0.35001969125544313, 0.3595745035205449, 0.3656421125705945, 0.3761374726942217, 0.38078867427572727, 0.38320066530461006, 0.3916340406944683, 0.3916340406944683, 0.3958617186529646, 0.3987525511125739, 0.405513867404653, 0.40834814759326044, 0.4199090753101212, 0.43036831033053385, 0.43036831033053385, 0.43234340635290436, 0.43234340635290436, 0.4396724238196937, 0.4428273911483448, 0.4428273911483448, 0.4500848212217187, 0.4500848212217187, 0.4500848212217187, 0.4500848212217187, 0.4500848212217187, 0.4500848212217187, 0.4500848212217187, 0.46049570831276015, 0.46049570831276015, 0.4642753159945472, 0.4681921484745108, 0.4681921484745108, 0.4681921484745108, 0.4681921484745108, 0.4681921484745108, 0.4681921484745108, 0.47502273041935117, 0.47502273041935117, 0.47502273041935117, 0.49110900798302853, 0.49110900798302853, 0.49110900798302853, 0.49790699096740443, 0.49790699096740443, 0.49790699096740443, 0.49790699096740443, 0.49790699096740443, 0.50561462973194, 0.50561462973194, 0.50561462973194, 0.50561462973194, 0.50561462973194, 0.50561462973194, 0.50561462973194, 0.50561462973194, 0.50561462973194, 0.50561462973194, 0.50561462973194, 0.50561462973194]
Training raw path: /home/anhnd/DTI Project/Codes/MPNN/data/KFold/ATCInchikeySideEffectByDrug.txt_train_2
('Number of substructures, proteins, pathways, drugs, se: ', 2936, 1448, 330, 969, 598)
((872, 4714), (97, 4714), (872, 598), (97, 598))
('VALIDATE SUM PROTEIN TRAIN: ', 22376.0)
('VALIDATE SUM PROTEIN TEST: ', 2806.0)
Train: 0.9233 0.7746
Test: 0.7983 0.5659
[0.7134686012503352, 0.7252555128975826, 0.7257224755724047, 0.7214423471382211, 0.7217999877199456, 0.7189422313469659, 0.7197158063476621, 0.7212768326128656, 0.7222825692969089, 0.724720099787557, 0.7256792729905157, 0.7262608064993002, 0.7283509516348484, 0.7291278396010626, 0.7298247375017305, 0.7317050373828574, 0.7335393633936319, 0.7345498536211174, 0.7350923547240722, 0.7379155217313554, 0.7400657735311802, 0.7422874398559764, 0.7448002881591564, 0.7472220510900269, 0.748836693155342, 0.7491582288087328, 0.7505050763419605, 0.752464906205506, 0.7540612771953713, 0.7548724494915616, 0.7564224899412431, 0.7577449374658838, 0.7582269948164846, 0.7587157060332044, 0.7592130134795504, 0.7624054226599237, 0.7640915223969098, 0.7659837734638602, 0.7673604053996006, 0.7690877217900312, 0.7701210879633882, 0.7707986283937961, 0.772867706001987, 0.772867706001987, 0.7743895083344964, 0.7749177366518233, 0.7761588904113813, 0.7768919230301576, 0.7796832755847003, 0.7815764673873855, 0.7815764673873855, 0.7822653926887772, 0.7822653926887772, 0.7835223065367706, 0.7844346790964363, 0.7844346790964363, 0.7859187517440145, 0.7859187517440145, 0.7859187517440145, 0.7859187517440145, 0.7859187517440145, 0.7859187517440145, 0.7859187517440145, 0.787969648693329, 0.787969648693329, 0.7891843148747125, 0.7903304028402633, 0.7903304028402633, 0.7903304028402633, 0.7903304028402633, 0.7903304028402633, 0.7903304028402633, 0.7916524374643011, 0.7916524374643011, 0.7916524374643011, 0.7954012533785464, 0.7954012533785464, 0.7954012533785464, 0.7967764013550751, 0.7967764013550751, 0.7967764013550751, 0.7967764013550751, 0.7967764013550751, 0.7982655072516022, 0.7982655072516022, 0.7982655072516022, 0.7982655072516022, 0.7982655072516022, 0.7982655072516022, 0.7982655072516022, 0.7982655072516022, 0.7982655072516022, 0.7982655072516022, 0.7982655072516022, 0.7982655072516022]
[0.22496905588399374, 0.2606730392449556, 0.2780220702313465, 0.2746666330189595, 0.28354299033245345, 0.28072144560438683, 0.29023802891791006, 0.297454909646026, 0.30229268889866756, 0.30930730263073436, 0.31378516563774894, 0.3163568810246205, 0.3232600325882798, 0.32573125867106284, 0.32877540166392255, 0.3335518042433926, 0.3395971178487665, 0.3426878380163797, 0.3450374578851169, 0.35406589510842645, 0.36180230154400495, 0.36788794445474526, 0.3765600124596201, 0.38552843766229, 0.38900008689867144, 0.39026466012107996, 0.3948059079625829, 0.4000397793419722, 0.40604738877033725, 0.4079983000373725, 0.41468936449769966, 0.4190333103764619, 0.42062591944353084, 0.4236861853902538, 0.42546574220132793, 0.436018214095529, 0.44275357055914777, 0.4497249067458461, 0.4558081489773801, 0.46260399341704334, 0.46579277117661655, 0.46796754954186803, 0.47554500928021914, 0.47554500928021914, 0.4808782655928254, 0.4822327675896265, 0.486956344531588, 0.4894056359119747, 0.49831909924997136, 0.5043561572753082, 0.5043561572753082, 0.5068262265265686, 0.5068262265265686, 0.5117195746246872, 0.5146420573122858, 0.5146420573122858, 0.5192970857185736, 0.5192970857185736, 0.5192970857185736, 0.5192970857185736, 0.5192970857185736, 0.5192970857185736, 0.5192970857185736, 0.5267069958845663, 0.5267069958845663, 0.5311853347415483, 0.535652223779626, 0.535652223779626, 0.535652223779626, 0.535652223779626, 0.535652223779626, 0.535652223779626, 0.5405842699993189, 0.5405842699993189, 0.5405842699993189, 0.5546597421141082, 0.5546597421141082, 0.5546597421141082, 0.5598601534418568, 0.5598601534418568, 0.5598601534418568, 0.5598601534418568, 0.5598601534418568, 0.5659333594763739, 0.5659333594763739, 0.5659333594763739, 0.5659333594763739, 0.5659333594763739, 0.5659333594763739, 0.5659333594763739, 0.5659333594763739, 0.5659333594763739, 0.5659333594763739, 0.5659333594763739, 0.5659333594763739]
Training raw path: /home/anhnd/DTI Project/Codes/MPNN/data/KFold/ATCInchikeySideEffectByDrug.txt_train_3
('Number of substructures, proteins, pathways, drugs, se: ', 2936, 1448, 330, 969, 598)
((872, 4714), (97, 4714), (872, 598), (97, 598))
('VALIDATE SUM PROTEIN TRAIN: ', 22809.0)
('VALIDATE SUM PROTEIN TEST: ', 2373.0)
Train: 0.9327 0.7981
Test: 0.7979 0.5366
[0.7251617568081897, 0.7318122101907298, 0.7238683227846174, 0.7225484011242904, 0.7223858018937602, 0.721251010954707, 0.7228524288143563, 0.7253796350994471, 0.7243223922931872, 0.727463643423518, 0.7281372533227971, 0.728059239516725, 0.7299003160840924, 0.73257926915572, 0.733058580281041, 0.7344474180710641, 0.7356897960460702, 0.7365662894958711, 0.7369949809910156, 0.7396165555709352, 0.7416356134200264, 0.7441356810067707, 0.7458169961703758, 0.7475429723315448, 0.7474919245879093, 0.7477521172702755, 0.7492051638255155, 0.7499425446682961, 0.7514183752193624, 0.7519127112207147, 0.7545681210992676, 0.7556161274076012, 0.7559248591200081, 0.7568240085370026, 0.7572820795907087, 0.7600477003090609, 0.7617655595278517, 0.7629610433990717, 0.7646806105601229, 0.7670497420399872, 0.7676592541013882, 0.7682031742852524, 0.7704818682061725, 0.7704818682061725, 0.7718353382735847, 0.772665224585972, 0.774066903852679, 0.7749882007033563, 0.7775201132889333, 0.7796889697030155, 0.7796889697030155, 0.780362296182366, 0.780362296182366, 0.7819449333421231, 0.7828550608053412, 0.7828550608053412, 0.7847095660993164, 0.7847095660993164, 0.7847095660993164, 0.7847095660993164, 0.7847095660993164, 0.7847095660993164, 0.7847095660993164, 0.7868169588303089, 0.7868169588303089, 0.7880120978690612, 0.7892201870893556, 0.7892201870893556, 0.7892201870893556, 0.7892201870893556, 0.7892201870893556, 0.7892201870893556, 0.7905607384510884, 0.7905607384510884, 0.7905607384510884, 0.7948669496168334, 0.7948669496168334, 0.7948669496168334, 0.7963828484745732, 0.7963828484745732, 0.7963828484745732, 0.7963828484745732, 0.7963828484745732, 0.7979289498124912, 0.7979289498124912, 0.7979289498124912, 0.7979289498124912, 0.7979289498124912, 0.7979289498124912, 0.7979289498124912, 0.7979289498124912, 0.7979289498124912, 0.7979289498124912, 0.7979289498124912, 0.7979289498124912]
[0.18700173293309505, 0.20710149221602006, 0.19953199654899917, 0.20792250340638263, 0.21150460090779538, 0.22067445352630674, 0.2287887224139747, 0.2419424432730192, 0.247443561879085, 0.25832905051016475, 0.2628665539920577, 0.267911779252736, 0.275734119507386, 0.2868052080338654, 0.2893909073072719, 0.29498120017343854, 0.30055810122045834, 0.3042087234266981, 0.30618799851519124, 0.3122932428753635, 0.32194387339639297, 0.33048887141113714, 0.3385619868957151, 0.3442725108265044, 0.3465967724547633, 0.34827722707358205, 0.3549071829127982, 0.3608571724946154, 0.3665630239302454, 0.36773627315432034, 0.37767532998277364, 0.38132642347148704, 0.38266841241494254, 0.3872744471221739, 0.388600521183163, 0.3989489011608802, 0.405343905413644, 0.41068879704972056, 0.4169756824099512, 0.426939439292153, 0.4292532651123421, 0.4312920217048857, 0.43795776752414234, 0.43795776752414234, 0.44230046164631365, 0.44502548750956356, 0.4503604294901338, 0.45405367809703634, 0.46395079658464955, 0.4724839526735236, 0.4724839526735236, 0.474201958447559, 0.474201958447559, 0.47964655733099515, 0.4823097877172009, 0.4823097877172009, 0.4882586395741966, 0.4882586395741966, 0.4882586395741966, 0.4882586395741966, 0.4882586395741966, 0.4882586395741966, 0.4882586395741966, 0.4954851891405648, 0.4954851891405648, 0.4993941204015867, 0.5040528911669189, 0.5040528911669189, 0.5040528911669189, 0.5040528911669189, 0.5040528911669189, 0.5040528911669189, 0.5093641907343723, 0.5093641907343723, 0.5093641907343723, 0.5248707712957058, 0.5248707712957058, 0.5248707712957058, 0.530527285217148, 0.530527285217148, 0.530527285217148, 0.530527285217148, 0.530527285217148, 0.5365621092915343, 0.5365621092915343, 0.5365621092915343, 0.5365621092915343, 0.5365621092915343, 0.5365621092915343, 0.5365621092915343, 0.5365621092915343, 0.5365621092915343, 0.5365621092915343, 0.5365621092915343, 0.5365621092915343]
Training raw path: /home/anhnd/DTI Project/Codes/MPNN/data/KFold/ATCInchikeySideEffectByDrug.txt_train_4
('Number of substructures, proteins, pathways, drugs, se: ', 2936, 1448, 330, 969, 598)
((872, 4714), (97, 4714), (872, 598), (97, 598))
('VALIDATE SUM PROTEIN TRAIN: ', 22764.0)
('VALIDATE SUM PROTEIN TEST: ', 2418.0)
Train: 0.9235 0.7790
Test: 0.7901 0.5064
[0.6806412420432173, 0.6759587218386348, 0.6900246906433636, 0.6898102393735726, 0.689672826313361, 0.6903035950618139, 0.6925835286851209, 0.6974026567580913, 0.6997071691480337, 0.7004827348791511, 0.7012528619395735, 0.7022663739580072, 0.7089996031649235, 0.7124344634281587, 0.7134081188687543, 0.7140078504752283, 0.7147266057038326, 0.7169389499287683, 0.718362280150777, 0.7205428521682539, 0.7227870858572958, 0.7245998301094971, 0.7260100122665651, 0.7284107573768058, 0.7301946395386555, 0.7302242427429846, 0.7321454765734747, 0.7337672337942764, 0.7358364522257084, 0.736724452469712, 0.7385632496680142, 0.7397239818433979, 0.7401793263095633, 0.7417804803951977, 0.7426426729363393, 0.7470113536020366, 0.7489208854197225, 0.7510782269142573, 0.7530333383512068, 0.7554036396118602, 0.7567381835925735, 0.7575073433897979, 0.7598516988200285, 0.7598516988200285, 0.761288063649314, 0.7619736703444009, 0.7632209818674712, 0.7641015687781489, 0.7673892300203172, 0.769674200053895, 0.769674200053895, 0.7705656516830314, 0.7705656516830314, 0.7720754479844794, 0.7728176974701051, 0.7728176974701051, 0.7748069940426083, 0.7748069940426083, 0.7748069940426083, 0.7748069940426083, 0.7748069940426083, 0.7748069940426083, 0.7748069940426083, 0.7772487503495271, 0.7772487503495271, 0.778519251777892, 0.7798731576315987, 0.7798731576315987, 0.7798731576315987, 0.7798731576315987, 0.7798731576315987, 0.7798731576315987, 0.7814699589639031, 0.7814699589639031, 0.7814699589639031, 0.7866771714731506, 0.7866771714731506, 0.7866771714731506, 0.7883251696689606, 0.7883251696689606, 0.7883251696689606, 0.7883251696689606, 0.7883251696689606, 0.7901019958423872, 0.7901019958423872, 0.7901019958423872, 0.7901019958423872, 0.7901019958423872, 0.7901019958423872, 0.7901019958423872, 0.7901019958423872, 0.7901019958423872, 0.7901019958423872, 0.7901019958423872, 0.7901019958423872]
[0.13180632953332233, 0.1472830450821468, 0.16133257393573824, 0.17477302983112553, 0.17816472344389853, 0.18582088295285423, 0.19740007931237474, 0.20850867861511307, 0.2165871432998565, 0.2248672258137333, 0.22608835442222025, 0.2318274903048198, 0.24718360865984135, 0.2563370945892615, 0.2593311248408277, 0.26220391109635083, 0.2663558964184124, 0.2703935009577551, 0.2755888234408027, 0.28330522350959525, 0.2890668361997345, 0.2951978022274881, 0.29957597694099813, 0.307309084776296, 0.3124365542864163, 0.31284878835728736, 0.31918759198263785, 0.32305163505797846, 0.3305568969921394, 0.3324890235384572, 0.3375319746173979, 0.3415436087172724, 0.3425686486510132, 0.34904582485058955, 0.35169952342481486, 0.3636833454188872, 0.3677914717320214, 0.3759880007546225, 0.3817854104858706, 0.3896518170321499, 0.39302824252221585, 0.39472738126566165, 0.402478260479644, 0.402478260479644, 0.40676636610902983, 0.4088827530642368, 0.41353693976465206, 0.41669653305979637, 0.4269755081766158, 0.43352636955572066, 0.43352636955572066, 0.43599805864259866, 0.43599805864259866, 0.4404615664167803, 0.44273693290253946, 0.44273693290253946, 0.4486435017603923, 0.4486435017603923, 0.4486435017603923, 0.4486435017603923, 0.4486435017603923, 0.4486435017603923, 0.4486435017603923, 0.4574195678922933, 0.4574195678922933, 0.46147867008004895, 0.4667675527198186, 0.4667675527198186, 0.4667675527198186, 0.4667675527198186, 0.4667675527198186, 0.4667675527198186, 0.47307155714702004, 0.47307155714702004, 0.47307155714702004, 0.49330672819352905, 0.49330672819352905, 0.49330672819352905, 0.4992988413269612, 0.4992988413269612, 0.4992988413269612, 0.4992988413269612, 0.4992988413269612, 0.506446315056315, 0.506446315056315, 0.506446315056315, 0.506446315056315, 0.506446315056315, 0.506446315056315, 0.506446315056315, 0.506446315056315, 0.506446315056315, 0.506446315056315, 0.506446315056315, 0.506446315056315]
Training raw path: /home/anhnd/DTI Project/Codes/MPNN/data/KFold/ATCInchikeySideEffectByDrug.txt_train_5
('Number of substructures, proteins, pathways, drugs, se: ', 2936, 1448, 330, 969, 598)
((872, 4714), (97, 4714), (872, 598), (97, 598))
('VALIDATE SUM PROTEIN TRAIN: ', 22673.0)
('VALIDATE SUM PROTEIN TEST: ', 2509.0)
Train: 0.9311 0.7958
Test: 0.7638 0.4632
[0.6298409760306305, 0.6534024293660273, 0.6539572704575258, 0.6548985646961566, 0.654829513687159, 0.6575428160173011, 0.6587648510079829, 0.6575314171691535, 0.6612381572835336, 0.662980283202409, 0.6639748299692451, 0.6671653826964927, 0.6724835135050755, 0.6749849116698174, 0.6745500934673243, 0.6768283218024101, 0.6783787848884679, 0.6801002175558396, 0.6803251707804906, 0.6839690968561358, 0.6880352935409276, 0.6904358998295703, 0.6939014651377992, 0.6952250900342414, 0.6979747202996645, 0.6980623547743728, 0.6997219513841653, 0.7018819075005831, 0.7029737402961093, 0.7036246356839804, 0.7057086173494501, 0.7069260854617749, 0.7072538544849547, 0.7079213879900532, 0.7082348092344639, 0.7128184894676152, 0.7152770663652264, 0.7180067765131894, 0.7201610026228458, 0.7227922172377081, 0.7238123894106128, 0.7245570042200874, 0.7274539711088874, 0.7274539711088874, 0.7294094330662362, 0.7302578021758414, 0.731970922031038, 0.7326330950538423, 0.7369638941771813, 0.7394911275071675, 0.7394911275071675, 0.740466228869807, 0.740466228869807, 0.7427989208248119, 0.743952019276291, 0.743952019276291, 0.7468772739840468, 0.7468772739840468, 0.7468772739840468, 0.7468772739840468, 0.7468772739840468, 0.7468772739840468, 0.7468772739840468, 0.7495681077119722, 0.7495681077119722, 0.7508821546039879, 0.752646629055826, 0.752646629055826, 0.752646629055826, 0.752646629055826, 0.752646629055826, 0.752646629055826, 0.7546842048697309, 0.7546842048697309, 0.7546842048697309, 0.7600626469610434, 0.7600626469610434, 0.7600626469610434, 0.7618899843919131, 0.7618899843919131, 0.7618899843919131, 0.7618899843919131, 0.7618899843919131, 0.7638300864649509, 0.7638300864649509, 0.7638300864649509, 0.7638300864649509, 0.7638300864649509, 0.7638300864649509, 0.7638300864649509, 0.7638300864649509, 0.7638300864649509, 0.7638300864649509, 0.7638300864649509, 0.7638300864649509]
[0.1263797481301776, 0.1496959414536796, 0.14624416355784847, 0.1427715725130006, 0.14837954494240654, 0.15289548441155104, 0.15979052997817134, 0.1615174756979456, 0.1719988864241625, 0.17997415568137765, 0.18263885424095844, 0.18881519045486125, 0.2002192447838208, 0.20513014093707538, 0.2083974849975533, 0.21522165515420832, 0.21924932510177747, 0.226604243110813, 0.2269600327052999, 0.2359781375851554, 0.24681384170183035, 0.25103759285021454, 0.2582008304605375, 0.26367148673643154, 0.2675768818298206, 0.26812484820652055, 0.27464951325845444, 0.282861462940754, 0.2855722509912313, 0.289378077300501, 0.29508258893391404, 0.2977498490692658, 0.29792145950201343, 0.3000683237002899, 0.30004333379015363, 0.31261645889526557, 0.3188975031933355, 0.32595896023064336, 0.3310497636244577, 0.337581788514275, 0.33953599652457445, 0.34192519784265246, 0.3494122795272248, 0.3494122795272248, 0.3547085873557193, 0.3568564655356278, 0.36146087681929, 0.363610958204684, 0.375256444628886, 0.38207328966954346, 0.38207328966954346, 0.38389838930978043, 0.38389838930978043, 0.39168678610816327, 0.39546946488643864, 0.39546946488643864, 0.4049581601676916, 0.4049581601676916, 0.4049581601676916, 0.4049581601676916, 0.4049581601676916, 0.4049581601676916, 0.4049581601676916, 0.41280953947536103, 0.41280953947536103, 0.41668761741699345, 0.4230152733660739, 0.4230152733660739, 0.4230152733660739, 0.4230152733660739, 0.4230152733660739, 0.4230152733660739, 0.4304154490832023, 0.4304154490832023, 0.4304154490832023, 0.44963933661532995, 0.44963933661532995, 0.44963933661532995, 0.4558113404347591, 0.4558113404347591, 0.4558113404347591, 0.4558113404347591, 0.4558113404347591, 0.4631721874786286, 0.4631721874786286, 0.4631721874786286, 0.4631721874786286, 0.4631721874786286, 0.4631721874786286, 0.4631721874786286, 0.4631721874786286, 0.4631721874786286, 0.4631721874786286, 0.4631721874786286, 0.4631721874786286]
Training raw path: /home/anhnd/DTI Project/Codes/MPNN/data/KFold/ATCInchikeySideEffectByDrug.txt_train_6
('Number of substructures, proteins, pathways, drugs, se: ', 2936, 1448, 330, 969, 598)
((872, 4714), (97, 4714), (872, 598), (97, 598))
('VALIDATE SUM PROTEIN TRAIN: ', 22942.0)
('VALIDATE SUM PROTEIN TEST: ', 2240.0)
Train: 0.9240 0.7784
Test: 0.7828 0.4753
[0.7310520801232666, 0.7233237497587821, 0.7184188476015925, 0.7117210674847492, 0.7071943440894725, 0.7025593774749209, 0.7020050351387689, 0.7040881082271858, 0.7038821662038856, 0.7070347241261428, 0.7067390567728614, 0.7084103981755902, 0.711434105966061, 0.7142755575947807, 0.7141992133199362, 0.7150523250301706, 0.7150122427927924, 0.7157833193350743, 0.7169582696775902, 0.7186006833686199, 0.7214037660636583, 0.723503042527161, 0.7257072875428812, 0.7272189776080301, 0.7271491314297538, 0.7273917291168341, 0.7284682831558492, 0.7295359152666681, 0.7306857652132983, 0.7312997719693838, 0.7339631229684314, 0.7352217340673242, 0.7355941394643213, 0.7371847213651681, 0.7374202708236759, 0.7399967915668615, 0.7417295769270147, 0.7433674166693531, 0.7447729459102943, 0.7473011849002948, 0.7482005805461394, 0.7486164322520739, 0.7514028143835634, 0.7514028143835634, 0.7532897224818735, 0.7540447477757106, 0.7550223547506023, 0.7560455166266389, 0.759119708368073, 0.7615164431155457, 0.7615164431155457, 0.7625120400289244, 0.7625120400289244, 0.7641413875117785, 0.7649999785587906, 0.7649999785587906, 0.7671689023483957, 0.7671689023483957, 0.7671689023483957, 0.7671689023483957, 0.7671689023483957, 0.7671689023483957, 0.7671689023483957, 0.7695481418343203, 0.7695481418343203, 0.7706725611698904, 0.7723788391283024, 0.7723788391283024, 0.7723788391283024, 0.7723788391283024, 0.7723788391283024, 0.7723788391283024, 0.7739557684973344, 0.7739557684973344, 0.7739557684973344, 0.7792437762700285, 0.7792437762700285, 0.7792437762700285, 0.7807726600905541, 0.7807726600905541, 0.7807726600905541, 0.7807726600905541, 0.7807726600905541, 0.7828301979262896, 0.7828301979262896, 0.7828301979262896, 0.7828301979262896, 0.7828301979262896, 0.7828301979262896, 0.7828301979262896, 0.7828301979262896, 0.7828301979262896, 0.7828301979262896, 0.7828301979262896, 0.7828301979262896]
[0.14826173872568546, 0.16227608232513624, 0.16887382882205781, 0.16328049819811186, 0.16297199945150187, 0.1623482135323017, 0.16772397498759561, 0.1730324134087877, 0.17908801430280052, 0.18810083505387803, 0.19155378504023196, 0.1992276662297756, 0.20920234895327267, 0.2175554335222684, 0.2187149470901627, 0.22279184938571678, 0.22749037452767695, 0.23011341718699183, 0.2330299642403673, 0.24162735696503324, 0.2494146643715641, 0.2584645247718421, 0.2652961804027342, 0.27187390683946017, 0.2737598692831874, 0.275182510043462, 0.27976917204623075, 0.2852049301868692, 0.2918846611129886, 0.2948386483726596, 0.3049484598752148, 0.3084194906765857, 0.30977958791214766, 0.3158376523215834, 0.31688011914481695, 0.3268909001963549, 0.3330391618522539, 0.33870882184797624, 0.3445243587871595, 0.3527448019346936, 0.35583865294875117, 0.3577390427372251, 0.3670852449754451, 0.3670852449754451, 0.3727860963441811, 0.37461879679588345, 0.3786361062943162, 0.3818037836076339, 0.39139511708039776, 0.3998096361854584, 0.3998096361854584, 0.4030110476562894, 0.4030110476562894, 0.40822759343638815, 0.41175787776579104, 0.41175787776579104, 0.4188463631414815, 0.4188463631414815, 0.4188463631414815, 0.4188463631414815, 0.4188463631414815, 0.4188463631414815, 0.4188463631414815, 0.42712312275476727, 0.42712312275476727, 0.4305034451622821, 0.4365583662699642, 0.4365583662699642, 0.4365583662699642, 0.4365583662699642, 0.4365583662699642, 0.4365583662699642, 0.44184256874648337, 0.44184256874648337, 0.44184256874648337, 0.461667591493496, 0.461667591493496, 0.461667591493496, 0.466904983693119, 0.466904983693119, 0.466904983693119, 0.466904983693119, 0.466904983693119, 0.47526787660446085, 0.47526787660446085, 0.47526787660446085, 0.47526787660446085, 0.47526787660446085, 0.47526787660446085, 0.47526787660446085, 0.47526787660446085, 0.47526787660446085, 0.47526787660446085, 0.47526787660446085, 0.47526787660446085]
Training raw path: /home/anhnd/DTI Project/Codes/MPNN/data/KFold/ATCInchikeySideEffectByDrug.txt_train_7
('Number of substructures, proteins, pathways, drugs, se: ', 2936, 1448, 330, 969, 598)
((872, 4714), (97, 4714), (872, 598), (97, 598))
('VALIDATE SUM PROTEIN TRAIN: ', 22445.0)
('VALIDATE SUM PROTEIN TEST: ', 2737.0)
Train: 0.9289 0.7900
Test: 0.7855 0.4982
[0.6756818776411534, 0.6820222555176092, 0.6849916923468495, 0.68069875846574, 0.6805663133779412, 0.6820512004403908, 0.6779608217341252, 0.6786327100278728, 0.6802049832028418, 0.6842448724655507, 0.6843210714718937, 0.6871888435988023, 0.6915097513440807, 0.6940678706060335, 0.6952321213654379, 0.6968807769937123, 0.697606650464347, 0.6996124698655084, 0.7009360682996515, 0.7030112819467192, 0.7068117300411222, 0.7100147100391809, 0.7125114684462873, 0.7155836784594554, 0.7168670261029559, 0.7172021365538805, 0.7189954971239776, 0.7205816298701208, 0.7221813740202649, 0.723199902960028, 0.7266281789427667, 0.7285105145399263, 0.7294166220159515, 0.7304530431804741, 0.7311067049377653, 0.7350599144545662, 0.7376063734484827, 0.7394411948969064, 0.7419459771379101, 0.7452398495602993, 0.7466048730593755, 0.7475146639208554, 0.7502532245242945, 0.7502532245242945, 0.7521170289878006, 0.7529582646411503, 0.7552710024157635, 0.756409943459465, 0.7607790533679575, 0.7635238941430031, 0.7635238941430031, 0.7645778150272506, 0.7645778150272506, 0.7666758177309718, 0.7676622300490731, 0.7676622300490731, 0.7698609160748666, 0.7698609160748666, 0.7698609160748666, 0.7698609160748666, 0.7698609160748666, 0.7698609160748666, 0.7698609160748666, 0.7726733590368429, 0.7726733590368429, 0.7740706636173225, 0.7753746111440258, 0.7753746111440258, 0.7753746111440258, 0.7753746111440258, 0.7753746111440258, 0.7753746111440258, 0.7768769186214626, 0.7768769186214626, 0.7768769186214626, 0.7819826244185795, 0.7819826244185795, 0.7819826244185795, 0.7836423574454725, 0.7836423574454725, 0.7836423574454725, 0.7836423574454725, 0.7836423574454725, 0.7854537857184375, 0.7854537857184375, 0.7854537857184375, 0.7854537857184375, 0.7854537857184375, 0.7854537857184375, 0.7854537857184375, 0.7854537857184375, 0.7854537857184375, 0.7854537857184375, 0.7854537857184375, 0.7854537857184375]
[0.12074512487794489, 0.14590613893087895, 0.16042371429900154, 0.15918147192098048, 0.16963465918750015, 0.1713752539387718, 0.176098857302412, 0.18219405574968073, 0.1835009990858188, 0.18727923882072423, 0.1884550462547863, 0.1936021118762803, 0.20073931476153997, 0.2086476758882167, 0.2122482730081434, 0.2158536536365811, 0.21882002708276163, 0.22438723337635263, 0.22570446627045165, 0.23737806756694863, 0.2503901695812851, 0.2585435309988163, 0.26489857757447555, 0.27488793072503026, 0.2799475427201493, 0.28005097836691983, 0.2853088951226538, 0.2908109138794557, 0.29656138471429394, 0.2987673058753015, 0.30886362791926303, 0.3130594521938146, 0.3155986469923607, 0.31854213572264295, 0.32041493797946985, 0.33268800634931817, 0.34030449493334747, 0.3452650449755665, 0.35247297579768644, 0.3621521603008394, 0.3664614221107815, 0.3692413441896717, 0.3771573479450083, 0.3771573479450083, 0.3844920263555951, 0.3870032939655771, 0.394445345797115, 0.39837495344905954, 0.41305875268120973, 0.42193918602422786, 0.42193918602422786, 0.4246157630277251, 0.4246157630277251, 0.43144237442073796, 0.43471719571497447, 0.43471719571497447, 0.441084410556082, 0.441084410556082, 0.441084410556082, 0.441084410556082, 0.441084410556082, 0.441084410556082, 0.441084410556082, 0.4508942204183455, 0.4508942204183455, 0.45526563250649205, 0.4598191844382497, 0.4598191844382497, 0.4598191844382497, 0.4598191844382497, 0.4598191844382497, 0.4598191844382497, 0.46558627271770936, 0.46558627271770936, 0.46558627271770936, 0.4847095043068041, 0.4847095043068041, 0.4847095043068041, 0.49094274308346114, 0.49094274308346114, 0.49094274308346114, 0.49094274308346114, 0.49094274308346114, 0.4982226313456126, 0.4982226313456126, 0.4982226313456126, 0.4982226313456126, 0.4982226313456126, 0.4982226313456126, 0.4982226313456126, 0.4982226313456126, 0.4982226313456126, 0.4982226313456126, 0.4982226313456126, 0.4982226313456126]
Training raw path: /home/anhnd/DTI Project/Codes/MPNN/data/KFold/ATCInchikeySideEffectByDrug.txt_train_8
('Number of substructures, proteins, pathways, drugs, se: ', 2936, 1448, 330, 969, 598)
((872, 4714), (97, 4714), (872, 598), (97, 598))
('VALIDATE SUM PROTEIN TRAIN: ', 22705.0)
('VALIDATE SUM PROTEIN TEST: ', 2477.0)
Train: 0.9254 0.7805
Test: 0.7901 0.4963
[0.711435147494849, 0.709392469206269, 0.7128679816942068, 0.713875260421857, 0.7093054773114795, 0.7117395998648215, 0.7166550393961917, 0.7194980632472374, 0.7204469849295174, 0.7220798056711369, 0.7222655682960026, 0.7225088629252964, 0.7223157080524087, 0.7229849098821292, 0.7243336279165857, 0.7236390431614426, 0.7238254182114637, 0.7253230357500896, 0.7268743016881288, 0.7273395226766151, 0.7302738160150186, 0.7322866420523575, 0.7333747769151439, 0.7346057990428789, 0.7349390527587794, 0.7352727742851477, 0.7363199722141877, 0.737037339034987, 0.7377310441321154, 0.7369757058042657, 0.7404871604199137, 0.7419063139708048, 0.7420626793014139, 0.7433612539490272, 0.7441350372327, 0.7476695214641071, 0.749526152457463, 0.7510053909913439, 0.752410770216906, 0.7545294760797575, 0.7556072125398601, 0.7559894728051859, 0.7584937140778968, 0.7584937140778968, 0.7599912990749638, 0.7608265420786049, 0.7619618177451636, 0.7627414859240018, 0.7656666978327726, 0.7680475866123961, 0.7680475866123961, 0.7688426624740816, 0.7688426624740816, 0.7707778696386336, 0.7718902880647489, 0.7718902880647489, 0.774080710528545, 0.774080710528545, 0.774080710528545, 0.774080710528545, 0.774080710528545, 0.774080710528545, 0.774080710528545, 0.776722135107853, 0.776722135107853, 0.7780256505705676, 0.7794406718507436, 0.7794406718507436, 0.7794406718507436, 0.7794406718507436, 0.7794406718507436, 0.7794406718507436, 0.7808807653888934, 0.7808807653888934, 0.7808807653888934, 0.7862674975859736, 0.7862674975859736, 0.7862674975859736, 0.7880436237390804, 0.7880436237390804, 0.7880436237390804, 0.7880436237390804, 0.7880436237390804, 0.7900588196809923, 0.7900588196809923, 0.7900588196809923, 0.7900588196809923, 0.7900588196809923, 0.7900588196809923, 0.7900588196809923, 0.7900588196809923, 0.7900588196809923, 0.7900588196809923, 0.7900588196809923, 0.7900588196809923]
[0.15414382954515213, 0.17196249477667083, 0.1819658868926708, 0.19637936470336892, 0.1944835020237309, 0.20180485230530115, 0.21278857738847373, 0.22048300641262092, 0.22924022166535868, 0.23659580936341612, 0.24099070816043344, 0.24485747552553816, 0.24714652994660719, 0.2507606325244589, 0.2548585820802021, 0.2550256794209175, 0.2580614619115413, 0.26430220765402723, 0.26836513971978215, 0.2707885147359307, 0.2794065721293023, 0.2850819684333703, 0.28899403170896937, 0.29614885543817854, 0.29932920903686494, 0.30093685340336795, 0.3059906397798214, 0.3092108401396755, 0.31329139772245235, 0.31333519470499976, 0.32335826522242184, 0.3268273032048979, 0.3271973657289576, 0.33208177256756155, 0.33523340047311484, 0.34784268924577333, 0.3544338537329972, 0.3594771666340341, 0.3637054112101147, 0.37049533468462453, 0.3753680048093154, 0.3767548866756594, 0.3849360332093189, 0.3849360332093189, 0.3910119496036413, 0.3937028502473351, 0.3975166175416107, 0.4006418453926268, 0.4113959700123822, 0.4197803355941466, 0.4197803355941466, 0.4221435391527425, 0.4221435391527425, 0.42868745884542175, 0.43250386634028654, 0.43250386634028654, 0.43891585876628897, 0.43891585876628897, 0.43891585876628897, 0.43891585876628897, 0.43891585876628897, 0.43891585876628897, 0.43891585876628897, 0.44778974297358476, 0.44778974297358476, 0.45220235258342445, 0.4569458173826108, 0.4569458173826108, 0.4569458173826108, 0.4569458173826108, 0.4569458173826108, 0.4569458173826108, 0.4615741617144144, 0.4615741617144144, 0.4615741617144144, 0.4817369642984799, 0.4817369642984799, 0.4817369642984799, 0.48817098985024243, 0.48817098985024243, 0.48817098985024243, 0.48817098985024243, 0.48817098985024243, 0.49631764642166615, 0.49631764642166615, 0.49631764642166615, 0.49631764642166615, 0.49631764642166615, 0.49631764642166615, 0.49631764642166615, 0.49631764642166615, 0.49631764642166615, 0.49631764642166615, 0.49631764642166615, 0.49631764642166615]
Training raw path: /home/anhnd/DTI Project/Codes/MPNN/data/KFold/ATCInchikeySideEffectByDrug.txt_train_9
('Number of substructures, proteins, pathways, drugs, se: ', 2936, 1448, 330, 969, 598)
((873, 4714), (96, 4714), (873, 598), (96, 598))
('VALIDATE SUM PROTEIN TRAIN: ', 22759.0)
('VALIDATE SUM PROTEIN TEST: ', 2423.0)
Train: 0.9283 0.7861
Test: 0.7746 0.4859
[0.6514703827383153, 0.6715291419670288, 0.6775202352320964, 0.6746972929094991, 0.6737670398018727, 0.6714326155154324, 0.6760518403297717, 0.6782228865826279, 0.6794233413545548, 0.6826561522018764, 0.6849446924085635, 0.6875158875202301, 0.693368784564538, 0.696827283605847, 0.6966244637772299, 0.6985244368616691, 0.6999550675233962, 0.7021576948316794, 0.7031695913732123, 0.7053736150012833, 0.7088223582932662, 0.7120557620421781, 0.7148916214427932, 0.7172713531623134, 0.7183714719876078, 0.7186188359699681, 0.7206458493770989, 0.7217228520120108, 0.7231717135109696, 0.7244694568772013, 0.7275029205040797, 0.7281898254958983, 0.7287012113149423, 0.7298851774852688, 0.7305567190882752, 0.7335169757321334, 0.7349886979195729, 0.7368612219080553, 0.7385609346030946, 0.7410237097238782, 0.7421124001747966, 0.742503736227152, 0.7447859700410988, 0.7447859700410988, 0.7464552356584246, 0.7470468068899816, 0.7487047504810067, 0.7493861676923763, 0.7525004540068465, 0.7547230414580239, 0.7547230414580239, 0.7554837533550128, 0.7554837533550128, 0.7574446072991802, 0.758378457387211, 0.758378457387211, 0.7605450101144138, 0.7605450101144138, 0.7605450101144138, 0.7605450101144138, 0.7605450101144138, 0.7605450101144138, 0.7605450101144138, 0.7628313691900821, 0.7628313691900821, 0.7642205576677192, 0.7655218047980357, 0.7655218047980357, 0.7655218047980357, 0.7655218047980357, 0.7655218047980357, 0.7655218047980357, 0.7668906304783549, 0.7668906304783549, 0.7668906304783549, 0.7713904857200201, 0.7713904857200201, 0.7713904857200201, 0.7729909045184872, 0.7729909045184872, 0.7729909045184872, 0.7729909045184872, 0.7729909045184872, 0.7746379316001706, 0.7746379316001706, 0.7746379316001706, 0.7746379316001706, 0.7746379316001706, 0.7746379316001706, 0.7746379316001706, 0.7746379316001706, 0.7746379316001706, 0.7746379316001706, 0.7746379316001706, 0.7746379316001706]
[0.12253816102091669, 0.13461720621312334, 0.15074019260652835, 0.15886237111781493, 0.1684089467106828, 0.1674632209637536, 0.17899176038404951, 0.18624735532799866, 0.1953543444585199, 0.2046386405163013, 0.20945540493631523, 0.21556406396522426, 0.22686745649958365, 0.2357986845378875, 0.23743791015484653, 0.2440417255546588, 0.24956519476995603, 0.2557780386232184, 0.25834948104855293, 0.26281168397958465, 0.27289233324267925, 0.28054052225007575, 0.2898335136718189, 0.29738010058917425, 0.29922440597693906, 0.3002550079850418, 0.3049291322054219, 0.30943492206345513, 0.31424522410336436, 0.31857155615392474, 0.3280496035437539, 0.32949623992517085, 0.33093790244614907, 0.3352846522169015, 0.3378459798940114, 0.34848669483051964, 0.3526924455925281, 0.3593868534763423, 0.36363740381919907, 0.37177605184307017, 0.37583966091558396, 0.3773195188426892, 0.3839846401276109, 0.3839846401276109, 0.3894858192631949, 0.3906529767731224, 0.3964409089396028, 0.39872511227735563, 0.4095091367949003, 0.4173912512172536, 0.4173912512172536, 0.41927466017568327, 0.41927466017568327, 0.4264168171208021, 0.4288833219520951, 0.4288833219520951, 0.4361105424652183, 0.4361105424652183, 0.4361105424652183, 0.4361105424652183, 0.4361105424652183, 0.4361105424652183, 0.4361105424652183, 0.44389397720528745, 0.44389397720528745, 0.44901003612662993, 0.4537520591072043, 0.4537520591072043, 0.4537520591072043, 0.4537520591072043, 0.4537520591072043, 0.4537520591072043, 0.45863609140823686, 0.45863609140823686, 0.45863609140823686, 0.4743784160203267, 0.4743784160203267, 0.4743784160203267, 0.47994646341706637, 0.47994646341706637, 0.47994646341706637, 0.47994646341706637, 0.47994646341706637, 0.4859095891823936, 0.4859095891823936, 0.4859095891823936, 0.4859095891823936, 0.4859095891823936, 0.4859095891823936, 0.4859095891823936, 0.4859095891823936, 0.4859095891823936, 0.4859095891823936, 0.4859095891823936, 0.4859095891823936]
AUC: 0.7836 0.0033
AUPR: 0.5020 0.0090
('RARE AUC', [(0.6855958312348165, 0.01014884261266652), (0.6920717702002909, 0.008446133558730551), (0.6944515244644193, 0.007380106059725714), (0.6909937977470546, 0.0073843546960512645), (0.6898338294594597, 0.0071908870430605395), (0.6896934645402577, 0.006831963704611316), (0.6910192576724628, 0.006932679421797412), (0.6927099267963457, 0.007240298523080216), (0.6941368374687773, 0.006902219348910655), (0.6964291023709983, 0.006952836403008717), (0.6968528640237428, 0.006980465761849061), (0.698485467486452, 0.0066587495202365485), (0.7023820180866962, 0.006190041924022116), (0.704910663180918, 0.006024439088615214), (0.7054578562815893, 0.006083161215563896), (0.7068926096022337, 0.0059114615194813995), (0.7079013751419215, 0.005877871843426688), (0.7094568912975024, 0.005788197102198315), (0.7103842027935623, 0.005811650829305971), (0.7126923211636326, 0.005702177158608197), (0.7156620232102087, 0.0055254878064854235), (0.7181669064244592, 0.005455829637068587), (0.7202532024693438, 0.005373061978845278), (0.7223674276883776, 0.005342691848808339), (0.7236207485107975, 0.005157957755268835), (0.7238655107533774, 0.00516519932068584), (0.725483681942855, 0.005105258769191217), (0.726996723203362, 0.005008613125676382), (0.7287013748054395, 0.0049369668467731925), (0.7294170466286101, 0.004882751666632014), (0.7322006551301111, 0.004798379060642521), (0.7336532654900667, 0.004745528930851558), (0.734126354805295, 0.004730863447738253), (0.735290677850155, 0.004710818534509331), (0.7358739346479671, 0.00471580916624056), (0.7395404447242704, 0.0045803136880188155), (0.741483571001413, 0.004524902791055352), (0.7435760007630197, 0.004391148868400103), (0.7453964759164352, 0.004329839399706022), (0.747996775027698, 0.004233626930457413), (0.7491112918871639, 0.004204926287408296), (0.7497766551658614, 0.004188149327735335), (0.7523438685213512, 0.004117607520633416), (0.7523438685213512, 0.004117607520633416), (0.7539669683813964, 0.004074061800672316), (0.7547176473203672, 0.004062334653093711), (0.7562693965058941, 0.004001766238861612), (0.7571328663008836, 0.004009056260321318), (0.7604576130939024, 0.0038835282034589583), (0.762863894063677, 0.0038324008109917925), (0.762863894063677, 0.0038324008109917925), (0.7637252892186702, 0.003806834639225036), (0.7637252892186702, 0.003806834639225036), (0.7655938717264239, 0.0037185709868409675), (0.7665603007800338, 0.0037007864766844573), (0.7665603007800338, 0.0037007864766844573), (0.7686721036537696, 0.0036125296283093735), (0.7686721036537696, 0.0036125296283093735), (0.7686721036537696, 0.0036125296283093735), (0.7686721036537696, 0.0036125296283093735), (0.7686721036537696, 0.0036125296283093735), (0.7686721036537696, 0.0036125296283093735), (0.7686721036537696, 0.0036125296283093735), (0.7711499990676848, 0.003564836683350659), (0.7711499990676848, 0.003564836683350659), (0.7724282850477393, 0.003553536415739049), (0.773798582312127, 0.0035159083993868126), (0.773798582312127, 0.0035159083993868126), (0.773798582312127, 0.0035159083993868126), (0.773798582312127, 0.0035159083993868126), (0.773798582312127, 0.0035159083993868126), (0.773798582312127, 0.0035159083993868126), (0.7753488617542179, 0.003466869229240976), (0.7753488617542179, 0.003466869229240976), (0.7753488617542179, 0.003466869229240976), (0.7801434345482162, 0.003396833489758518), (0.7801434345482162, 0.003396833489758518), (0.7801434345482162, 0.003396833489758518), (0.7817839391849548, 0.0033694451698674265), (0.7817839391849548, 0.0033694451698674265), (0.7817839391849548, 0.0033694451698674265), (0.7817839391849548, 0.0033694451698674265), (0.7817839391849548, 0.0033694451698674265), (0.7835813804470639, 0.0033415513958675713), (0.7835813804470639, 0.0033415513958675713), (0.7835813804470639, 0.0033415513958675713), (0.7835813804470639, 0.0033415513958675713), (0.7835813804470639, 0.0033415513958675713), (0.7835813804470639, 0.0033415513958675713), (0.7835813804470639, 0.0033415513958675713), (0.7835813804470639, 0.0033415513958675713), (0.7835813804470639, 0.0033415513958675713), (0.7835813804470639, 0.0033415513958675713), (0.7835813804470639, 0.0033415513958675713), (0.7835813804470639, 0.0033415513958675713)])
('RARE AUPR', [(0.14972347300309366, 0.010147561933366987), (0.16835120080842958, 0.01152918046337715), (0.1768733178412624, 0.011719140366364018), (0.18031310231751604, 0.011520091765518579), (0.18507248013771527, 0.011662691382315037), (0.18860841599836448, 0.011454405546653014), (0.1967949635060393, 0.011766268239105256), (0.20406626204229772, 0.012225120799922549), (0.21074920813752232, 0.01202013367821401), (0.21783821067286016, 0.01224469690799701), (0.22080139619014125, 0.012507995341390922), (0.2260527513389361, 0.012193298914281107), (0.2358834798797421, 0.01172326963049194), (0.24325933124008361, 0.011463479344765184), (0.2463897405175532, 0.011434289228466708), (0.2510905025377773, 0.01134605319360675), (0.25504029622244884, 0.01163482390738449), (0.25975549422199934, 0.011425026627528558), (0.2621844111284613, 0.011547719643575208), (0.27006084832087535, 0.011329653196224653), (0.27922212182455436, 0.01108356176995577), (0.2862087978475281, 0.011058250226221825), (0.29285032861429294, 0.011262796610912396), (0.300156685192296, 0.01134884902254921), (0.30373349486334145, 0.0112860103818709), (0.3046929115559172, 0.011354489455572181), (0.30982937974897223, 0.011391197015166327), (0.31505501410505304, 0.011327413083131451), (0.32095960734162904, 0.011362253333184151), (0.3234278056009883, 0.011203407113545704), (0.3319426809546611, 0.011081810281424105), (0.3357669906818151, 0.01111817574469518), (0.33705780688261794, 0.011154416923588959), (0.34149229875907783, 0.011130354967700228), (0.34334552767690646, 0.011179928105234249), (0.35509964681304673, 0.011004283700082449), (0.36101724646279776, 0.011032182889661608), (0.3677624208396892, 0.011024581329518678), (0.373362290687895, 0.011095720642351163), (0.3816014648644065, 0.01110213623564237), (0.38509748082180006, 0.011072247704049389), (0.3871994220834759, 0.011055991112769272), (0.39502543145634694, 0.010964335299686856), (0.39502543145634694, 0.010964335299686856), (0.4003479402905364, 0.010879086492154784), (0.402526082393465, 0.010845785123652054), (0.40777434171026866, 0.01083925570262099), (0.41074638699094124, 0.010856491595686824), (0.4215964580018247, 0.010645099075742945), (0.42963403211828516, 0.01054446684392708), (0.42963403211828516, 0.01054446684392708), (0.43198054883252623, 0.010523437068889516), (0.43198054883252623, 0.010523437068889516), (0.4382207406075561, 0.010325575999628148), (0.44127389998050254, 0.010257154253253973), (0.44127389998050254, 0.010257154253253973), (0.4479613188824915, 0.009947751451180325), (0.4479613188824915, 0.009947751451180325), (0.4479613188824915, 0.009947751451180325), (0.4479613188824915, 0.009947751451180325), (0.4479613188824915, 0.009947751451180325), (0.4479613188824915, 0.009947751451180325), (0.4479613188824915, 0.009947751451180325), (0.4564289742871054, 0.00986081619674676), (0.4564289742871054, 0.00986081619674676), (0.4605928735208238, 0.00989154995182915), (0.46553620745590807, 0.009759275465964534), (0.46553620745590807, 0.009759275465964534), (0.46553620745590807, 0.009759275465964534), (0.46553620745590807, 0.009759275465964534), (0.46553620745590807, 0.009759275465964534), (0.46553620745590807, 0.009759275465964534), (0.4712741107766221, 0.009647739012514327), (0.4712741107766221, 0.009647739012514327), (0.4712741107766221, 0.009647739012514327), (0.4888905911779684, 0.009199783517172596), (0.4888905911779684, 0.009199783517172596), (0.4888905911779684, 0.009199783517172596), (0.49484469649134033, 0.009145512561882415), (0.49484469649134033, 0.009145512561882415), (0.49484469649134033, 0.009145512561882415), (0.49484469649134033, 0.009145512561882415), (0.49484469649134033, 0.009145512561882415), (0.5019674167393882, 0.008995145634132978), (0.5019674167393882, 0.008995145634132978), (0.5019674167393882, 0.008995145634132978), (0.5019674167393882, 0.008995145634132978), (0.5019674167393882, 0.008995145634132978), (0.5019674167393882, 0.008995145634132978), (0.5019674167393882, 0.008995145634132978), (0.5019674167393882, 0.008995145634132978), (0.5019674167393882, 0.008995145634132978), (0.5019674167393882, 0.008995145634132978), (0.5019674167393882, 0.008995145634132978), (0.5019674167393882, 0.008995145634132978)])
