Default
<models.baselines.omodels.NeuSK object at 0x7f4c1273c810>
('Manual torch seed: ', 443181909)
Training raw path: /home/anhnd/DTI Project/Codes/MPNN/data/KFold/ATCInchikeySideEffectByDrug.txt_train_0
('Number of substructures, proteins, pathways, drugs, se: ', 2936, 1448, 330, 969, 598)
((872, 330), (97, 330), (872, 598), (97, 598))
Train: 0.8852 0.6903
Test: 0.7498 0.4598
[0.591887387082459, 0.6045045320031646, 0.6205179343795759, 0.6236692134751571, 0.6204798097989284, 0.6259649493559502, 0.6288255933731954, 0.630384446426092, 0.6297420894620998, 0.6338011019062317, 0.6352948710305228, 0.6362600530367221, 0.6420627051956862, 0.6453745351582391, 0.6468607236157065, 0.6483050904223052, 0.6488817637227065, 0.6510356514664697, 0.6524879751632962, 0.6554744567928219, 0.6602365281042164, 0.6626421402196079, 0.6654085636579514, 0.6683710794562332, 0.6704724503689621, 0.6707467093163593, 0.6726554545661678, 0.675564760179326, 0.6791721591249813, 0.6801422451710043, 0.6843388188450596, 0.6864618878845326, 0.6873483911376104, 0.6889851805703949, 0.6899649863484074, 0.6952807275294179, 0.6976902059974512, 0.7011335131839789, 0.7032857198393008, 0.7068071816208901, 0.7083744110140072, 0.7094669927074402, 0.7130693008406985, 0.7130693008406985, 0.7152469541064265, 0.7163045154809962, 0.7182280712299532, 0.7192949066295002, 0.7231316707967782, 0.7262793693404169, 0.7262793693404169, 0.7274167252182377, 0.7274167252182377, 0.7297993121096797, 0.7309051420678531, 0.7309051420678531, 0.7330174231264628, 0.7330174231264628, 0.7330174231264628, 0.7330174231264628, 0.7330174231264628, 0.7330174231264628, 0.7330174231264628, 0.7359558979572278, 0.7359558979572278, 0.7374570284031099, 0.7389090350426395, 0.7389090350426395, 0.7389090350426395, 0.7389090350426395, 0.7389090350426395, 0.7389090350426395, 0.7406813068620006, 0.7406813068620006, 0.7406813068620006, 0.7458406880895597, 0.7458406880895597, 0.7458406880895597, 0.7477289202001479, 0.7477289202001479, 0.7477289202001479, 0.7477289202001479, 0.7477289202001479, 0.7497655043494632, 0.7497655043494632, 0.7497655043494632, 0.7497655043494632, 0.7497655043494632, 0.7497655043494632, 0.7497655043494632, 0.7497655043494632, 0.7497655043494632, 0.7497655043494632, 0.7497655043494632, 0.7497655043494632]
[0.10492465778586979, 0.12540360223759173, 0.1432492123465348, 0.14659887637692903, 0.1472543568679889, 0.1534731403548839, 0.16137167974865407, 0.1658694501555788, 0.16816623036111916, 0.1760227228679532, 0.17900013813037455, 0.18261356815378382, 0.19208058487850826, 0.19706509153270965, 0.20117873319882706, 0.20572985853985534, 0.2071134215720033, 0.211176929361638, 0.21404871022623254, 0.22320941904263017, 0.23410006946222844, 0.2400503412496172, 0.24728518586163523, 0.25469884159077805, 0.25984873185679885, 0.2604158249897202, 0.2649179750956676, 0.2713034845347605, 0.2789788745749705, 0.28044095256437696, 0.2886614751456358, 0.2929145254663771, 0.2943926043974588, 0.2988512453693798, 0.3010438663232839, 0.3132914734908645, 0.3187971731668877, 0.32617630055851915, 0.33140387505687996, 0.33936435909522467, 0.3426940114339181, 0.3450633916461771, 0.3534939323916695, 0.3534939323916695, 0.3596876562714747, 0.36237965596924376, 0.3666350072837069, 0.3691031617413746, 0.37865509551504895, 0.38700011039333854, 0.38700011039333854, 0.3896399074614135, 0.3896399074614135, 0.396327338259783, 0.39946055661224084, 0.39946055661224084, 0.40530314363910325, 0.40530314363910325, 0.40530314363910325, 0.40530314363910325, 0.40530314363910325, 0.40530314363910325, 0.40530314363910325, 0.4138151190079294, 0.4138151190079294, 0.4183208360702849, 0.4228269142936869, 0.4228269142936869, 0.4228269142936869, 0.4228269142936869, 0.4228269142936869, 0.4228269142936869, 0.4288877101803179, 0.4288877101803179, 0.4288877101803179, 0.4460072270075579, 0.4460072270075579, 0.4460072270075579, 0.45256372551247925, 0.45256372551247925, 0.45256372551247925, 0.45256372551247925, 0.45256372551247925, 0.4598074070920366, 0.4598074070920366, 0.4598074070920366, 0.4598074070920366, 0.4598074070920366, 0.4598074070920366, 0.4598074070920366, 0.4598074070920366, 0.4598074070920366, 0.4598074070920366, 0.4598074070920366, 0.4598074070920366]
Training raw path: /home/anhnd/DTI Project/Codes/MPNN/data/KFold/ATCInchikeySideEffectByDrug.txt_train_1
('Number of substructures, proteins, pathways, drugs, se: ', 2936, 1448, 330, 969, 598)
((872, 330), (97, 330), (872, 598), (97, 598))
Train: 0.8921 0.7054
Test: 0.7734 0.4668
[0.6320712951067986, 0.6434998565370558, 0.6434604041849757, 0.6434799132532437, 0.6437509790247106, 0.6451015536133655, 0.6487136694821896, 0.6525611431176491, 0.6567185019056184, 0.6581913981830695, 0.6591433690689084, 0.6615167072474487, 0.6667033598025415, 0.6714305638059883, 0.6729797926615297, 0.6760312664696755, 0.6773606566212437, 0.6800291044912468, 0.6812354700190507, 0.6838996750820667, 0.6875578818403378, 0.6907790836040817, 0.6930213869718155, 0.695815238096609, 0.6969112327171931, 0.697567554330536, 0.6994253457202134, 0.7011531597817224, 0.7046320633902027, 0.7058600395198849, 0.7104165880659788, 0.7130629796614109, 0.714019993522632, 0.7157320160945649, 0.7165856086976181, 0.7219692190099081, 0.7242915128260476, 0.7279797205183014, 0.7303566541044845, 0.7339715634645994, 0.7355451484300324, 0.7366047836788094, 0.739877675720267, 0.739877675720267, 0.7412680379970495, 0.7421334340428398, 0.7443151381404468, 0.7452448956610009, 0.7488005471629178, 0.7518101937640351, 0.7518101937640351, 0.7526239017968052, 0.7526239017968052, 0.7548506704998477, 0.7559323002268766, 0.7559323002268766, 0.7581149471581399, 0.7581149471581399, 0.7581149471581399, 0.7581149471581399, 0.7581149471581399, 0.7581149471581399, 0.7581149471581399, 0.7609025145660127, 0.7609025145660127, 0.7621696847606401, 0.7634137858272462, 0.7634137858272462, 0.7634137858272462, 0.7634137858272462, 0.7634137858272462, 0.7634137858272462, 0.7651587121862886, 0.7651587121862886, 0.7651587121862886, 0.76965092926762, 0.76965092926762, 0.76965092926762, 0.7714777591872669, 0.7714777591872669, 0.7714777591872669, 0.7714777591872669, 0.7714777591872669, 0.7733614377786304, 0.7733614377786304, 0.7733614377786304, 0.7733614377786304, 0.7733614377786304, 0.7733614377786304, 0.7733614377786304, 0.7733614377786304, 0.7733614377786304, 0.7733614377786304, 0.7733614377786304, 0.7733614377786304]
[0.09773306057348594, 0.11176258884650303, 0.11080081778201571, 0.11768188571770725, 0.12416228614024852, 0.12666077589047636, 0.1373322901758835, 0.14456624314186128, 0.15259755796491653, 0.15734147760299605, 0.1587546653721949, 0.16406091765923478, 0.17471474543520976, 0.18398495528162892, 0.18811783331646365, 0.19567811260871532, 0.1978556624121361, 0.20426630209721114, 0.20663960080324406, 0.2139605311539774, 0.2231550010499404, 0.23001305199479938, 0.2357123816900391, 0.24358511390857795, 0.24690961399942224, 0.24817175546278397, 0.2533303434165968, 0.25780445736947566, 0.26672470537224285, 0.27064063837086033, 0.2803707365576805, 0.28656263143823574, 0.28869396365407046, 0.2935216497956748, 0.2955054151490055, 0.30973404484630895, 0.31530107355666964, 0.3254539430373993, 0.3309512159293111, 0.3409248632048068, 0.34494597376391845, 0.347726800815482, 0.3564827218150185, 0.3564827218150185, 0.3601963354420905, 0.3629844123460929, 0.36950375839475347, 0.37235036301379837, 0.3823505838011274, 0.3923143290371076, 0.3923143290371076, 0.3943296144536851, 0.3943296144536851, 0.4014855736937556, 0.40433988282027256, 0.40433988282027256, 0.4112869734858874, 0.4112869734858874, 0.4112869734858874, 0.4112869734858874, 0.4112869734858874, 0.4112869734858874, 0.4112869734858874, 0.4203225650170422, 0.4203225650170422, 0.4241968877595128, 0.4286741245178458, 0.4286741245178458, 0.4286741245178458, 0.4286741245178458, 0.4286741245178458, 0.4286741245178458, 0.4354136708351122, 0.4354136708351122, 0.4354136708351122, 0.45174659152974467, 0.45174659152974467, 0.45174659152974467, 0.45902278193278645, 0.45902278193278645, 0.45902278193278645, 0.45902278193278645, 0.45902278193278645, 0.46678245207355484, 0.46678245207355484, 0.46678245207355484, 0.46678245207355484, 0.46678245207355484, 0.46678245207355484, 0.46678245207355484, 0.46678245207355484, 0.46678245207355484, 0.46678245207355484, 0.46678245207355484, 0.46678245207355484]
Training raw path: /home/anhnd/DTI Project/Codes/MPNN/data/KFold/ATCInchikeySideEffectByDrug.txt_train_2
('Number of substructures, proteins, pathways, drugs, se: ', 2936, 1448, 330, 969, 598)
((872, 330), (97, 330), (872, 598), (97, 598))
Train: 0.8799 0.6740
Test: 0.7594 0.5026
[0.6346151730943282, 0.651578531926936, 0.6667165592930454, 0.6676660963667612, 0.6651809173170823, 0.664107896216217, 0.6659111123426307, 0.6667728594486639, 0.665083139966574, 0.6662269040257227, 0.6666202669077292, 0.6690735822343814, 0.6708549555395661, 0.6722837023990572, 0.6730435092908595, 0.6745143553728378, 0.6753956100175429, 0.6762262202352228, 0.6770032014357257, 0.6815200914490097, 0.6838104103171189, 0.6862977429046928, 0.6892132525269775, 0.6923095422120122, 0.6945680703407102, 0.6947461614115328, 0.6969519507583609, 0.6987677612336943, 0.7008874963191587, 0.701732533449457, 0.7042757636398265, 0.7058546855939817, 0.706542847672765, 0.7077867928617848, 0.7084841301969783, 0.7127186469937827, 0.7151469214964542, 0.7174170612420055, 0.7197906116432334, 0.7225153743273169, 0.7237697639790801, 0.724686279353071, 0.72738028289896, 0.72738028289896, 0.7292259494081091, 0.7301030804959286, 0.731737942852541, 0.7327981218490722, 0.7363593690765086, 0.738961010215783, 0.738961010215783, 0.7398413342559408, 0.7398413342559408, 0.7414763124256658, 0.7426663153877353, 0.7426663153877353, 0.74450633986052, 0.74450633986052, 0.74450633986052, 0.74450633986052, 0.74450633986052, 0.74450633986052, 0.74450633986052, 0.7470041479492755, 0.7470041479492755, 0.7484580301717458, 0.7498288182798026, 0.7498288182798026, 0.7498288182798026, 0.7498288182798026, 0.7498288182798026, 0.7498288182798026, 0.7514161347461711, 0.7514161347461711, 0.7514161347461711, 0.756007602456128, 0.756007602456128, 0.756007602456128, 0.7576655339204059, 0.7576655339204059, 0.7576655339204059, 0.7576655339204059, 0.7576655339204059, 0.7594402088854926, 0.7594402088854926, 0.7594402088854926, 0.7594402088854926, 0.7594402088854926, 0.7594402088854926, 0.7594402088854926, 0.7594402088854926, 0.7594402088854926, 0.7594402088854926, 0.7594402088854926, 0.7594402088854926]
[0.14954338089743174, 0.1706720310890818, 0.18910599268290829, 0.18887082175769768, 0.19236107575621986, 0.19800291675015216, 0.2080953641434264, 0.21347679344906992, 0.2157079131564977, 0.22105207196094695, 0.22289589067392052, 0.2287363394747196, 0.23591538397019185, 0.24115454660011404, 0.2449364465712996, 0.25133511901655314, 0.25549409803012996, 0.2584815606235433, 0.2604155111548006, 0.27461857025532876, 0.2805970867781745, 0.28700624990729495, 0.29537748224780935, 0.30394003997545505, 0.31091425633666486, 0.31159666882540427, 0.3174283168973886, 0.3229894262795415, 0.3298753910526872, 0.3319374103185334, 0.3389051527976801, 0.34244295661220475, 0.3440057075507654, 0.34720166581297207, 0.34890013690584504, 0.35995441717672816, 0.3673769309062477, 0.3747360735671541, 0.382077951061343, 0.38978161171212994, 0.3934956914451623, 0.39591243580420965, 0.40291747382370113, 0.40291747382370113, 0.40920434966546526, 0.41135801306505404, 0.4156584236475602, 0.41859279202603433, 0.4285214415285874, 0.435849002204455, 0.435849002204455, 0.4384763916758818, 0.4384763916758818, 0.44322409572715654, 0.4468437257688485, 0.4468437257688485, 0.4522634501071535, 0.4522634501071535, 0.4522634501071535, 0.4522634501071535, 0.4522634501071535, 0.4522634501071535, 0.4522634501071535, 0.46016565075515303, 0.46016565075515303, 0.4645308738239292, 0.46926338486233127, 0.46926338486233127, 0.46926338486233127, 0.46926338486233127, 0.46926338486233127, 0.46926338486233127, 0.47439319177978007, 0.47439319177978007, 0.47439319177978007, 0.4902127725079352, 0.4902127725079352, 0.4902127725079352, 0.4960866077678313, 0.4960866077678313, 0.4960866077678313, 0.4960866077678313, 0.4960866077678313, 0.5025920391825168, 0.5025920391825168, 0.5025920391825168, 0.5025920391825168, 0.5025920391825168, 0.5025920391825168, 0.5025920391825168, 0.5025920391825168, 0.5025920391825168, 0.5025920391825168, 0.5025920391825168, 0.5025920391825168]
Training raw path: /home/anhnd/DTI Project/Codes/MPNN/data/KFold/ATCInchikeySideEffectByDrug.txt_train_3
('Number of substructures, proteins, pathways, drugs, se: ', 2936, 1448, 330, 969, 598)
((872, 330), (97, 330), (872, 598), (97, 598))
Train: 0.8839 0.6875
Test: 0.7946 0.5114
[0.6918119846778965, 0.7230908942158226, 0.7205295715399475, 0.7194903508424966, 0.7155443938394277, 0.7158439261732076, 0.7148001893745812, 0.7161586466502208, 0.7156936542257968, 0.7183061751894533, 0.7172804678303839, 0.7192979097781197, 0.720683188349435, 0.7228254718255157, 0.7227900533142165, 0.7242928805203657, 0.724644590599203, 0.7254228577113446, 0.7262515903155554, 0.7281669856355335, 0.7303661316659413, 0.7327925486248515, 0.7346172886180448, 0.7372504350943998, 0.7379954262032009, 0.7385256270929536, 0.7404688396473574, 0.7416380945310941, 0.7436684796087046, 0.7440061272779539, 0.7469401708098756, 0.7483500898481598, 0.7488001413073706, 0.7499733598823584, 0.7503752024283754, 0.7537633889335473, 0.7558473883007109, 0.7579011748406324, 0.7595069966990076, 0.7621403954882265, 0.7628809995852567, 0.7636198517236453, 0.7660257755421664, 0.7660257755421664, 0.7673788557987258, 0.7681718459109107, 0.7696006147386648, 0.7705267137410932, 0.7735365829881076, 0.7759256223721839, 0.7759256223721839, 0.7767260434259048, 0.7767260434259048, 0.7784066982771393, 0.7793801172884858, 0.7793801172884858, 0.7813332922669091, 0.7813332922669091, 0.7813332922669091, 0.7813332922669091, 0.7813332922669091, 0.7813332922669091, 0.7813332922669091, 0.7834369783681545, 0.7834369783681545, 0.7846131260738581, 0.7858378062558953, 0.7858378062558953, 0.7858378062558953, 0.7858378062558953, 0.7858378062558953, 0.7858378062558953, 0.7871975570220727, 0.7871975570220727, 0.7871975570220727, 0.7915400245096461, 0.7915400245096461, 0.7915400245096461, 0.7930773122565754, 0.7930773122565754, 0.7930773122565754, 0.7930773122565754, 0.7930773122565754, 0.7946421430628638, 0.7946421430628638, 0.7946421430628638, 0.7946421430628638, 0.7946421430628638, 0.7946421430628638, 0.7946421430628638, 0.7946421430628638, 0.7946421430628638, 0.7946421430628638, 0.7946421430628638, 0.7946421430628638]
[0.16950280353927738, 0.20606794613839347, 0.1991933463233495, 0.20190337552664986, 0.20361943326504334, 0.20939400255132595, 0.21630116963755835, 0.22266849158109525, 0.22906332939884028, 0.24135335440624434, 0.2439133497298155, 0.24854295237796092, 0.25544613015234807, 0.26392290979684724, 0.2661855797708711, 0.2718153904537847, 0.27495747104271606, 0.2772314275754887, 0.2798989987167965, 0.2878085777048708, 0.29686250269219094, 0.3046729926691678, 0.31080142130596705, 0.3197781088743943, 0.3236737584184432, 0.3253834879807461, 0.331853183986152, 0.33457017839323694, 0.3400450288485467, 0.34089407354104306, 0.348933005803424, 0.3529694306525887, 0.354285947646259, 0.35905123728710975, 0.36007110528288033, 0.3709307492115349, 0.3778613061889551, 0.38381847592284746, 0.38916534430091826, 0.3978989031343816, 0.4003926557812637, 0.40274480624605596, 0.40959114364936705, 0.40959114364936705, 0.4144887127946265, 0.4169306202296539, 0.42208526751731784, 0.42545146333925843, 0.4356418712811066, 0.44448250509441556, 0.44448250509441556, 0.44713079250003773, 0.44713079250003773, 0.4526751527664509, 0.4558864694192587, 0.4558864694192587, 0.4619413525767977, 0.4619413525767977, 0.4619413525767977, 0.4619413525767977, 0.4619413525767977, 0.4619413525767977, 0.4619413525767977, 0.46877874644587125, 0.46877874644587125, 0.47254188415523796, 0.4772152351440307, 0.4772152351440307, 0.4772152351440307, 0.4772152351440307, 0.4772152351440307, 0.4772152351440307, 0.4825778557720095, 0.4825778557720095, 0.4825778557720095, 0.4990896653226797, 0.4990896653226797, 0.4990896653226797, 0.5050527309959145, 0.5050527309959145, 0.5050527309959145, 0.5050527309959145, 0.5050527309959145, 0.5114362863875482, 0.5114362863875482, 0.5114362863875482, 0.5114362863875482, 0.5114362863875482, 0.5114362863875482, 0.5114362863875482, 0.5114362863875482, 0.5114362863875482, 0.5114362863875482, 0.5114362863875482, 0.5114362863875482]
Training raw path: /home/anhnd/DTI Project/Codes/MPNN/data/KFold/ATCInchikeySideEffectByDrug.txt_train_4
('Number of substructures, proteins, pathways, drugs, se: ', 2936, 1448, 330, 969, 598)
((872, 330), (97, 330), (872, 598), (97, 598))
Train: 0.8905 0.7037
Test: 0.7832 0.4600
[0.7113044866737726, 0.7155183747575876, 0.706627589132166, 0.7040561505401441, 0.7017833028184322, 0.6990998652962457, 0.698608698982184, 0.7024830553977817, 0.7052581104947541, 0.7076794937466492, 0.7081631913673856, 0.7101701843987226, 0.7128964612414217, 0.7151940172383618, 0.7147781119067149, 0.7157898224927283, 0.7167533103047565, 0.7173361707892195, 0.7185783906727583, 0.7210396675478111, 0.7225123957388018, 0.7240114816900345, 0.7251398949829443, 0.7263153167293713, 0.727916704001563, 0.7278580466129696, 0.7295867359278512, 0.73052440173815, 0.7321783571737875, 0.7327152166274238, 0.7344693228115795, 0.7356407637514755, 0.7360580945173706, 0.737307287816742, 0.7378009627204902, 0.7408491589321171, 0.7424958785274803, 0.7440214289593796, 0.7458552100400876, 0.7479834992756349, 0.7489483408396024, 0.7494913067702, 0.7520464835448799, 0.7520464835448799, 0.7534874106289079, 0.7543327064393761, 0.7556375135628104, 0.7565240312381689, 0.759691874681232, 0.7619774719309937, 0.7619774719309937, 0.7628491913635452, 0.7628491913635452, 0.7645533106543834, 0.7653305043068235, 0.7653305043068235, 0.7675067328688809, 0.7675067328688809, 0.7675067328688809, 0.7675067328688809, 0.7675067328688809, 0.7675067328688809, 0.7675067328688809, 0.7700073660855622, 0.7700073660855622, 0.7713053163321021, 0.7727156133690072, 0.7727156133690072, 0.7727156133690072, 0.7727156133690072, 0.7727156133690072, 0.7727156133690072, 0.7743414727414784, 0.7743414727414784, 0.7743414727414784, 0.7796763007239519, 0.7796763007239519, 0.7796763007239519, 0.7813693433862883, 0.7813693433862883, 0.7813693433862883, 0.7813693433862883, 0.7813693433862883, 0.7831972584884329, 0.7831972584884329, 0.7831972584884329, 0.7831972584884329, 0.7831972584884329, 0.7831972584884329, 0.7831972584884329, 0.7831972584884329, 0.7831972584884329, 0.7831972584884329, 0.7831972584884329, 0.7831972584884329]
[0.12058234131558442, 0.14099002008135242, 0.1437751535576927, 0.15673197749666307, 0.15908591934188324, 0.16253295043047383, 0.16893972463250143, 0.17838239005039447, 0.1871608313784496, 0.19625385165505, 0.19896285074797182, 0.2029183806503016, 0.21124871642241871, 0.21952057875569445, 0.2223545154341195, 0.225439866556694, 0.23068101612568398, 0.2343184559511013, 0.23749878320328272, 0.2443814716396083, 0.24903810845043833, 0.25652468951201324, 0.260023750214182, 0.2638163820732423, 0.26870372827415756, 0.26951678422059644, 0.2766507122166087, 0.27913510672898556, 0.284749110432043, 0.28745939961482314, 0.291609793162377, 0.2949193939605743, 0.2961818440871965, 0.3023643451420708, 0.304338806789645, 0.31469981251669193, 0.3187023850309213, 0.3243820008248943, 0.32927267608538174, 0.33737825207633754, 0.341041972795573, 0.34230723772768956, 0.35014582084749096, 0.35014582084749096, 0.3543076598581145, 0.35697445724693866, 0.3615920489077802, 0.3649594895678219, 0.37452348907716404, 0.38195661213059323, 0.38195661213059323, 0.3842833025385538, 0.3842833025385538, 0.39020693645479765, 0.39254094441264, 0.39254094441264, 0.4000233624797618, 0.4000233624797618, 0.4000233624797618, 0.4000233624797618, 0.4000233624797618, 0.4000233624797618, 0.4000233624797618, 0.4088222200816798, 0.4088222200816798, 0.4132812265086997, 0.41831386426385936, 0.41831386426385936, 0.41831386426385936, 0.41831386426385936, 0.41831386426385936, 0.41831386426385936, 0.4250498948352493, 0.4250498948352493, 0.4250498948352493, 0.44534188693666343, 0.44534188693666343, 0.44534188693666343, 0.4523537519950897, 0.4523537519950897, 0.4523537519950897, 0.4523537519950897, 0.4523537519950897, 0.45996740809195025, 0.45996740809195025, 0.45996740809195025, 0.45996740809195025, 0.45996740809195025, 0.45996740809195025, 0.45996740809195025, 0.45996740809195025, 0.45996740809195025, 0.45996740809195025, 0.45996740809195025, 0.45996740809195025]
Training raw path: /home/anhnd/DTI Project/Codes/MPNN/data/KFold/ATCInchikeySideEffectByDrug.txt_train_5
('Number of substructures, proteins, pathways, drugs, se: ', 2936, 1448, 330, 969, 598)
((872, 330), (97, 330), (872, 598), (97, 598))
Train: 0.8896 0.7014
Test: 0.7571 0.4049
[0.6319507519113061, 0.6213532988127529, 0.6303040958174939, 0.6378143121631438, 0.6368890839167813, 0.639694900225132, 0.6412678189602926, 0.6433728137869756, 0.6463147166497539, 0.649137874321226, 0.6495627541225972, 0.6527536098971269, 0.6586132630905821, 0.6604204841271231, 0.6609385741280294, 0.6633512200017743, 0.6647648266818418, 0.6674762582386509, 0.6680767585265259, 0.6719440341725651, 0.6754477115084057, 0.6768077110888193, 0.6799022753061579, 0.6822302392847797, 0.6848393616703544, 0.6853568149498331, 0.6880747245361734, 0.6898245010833592, 0.6919833746449392, 0.6929379044485583, 0.6958742851246892, 0.6974246914176984, 0.6977985054706652, 0.6987961718273101, 0.6993454630624041, 0.7046535954427793, 0.7071585193802343, 0.7096551972216675, 0.7116475071857654, 0.7146050292651346, 0.715790698043293, 0.7165546758066319, 0.719769016440117, 0.719769016440117, 0.7217337998526965, 0.7225818512197351, 0.7243241812088379, 0.7251505869545256, 0.7296506678788102, 0.732511667584505, 0.732511667584505, 0.7334710399608744, 0.7334710399608744, 0.7359407658232169, 0.7370391969377714, 0.7370391969377714, 0.7399407767415478, 0.7399407767415478, 0.7399407767415478, 0.7399407767415478, 0.7399407767415478, 0.7399407767415478, 0.7399407767415478, 0.74276672472582, 0.74276672472582, 0.7440438039370233, 0.7458125400843059, 0.7458125400843059, 0.7458125400843059, 0.7458125400843059, 0.7458125400843059, 0.7458125400843059, 0.747874991947331, 0.747874991947331, 0.747874991947331, 0.7532791479291627, 0.7532791479291627, 0.7532791479291627, 0.7551301971191527, 0.7551301971191527, 0.7551301971191527, 0.7551301971191527, 0.7551301971191527, 0.757098850853013, 0.757098850853013, 0.757098850853013, 0.757098850853013, 0.757098850853013, 0.757098850853013, 0.757098850853013, 0.757098850853013, 0.757098850853013, 0.757098850853013, 0.757098850853013, 0.757098850853013]
[0.089114151940499, 0.09425336835250112, 0.09979858661909428, 0.10580477832855097, 0.11136092729698233, 0.11554932561808584, 0.12527881968564528, 0.13087460576929927, 0.13725576070613263, 0.14301371832507825, 0.14633785850015152, 0.1507016055384428, 0.16050127198800362, 0.16598249144851704, 0.1678621211988699, 0.1728195097285155, 0.17568058163843234, 0.18128235474149673, 0.1825549072762478, 0.19020845525653754, 0.19659008296204014, 0.19953767982427478, 0.20579132289347396, 0.2113303282240409, 0.21673455453334706, 0.21774625254641408, 0.2237838899860908, 0.2290691585580966, 0.23371535850467146, 0.23623858354695432, 0.24221075968188094, 0.24514430824808053, 0.2457174103922133, 0.2478843306838026, 0.2490478025242077, 0.260591233837925, 0.2660299816269873, 0.2719597733073358, 0.2762105996589761, 0.28299882132544424, 0.2858955646573717, 0.2878230482958831, 0.29578673553022394, 0.29578673553022394, 0.30082196624995655, 0.3029783356317091, 0.30688247350089526, 0.3090653195443583, 0.32061110546351257, 0.3282470724986724, 0.3282470724986724, 0.3304543478212368, 0.3304543478212368, 0.3368819012893849, 0.3397938609290236, 0.3397938609290236, 0.3477259487035667, 0.3477259487035667, 0.3477259487035667, 0.3477259487035667, 0.3477259487035667, 0.3477259487035667, 0.3477259487035667, 0.3561512474546188, 0.3561512474546188, 0.3597174843817337, 0.365336484034885, 0.365336484034885, 0.365336484034885, 0.365336484034885, 0.365336484034885, 0.365336484034885, 0.3722408577411027, 0.3722408577411027, 0.3722408577411027, 0.39104373931861613, 0.39104373931861613, 0.39104373931861613, 0.3974227142447478, 0.3974227142447478, 0.3974227142447478, 0.3974227142447478, 0.3974227142447478, 0.40493858206501265, 0.40493858206501265, 0.40493858206501265, 0.40493858206501265, 0.40493858206501265, 0.40493858206501265, 0.40493858206501265, 0.40493858206501265, 0.40493858206501265, 0.40493858206501265, 0.40493858206501265, 0.40493858206501265]
Training raw path: /home/anhnd/DTI Project/Codes/MPNN/data/KFold/ATCInchikeySideEffectByDrug.txt_train_6
('Number of substructures, proteins, pathways, drugs, se: ', 2936, 1448, 330, 969, 598)
((872, 330), (97, 330), (872, 598), (97, 598))
Train: 0.8844 0.6898
Test: 0.7732 0.4757
[0.666314769975787, 0.6787605352145475, 0.6745334208887255, 0.6828201130793569, 0.6802186012056719, 0.6792844726324527, 0.6746129535237152, 0.6763161398931464, 0.6793523524381376, 0.684704982977137, 0.6841136181979328, 0.6865114860865071, 0.6872169507107129, 0.6900784728029492, 0.6895536212339403, 0.6897754544905244, 0.6903161178013958, 0.6903055650865773, 0.6910575691149763, 0.6935933382630611, 0.6961641498015986, 0.6991066384565762, 0.7009258800344473, 0.7029130008834871, 0.7038162036554938, 0.7039349746029069, 0.7052157747659298, 0.7064939466080353, 0.7086400940377584, 0.709654756443374, 0.7134392472846334, 0.7146142211814168, 0.7152502850231774, 0.7168925242365366, 0.7174949004440312, 0.7213454279777115, 0.7240379967340842, 0.7264043221244637, 0.7284589688697775, 0.731538070888204, 0.7327850357063526, 0.7334176732688031, 0.7367308769786469, 0.7367308769786469, 0.7390164513788835, 0.739851366719824, 0.7414048090470232, 0.7424945168543253, 0.7465168725008654, 0.7493870891447614, 0.7493870891447614, 0.7504362133830913, 0.7504362133830913, 0.7526640912257265, 0.753742928674345, 0.753742928674345, 0.7561932687566782, 0.7561932687566782, 0.7561932687566782, 0.7561932687566782, 0.7561932687566782, 0.7561932687566782, 0.7561932687566782, 0.7588580760456082, 0.7588580760456082, 0.7600958403978704, 0.7619540734757658, 0.7619540734757658, 0.7619540734757658, 0.7619540734757658, 0.7619540734757658, 0.7619540734757658, 0.763664041526516, 0.763664041526516, 0.763664041526516, 0.7693575188771332, 0.7693575188771332, 0.7693575188771332, 0.7709784220102871, 0.7709784220102871, 0.7709784220102871, 0.7709784220102871, 0.7709784220102871, 0.7731657217201483, 0.7731657217201483, 0.7731657217201483, 0.7731657217201483, 0.7731657217201483, 0.7731657217201483, 0.7731657217201483, 0.7731657217201483, 0.7731657217201483, 0.7731657217201483, 0.7731657217201483, 0.7731657217201483]
[0.13629599689668334, 0.1543279592632757, 0.1570308963953167, 0.16677713181341902, 0.1721361350031459, 0.17354637508680806, 0.17780358403308885, 0.18523779270314727, 0.19438746846758423, 0.2043237275181613, 0.20698148323744187, 0.2103556746375434, 0.21678997373313116, 0.22445657137809485, 0.22491683899086917, 0.2276827042710517, 0.23164330119889984, 0.23419645853006288, 0.2372166012083822, 0.24468961446054352, 0.25216384515579715, 0.26128268372705143, 0.26734517981412115, 0.2727009391480849, 0.27456733987542137, 0.27586413611481575, 0.2807690796016442, 0.28430459767362937, 0.28983259996612953, 0.2917696887831962, 0.3010044292554734, 0.3032355901012477, 0.30483231848186465, 0.310132623669237, 0.3108917648209889, 0.32128513469510916, 0.32829769767525446, 0.3334174106341202, 0.3396159745803471, 0.3481361955737211, 0.34993606409465805, 0.3520305001278968, 0.3607501044863005, 0.3607501044863005, 0.367269193751667, 0.36960005656165507, 0.3738771578906628, 0.3769301068115475, 0.3872053408508772, 0.3960513288670231, 0.3960513288670231, 0.3988625225909253, 0.3988625225909253, 0.4045842350947304, 0.40796916391316945, 0.40796916391316945, 0.41459360911845744, 0.41459360911845744, 0.41459360911845744, 0.41459360911845744, 0.41459360911845744, 0.41459360911845744, 0.41459360911845744, 0.42217213204642656, 0.42217213204642656, 0.42535604955443285, 0.43222560217769723, 0.43222560217769723, 0.43222560217769723, 0.43222560217769723, 0.43222560217769723, 0.43222560217769723, 0.4384439494390382, 0.4384439494390382, 0.4384439494390382, 0.46079397306271647, 0.46079397306271647, 0.46079397306271647, 0.4659947333462528, 0.4659947333462528, 0.4659947333462528, 0.4659947333462528, 0.4659947333462528, 0.47573581017362887, 0.47573581017362887, 0.47573581017362887, 0.47573581017362887, 0.47573581017362887, 0.47573581017362887, 0.47573581017362887, 0.47573581017362887, 0.47573581017362887, 0.47573581017362887, 0.47573581017362887, 0.47573581017362887]
Training raw path: /home/anhnd/DTI Project/Codes/MPNN/data/KFold/ATCInchikeySideEffectByDrug.txt_train_7
('Number of substructures, proteins, pathways, drugs, se: ', 2936, 1448, 330, 969, 598)
((872, 330), (97, 330), (872, 598), (97, 598))
Train: 0.8843 0.6882
Test: 0.7743 0.4572
[0.6337138663604075, 0.649208425326335, 0.647487336329718, 0.6537861475553179, 0.6550901071809162, 0.6555705388532322, 0.6581936147372389, 0.6585990471671493, 0.6601524760518337, 0.6620670323517908, 0.6639190665522279, 0.6644773305360673, 0.6699856923410816, 0.6726700057002295, 0.6736488876879086, 0.6751960371407756, 0.676572805275129, 0.6784877034862956, 0.6796424583942073, 0.6846115545528682, 0.6882330739590492, 0.6915648749035015, 0.6953644608477046, 0.699064436514595, 0.7018283171457835, 0.7023108331177415, 0.704167676781466, 0.7062264717820288, 0.7085688538144628, 0.7095400566032111, 0.7136284157126441, 0.7152225718861749, 0.7157534947289639, 0.7165117202728037, 0.7172039837436013, 0.7214123634802847, 0.724083657303461, 0.7266222477086439, 0.7287958817928498, 0.73217716785652, 0.7337921013671654, 0.7346397600470804, 0.7374683625664439, 0.7374683625664439, 0.7396809670884681, 0.7403268448098782, 0.7425617929454431, 0.743724293032265, 0.7483782114703577, 0.7512153685588732, 0.7512153685588732, 0.7522539414935885, 0.7522539414935885, 0.7545920209586939, 0.7556859254542738, 0.7556859254542738, 0.7580291036352058, 0.7580291036352058, 0.7580291036352058, 0.7580291036352058, 0.7580291036352058, 0.7580291036352058, 0.7580291036352058, 0.760959454429066, 0.760959454429066, 0.7624263825380793, 0.7638133572282093, 0.7638133572282093, 0.7638133572282093, 0.7638133572282093, 0.7638133572282093, 0.7638133572282093, 0.7654060908380702, 0.7654060908380702, 0.7654060908380702, 0.7707103124939293, 0.7707103124939293, 0.7707103124939293, 0.7724308132283839, 0.7724308132283839, 0.7724308132283839, 0.7724308132283839, 0.7724308132283839, 0.7743270682311192, 0.7743270682311192, 0.7743270682311192, 0.7743270682311192, 0.7743270682311192, 0.7743270682311192, 0.7743270682311192, 0.7743270682311192, 0.7743270682311192, 0.7743270682311192, 0.7743270682311192, 0.7743270682311192]
[0.09081589474493883, 0.0990210474777986, 0.10439874917615802, 0.11487762258597332, 0.12112230825270254, 0.12478909020124146, 0.13182032109281336, 0.1383185552121431, 0.1440028286522941, 0.14741525860992521, 0.15046250015949877, 0.1531434141992827, 0.16611598836572483, 0.17266206028934017, 0.1749022051865071, 0.18019127195048557, 0.18456466037905644, 0.18992964825509429, 0.19321278116444823, 0.2033584857800355, 0.21286714304838847, 0.2192722601528699, 0.22858226480481716, 0.23727845386634006, 0.24437990922766376, 0.24590745725060226, 0.25173153195363707, 0.25650727488256897, 0.2629878915605811, 0.2650627381155305, 0.27540392628321625, 0.27948355628854593, 0.2810936387690242, 0.28442914601162883, 0.28613175510645056, 0.29801376027027243, 0.30499835246402895, 0.31168773834479774, 0.31723413046506993, 0.32715363149605553, 0.3313842086366837, 0.33389931963450226, 0.3418594752371183, 0.3418594752371183, 0.34822454614292825, 0.3504606898909008, 0.356559880290508, 0.36033543307789595, 0.3738494821740378, 0.3820106186924952, 0.3820106186924952, 0.38448163881810893, 0.38448163881810893, 0.3919880548202539, 0.3949722854956938, 0.3949722854956938, 0.4021392039889893, 0.4021392039889893, 0.4021392039889893, 0.4021392039889893, 0.4021392039889893, 0.4021392039889893, 0.4021392039889893, 0.41129851363775916, 0.41129851363775916, 0.4158590262490137, 0.4204837119650222, 0.4204837119650222, 0.4204837119650222, 0.4204837119650222, 0.4204837119650222, 0.4204837119650222, 0.4257685868805737, 0.4257685868805737, 0.4257685868805737, 0.44435005643946746, 0.44435005643946746, 0.44435005643946746, 0.45007723091408536, 0.45007723091408536, 0.45007723091408536, 0.45007723091408536, 0.45007723091408536, 0.45715738818084917, 0.45715738818084917, 0.45715738818084917, 0.45715738818084917, 0.45715738818084917, 0.45715738818084917, 0.45715738818084917, 0.45715738818084917, 0.45715738818084917, 0.45715738818084917, 0.45715738818084917, 0.45715738818084917]
Training raw path: /home/anhnd/DTI Project/Codes/MPNN/data/KFold/ATCInchikeySideEffectByDrug.txt_train_8
('Number of substructures, proteins, pathways, drugs, se: ', 2936, 1448, 330, 969, 598)
((872, 330), (97, 330), (872, 598), (97, 598))
Train: 0.8924 0.7068
Test: 0.7846 0.4448
[0.6661156842052364, 0.6879059582111533, 0.6879868073794831, 0.6895407100767579, 0.6903893010804281, 0.6894301357915069, 0.6942469794162435, 0.6960322354310079, 0.6971651407606727, 0.7017080658721525, 0.7035929316843827, 0.7055851300956468, 0.7074002567376823, 0.7094257714710114, 0.7098399079678419, 0.7092518495983742, 0.7101240411413952, 0.7117140671584355, 0.7133665856050383, 0.7131506884193588, 0.7145806799387657, 0.7167836301006197, 0.7192133391141016, 0.7212335989875198, 0.7226971445797118, 0.72311276656162, 0.7244367776488547, 0.7253122250060975, 0.7273010653664504, 0.7280681340862805, 0.7310189406895002, 0.7323116027531186, 0.7326850237531699, 0.7343619333429456, 0.7350762462746899, 0.738627026080972, 0.7406729517679862, 0.7421609057669585, 0.7438948743380445, 0.7463757812659887, 0.747856373595446, 0.7482383143435207, 0.7505637974989349, 0.7505637974989349, 0.7522089651200181, 0.753179054093686, 0.7546888710269242, 0.7555133680909238, 0.7590242628134058, 0.7620386994221275, 0.7620386994221275, 0.7628373762142638, 0.7628373762142638, 0.7649879671685447, 0.7661145340148257, 0.7661145340148257, 0.7683446873432003, 0.7683446873432003, 0.7683446873432003, 0.7683446873432003, 0.7683446873432003, 0.7683446873432003, 0.7683446873432003, 0.7710721123220009, 0.7710721123220009, 0.7723075334589643, 0.7737314078985306, 0.7737314078985306, 0.7737314078985306, 0.7737314078985306, 0.7737314078985306, 0.7737314078985306, 0.7752609708719147, 0.7752609708719147, 0.7752609708719147, 0.7807128647875161, 0.7807128647875161, 0.7807128647875161, 0.7825126503537461, 0.7825126503537461, 0.7825126503537461, 0.7825126503537461, 0.7825126503537461, 0.7845631530412869, 0.7845631530412869, 0.7845631530412869, 0.7845631530412869, 0.7845631530412869, 0.7845631530412869, 0.7845631530412869, 0.7845631530412869, 0.7845631530412869, 0.7845631530412869, 0.7845631530412869, 0.7845631530412869]
[0.1045173690978809, 0.11467644267904284, 0.12035582732945607, 0.13373450890991678, 0.13910273634139392, 0.14304144047439768, 0.15101552817054142, 0.1546198353968672, 0.16032297273752735, 0.16865863217657268, 0.17186270031531334, 0.1758867027296165, 0.18516807571822974, 0.18905727734909494, 0.19190501956754016, 0.1937151565310707, 0.19679019818502919, 0.2022882713642229, 0.2046299417073177, 0.20766228929540942, 0.21336180121662202, 0.2179474654193888, 0.2238616823059508, 0.23037952850098353, 0.23509083659526334, 0.235857040712256, 0.2402367428647926, 0.24398701783967153, 0.2505973022194331, 0.2526732213339015, 0.2622749105243265, 0.2659090455207447, 0.2671527022303412, 0.27326622519768273, 0.2752436576780779, 0.28745608322564653, 0.2930964882082367, 0.2973609206251021, 0.3014353919397791, 0.3103097463935997, 0.31394835583566644, 0.3154764415231136, 0.32336209664517757, 0.32336209664517757, 0.3286908800355945, 0.33159882806553365, 0.33637894941621954, 0.3392100051466241, 0.3508675374395429, 0.3606264732216305, 0.3606264732216305, 0.3627345517058005, 0.3627345517058005, 0.36989636340521687, 0.3740802476231444, 0.3740802476231444, 0.38095507628234837, 0.38095507628234837, 0.38095507628234837, 0.38095507628234837, 0.38095507628234837, 0.38095507628234837, 0.38095507628234837, 0.3905136871715938, 0.3905136871715938, 0.3943720490730341, 0.3997292900682537, 0.3997292900682537, 0.3997292900682537, 0.3997292900682537, 0.3997292900682537, 0.3997292900682537, 0.4061234632961509, 0.4061234632961509, 0.4061234632961509, 0.42866939113616875, 0.42866939113616875, 0.42866939113616875, 0.43571448103949173, 0.43571448103949173, 0.43571448103949173, 0.43571448103949173, 0.43571448103949173, 0.44484431054182483, 0.44484431054182483, 0.44484431054182483, 0.44484431054182483, 0.44484431054182483, 0.44484431054182483, 0.44484431054182483, 0.44484431054182483, 0.44484431054182483, 0.44484431054182483, 0.44484431054182483, 0.44484431054182483]
Training raw path: /home/anhnd/DTI Project/Codes/MPNN/data/KFold/ATCInchikeySideEffectByDrug.txt_train_9
('Number of substructures, proteins, pathways, drugs, se: ', 2936, 1448, 330, 969, 598)
((873, 330), (96, 330), (873, 598), (96, 598))
Train: 0.8835 0.6850
Test: 0.7822 0.4894
[0.6707659728960624, 0.6877663233957856, 0.6921734092726054, 0.6926579507676742, 0.6881544051239354, 0.690688941016016, 0.6903146744037421, 0.6945357718698599, 0.6961729194731037, 0.6980533972278793, 0.6987802161894632, 0.7003414401646044, 0.70238237502391, 0.7045226067307528, 0.7043910343495863, 0.7071417469785073, 0.7088598877066956, 0.7103842791136779, 0.7108728837040483, 0.713799286198295, 0.7162566281720625, 0.718589235113346, 0.7208636057381952, 0.7232092734246272, 0.7242127469309257, 0.7243887997685263, 0.7266444534240568, 0.7285633028635801, 0.7307265566997141, 0.7318113897940499, 0.7346965550722622, 0.7357968562308779, 0.7363697081772462, 0.7375943463883434, 0.7382371577244226, 0.741303768265131, 0.7429611922198732, 0.7453932431882266, 0.7471053399146774, 0.7498234797558825, 0.7512295273988796, 0.7516523150406552, 0.7539780698959623, 0.7539780698959623, 0.7554449659169201, 0.756100444467869, 0.7576913811250461, 0.7583804565365042, 0.7613382884640063, 0.7635500520304948, 0.7635500520304948, 0.764250222846923, 0.764250222846923, 0.7660655591439725, 0.7669356614283354, 0.7669356614283354, 0.7688978388644511, 0.7688978388644511, 0.7688978388644511, 0.7688978388644511, 0.7688978388644511, 0.7688978388644511, 0.7688978388644511, 0.7710259472067146, 0.7710259472067146, 0.7722810552339665, 0.7734946922952476, 0.7734946922952476, 0.7734946922952476, 0.7734946922952476, 0.7734946922952476, 0.7734946922952476, 0.7748011823143115, 0.7748011823143115, 0.7748011823143115, 0.779105677993084, 0.779105677993084, 0.779105677993084, 0.7806345955622996, 0.7806345955622996, 0.7806345955622996, 0.7806345955622996, 0.7806345955622996, 0.7822280480976933, 0.7822280480976933, 0.7822280480976933, 0.7822280480976933, 0.7822280480976933, 0.7822280480976933, 0.7822280480976933, 0.7822280480976933, 0.7822280480976933, 0.7822280480976933, 0.7822280480976933, 0.7822280480976933]
[0.12027432555473078, 0.14329315039626045, 0.15919899326694945, 0.1674730513896136, 0.17272628935110795, 0.18014212040455113, 0.1902380853629469, 0.19884039772135595, 0.20692587913849947, 0.21499304828733418, 0.21835799770119385, 0.22468355733649537, 0.23335806365939482, 0.24119284680323383, 0.24452039967493489, 0.251749499303885, 0.256285403162685, 0.26159644435867613, 0.26297302078082546, 0.2726681219688934, 0.2799540249215362, 0.28688027774864233, 0.29514073168616006, 0.30209646610130886, 0.30509386491574547, 0.3058512100458439, 0.31091850137725535, 0.3166531088965731, 0.32207005912292286, 0.32461000378593496, 0.33261030005334535, 0.3351732221751242, 0.336917241250113, 0.3405584831248941, 0.342557481775398, 0.35176225739470446, 0.35663999536774926, 0.3636155018703219, 0.36797800717023643, 0.37628583489092293, 0.3805831874167984, 0.3819513733779327, 0.3887016737305997, 0.3887016737305997, 0.39376981056393334, 0.3960181928968994, 0.4013190446886827, 0.40374842497723035, 0.41366955824493906, 0.4221608134731683, 0.4221608134731683, 0.42393730243301986, 0.42393730243301986, 0.4297374871428252, 0.43242988187160797, 0.43242988187160797, 0.4389882781893564, 0.4389882781893564, 0.4389882781893564, 0.4389882781893564, 0.4389882781893564, 0.4389882781893564, 0.4389882781893564, 0.44642333951908564, 0.44642333951908564, 0.45066916364726983, 0.4552957349237079, 0.4552957349237079, 0.4552957349237079, 0.4552957349237079, 0.4552957349237079, 0.4552957349237079, 0.4602538881693814, 0.4602538881693814, 0.4602538881693814, 0.4770104206209201, 0.4770104206209201, 0.4770104206209201, 0.48293548732751196, 0.48293548732751196, 0.48293548732751196, 0.48293548732751196, 0.48293548732751196, 0.489427312636352, 0.489427312636352, 0.489427312636352, 0.489427312636352, 0.489427312636352, 0.489427312636352, 0.489427312636352, 0.489427312636352, 0.489427312636352, 0.489427312636352, 0.489427312636352, 0.489427312636352]
AUC: 0.7732 0.0042
AUPR: 0.4673 0.0091
('RARE AUC', [(0.6530551371984055, 0.010438619059424082), (0.666318673040114, 0.011661094246476397), (0.6690337128217736, 0.009983691091641227), (0.6714980958120053, 0.009381024511231913), (0.6697480901306314, 0.009174248177557598), (0.6704787179173326, 0.008693838930032893), (0.6715495304596013, 0.008338748777053871), (0.6737216159188547, 0.008420064919942077), (0.6751653101428344, 0.008398757423725395), (0.6779876425801312, 0.0084178603867871), (0.6786470752951533, 0.008299714815637117), (0.6805987433475347, 0.008318217382406087), (0.6838799208032619, 0.007840880033493914), (0.6864225631259229, 0.007744638245955157), (0.6868824216156334, 0.007578261738379829), (0.6883649723487868, 0.007471022721080993), (0.6893673609871911, 0.007452255610495406), (0.690841787777714, 0.00730019182600351), (0.6918572882951182, 0.007293828223923186), (0.6947199778113391, 0.00704901377462418), (0.6975165591046297, 0.00678095958948675), (0.6999375086706132, 0.00675080134450251), (0.7023669947798341, 0.0066080808382186175), (0.7048712160683633, 0.006507310262546059), (0.7065257657613898, 0.006369638696044063), (0.7068548287764979, 0.006359200367682264), (0.7087627733776432, 0.0063217513241746424), (0.7104068624807088, 0.0061833836711953786), (0.712775850018016, 0.006056413279257018), (0.7136468403421198, 0.0060083434931699035), (0.7169098108056049, 0.005876692193548379), (0.7184740350208847, 0.005797140457697518), (0.7190626485310971, 0.005765312984358947), (0.7203941333293784, 0.00575581551762869), (0.7210568641641019, 0.00572304394397174), (0.7251923322645653, 0.005489191922657084), (0.7274386224553784, 0.005412889895579097), (0.729868881475426, 0.005285526198863355), (0.7318697764427228, 0.005226280067113817), (0.7347937543208397, 0.005139608577697272), (0.7360972399959115, 0.005098284652627613), (0.7368371952739856, 0.005051375776619672), (0.7396909641927076, 0.004939036152989555), (0.7396909641927076, 0.004939036152989555), (0.7414692357296205, 0.004860715832820244), (0.7423085143681043, 0.004843754884677746), (0.7440190315877692, 0.004799079522815402), (0.744965189058738, 0.004780767218673001), (0.748642834783299, 0.004666635415604671), (0.7513656544364176, 0.004605410697846803), (0.7513656544364176, 0.004605410697846803), (0.7522705989959174, 0.004576307137535407), (0.7522705989959174, 0.004576307137535407), (0.754333670828687, 0.00452080726147214), (0.7553732625787325, 0.004498779141156328), (0.7553732625787325, 0.004498779141156328), (0.7575884410621996, 0.00446600944016186), (0.7575884410621996, 0.00446600944016186), (0.7575884410621996, 0.00446600944016186), (0.7575884410621996, 0.00446600944016186), (0.7575884410621996, 0.00446600944016186), (0.7575884410621996, 0.00446600944016186), (0.7575884410621996, 0.00446600944016186), (0.7601989219655442, 0.004404818589336528), (0.7601989219655442, 0.004404818589336528), (0.761515780130736, 0.004381263327227254), (0.762951112975665, 0.004350202811347262), (0.762951112975665, 0.004350202811347262), (0.762951112975665, 0.004350202811347262), (0.762951112975665, 0.004350202811347262), (0.762951112975665, 0.004350202811347262), (0.762951112975665, 0.004350202811347262), (0.7645802461056155, 0.004302027930813734), (0.7645802461056155, 0.004302027930813734), (0.7645802461056155, 0.004302027930813734), (0.7695881067127732, 0.004258722044980411), (0.7695881067127732, 0.004258722044980411), (0.7695881067127732, 0.004258722044980411), (0.7713005547224555, 0.00423423186332886), (0.7713005547224555, 0.00423423186332886), (0.7713005547224555, 0.00423423186332886), (0.7713005547224555, 0.00423423186332886), (0.7713005547224555, 0.00423423186332886), (0.7731789394508143, 0.004206405950639308), (0.7731789394508143, 0.004206405950639308), (0.7731789394508143, 0.004206405950639308), (0.7731789394508143, 0.004206405950639308), (0.7731789394508143, 0.004206405950639308), (0.7731789394508143, 0.004206405950639308), (0.7731789394508143, 0.004206405950639308), (0.7731789394508143, 0.004206405950639308), (0.7731789394508143, 0.004206405950639308), (0.7731789394508143, 0.004206405950639308), (0.7731789394508143, 0.004206405950639308), (0.7731789394508143, 0.004206405950639308)])
('RARE AUPR', [(0.1183303982346382, 0.007956053737353757), (0.1360468156561801, 0.010387638498736683), (0.14269075754794755, 0.010319108200040669), (0.15004540299031208, 0.009666629777484245), (0.15429314676167163, 0.009324706586002615), (0.15871321377623962, 0.009550090699081719), (0.16681965666830595, 0.009447337532366939), (0.17328545551808125, 0.009552737845918582), (0.17955907719618608, 0.009520811215388659), (0.1870427863410262, 0.010060540520009336), (0.18975294345678767, 0.010028401699202247), (0.19416431127573813, 0.010182291409692559), (0.20313389343231608, 0.009704378133364366), (0.20989993292352746, 0.00988188658600599), (0.21268796929103023, 0.009881019850782134), (0.21761564889606108, 0.010001668610707148), (0.22110658137467723, 0.010123830833728567), (0.22547678528585352, 0.009816068512118841), (0.2279088856241578, 0.009805582607593665), (0.23625655365578352, 0.010138969940981233), (0.2438689665737357, 0.01010273176550482), (0.250318769220512, 0.01044226338494566), (0.25699214028241557, 0.010494707893048126), (0.2639604202263206, 0.010656087425845236), (0.26859165940329277, 0.010553480630940196), (0.26963106181491836, 0.010564638363075605), (0.27516202773958337, 0.010631343642799254), (0.279632381115654, 0.010582266685338666), (0.2859576321654228, 0.010535950318675933), (0.2881726709975155, 0.010437723031986675), (0.29619844892650404, 0.010382670093928969), (0.2998754660463724, 0.0103457617421268), (0.30132733784593063, 0.010396597911296851), (0.30572609520944527, 0.010419641460675089), (0.3073731792355783, 0.010405450724662556), (0.31877189666657857, 0.010215721099885952), (0.32471013841919383, 0.010328994679730922), (0.3312608138692492, 0.010420985723113549), (0.33653451662482425, 0.010581141903502343), (0.34502322189026235, 0.010613591025709258), (0.3484317685861014, 0.010609830884998473), (0.35049353551989426, 0.010638769296834081), (0.35830911781566666, 0.010508811510834768), (0.35830911781566666, 0.010508811510834768), (0.36366611107758506, 0.010536805139375166), (0.3661283261903681, 0.010519252403467565), (0.3710492011538087, 0.010563886836788995), (0.3739746559245944, 0.010607226821697641), (0.38458955053759436, 0.010428883304691992), (0.39306988656128994, 0.010424144436283696), (0.39306988656128994, 0.010424144436283696), (0.3954330371998664, 0.010449924116748792), (0.3954330371998664, 0.010449924116748792), (0.4017007138654355, 0.0102884971208369), (0.40483170188659, 0.01029370547426686), (0.40483170188659, 0.01029370547426686), (0.4115220398571422, 0.010113884523523436), (0.4115220398571422, 0.010113884523523436), (0.4115220398571422, 0.010113884523523436), (0.4115220398571422, 0.010113884523523436), (0.4115220398571422, 0.010113884523523436), (0.4115220398571422, 0.010113884523523436), (0.4115220398571422, 0.010113884523523436), (0.419846322113716, 0.00994004111720022), (0.419846322113716, 0.00994004111720022), (0.4238845481223149, 0.009967714199251484), (0.428936434625132, 0.009890616970324149), (0.428936434625132, 0.009890616970324149), (0.428936434625132, 0.009890616970324149), (0.428936434625132, 0.009890616970324149), (0.428936434625132, 0.009890616970324149), (0.428936434625132, 0.009890616970324149), (0.43491530689287156, 0.00972591535285958), (0.43491530689287156, 0.00972591535285958), (0.43491530689287156, 0.00972591535285958), (0.453426572388247, 0.009358936506499221), (0.453426572388247, 0.009358936506499221), (0.453426572388247, 0.009358936506499221), (0.459722424507619, 0.009280127945049189), (0.459722424507619, 0.009280127945049189), (0.459722424507619, 0.009280127945049189), (0.459722424507619, 0.009280127945049189), (0.459722424507619, 0.009280127945049189), (0.4672688996425274, 0.009143610725562827), (0.4672688996425274, 0.009143610725562827), (0.4672688996425274, 0.009143610725562827), (0.4672688996425274, 0.009143610725562827), (0.4672688996425274, 0.009143610725562827), (0.4672688996425274, 0.009143610725562827), (0.4672688996425274, 0.009143610725562827), (0.4672688996425274, 0.009143610725562827), (0.4672688996425274, 0.009143610725562827), (0.4672688996425274, 0.009143610725562827), (0.4672688996425274, 0.009143610725562827), (0.4672688996425274, 0.009143610725562827)])
