Default
<models.baselines.omodels.NeuSK object at 0x7effe8a8f750>
Training raw path: /home/anhnd/DTI Project/Codes/MPNN/data/KFold/ATCInchikeySideEffectByDrug.txt_train_0
('Number of substructures, proteins, pathways, drugs, se: ', 2936, 1448, 330, 969, 598)
Train: 0.9387 0.8114
Test: 0.7576 0.4619
[0.65587983542809, 0.6685548249058079, 0.675888531483273, 0.6649777323968526, 0.6616405890898599, 0.6640487690172493, 0.6668990506840469, 0.6676122942974899, 0.6667831939777943, 0.6683564969223312, 0.6676996588599329, 0.6685596303429796, 0.6723651595577118, 0.674341909098418, 0.6745164279277546, 0.6761325943984675, 0.6770111585927602, 0.6782071259364383, 0.6790540966446166, 0.680834621786573, 0.684120582237991, 0.687481738088749, 0.6884582593983961, 0.6912867926837731, 0.6932978313028333, 0.6934594566048523, 0.6947542456535477, 0.6964652780518683, 0.6986859415319441, 0.6993293242065555, 0.7022525858231112, 0.7036523818528153, 0.7042240033841827, 0.7056839065886273, 0.7060598228695082, 0.7100028452715631, 0.7121809418269738, 0.714899944343233, 0.7167859583891341, 0.7198516548737852, 0.720776982785672, 0.7217138910862773, 0.724375641940568, 0.724375641940568, 0.7260503797725892, 0.7269395619330054, 0.7288617771615816, 0.7297349126460657, 0.73294144281111, 0.7355973715969986, 0.7355973715969986, 0.7366267058611361, 0.7366267058611361, 0.7386002869236494, 0.7396036807832966, 0.7396036807832966, 0.7416396539693735, 0.7416396539693735, 0.7416396539693735, 0.7416396539693735, 0.7416396539693735, 0.7416396539693735, 0.7416396539693735, 0.7444385948923848, 0.7444385948923848, 0.7458735266283729, 0.7472382158479886, 0.7472382158479886, 0.7472382158479886, 0.7472382158479886, 0.7472382158479886, 0.7472382158479886, 0.7489282508197593, 0.7489282508197593, 0.7489282508197593, 0.7538363586900809, 0.7538363586900809, 0.7538363586900809, 0.755634224885804, 0.755634224885804, 0.755634224885804, 0.755634224885804, 0.755634224885804, 0.7575974054191796, 0.7575974054191796, 0.7575974054191796, 0.7575974054191796, 0.7575974054191796, 0.7575974054191796, 0.7575974054191796, 0.7575974054191796, 0.7575974054191796, 0.7575974054191796, 0.7575974054191796, 0.7575974054191796]
[0.14790037717113472, 0.17100213249168675, 0.18407058170319668, 0.17380049794772587, 0.1732284679956132, 0.18024309953877016, 0.18534805259841097, 0.1929960063894637, 0.19538128484229345, 0.19756918780530758, 0.19883279923623687, 0.20109353916567288, 0.20986867029296277, 0.21756348998132025, 0.2198792964456395, 0.2249996787916105, 0.22598558251126283, 0.22839668753824532, 0.23061995441998587, 0.23983722727181925, 0.24846183965294247, 0.2548984051017376, 0.2599847833001567, 0.2677790199340674, 0.2733938011262015, 0.2738442812410243, 0.27844788938676784, 0.28383523586249604, 0.2897391614934271, 0.2916195648910248, 0.29791368215945113, 0.3021662058876402, 0.3036794937112864, 0.3078530005249389, 0.30923392874041467, 0.31973834807666, 0.3254017476857801, 0.33255508906313813, 0.3366822062838165, 0.3442748842407099, 0.34734450374628856, 0.3500278360812356, 0.3571517598401456, 0.3571517598401456, 0.3623306599447449, 0.3647063328258686, 0.36957165916877366, 0.3723125355802134, 0.38171316123246307, 0.3898600322542336, 0.3898600322542336, 0.3923365907519618, 0.3923365907519618, 0.3987815676928725, 0.4014257810119122, 0.4014257810119122, 0.40772562391217604, 0.40772562391217604, 0.40772562391217604, 0.40772562391217604, 0.40772562391217604, 0.40772562391217604, 0.40772562391217604, 0.4162648149371363, 0.4162648149371363, 0.4205254288458361, 0.42511278333601843, 0.42511278333601843, 0.42511278333601843, 0.42511278333601843, 0.42511278333601843, 0.42511278333601843, 0.43116615697140653, 0.43116615697140653, 0.43116615697140653, 0.44820901283185893, 0.44820901283185893, 0.44820901283185893, 0.4546423799634044, 0.4546423799634044, 0.4546423799634044, 0.4546423799634044, 0.4546423799634044, 0.4618778146368101, 0.4618778146368101, 0.4618778146368101, 0.4618778146368101, 0.4618778146368101, 0.4618778146368101, 0.4618778146368101, 0.4618778146368101, 0.4618778146368101, 0.4618778146368101, 0.4618778146368101, 0.4618778146368101]
Training raw path: /home/anhnd/DTI Project/Codes/MPNN/data/KFold/ATCInchikeySideEffectByDrug.txt_train_1
('Number of substructures, proteins, pathways, drugs, se: ', 2936, 1448, 330, 969, 598)
Train: 0.9388 0.8134
Test: 0.7647 0.4731
[0.6333145483995591, 0.633845490789505, 0.6379407806691646, 0.6317236232916947, 0.6309877592479493, 0.6351168665014743, 0.6358709529576914, 0.6371301064229637, 0.6419599501248926, 0.6419952729616359, 0.6420490708743756, 0.6456681446691345, 0.65215188819233, 0.6577721654144371, 0.6594024550409296, 0.6630804909227198, 0.6641996368458389, 0.6673194424660013, 0.668102170184361, 0.6729484387487304, 0.6766022074068625, 0.6794241367229208, 0.6821645464045563, 0.6852692257741746, 0.6869658058186777, 0.6868525025774492, 0.6890571560762386, 0.6919760895373261, 0.6959188191944812, 0.6973251997745635, 0.7015779415504898, 0.7041752128256931, 0.705250894349317, 0.7072330119841563, 0.7080010755999234, 0.712785020501715, 0.7149953938636255, 0.7183010310840703, 0.7206826294491595, 0.7245324822413994, 0.7258136495788081, 0.7268586081708843, 0.7299578543890399, 0.7299578543890399, 0.7313728626223942, 0.7321351066726229, 0.7344422984647054, 0.7353740136203805, 0.7390029888154858, 0.7420122997106873, 0.7420122997106873, 0.7428935096112428, 0.7428935096112428, 0.7452381501202292, 0.7463930675230407, 0.7463930675230407, 0.7487247320752021, 0.7487247320752021, 0.7487247320752021, 0.7487247320752021, 0.7487247320752021, 0.7487247320752021, 0.7487247320752021, 0.7516624154424241, 0.7516624154424241, 0.7530025534734299, 0.754316122592394, 0.754316122592394, 0.754316122592394, 0.754316122592394, 0.754316122592394, 0.754316122592394, 0.7561513555670704, 0.7561513555670704, 0.7561513555670704, 0.7608728357540495, 0.7608728357540495, 0.7608728357540495, 0.7627654678985416, 0.7627654678985416, 0.7627654678985416, 0.7627654678985416, 0.7627654678985416, 0.7647044755931274, 0.7647044755931274, 0.7647044755931274, 0.7647044755931274, 0.7647044755931274, 0.7647044755931274, 0.7647044755931274, 0.7647044755931274, 0.7647044755931274, 0.7647044755931274, 0.7647044755931274, 0.7647044755931274]
[0.11558083751453284, 0.13096512053697418, 0.13205211093205682, 0.13171037864266102, 0.13765833836744543, 0.1413542838852741, 0.14812966060292648, 0.15547115560311475, 0.16455845079102208, 0.16770156933258018, 0.16897408589346424, 0.17549676079082266, 0.1867899169021358, 0.19585844697461016, 0.20000788848648948, 0.206216402134261, 0.20907436801204995, 0.21509538470494258, 0.2159272384751635, 0.2258085522414346, 0.23436228699861333, 0.24144286127341777, 0.2466903628511995, 0.25467352557535977, 0.25754247578666445, 0.2579312388002972, 0.2612260491629993, 0.2678661519277508, 0.2765732295345599, 0.27994259010749933, 0.29086713438052886, 0.2970355585923845, 0.29947563860739607, 0.30522333117730105, 0.30733237925519263, 0.32035560802792723, 0.32548303109885673, 0.3337287919579264, 0.33924784000907915, 0.3493885721134951, 0.35350657619838, 0.3559351467318323, 0.3634868578489906, 0.3634868578489906, 0.3675609184395674, 0.36996010633504917, 0.3762131110551633, 0.37868505811032604, 0.39004370755610784, 0.3996306549327183, 0.3996306549327183, 0.4014221767313946, 0.4014221767313946, 0.4081576581742862, 0.4113617502564099, 0.4113617502564099, 0.4179563160422286, 0.4179563160422286, 0.4179563160422286, 0.4179563160422286, 0.4179563160422286, 0.4179563160422286, 0.4179563160422286, 0.42779736456735656, 0.42779736456735656, 0.43167207243331374, 0.43604698585231083, 0.43604698585231083, 0.43604698585231083, 0.43604698585231083, 0.43604698585231083, 0.43604698585231083, 0.4429583041834456, 0.4429583041834456, 0.4429583041834456, 0.4589794398673871, 0.4589794398673871, 0.4589794398673871, 0.46583667598314127, 0.46583667598314127, 0.46583667598314127, 0.46583667598314127, 0.46583667598314127, 0.4730856783320526, 0.4730856783320526, 0.4730856783320526, 0.4730856783320526, 0.4730856783320526, 0.4730856783320526, 0.4730856783320526, 0.4730856783320526, 0.4730856783320526, 0.4730856783320526, 0.4730856783320526, 0.4730856783320526]
Training raw path: /home/anhnd/DTI Project/Codes/MPNN/data/KFold/ATCInchikeySideEffectByDrug.txt_train_2
('Number of substructures, proteins, pathways, drugs, se: ', 2936, 1448, 330, 969, 598)
Train: 0.9364 0.8042
Test: 0.7847 0.5591
[0.6915848543510325, 0.7010671087246667, 0.7039855650529233, 0.7019248905060415, 0.7034682435409, 0.7011332395192602, 0.7058385883867255, 0.7079764967965075, 0.7080008705675669, 0.7098178876491952, 0.7112907756878746, 0.7136628284729337, 0.7120713608456785, 0.7133713776338046, 0.7138200132075865, 0.7155772435820794, 0.7176691627729763, 0.7189224304227647, 0.7194916850619677, 0.7218624990289042, 0.724173609744035, 0.7263953127291523, 0.7290220673093324, 0.7315258946850767, 0.732779628628778, 0.7330903356300256, 0.7337355788693233, 0.735589913571391, 0.7373069037943317, 0.7379968191327079, 0.7397170015199515, 0.7410346275612181, 0.7414566215430025, 0.7423608793294796, 0.7425791728340903, 0.7455863163702782, 0.7472877282634258, 0.74930384689239, 0.751048160617877, 0.7531907799078175, 0.7538954308357995, 0.7545789427079466, 0.756779077523778, 0.756779077523778, 0.7581886457983149, 0.7588465024050218, 0.7602817244539662, 0.7611815895022936, 0.7641943741927922, 0.7664286714185549, 0.7664286714185549, 0.7671554841355956, 0.7671554841355956, 0.7685645318422895, 0.7695773187809074, 0.7695773187809074, 0.7712483839298212, 0.7712483839298212, 0.7712483839298212, 0.7712483839298212, 0.7712483839298212, 0.7712483839298212, 0.7712483839298212, 0.7734984271045935, 0.7734984271045935, 0.7748177846412018, 0.7760531638176142, 0.7760531638176142, 0.7760531638176142, 0.7760531638176142, 0.7760531638176142, 0.7760531638176142, 0.7774876033640234, 0.7774876033640234, 0.7774876033640234, 0.7815768126378542, 0.7815768126378542, 0.7815768126378542, 0.7830586244204109, 0.7830586244204109, 0.7830586244204109, 0.7830586244204109, 0.7830586244204109, 0.7846525242557443, 0.7846525242557443, 0.7846525242557443, 0.7846525242557443, 0.7846525242557443, 0.7846525242557443, 0.7846525242557443, 0.7846525242557443, 0.7846525242557443, 0.7846525242557443, 0.7846525242557443, 0.7846525242557443]
[0.1991253127984026, 0.2232487118834029, 0.24321575371674076, 0.2439776661094362, 0.24799807216185404, 0.2483589520784882, 0.26007080632016144, 0.2676926365457286, 0.27469419294265374, 0.2822747793713852, 0.2866176876926257, 0.2905546491855989, 0.29860405450894584, 0.30285249371971645, 0.30474432431043985, 0.31100215146271093, 0.31712526412559305, 0.3210554112823069, 0.32377268769311607, 0.3341656459708346, 0.3424432012852713, 0.34882706700507493, 0.35775763118182746, 0.36692665338999275, 0.37223143578977336, 0.37340288321958337, 0.37855792177838254, 0.3837545611248604, 0.38983067427549367, 0.3915193741630318, 0.3992190857098397, 0.40324862498706043, 0.4044794909177971, 0.40860335240829804, 0.41006915674911903, 0.42118719490139633, 0.4281240034588567, 0.43588815339868364, 0.4427363971955708, 0.45076302603723495, 0.45331407494640996, 0.4559785906945011, 0.46402047626843257, 0.46402047626843257, 0.46954623473227297, 0.47145230673165206, 0.47694374265821204, 0.4795388518115759, 0.48912974220519395, 0.4955622479999523, 0.4955622479999523, 0.4979691022195363, 0.4979691022195363, 0.5031461018931257, 0.5064959989831862, 0.5064959989831862, 0.5113161725045232, 0.5113161725045232, 0.5113161725045232, 0.5113161725045232, 0.5113161725045232, 0.5113161725045232, 0.5113161725045232, 0.5186044813558892, 0.5186044813558892, 0.5232188180891482, 0.5277814105271281, 0.5277814105271281, 0.5277814105271281, 0.5277814105271281, 0.5277814105271281, 0.5277814105271281, 0.5329540470627734, 0.5329540470627734, 0.5329540470627734, 0.5475847776288467, 0.5475847776288467, 0.5475847776288467, 0.552980061351239, 0.552980061351239, 0.552980061351239, 0.552980061351239, 0.552980061351239, 0.5590578268814289, 0.5590578268814289, 0.5590578268814289, 0.5590578268814289, 0.5590578268814289, 0.5590578268814289, 0.5590578268814289, 0.5590578268814289, 0.5590578268814289, 0.5590578268814289, 0.5590578268814289, 0.5590578268814289]
Training raw path: /home/anhnd/DTI Project/Codes/MPNN/data/KFold/ATCInchikeySideEffectByDrug.txt_train_3
('Number of substructures, proteins, pathways, drugs, se: ', 2936, 1448, 330, 969, 598)
Train: 0.9343 0.8023
Test: 0.7905 0.5326
[0.7161468095856311, 0.7276087122901563, 0.7261499971189468, 0.7208554701979654, 0.7204518675273592, 0.7180542703318507, 0.716454108486388, 0.7201434030405715, 0.7203516054208083, 0.7244414810845002, 0.7240121147117095, 0.7248703380297215, 0.7262789035404539, 0.7284547610759353, 0.729230756990142, 0.730745144218662, 0.7315211640303576, 0.7322335356509659, 0.7324553253677425, 0.734588486691963, 0.7372512528999681, 0.7392077877953712, 0.7408344400137223, 0.7417571540111396, 0.7421670354605455, 0.7424579161012679, 0.7438716463890166, 0.7440153171811119, 0.7449901301300992, 0.745085513903864, 0.7474099765984392, 0.7485842472820947, 0.7489017869940736, 0.7498008891120331, 0.7501324823364897, 0.7528915505082598, 0.7546629733569921, 0.7557980677763289, 0.7574763749069396, 0.7598378785526927, 0.7598439796415384, 0.76045562338632, 0.7622989782238128, 0.7622989782238128, 0.7637099164318472, 0.7644112575732671, 0.7656684145224293, 0.7665664858514349, 0.7691067361204698, 0.7712817379925053, 0.7712817379925053, 0.7721056993771696, 0.7721056993771696, 0.7737373194186176, 0.7746895844146011, 0.7746895844146011, 0.7766193292280325, 0.7766193292280325, 0.7766193292280325, 0.7766193292280325, 0.7766193292280325, 0.7766193292280325, 0.7766193292280325, 0.7788036202365544, 0.7788036202365544, 0.7800689713118759, 0.7813256996159694, 0.7813256996159694, 0.7813256996159694, 0.7813256996159694, 0.7813256996159694, 0.7813256996159694, 0.7827640343001243, 0.7827640343001243, 0.7827640343001243, 0.7872750937954835, 0.7872750937954835, 0.7872750937954835, 0.7888701339900556, 0.7888701339900556, 0.7888701339900556, 0.7888701339900556, 0.7888701339900556, 0.7904780772110305, 0.7904780772110305, 0.7904780772110305, 0.7904780772110305, 0.7904780772110305, 0.7904780772110305, 0.7904780772110305, 0.7904780772110305, 0.7904780772110305, 0.7904780772110305, 0.7904780772110305, 0.7904780772110305]
[0.20142476307405804, 0.2290920851857589, 0.22473508336929468, 0.22961660890192448, 0.23399693985266504, 0.2390869688500597, 0.24412337705738357, 0.2576289689666766, 0.2643852579744916, 0.27700563262686473, 0.2777216881604623, 0.28203462057011375, 0.28976194124893795, 0.2988024054775085, 0.3021254886064165, 0.30751402265301253, 0.31266671833791526, 0.31598015895133547, 0.31657341109542764, 0.32387735905415194, 0.33354966907794104, 0.3414634001973302, 0.3484389018690109, 0.3538016237761858, 0.35566995454947303, 0.3569366991592121, 0.3635907663408409, 0.3679306314587557, 0.3742741933259123, 0.3757589927456739, 0.3844962714686179, 0.38851485586421214, 0.3893500651930602, 0.3926114398823488, 0.3939743566752758, 0.403521201476079, 0.40915534803744624, 0.4141535113373733, 0.41980581077757023, 0.4288849720127043, 0.4306173385480221, 0.4320271885140368, 0.4373341016809605, 0.4373341016809605, 0.4415014789621782, 0.44366707265661026, 0.44867724155077193, 0.45199312597806285, 0.4610162360456942, 0.4682859704929134, 0.4682859704929134, 0.47067287687584064, 0.47067287687584064, 0.4755646645173106, 0.4779123425976033, 0.4779123425976033, 0.4834450561243811, 0.4834450561243811, 0.4834450561243811, 0.4834450561243811, 0.4834450561243811, 0.4834450561243811, 0.4834450561243811, 0.4907635616313742, 0.4907635616313742, 0.49467110433808525, 0.4994037270934271, 0.4994037270934271, 0.4994037270934271, 0.4994037270934271, 0.4994037270934271, 0.4994037270934271, 0.5049321390437143, 0.5049321390437143, 0.5049321390437143, 0.5201883133302739, 0.5201883133302739, 0.5201883133302739, 0.5262795637419097, 0.5262795637419097, 0.5262795637419097, 0.5262795637419097, 0.5262795637419097, 0.5325573773264385, 0.5325573773264385, 0.5325573773264385, 0.5325573773264385, 0.5325573773264385, 0.5325573773264385, 0.5325573773264385, 0.5325573773264385, 0.5325573773264385, 0.5325573773264385, 0.5325573773264385, 0.5325573773264385]
Training raw path: /home/anhnd/DTI Project/Codes/MPNN/data/KFold/ATCInchikeySideEffectByDrug.txt_train_4
('Number of substructures, proteins, pathways, drugs, se: ', 2936, 1448, 330, 969, 598)
Train: 0.9384 0.8137
Test: 0.7760 0.4958
[0.6615426935329042, 0.6584118833600344, 0.6700050777938461, 0.6715772360422725, 0.6707934253882701, 0.6716579547867545, 0.668448184874543, 0.6726357978596669, 0.674690937810529, 0.6753392116581585, 0.6767659824195922, 0.6797540319306618, 0.6866556341676846, 0.688661577581902, 0.6890155144975576, 0.6905238656066351, 0.6913606262653927, 0.694408021707559, 0.6958487189904927, 0.6978414520938794, 0.7006027937667914, 0.7033485572655149, 0.7048318246196095, 0.7077628432292873, 0.7090078774593559, 0.7092957420633528, 0.7112948323574722, 0.7123369937344386, 0.714329594995634, 0.7152830759529242, 0.7172925908256409, 0.7188523626380138, 0.7193967390408376, 0.7213171487240785, 0.7223494219442758, 0.7272992869082453, 0.729518404533673, 0.7321617210801175, 0.7345156500087459, 0.7373195319552839, 0.7386715473634066, 0.7393936418454818, 0.7421912240585202, 0.7421912240585202, 0.7436763440861104, 0.7446253770042154, 0.7463108575489619, 0.7473090255004837, 0.7509546703945, 0.7534853750401387, 0.7534853750401387, 0.754550046237871, 0.754550046237871, 0.7562926126368693, 0.7571537291568444, 0.7571537291568444, 0.7593799936775474, 0.7593799936775474, 0.7593799936775474, 0.7593799936775474, 0.7593799936775474, 0.7593799936775474, 0.7593799936775474, 0.762155049910376, 0.762155049910376, 0.7635620085673429, 0.7650661833424304, 0.7650661833424304, 0.7650661833424304, 0.7650661833424304, 0.7650661833424304, 0.7650661833424304, 0.7667963550415238, 0.7667963550415238, 0.7667963550415238, 0.7723667457259252, 0.7723667457259252, 0.7723667457259252, 0.7741432313335598, 0.7741432313335598, 0.7741432313335598, 0.7741432313335598, 0.7741432313335598, 0.7760464125837123, 0.7760464125837123, 0.7760464125837123, 0.7760464125837123, 0.7760464125837123, 0.7760464125837123, 0.7760464125837123, 0.7760464125837123, 0.7760464125837123, 0.7760464125837123, 0.7760464125837123, 0.7760464125837123]
[0.13737821542819903, 0.15149710277184253, 0.16482342473402334, 0.1715521261480651, 0.17470078612688722, 0.18075295326493795, 0.18880348047458012, 0.2014074987970064, 0.21196626672952296, 0.21749125520041185, 0.21969664578491793, 0.22672570388908386, 0.242181839705663, 0.24699349334892712, 0.24992516988223923, 0.25406214593821436, 0.257639611531436, 0.2645076625160634, 0.26876739968301655, 0.277947945683183, 0.28445403360906707, 0.29171549357459586, 0.2966838552493457, 0.3048725780544472, 0.31090107167587266, 0.3109635639788711, 0.3162026658964149, 0.3193587748218307, 0.32523020055252, 0.32786983356747984, 0.3304405011042054, 0.33397221063833615, 0.3349796337086399, 0.34091184115013623, 0.3432014182683468, 0.3554758942795443, 0.35977667524759205, 0.3683138304575077, 0.37456577420199905, 0.3812915513951952, 0.3842340918200646, 0.38564861601860406, 0.393033881362321, 0.393033881362321, 0.39699052501811705, 0.39966662604556014, 0.40464368569898296, 0.40786471944798774, 0.41818395704415856, 0.42428179966458884, 0.42428179966458884, 0.42728948919535703, 0.42728948919535703, 0.43153103094961887, 0.43385313945621695, 0.43385313945621695, 0.4397048013629379, 0.4397048013629379, 0.4397048013629379, 0.4397048013629379, 0.4397048013629379, 0.4397048013629379, 0.4397048013629379, 0.4486649818143381, 0.4486649818143381, 0.45286487111345985, 0.4573668560838709, 0.4573668560838709, 0.4573668560838709, 0.4573668560838709, 0.4573668560838709, 0.4573668560838709, 0.4633727338608842, 0.4633727338608842, 0.4633727338608842, 0.48280934126567393, 0.48280934126567393, 0.48280934126567393, 0.4887999359838803, 0.4887999359838803, 0.4887999359838803, 0.4887999359838803, 0.4887999359838803, 0.49583817724928153, 0.49583817724928153, 0.49583817724928153, 0.49583817724928153, 0.49583817724928153, 0.49583817724928153, 0.49583817724928153, 0.49583817724928153, 0.49583817724928153, 0.49583817724928153, 0.49583817724928153, 0.49583817724928153]
Training raw path: /home/anhnd/DTI Project/Codes/MPNN/data/KFold/ATCInchikeySideEffectByDrug.txt_train_5
('Number of substructures, proteins, pathways, drugs, se: ', 2936, 1448, 330, 969, 598)
Train: 0.9211 0.7676
Test: 0.7753 0.4785
[0.6358495129908166, 0.6530352442809666, 0.6578965176373804, 0.661520690166339, 0.6612661910017431, 0.6648299635857694, 0.6725373591780561, 0.6719932928184504, 0.676048125609869, 0.6792074185541894, 0.6807924179984465, 0.6833179977664521, 0.6858195300281198, 0.6886208797209363, 0.6888436608354455, 0.6908049727752884, 0.6924649827870036, 0.6944722257405209, 0.6953596596052685, 0.6981979433793101, 0.7018420027290241, 0.7037067822332013, 0.7069423110820134, 0.708916936581613, 0.7115940679122676, 0.7117979817877161, 0.7136000799889126, 0.715791331225508, 0.7169945300776926, 0.717802132532686, 0.720246424046555, 0.7216383594445032, 0.7216544873979277, 0.7224174674584704, 0.7228339601164862, 0.7270125591614056, 0.7294276528887831, 0.7321095086500401, 0.7341576855430577, 0.7365327568026849, 0.7377931009842551, 0.738477421055467, 0.7414316936459273, 0.7414316936459273, 0.7432658964524219, 0.7440511816413026, 0.7456781857369883, 0.7462832596634357, 0.7500699222531507, 0.7526991617961483, 0.7526991617961483, 0.7535205474539899, 0.7535205474539899, 0.7556538990663819, 0.7567376530339109, 0.7567376530339109, 0.7594474796222753, 0.7594474796222753, 0.7594474796222753, 0.7594474796222753, 0.7594474796222753, 0.7594474796222753, 0.7594474796222753, 0.7620059336521933, 0.7620059336521933, 0.7632503744186281, 0.7648592347665302, 0.7648592347665302, 0.7648592347665302, 0.7648592347665302, 0.7648592347665302, 0.7648592347665302, 0.766746121184915, 0.766746121184915, 0.766746121184915, 0.7717750130618993, 0.7717750130618993, 0.7717750130618993, 0.7734822267644983, 0.7734822267644983, 0.7734822267644983, 0.7734822267644983, 0.7734822267644983, 0.7753079098808227, 0.7753079098808227, 0.7753079098808227, 0.7753079098808227, 0.7753079098808227, 0.7753079098808227, 0.7753079098808227, 0.7753079098808227, 0.7753079098808227, 0.7753079098808227, 0.7753079098808227, 0.7753079098808227]
[0.11471835465477485, 0.14038390452636795, 0.14227137864753342, 0.14623538125089774, 0.15217616374126086, 0.1592203783095465, 0.17199185267057937, 0.17426967026526552, 0.18437432021898756, 0.19245925294036542, 0.1959793253247693, 0.2023072385916463, 0.2131693609756034, 0.21948250777756956, 0.22163105726035326, 0.2289333979132629, 0.23298191198624327, 0.24166142582177919, 0.2425878775061794, 0.25081028304388925, 0.2595693615182305, 0.2641852998666738, 0.2726312500673087, 0.27841399924954624, 0.2835483247118007, 0.2844810069098537, 0.2914879477714656, 0.2988958306845215, 0.3025793578394113, 0.30575074681751147, 0.31216113326108547, 0.31569875519800134, 0.31598037508775656, 0.31920799786384896, 0.31926507693099304, 0.3317983716643236, 0.3383304005562143, 0.3458802619438225, 0.3509887050673355, 0.3576578351478016, 0.35969408670105274, 0.3621703600855406, 0.3703521817059342, 0.3703521817059342, 0.3756145204205672, 0.3777376260531166, 0.3820442850681515, 0.3841429128590353, 0.3950372862695641, 0.4022806515957613, 0.4022806515957613, 0.40371954093826945, 0.40371954093826945, 0.41081014658247017, 0.4144639177001975, 0.4144639177001975, 0.42340840681019964, 0.42340840681019964, 0.42340840681019964, 0.42340840681019964, 0.42340840681019964, 0.42340840681019964, 0.42340840681019964, 0.4310560849748058, 0.4310560849748058, 0.4349954778027913, 0.440915641024076, 0.440915641024076, 0.440915641024076, 0.440915641024076, 0.440915641024076, 0.440915641024076, 0.4475398675300598, 0.4475398675300598, 0.4475398675300598, 0.4656450516902458, 0.4656450516902458, 0.4656450516902458, 0.4715328892741191, 0.4715328892741191, 0.4715328892741191, 0.4715328892741191, 0.4715328892741191, 0.4785314818843097, 0.4785314818843097, 0.4785314818843097, 0.4785314818843097, 0.4785314818843097, 0.4785314818843097, 0.4785314818843097, 0.4785314818843097, 0.4785314818843097, 0.4785314818843097, 0.4785314818843097, 0.4785314818843097]
Training raw path: /home/anhnd/DTI Project/Codes/MPNN/data/KFold/ATCInchikeySideEffectByDrug.txt_train_6
('Number of substructures, proteins, pathways, drugs, se: ', 2936, 1448, 330, 969, 598)
Train: 0.9367 0.8109
Test: 0.7824 0.4687
[0.7126740920096852, 0.7154243671717614, 0.7144330097312109, 0.7093311555106931, 0.7091383185380385, 0.7057333642486903, 0.7040898796732769, 0.7060770651923722, 0.7071020154111852, 0.7091062573829808, 0.7092206891420931, 0.7100929547130883, 0.7109792274460993, 0.7126696611033172, 0.712546946272197, 0.711875745170577, 0.7126784170300807, 0.713108353288909, 0.7141029209497751, 0.7151580216117832, 0.7188670589974759, 0.7209273344925669, 0.7225406449949685, 0.7235738732554873, 0.7238042677302952, 0.723947630332882, 0.7256205103663129, 0.7269393204353056, 0.728893705203244, 0.729421103121692, 0.732092833190763, 0.7332512068476744, 0.7337377822751805, 0.7348047884577985, 0.7349903910828594, 0.7373758727991739, 0.7395505827557189, 0.7411964267514608, 0.742621382991316, 0.7450116315501161, 0.7459106129042192, 0.7465239342042822, 0.7494690605230852, 0.7494690605230852, 0.7515964825417546, 0.7524955812786325, 0.7535014415129647, 0.7544992068167627, 0.758122958599519, 0.7607133941582446, 0.7607133941582446, 0.7616572814110246, 0.7616572814110246, 0.7635416794187382, 0.7645170746032947, 0.7645170746032947, 0.7666638799348551, 0.7666638799348551, 0.7666638799348551, 0.7666638799348551, 0.7666638799348551, 0.7666638799348551, 0.7666638799348551, 0.7691143026236277, 0.7691143026236277, 0.7702079486738305, 0.7719429040176926, 0.7719429040176926, 0.7719429040176926, 0.7719429040176926, 0.7719429040176926, 0.7719429040176926, 0.7735144252859687, 0.7735144252859687, 0.7735144252859687, 0.7788274862594499, 0.7788274862594499, 0.7788274862594499, 0.7803428595836945, 0.7803428595836945, 0.7803428595836945, 0.7803428595836945, 0.7803428595836945, 0.7823990499206931, 0.7823990499206931, 0.7823990499206931, 0.7823990499206931, 0.7823990499206931, 0.7823990499206931, 0.7823990499206931, 0.7823990499206931, 0.7823990499206931, 0.7823990499206931, 0.7823990499206931, 0.7823990499206931]
[0.137228509501098, 0.15244224885974933, 0.15809011343106955, 0.15704136138742394, 0.16213374390923896, 0.16390544115890943, 0.16884295074058084, 0.17342018217545058, 0.1813717173317751, 0.19032391463146067, 0.19463186227783097, 0.20146800804104184, 0.21211669438515474, 0.21945355077491785, 0.22112508634731598, 0.22310833208514433, 0.22797309729584145, 0.22935134704603963, 0.23182083424257255, 0.23928311805845143, 0.2483179207751799, 0.2556364897657365, 0.2625644896209032, 0.2664904445749757, 0.26909180661147014, 0.27010653798232276, 0.274025181651365, 0.2784568846347255, 0.28466182041726457, 0.28704764849698217, 0.29651717721951015, 0.2993657048426943, 0.3011323928829516, 0.30626065675459074, 0.3077027821156744, 0.3183006488488759, 0.325146726780159, 0.3312367582698894, 0.3365312951307052, 0.344853553391151, 0.3481495434203479, 0.3502125306826685, 0.3600050955910883, 0.3600050955910883, 0.3665066444033673, 0.368682050887503, 0.37209362199438634, 0.37507571593639677, 0.38555420376581223, 0.3940503411579339, 0.3940503411579339, 0.39684498896298237, 0.39684498896298237, 0.4027741504755234, 0.4061701411514174, 0.4061701411514174, 0.4131502617063027, 0.4131502617063027, 0.4131502617063027, 0.4131502617063027, 0.4131502617063027, 0.4131502617063027, 0.4131502617063027, 0.42101944212564807, 0.42101944212564807, 0.42414991621095144, 0.4302822393441494, 0.4302822393441494, 0.4302822393441494, 0.4302822393441494, 0.4302822393441494, 0.4302822393441494, 0.43570584600031337, 0.43570584600031337, 0.43570584600031337, 0.4553579850764949, 0.4553579850764949, 0.4553579850764949, 0.4605703596597583, 0.4605703596597583, 0.4605703596597583, 0.4605703596597583, 0.4605703596597583, 0.46870585174875146, 0.46870585174875146, 0.46870585174875146, 0.46870585174875146, 0.46870585174875146, 0.46870585174875146, 0.46870585174875146, 0.46870585174875146, 0.46870585174875146, 0.46870585174875146, 0.46870585174875146, 0.46870585174875146]
Training raw path: /home/anhnd/DTI Project/Codes/MPNN/data/KFold/ATCInchikeySideEffectByDrug.txt_train_7
('Number of substructures, proteins, pathways, drugs, se: ', 2936, 1448, 330, 969, 598)
Train: 0.9057 0.7374
Test: 0.7797 0.4994
