Default
<models.baselines.omodels.NeuSK object at 0x7f9313c504d0>
('Manual torch seed: ', 443181909)
Training raw path: /home/anhnd/DTI Project/Codes/MPNN/data/KFold/ATCInchikeySideEffectByDrug.txt_train_0
('Number of substructures, proteins, pathways, drugs, se: ', 2936, 1448, 330, 969, 598)
Train: 0.9293 0.7886
Test: 0.7512 0.4594
[0.6365172131085889, 0.6526777736149834, 0.6554448256910433, 0.648396950804138, 0.6482791441455044, 0.6515352816571658, 0.6514065196086128, 0.6538392659927518, 0.6546362195650971, 0.6572673973608032, 0.6566802935652835, 0.656597861204089, 0.66084982204262, 0.6634353678206512, 0.6643507317012158, 0.6659131432972791, 0.6673013226073786, 0.6683957555159992, 0.6689213187877447, 0.671172654975873, 0.6744876474413363, 0.6775042988288555, 0.6789521101026483, 0.6812817151541621, 0.6828940880843704, 0.6832998201525027, 0.6848914839818465, 0.6857068079348702, 0.6880460548547497, 0.6892228158537533, 0.6923994879228981, 0.6937792930728353, 0.6943472221756898, 0.6962121035236357, 0.6965058074373148, 0.7008308998879651, 0.7033846475232959, 0.7059406684365399, 0.7076591799335117, 0.7110821689529471, 0.7119331897776493, 0.713030092255871, 0.7158629133182332, 0.7158629133182332, 0.7179037353761926, 0.7188692684151776, 0.7207176821322719, 0.7217796434053523, 0.7252651133376317, 0.728324799574196, 0.728324799574196, 0.7294065531426418, 0.7294065531426418, 0.7314913249147723, 0.7325031680985101, 0.7325031680985101, 0.7346410784307382, 0.7346410784307382, 0.7346410784307382, 0.7346410784307382, 0.7346410784307382, 0.7346410784307382, 0.7346410784307382, 0.7375129748384401, 0.7375129748384401, 0.739008596679615, 0.7404382236786355, 0.7404382236786355, 0.7404382236786355, 0.7404382236786355, 0.7404382236786355, 0.7404382236786355, 0.7421973309812839, 0.7421973309812839, 0.7421973309812839, 0.7472940254707805, 0.7472940254707805, 0.7472940254707805, 0.7491552708360341, 0.7491552708360341, 0.7491552708360341, 0.7491552708360341, 0.7491552708360341, 0.7511868084895865, 0.7511868084895865, 0.7511868084895865, 0.7511868084895865, 0.7511868084895865, 0.7511868084895865, 0.7511868084895865, 0.7511868084895865, 0.7511868084895865, 0.7511868084895865, 0.7511868084895865, 0.7511868084895865]
[0.1343564166184048, 0.1459639062041181, 0.15762328950352783, 0.15419832475136563, 0.1560111377250224, 0.1632133134071096, 0.16772095307051765, 0.17589644026118278, 0.18000335702548448, 0.18225972517358155, 0.18401865099771691, 0.18589807234618333, 0.19494167988644015, 0.20103159223314704, 0.20413887075987172, 0.2098870507889897, 0.21195987260128393, 0.21458820843950938, 0.21729679922977574, 0.22772140513044659, 0.2343588330964928, 0.24170614951052516, 0.24814860346625806, 0.2545451761605462, 0.25998595039515543, 0.2610875431940161, 0.26535533209348905, 0.2703519653754226, 0.27753032259483423, 0.2803684252267132, 0.28879316919435916, 0.2927506006367859, 0.29434676153414785, 0.2985250722701782, 0.29992209318352525, 0.31181371045454354, 0.31818484545745407, 0.3263117912222563, 0.3311413696051361, 0.3393846291760408, 0.34284069267965805, 0.34582587931612985, 0.3530546278119835, 0.3530546278119835, 0.3580657652136229, 0.3602002932237942, 0.36566032691443984, 0.3686512059247933, 0.3784343415386992, 0.3871664874685669, 0.3871664874685669, 0.3897656735879168, 0.3897656735879168, 0.39634656988712513, 0.3987545458529055, 0.3987545458529055, 0.4048030913018378, 0.4048030913018378, 0.4048030913018378, 0.4048030913018378, 0.4048030913018378, 0.4048030913018378, 0.4048030913018378, 0.4134036326598218, 0.4134036326598218, 0.4176697503258531, 0.42224794459742904, 0.42224794459742904, 0.42224794459742904, 0.42224794459742904, 0.42224794459742904, 0.42224794459742904, 0.42838806361300447, 0.42838806361300447, 0.42838806361300447, 0.4453369208670537, 0.4453369208670537, 0.4453369208670537, 0.45183601158118736, 0.45183601158118736, 0.45183601158118736, 0.45183601158118736, 0.45183601158118736, 0.45943943785060226, 0.45943943785060226, 0.45943943785060226, 0.45943943785060226, 0.45943943785060226, 0.45943943785060226, 0.45943943785060226, 0.45943943785060226, 0.45943943785060226, 0.45943943785060226, 0.45943943785060226, 0.45943943785060226]
Training raw path: /home/anhnd/DTI Project/Codes/MPNN/data/KFold/ATCInchikeySideEffectByDrug.txt_train_1
('Number of substructures, proteins, pathways, drugs, se: ', 2936, 1448, 330, 969, 598)
Train: 0.9345 0.8033
Test: 0.7411 0.4549
[0.6375490526819118, 0.6269666627779276, 0.6245877688328427, 0.6231470471008085, 0.6217614396642831, 0.6206745528271529, 0.6220030141115221, 0.6220421598218766, 0.6256326787664317, 0.6259667792361395, 0.6258768057423217, 0.6287966559270222, 0.633864380798989, 0.6375729144640989, 0.6380569002841598, 0.6419138235970306, 0.6431959481253677, 0.6458897254617362, 0.6460963048885573, 0.6495353408079587, 0.6523844426643564, 0.6549196609482124, 0.6565393686956225, 0.6592077145246193, 0.6609445925164653, 0.6611754568741975, 0.6631230791666369, 0.6650526561613402, 0.6683835228412994, 0.6697940302050195, 0.6741810375776411, 0.6769851770189047, 0.678051275888876, 0.6800662852561379, 0.6810621601766018, 0.6855428163192041, 0.6879321160617458, 0.6914433187146893, 0.6937886919670289, 0.6973190167813952, 0.6990866986078632, 0.7001380301453346, 0.7035751791936471, 0.7035751791936471, 0.7050284115406599, 0.7058735938451894, 0.7081243790235263, 0.7089622879357401, 0.7126878636863976, 0.7159907012578528, 0.7159907012578528, 0.7170368325452977, 0.7170368325452977, 0.7194470363538459, 0.7206811486919855, 0.7206811486919855, 0.7232683891897113, 0.7232683891897113, 0.7232683891897113, 0.7232683891897113, 0.7232683891897113, 0.7232683891897113, 0.7232683891897113, 0.7265317606869213, 0.7265317606869213, 0.7280434336160599, 0.729513900989735, 0.729513900989735, 0.729513900989735, 0.729513900989735, 0.729513900989735, 0.729513900989735, 0.7315337442823491, 0.7315337442823491, 0.7315337442823491, 0.7368208870618023, 0.7368208870618023, 0.7368208870618023, 0.7389076136989128, 0.7389076136989128, 0.7389076136989128, 0.7389076136989128, 0.7389076136989128, 0.7410646646838059, 0.7410646646838059, 0.7410646646838059, 0.7410646646838059, 0.7410646646838059, 0.7410646646838059, 0.7410646646838059, 0.7410646646838059, 0.7410646646838059, 0.7410646646838059, 0.7410646646838059, 0.7410646646838059]
[0.12440168162542811, 0.13817282227685013, 0.13673693706236048, 0.13642781165699663, 0.14162350092451026, 0.14388615061136012, 0.1504047902743706, 0.15681335082724696, 0.16764577109139212, 0.17044864372148008, 0.17000864105298055, 0.17689876329316231, 0.18739826509843982, 0.19651489344125267, 0.19876118654412783, 0.2042466636036076, 0.20616468790717352, 0.21060436519888637, 0.21213881624698622, 0.22010684123608543, 0.22690295784802525, 0.23324072836767673, 0.23769094890568226, 0.24444652011821624, 0.24729240446097298, 0.24827100682375697, 0.2507275167359913, 0.25542751742611347, 0.2624965451945587, 0.26592235233929606, 0.276536877478202, 0.2827372624831311, 0.28494841721576786, 0.2905151520976669, 0.29310031516696006, 0.30594094180541226, 0.31159897274653653, 0.3204261747503674, 0.32585192076218866, 0.3344425876534172, 0.3384805870546698, 0.3411153349388426, 0.34980788549302194, 0.34980788549302194, 0.3538332972921626, 0.35626611611807546, 0.3621890797489937, 0.36482055254858015, 0.374714626301947, 0.3837310610275665, 0.3837310610275665, 0.3859686595656232, 0.3859686595656232, 0.3919107568166321, 0.3949128898725494, 0.3949128898725494, 0.40122383684883606, 0.40122383684883606, 0.40122383684883606, 0.40122383684883606, 0.40122383684883606, 0.40122383684883606, 0.40122383684883606, 0.4105761992994186, 0.4105761992994186, 0.4143281326651411, 0.4185382591462035, 0.4185382591462035, 0.4185382591462035, 0.4185382591462035, 0.4185382591462035, 0.4185382591462035, 0.42518354250360557, 0.42518354250360557, 0.42518354250360557, 0.4410808946850053, 0.4410808946850053, 0.4410808946850053, 0.44773094655028617, 0.44773094655028617, 0.44773094655028617, 0.44773094655028617, 0.44773094655028617, 0.4548508662060552, 0.4548508662060552, 0.4548508662060552, 0.4548508662060552, 0.4548508662060552, 0.4548508662060552, 0.4548508662060552, 0.4548508662060552, 0.4548508662060552, 0.4548508662060552, 0.4548508662060552, 0.4548508662060552]
Training raw path: /home/anhnd/DTI Project/Codes/MPNN/data/KFold/ATCInchikeySideEffectByDrug.txt_train_2
('Number of substructures, proteins, pathways, drugs, se: ', 2936, 1448, 330, 969, 598)
Train: 0.9272 0.7836
Test: 0.7671 0.5114
[0.6780918455852776, 0.6849843081597129, 0.6829923477468752, 0.6830790770018604, 0.6803450054455483, 0.6791136517599602, 0.6791666353085309, 0.6804524792754149, 0.681258210573536, 0.6824267793783062, 0.682971176426227, 0.6841174084318292, 0.6851571917861955, 0.6877959170232028, 0.6883821587660718, 0.6894991056108324, 0.692098114515447, 0.6931987068614238, 0.6933660796892049, 0.6962632615621387, 0.6986776148450234, 0.7012854371072995, 0.7037901559947239, 0.7067328139428637, 0.7080325988261573, 0.7081106878612242, 0.7098599538432535, 0.7114994110627404, 0.7130049841503643, 0.7139963924475786, 0.716348046216032, 0.718126270111383, 0.7188610113538171, 0.7200659000969403, 0.720414077719512, 0.7240833418529528, 0.726377283626883, 0.7282312450516648, 0.7299178235545156, 0.7323677394375493, 0.7332787599805937, 0.7341588013193607, 0.7365767185259564, 0.7365767185259564, 0.738304037139891, 0.7390404096458002, 0.7406763954285119, 0.7415975410293936, 0.744821506607071, 0.747231234097985, 0.747231234097985, 0.7480073152138836, 0.7480073152138836, 0.7496358148998306, 0.7507358923115921, 0.7507358923115921, 0.7525610637223878, 0.7525610637223878, 0.7525610637223878, 0.7525610637223878, 0.7525610637223878, 0.7525610637223878, 0.7525610637223878, 0.7550144641354037, 0.7550144641354037, 0.7564552026454451, 0.7577760197185358, 0.7577760197185358, 0.7577760197185358, 0.7577760197185358, 0.7577760197185358, 0.7577760197185358, 0.759317831517571, 0.759317831517571, 0.759317831517571, 0.7637789720735733, 0.7637789720735733, 0.7637789720735733, 0.7653808439314781, 0.7653808439314781, 0.7653808439314781, 0.7653808439314781, 0.7653808439314781, 0.767104943136813, 0.767104943136813, 0.767104943136813, 0.767104943136813, 0.767104943136813, 0.767104943136813, 0.767104943136813, 0.767104943136813, 0.767104943136813, 0.767104943136813, 0.767104943136813, 0.767104943136813]
[0.1545301548414762, 0.16968830963632792, 0.18524972381006222, 0.19401075862050574, 0.19873869845010345, 0.19881024804824085, 0.20583224325583716, 0.21089406110091857, 0.2154366642277164, 0.2216822027477387, 0.22506602451517577, 0.22944310375326343, 0.24072836788963356, 0.24685408996726718, 0.24927973180475443, 0.253980653023254, 0.2600592418293367, 0.2649562536567096, 0.2670602639254784, 0.27790889770701854, 0.2872291098073727, 0.29383096289912103, 0.3021988976022004, 0.3111487274390333, 0.315806736967611, 0.31686075757744847, 0.32249054367493407, 0.3284239475611923, 0.33506341949613716, 0.3375958476215051, 0.34570004167740476, 0.35052413030904794, 0.3521331041352084, 0.35561884837017577, 0.35725841175296447, 0.36913170508016724, 0.37669111308863384, 0.383947362963172, 0.3900431903523842, 0.39807513930551663, 0.4011721596030956, 0.40421424796503613, 0.4119529351490201, 0.4119529351490201, 0.4169420836153228, 0.4191056604840713, 0.4248284953555821, 0.42711429659127054, 0.43669664725657187, 0.44368714823396205, 0.44368714823396205, 0.4461357389702022, 0.4461357389702022, 0.451417277511329, 0.45488022367240744, 0.45488022367240744, 0.46033587514220115, 0.46033587514220115, 0.46033587514220115, 0.46033587514220115, 0.46033587514220115, 0.46033587514220115, 0.46033587514220115, 0.4684423611080816, 0.4684423611080816, 0.4732305995038626, 0.477618935139245, 0.477618935139245, 0.477618935139245, 0.477618935139245, 0.477618935139245, 0.477618935139245, 0.48299682907696856, 0.48299682907696856, 0.48299682907696856, 0.4990090027125774, 0.4990090027125774, 0.4990090027125774, 0.5047418178462758, 0.5047418178462758, 0.5047418178462758, 0.5047418178462758, 0.5047418178462758, 0.5113616801307208, 0.5113616801307208, 0.5113616801307208, 0.5113616801307208, 0.5113616801307208, 0.5113616801307208, 0.5113616801307208, 0.5113616801307208, 0.5113616801307208, 0.5113616801307208, 0.5113616801307208, 0.5113616801307208]
Training raw path: /home/anhnd/DTI Project/Codes/MPNN/data/KFold/ATCInchikeySideEffectByDrug.txt_train_3
('Number of substructures, proteins, pathways, drugs, se: ', 2936, 1448, 330, 969, 598)
Train: 0.9219 0.7735
Test: 0.7321 0.4369
[0.61294804863213, 0.619791667216485, 0.6162014656122577, 0.6114078486633585, 0.6132670220723371, 0.6108679632407141, 0.6115957184611556, 0.615467918572931, 0.6150531463061031, 0.6180595237745234, 0.617508574068933, 0.6209255223212198, 0.6248699691041306, 0.6280619551986152, 0.6291574727513234, 0.6320994444518706, 0.6335970550019336, 0.6358772310121799, 0.6365314598876912, 0.6391425293220663, 0.6419361618586777, 0.6449547344050609, 0.6481176751810546, 0.6510169804783502, 0.6518702161262957, 0.6523578943395723, 0.6554005935297067, 0.6571699493691273, 0.6596971542806422, 0.6607527425649254, 0.6654782146679453, 0.6675855642906707, 0.6682743693690507, 0.669894101182242, 0.6706469749720866, 0.6753165755768176, 0.6778208255932385, 0.6804885030672391, 0.6828836911004992, 0.6864369213243917, 0.6877637114812756, 0.6885450697163662, 0.6924566746014938, 0.6924566746014938, 0.6943426734079139, 0.6954921819706528, 0.6975235168560913, 0.6987653848507318, 0.7028783133639689, 0.706278888128393, 0.706278888128393, 0.7073945114466827, 0.7073945114466827, 0.7097995815933299, 0.7111423017561227, 0.7111423017561227, 0.7138645353565144, 0.7138645353565144, 0.7138645353565144, 0.7138645353565144, 0.7138645353565144, 0.7138645353565144, 0.7138645353565144, 0.7169457466214874, 0.7169457466214874, 0.7185972991022727, 0.7202675371045069, 0.7202675371045069, 0.7202675371045069, 0.7202675371045069, 0.7202675371045069, 0.7202675371045069, 0.7221437719881081, 0.7221437719881081, 0.7221437719881081, 0.7280083868569129, 0.7280083868569129, 0.7280083868569129, 0.7300617110829247, 0.7300617110829247, 0.7300617110829247, 0.7300617110829247, 0.7300617110829247, 0.7321496002682776, 0.7321496002682776, 0.7321496002682776, 0.7321496002682776, 0.7321496002682776, 0.7321496002682776, 0.7321496002682776, 0.7321496002682776, 0.7321496002682776, 0.7321496002682776, 0.7321496002682776, 0.7321496002682776]
[0.08786926955931348, 0.10208221354859527, 0.10651383153057102, 0.11025200736849369, 0.1182508050728571, 0.12392429410594501, 0.13056165461303815, 0.1433376907179171, 0.15085932535905555, 0.15857675233655416, 0.159579183075565, 0.16617704480586656, 0.17646901579199045, 0.18401597677210152, 0.1877242897526652, 0.19215774275482517, 0.19712797681012292, 0.2012186610431016, 0.2024526209913285, 0.21063116342261232, 0.21819119675616758, 0.2261375886869123, 0.23471426466882583, 0.2410983424253742, 0.24456530765493895, 0.24552108142426973, 0.25200000409819995, 0.2570542172004857, 0.26305455647317366, 0.2650159226969114, 0.2742874123169877, 0.27789173125484123, 0.27932731141694533, 0.28256898085209037, 0.28403383913405, 0.29485706684153923, 0.30038491280440693, 0.3069190898263431, 0.31249422769769586, 0.32064202051494944, 0.3233991834195819, 0.32540978993201775, 0.33226058439329204, 0.33226058439329204, 0.3364906522651331, 0.3387607082331242, 0.34388099241862763, 0.3473510098524117, 0.3567375571485809, 0.3650479350725323, 0.3650479350725323, 0.36740386536188063, 0.36740386536188063, 0.37299909936268405, 0.37593120089563153, 0.37593120089563153, 0.3822115298112436, 0.3822115298112436, 0.3822115298112436, 0.3822115298112436, 0.3822115298112436, 0.3822115298112436, 0.3822115298112436, 0.39049053633516784, 0.39049053633516784, 0.3948072323795165, 0.399752800837106, 0.399752800837106, 0.399752800837106, 0.399752800837106, 0.399752800837106, 0.399752800837106, 0.40593373383359066, 0.40593373383359066, 0.40593373383359066, 0.42320126175514267, 0.42320126175514267, 0.42320126175514267, 0.4298835833655812, 0.4298835833655812, 0.4298835833655812, 0.4298835833655812, 0.4298835833655812, 0.43694518829108286, 0.43694518829108286, 0.43694518829108286, 0.43694518829108286, 0.43694518829108286, 0.43694518829108286, 0.43694518829108286, 0.43694518829108286, 0.43694518829108286, 0.43694518829108286, 0.43694518829108286, 0.43694518829108286]
Training raw path: /home/anhnd/DTI Project/Codes/MPNN/data/KFold/ATCInchikeySideEffectByDrug.txt_train_4
('Number of substructures, proteins, pathways, drugs, se: ', 2936, 1448, 330, 969, 598)
Train: 0.9352 0.8068
Test: 0.7529 0.4617
[0.6146989391461029, 0.6197605655342516, 0.6332105405398266, 0.6304955823474122, 0.6311265142866471, 0.634302562049691, 0.6370491130878521, 0.6417488052553884, 0.643218201746211, 0.6420742617291424, 0.6418280770802457, 0.6432366850088685, 0.6494924536463801, 0.6519325336332006, 0.6521825808894582, 0.6549894302897935, 0.6564349831366023, 0.6598212081600827, 0.6606292611421012, 0.6632146975760531, 0.667145629099871, 0.6704680578481975, 0.6722758445836827, 0.6750684828802971, 0.6767368951482902, 0.6768734083357367, 0.6795146958540706, 0.6810833448244048, 0.6836789569057948, 0.68465100859734, 0.687572490462065, 0.6895991247344164, 0.6899631359051823, 0.6913345455908432, 0.6925107774417343, 0.6984278627834992, 0.7004776695020258, 0.7035451911778166, 0.7059412865030943, 0.7089836358407879, 0.7106295737344379, 0.7115047346944757, 0.7146240564115487, 0.7146240564115487, 0.7160449454406554, 0.7170593873990488, 0.7190550396876203, 0.7201927538757625, 0.7243290117628193, 0.7273041029116492, 0.7273041029116492, 0.7284670169013747, 0.7284670169013747, 0.7305686782807245, 0.7315551378395948, 0.7315551378395948, 0.7341552748155267, 0.7341552748155267, 0.7341552748155267, 0.7341552748155267, 0.7341552748155267, 0.7341552748155267, 0.7341552748155267, 0.7372630353396783, 0.7372630353396783, 0.7388724363221395, 0.7405629824076665, 0.7405629824076665, 0.7405629824076665, 0.7405629824076665, 0.7405629824076665, 0.7405629824076665, 0.7425135370557951, 0.7425135370557951, 0.7425135370557951, 0.7487307934028081, 0.7487307934028081, 0.7487307934028081, 0.7507285917549879, 0.7507285917549879, 0.7507285917549879, 0.7507285917549879, 0.7507285917549879, 0.7528609756193109, 0.7528609756193109, 0.7528609756193109, 0.7528609756193109, 0.7528609756193109, 0.7528609756193109, 0.7528609756193109, 0.7528609756193109, 0.7528609756193109, 0.7528609756193109, 0.7528609756193109, 0.7528609756193109]
[0.09892218683544474, 0.1168444932706368, 0.13732542747289075, 0.14028414821424057, 0.14478227139815208, 0.15055685733057297, 0.15676995237013952, 0.16753475775999993, 0.17405717513955324, 0.17942766570048074, 0.181751214413785, 0.18604750598810305, 0.19806358160939158, 0.20271213795191334, 0.2061843234995629, 0.21089568066954117, 0.2140304092716515, 0.22086093324357914, 0.22329081897980332, 0.23210289985895588, 0.23859911854092092, 0.24562689774652532, 0.24999992891316455, 0.2564371207304106, 0.26327728845492027, 0.26356348702951166, 0.2706626467340184, 0.27467015314843757, 0.28241654835489144, 0.28492067126453446, 0.2888555265081751, 0.293738092236414, 0.2945093027676471, 0.2994857243581967, 0.3019350513601241, 0.31519843177043116, 0.31924265144097885, 0.3262008085387126, 0.3312154683244669, 0.3387809759389516, 0.3414373369472071, 0.3438396736952547, 0.3514297719621582, 0.3514297719621582, 0.35525432119144446, 0.3580726934863072, 0.36315815974287563, 0.3664471428930268, 0.3771392105577512, 0.38433028385739176, 0.38433028385739176, 0.3871477293015452, 0.3871477293015452, 0.39258371714108764, 0.39488975952036537, 0.39488975952036537, 0.4015972672889137, 0.4015972672889137, 0.4015972672889137, 0.4015972672889137, 0.4015972672889137, 0.4015972672889137, 0.4015972672889137, 0.41079119616982784, 0.41079119616982784, 0.41542148105686555, 0.4208330247357704, 0.4208330247357704, 0.4208330247357704, 0.4208330247357704, 0.4208330247357704, 0.4208330247357704, 0.4271268791551102, 0.4271268791551102, 0.4271268791551102, 0.44751401276823444, 0.44751401276823444, 0.44751401276823444, 0.45396146093550616, 0.45396146093550616, 0.45396146093550616, 0.45396146093550616, 0.45396146093550616, 0.4617256334718201, 0.4617256334718201, 0.4617256334718201, 0.4617256334718201, 0.4617256334718201, 0.4617256334718201, 0.4617256334718201, 0.4617256334718201, 0.4617256334718201, 0.4617256334718201, 0.4617256334718201, 0.4617256334718201]
Training raw path: /home/anhnd/DTI Project/Codes/MPNN/data/KFold/ATCInchikeySideEffectByDrug.txt_train_5
('Number of substructures, proteins, pathways, drugs, se: ', 2936, 1448, 330, 969, 598)
Train: 0.9293 0.7917
Test: 0.7722 0.4819
[0.6214807780569526, 0.6434129830793065, 0.6424068926321285, 0.6459974641634875, 0.6461607338439607, 0.647100095267266, 0.6537366110284079, 0.6507100110811976, 0.6553044673010314, 0.6579478127016388, 0.6598861603430158, 0.6639045019191984, 0.6697114765933865, 0.6737992070344849, 0.6746005972347389, 0.6767344899495782, 0.6792862432398064, 0.6823033917936472, 0.6835654005819987, 0.6861614419507975, 0.6905684253411223, 0.6929737824674128, 0.6966543573835651, 0.6984159898010845, 0.701028582384777, 0.7017001293524866, 0.7045080818210088, 0.7073108090363165, 0.7088047571822853, 0.709884568994292, 0.7123104257821082, 0.7137908027905004, 0.7141359056694022, 0.7150835172001077, 0.7156383707493851, 0.7210788642354968, 0.7234619124852906, 0.7264442697625162, 0.728796996394946, 0.7315495579153217, 0.7328889435409228, 0.7337301670394025, 0.7368618470555119, 0.7368618470555119, 0.738713526900218, 0.7395417906877252, 0.7413012548611064, 0.7421249222859092, 0.746137558441568, 0.7488657061396913, 0.7488657061396913, 0.7497130139742971, 0.7497130139742971, 0.7520564367585517, 0.7531342012455519, 0.7531342012455519, 0.7559546002250973, 0.7559546002250973, 0.7559546002250973, 0.7559546002250973, 0.7559546002250973, 0.7559546002250973, 0.7559546002250973, 0.7585840309515736, 0.7585840309515736, 0.7598663680914406, 0.7615439515415967, 0.7615439515415967, 0.7615439515415967, 0.7615439515415967, 0.7615439515415967, 0.7615439515415967, 0.7634650013083383, 0.7634650013083383, 0.7634650013083383, 0.768590467036415, 0.768590467036415, 0.768590467036415, 0.7703357276715637, 0.7703357276715637, 0.7703357276715637, 0.7703357276715637, 0.7703357276715637, 0.7721938406728643, 0.7721938406728643, 0.7721938406728643, 0.7721938406728643, 0.7721938406728643, 0.7721938406728643, 0.7721938406728643, 0.7721938406728643, 0.7721938406728643, 0.7721938406728643, 0.7721938406728643, 0.7721938406728643]
[0.10584707205375346, 0.14520594776283524, 0.14488637211856953, 0.1492028049743552, 0.15552929827242545, 0.16100082835055823, 0.17017014645326298, 0.1694073190852476, 0.17989297179008962, 0.1869554679127839, 0.19021779030977048, 0.19670338982893007, 0.2092421365330726, 0.21839792534399283, 0.2208071532419013, 0.2270621550307984, 0.23215879202948883, 0.24170621595827327, 0.24297026814993425, 0.24967974260527653, 0.2605648896956725, 0.2645335912221022, 0.2723219163261732, 0.2760898189643725, 0.2807985299247507, 0.28197338752961815, 0.28937308492014524, 0.2959370798985651, 0.29871994314627337, 0.3020562050011423, 0.30843634438053713, 0.31235815124623584, 0.3126825233619124, 0.3157565473794734, 0.3160825701257254, 0.33023547559715094, 0.33694744103623825, 0.3433583954935555, 0.34875752512588776, 0.3556977287930613, 0.3580831013225527, 0.36098065747674724, 0.3688152311722953, 0.3688152311722953, 0.3746183398913278, 0.3767287409902592, 0.381673034802217, 0.3840372992305062, 0.39507637351297686, 0.402040971356424, 0.402040971356424, 0.40380418716041067, 0.40380418716041067, 0.41119569542366263, 0.41462199520049087, 0.41462199520049087, 0.4242156260045935, 0.4242156260045935, 0.4242156260045935, 0.4242156260045935, 0.4242156260045935, 0.4242156260045935, 0.4242156260045935, 0.4319795147513457, 0.4319795147513457, 0.43629004782080405, 0.44263305561609406, 0.44263305561609406, 0.44263305561609406, 0.44263305561609406, 0.44263305561609406, 0.44263305561609406, 0.4495050960161312, 0.4495050960161312, 0.4495050960161312, 0.46846258648944333, 0.46846258648944333, 0.46846258648944333, 0.4746121797549621, 0.4746121797549621, 0.4746121797549621, 0.4746121797549621, 0.4746121797549621, 0.48186434759827884, 0.48186434759827884, 0.48186434759827884, 0.48186434759827884, 0.48186434759827884, 0.48186434759827884, 0.48186434759827884, 0.48186434759827884, 0.48186434759827884, 0.48186434759827884, 0.48186434759827884, 0.48186434759827884]
Training raw path: /home/anhnd/DTI Project/Codes/MPNN/data/KFold/ATCInchikeySideEffectByDrug.txt_train_6
('Number of substructures, proteins, pathways, drugs, se: ', 2936, 1448, 330, 969, 598)
Train: 0.9262 0.7835
Test: 0.7571 0.4365
[0.6836416464891041, 0.6906026880769235, 0.6796967113578963, 0.6700112235926236, 0.6645835002770684, 0.6604211537826944, 0.6592752802384253, 0.6622886216238406, 0.6637350433596073, 0.6661085024377436, 0.6664151343781182, 0.6684861146451188, 0.6714545340572904, 0.6746179998689069, 0.6744686055418285, 0.67478137764676, 0.6755859540353952, 0.6752593561277394, 0.6758055402480942, 0.6783628098149702, 0.6819438639916323, 0.6838638398941902, 0.6852436869895671, 0.6875184059808617, 0.6885948399892852, 0.6889486783979217, 0.6917330489233027, 0.6935764203183965, 0.696267666579192, 0.6972699252616629, 0.7006947486689665, 0.702379805690867, 0.7029989555589234, 0.704478135968666, 0.7046387946434602, 0.7067209320107026, 0.708650744383593, 0.7107373331715718, 0.7121592555042142, 0.7145999941899025, 0.7155862732022459, 0.7159973750507054, 0.7196364203077801, 0.7196364203077801, 0.7219413246086314, 0.7227208838979002, 0.7238539639070287, 0.7250221486156223, 0.7293889872248046, 0.7324944853802837, 0.7324944853802837, 0.7335996753591529, 0.7335996753591529, 0.7356121522313748, 0.736703668792482, 0.736703668792482, 0.7392539059178271, 0.7392539059178271, 0.7392539059178271, 0.7392539059178271, 0.7392539059178271, 0.7392539059178271, 0.7392539059178271, 0.7420935941271454, 0.7420935941271454, 0.7433735814356929, 0.7453193398288942, 0.7453193398288942, 0.7453193398288942, 0.7453193398288942, 0.7453193398288942, 0.7453193398288942, 0.747097280508163, 0.747097280508163, 0.747097280508163, 0.7530922070286847, 0.7530922070286847, 0.7530922070286847, 0.7548168714629451, 0.7548168714629451, 0.7548168714629451, 0.7548168714629451, 0.7548168714629451, 0.75711851478673, 0.75711851478673, 0.75711851478673, 0.75711851478673, 0.75711851478673, 0.75711851478673, 0.75711851478673, 0.75711851478673, 0.75711851478673, 0.75711851478673, 0.75711851478673, 0.75711851478673]
[0.12231052732580672, 0.13268672384277652, 0.13756605044107095, 0.1302351567961236, 0.13118134438243714, 0.13211134597207402, 0.1390999514846907, 0.14714660773953503, 0.1539933709042891, 0.1617574932823257, 0.16618753013572343, 0.17245546855048108, 0.1817497136352972, 0.18749335818986243, 0.1888109038661623, 0.19130703769982121, 0.1965159340065036, 0.19732848057811064, 0.1997956771359773, 0.2085480529991519, 0.21560409175416373, 0.22352560818594633, 0.23035708539865907, 0.23576701979784648, 0.23877669410029911, 0.240357217550259, 0.24532506369235907, 0.24995151675866006, 0.2578182427883004, 0.26081508872534076, 0.27027849863841114, 0.2738264451309425, 0.2752549610803854, 0.28071546861829755, 0.2816869167708337, 0.2895921758529473, 0.29502036211334476, 0.30130456535419126, 0.30629833402164464, 0.3145417619091074, 0.31744946757456727, 0.31905658492909517, 0.32875449110822286, 0.32875449110822286, 0.3349236061766362, 0.33633716378245376, 0.33954638507729923, 0.3426049483160496, 0.35310354856526394, 0.3622228583768683, 0.3622228583768683, 0.3648133639846286, 0.3648133639846286, 0.37010501339955826, 0.37282974548660985, 0.37282974548660985, 0.37981399617727557, 0.37981399617727557, 0.37981399617727557, 0.37981399617727557, 0.37981399617727557, 0.37981399617727557, 0.37981399617727557, 0.3878844136968951, 0.3878844136968951, 0.3911814417091763, 0.3971181708464039, 0.3971181708464039, 0.3971181708464039, 0.3971181708464039, 0.3971181708464039, 0.3971181708464039, 0.40227223492551284, 0.40227223492551284, 0.40227223492551284, 0.42245853877889955, 0.42245853877889955, 0.42245853877889955, 0.42792591967094984, 0.42792591967094984, 0.42792591967094984, 0.42792591967094984, 0.42792591967094984, 0.43651641919960715, 0.43651641919960715, 0.43651641919960715, 0.43651641919960715, 0.43651641919960715, 0.43651641919960715, 0.43651641919960715, 0.43651641919960715, 0.43651641919960715, 0.43651641919960715, 0.43651641919960715, 0.43651641919960715]
Training raw path: /home/anhnd/DTI Project/Codes/MPNN/data/KFold/ATCInchikeySideEffectByDrug.txt_train_7
('Number of substructures, proteins, pathways, drugs, se: ', 2936, 1448, 330, 969, 598)
Train: 0.9319 0.7978
Test: 0.7475 0.4448
[0.6248017518265437, 0.6316574557911134, 0.6274010425896566, 0.6272601388876803, 0.6280379970217879, 0.6288893593063845, 0.6286079705915648, 0.6285657658551265, 0.6303654714789618, 0.6329632070746827, 0.6332906141471266, 0.6340836019091812, 0.6374791717917367, 0.6407264051534289, 0.6419187383575191, 0.6432798228049769, 0.6441796694439507, 0.646354012553795, 0.6476310775688249, 0.6506718689249583, 0.6530984799016623, 0.6561327183775048, 0.6577783840138738, 0.6612833200093384, 0.6634046885410025, 0.6637199149619438, 0.6657644988151648, 0.667478955828712, 0.6692542349320563, 0.6703862803708674, 0.6744750251142785, 0.6763743983413102, 0.677322614201429, 0.6787916577082203, 0.6798203661327231, 0.6848851749249742, 0.6881539915393804, 0.6910520942244882, 0.6938133573048187, 0.6974127433279185, 0.6994513981323706, 0.7006040936934015, 0.7045873571317665, 0.7045873571317665, 0.7068376915465648, 0.7079535081195127, 0.7104208307196687, 0.7118941469242824, 0.7172411086839413, 0.7206416651078663, 0.7206416651078663, 0.7219932939580691, 0.7219932939580691, 0.7247861556172506, 0.7260425021912209, 0.7260425021912209, 0.7288064178647391, 0.7288064178647391, 0.7288064178647391, 0.7288064178647391, 0.7288064178647391, 0.7288064178647391, 0.7288064178647391, 0.7322353778819591, 0.7322353778819591, 0.7338878567650027, 0.7354801786658927, 0.7354801786658927, 0.7354801786658927, 0.7354801786658927, 0.7354801786658927, 0.7354801786658927, 0.7373311935194343, 0.7373311935194343, 0.7373311935194343, 0.743433748417615, 0.743433748417615, 0.743433748417615, 0.7454201037418839, 0.7454201037418839, 0.7454201037418839, 0.7454201037418839, 0.7454201037418839, 0.7475363516435934, 0.7475363516435934, 0.7475363516435934, 0.7475363516435934, 0.7475363516435934, 0.7475363516435934, 0.7475363516435934, 0.7475363516435934, 0.7475363516435934, 0.7475363516435934, 0.7475363516435934, 0.7475363516435934]
[0.11357457793140378, 0.12013853801734284, 0.12662712088865496, 0.13560541038530177, 0.14433495618599007, 0.14803010068540629, 0.14975575082192605, 0.15538680592205856, 0.15916147224159374, 0.1649636931940846, 0.16619024844504746, 0.1697929517143824, 0.17781508954569367, 0.1839480079875431, 0.18722297745510913, 0.19029199189841334, 0.19277634508249442, 0.19771882581916883, 0.19914168897840825, 0.20762520229576714, 0.2167303514220837, 0.22325265628272245, 0.22821793872670582, 0.23537663426104533, 0.24057746309845263, 0.24091629443978668, 0.2457405839534985, 0.2500341479386895, 0.25455163651230184, 0.25612144240236534, 0.26631069289648734, 0.26986149879386817, 0.2719022597539664, 0.27585082869986055, 0.2778892206714409, 0.2887095044412581, 0.2961387770130038, 0.3013198339312565, 0.3070926568194532, 0.3153016399959078, 0.318783935207845, 0.32147804676600417, 0.3288063356068357, 0.3288063356068357, 0.33426654768089403, 0.3363844547090797, 0.3425753913426495, 0.34629044085330896, 0.3580324411823978, 0.3661622103101618, 0.3661622103101618, 0.36940809288735066, 0.36940809288735066, 0.3765794537973146, 0.3794845080749303, 0.3794845080749303, 0.3862441222924822, 0.3862441222924822, 0.3862441222924822, 0.3862441222924822, 0.3862441222924822, 0.3862441222924822, 0.3862441222924822, 0.3957586911326841, 0.3957586911326841, 0.39999206651920083, 0.4047277075978736, 0.4047277075978736, 0.4047277075978736, 0.4047277075978736, 0.4047277075978736, 0.4047277075978736, 0.4108723651950217, 0.4108723651950217, 0.4108723651950217, 0.4306669951223075, 0.4306669951223075, 0.4306669951223075, 0.43747606202203415, 0.43747606202203415, 0.43747606202203415, 0.43747606202203415, 0.43747606202203415, 0.4448160724330373, 0.4448160724330373, 0.4448160724330373, 0.4448160724330373, 0.4448160724330373, 0.4448160724330373, 0.4448160724330373, 0.4448160724330373, 0.4448160724330373, 0.4448160724330373, 0.4448160724330373, 0.4448160724330373]
Training raw path: /home/anhnd/DTI Project/Codes/MPNN/data/KFold/ATCInchikeySideEffectByDrug.txt_train_8
('Number of substructures, proteins, pathways, drugs, se: ', 2936, 1448, 330, 969, 598)
Train: 0.9300 0.7930
Test: 0.7524 0.4350
[0.6370796522438313, 0.6417816030604199, 0.645071187431123, 0.6373143853106246, 0.6341707481612561, 0.6343528947429453, 0.6366092498589815, 0.6403757984502844, 0.6419156506493016, 0.6431821230582839, 0.6454238357745156, 0.6457908003267065, 0.6487831534432179, 0.6501370318183193, 0.6520474313765772, 0.6530264125136157, 0.6545125662141352, 0.6558537179161676, 0.6571155299250304, 0.6610870484452771, 0.6640894779498951, 0.6681359493845039, 0.6707069684385261, 0.6732481024338288, 0.6758412083775669, 0.6763081438492969, 0.6793136581642948, 0.6815231663152689, 0.6836913684268815, 0.684015656844586, 0.6878752676217477, 0.6896829514077415, 0.6902503743899207, 0.6919903322796448, 0.693235714802274, 0.698100680556095, 0.7000988570718816, 0.7026578974854727, 0.7046990710911631, 0.7074458430510968, 0.7090046340135119, 0.7095280880231278, 0.7130649520920909, 0.7130649520920909, 0.7149479590031139, 0.7159302732549404, 0.7174090257642474, 0.7183929440730532, 0.7225158079646274, 0.7256227584500732, 0.7256227584500732, 0.7267006927234451, 0.7267006927234451, 0.7292639761532511, 0.7305991873768574, 0.7305991873768574, 0.7333199106629127, 0.7333199106629127, 0.7333199106629127, 0.7333199106629127, 0.7333199106629127, 0.7333199106629127, 0.7333199106629127, 0.7365561291492302, 0.7365561291492302, 0.7381241359820696, 0.739840627144907, 0.739840627144907, 0.739840627144907, 0.739840627144907, 0.739840627144907, 0.739840627144907, 0.7415738484970013, 0.7415738484970013, 0.7415738484970013, 0.7479062178037856, 0.7479062178037856, 0.7479062178037856, 0.7500221479539864, 0.7500221479539864, 0.7500221479539864, 0.7500221479539864, 0.7500221479539864, 0.7523767686046592, 0.7523767686046592, 0.7523767686046592, 0.7523767686046592, 0.7523767686046592, 0.7523767686046592, 0.7523767686046592, 0.7523767686046592, 0.7523767686046592, 0.7523767686046592, 0.7523767686046592, 0.7523767686046592]
[0.11747820793130846, 0.11738198690060422, 0.1262296691772563, 0.12840849145951674, 0.13487400865372268, 0.1393806283213502, 0.1440411377976757, 0.14952261083237678, 0.15724497653211128, 0.16407515193706235, 0.16893775612076217, 0.17288991780051843, 0.1807840405436667, 0.1862237865532236, 0.18931425427579196, 0.18987348813062085, 0.19321227874252733, 0.19641355931586843, 0.19895315894267526, 0.20664723402989701, 0.21383700160537772, 0.22135978295989844, 0.22543311427328871, 0.23239397461834124, 0.2374020410913902, 0.23840912673386444, 0.24299138894922248, 0.246946476888832, 0.25110560839827256, 0.2519422858198985, 0.26050833316751343, 0.26446860354807755, 0.26520062539282113, 0.268929880990329, 0.2719486267252045, 0.2838883813179139, 0.28915890517594334, 0.2939294647028493, 0.2989812854036348, 0.304748944478611, 0.30994918466083965, 0.3112397493961887, 0.3197098442649645, 0.3197098442649645, 0.326228254266524, 0.3285839370962038, 0.3318986025178864, 0.334569115184478, 0.34555798029033125, 0.35407125072269097, 0.35407125072269097, 0.356788498133291, 0.356788498133291, 0.3637092694273112, 0.36729605916255675, 0.36729605916255675, 0.37395826891804884, 0.37395826891804884, 0.37395826891804884, 0.37395826891804884, 0.37395826891804884, 0.37395826891804884, 0.37395826891804884, 0.3834436454420608, 0.3834436454420608, 0.38781359358663714, 0.3929087805753729, 0.3929087805753729, 0.3929087805753729, 0.3929087805753729, 0.3929087805753729, 0.3929087805753729, 0.39833497877799706, 0.39833497877799706, 0.39833497877799706, 0.41966351246329553, 0.41966351246329553, 0.41966351246329553, 0.4267480561849849, 0.4267480561849849, 0.4267480561849849, 0.4267480561849849, 0.4267480561849849, 0.43503464938008024, 0.43503464938008024, 0.43503464938008024, 0.43503464938008024, 0.43503464938008024, 0.43503464938008024, 0.43503464938008024, 0.43503464938008024, 0.43503464938008024, 0.43503464938008024, 0.43503464938008024, 0.43503464938008024]
Training raw path: /home/anhnd/DTI Project/Codes/MPNN/data/KFold/ATCInchikeySideEffectByDrug.txt_train_9
('Number of substructures, proteins, pathways, drugs, se: ', 2936, 1448, 330, 969, 598)
Train: 0.9308 0.7923
Test: 0.7215 0.4121
[0.5911346068205177, 0.6078958071913807, 0.6066244802653596, 0.5981397072626462, 0.5996224916564945, 0.5964240475135606, 0.6016720696406669, 0.6010132542791303, 0.6012858789828847, 0.6039306991030843, 0.606123196384548, 0.6098016763754586, 0.6148733682207007, 0.6175809107926441, 0.6177763024709396, 0.6204985739952497, 0.6214783188862262, 0.6244563849785512, 0.6254719243278547, 0.6282409570038792, 0.632150912280705, 0.6355659720531095, 0.6393077398713054, 0.642035135790932, 0.6439691999104966, 0.64441084225068, 0.6468232598198091, 0.6491693875649287, 0.6519586628914046, 0.6537196802911436, 0.6575679258365791, 0.6584845795724239, 0.6592564876157013, 0.6608920587712543, 0.6618500623426604, 0.6659330715627003, 0.6678729528702856, 0.6710423483791663, 0.6732154933497912, 0.6764347349410744, 0.6783983089333707, 0.6788865187676676, 0.6823365474405518, 0.6823365474405518, 0.684435215121709, 0.6852373719569465, 0.6873807268459122, 0.6883693442136174, 0.6925646935233563, 0.6956762584068487, 0.6956762584068487, 0.6966247371827228, 0.6966247371827228, 0.6992719293420423, 0.7005238300765173, 0.7005238300765173, 0.7033609682851176, 0.7033609682851176, 0.7033609682851176, 0.7033609682851176, 0.7033609682851176, 0.7033609682851176, 0.7033609682851176, 0.7064075830216092, 0.7064075830216092, 0.70814493384229, 0.7098518635390642, 0.7098518635390642, 0.7098518635390642, 0.7098518635390642, 0.7098518635390642, 0.7098518635390642, 0.7116284015368011, 0.7116284015368011, 0.7116284015368011, 0.7173902559920605, 0.7173902559920605, 0.7173902559920605, 0.7194286072355168, 0.7194286072355168, 0.7194286072355168, 0.7194286072355168, 0.7194286072355168, 0.7215214945159192, 0.7215214945159192, 0.7215214945159192, 0.7215214945159192, 0.7215214945159192, 0.7215214945159192, 0.7215214945159192, 0.7215214945159192, 0.7215214945159192, 0.7215214945159192, 0.7215214945159192, 0.7215214945159192]
[0.08892337040820487, 0.11234699990325886, 0.12668642448298723, 0.12304055665574543, 0.13136727456666886, 0.1320378575965826, 0.13773244532672915, 0.1426705756592945, 0.14796973482369385, 0.15521737398718136, 0.15811948706699522, 0.16362888613257387, 0.17114638965789425, 0.175727654795354, 0.17786320704352437, 0.18254973644135322, 0.18561132957898657, 0.19054322269487095, 0.1928854288346917, 0.19809330095403646, 0.2070692251283277, 0.21320382865548798, 0.2198055354602712, 0.22764420265648988, 0.23002435285262418, 0.23073666334470883, 0.23458699688130452, 0.23899774233996327, 0.24414410132472925, 0.2475125188117014, 0.2550487481347865, 0.25669708117695283, 0.2581917745794726, 0.2612602611686719, 0.2632689311840749, 0.2714499223893032, 0.27582858652909814, 0.2831287625967365, 0.2873673153364879, 0.29450977337810347, 0.29909862307762003, 0.30035757820721004, 0.3082499131316364, 0.3082499131316364, 0.31305246748864307, 0.3145914366064516, 0.31974122783037595, 0.3215135526845861, 0.3309361863634575, 0.3385797364615978, 0.3385797364615978, 0.34045743786193705, 0.34045743786193705, 0.3472283875185315, 0.35017070961329244, 0.35017070961329244, 0.3578124004135782, 0.3578124004135782, 0.3578124004135782, 0.3578124004135782, 0.3578124004135782, 0.3578124004135782, 0.3578124004135782, 0.36592988145793, 0.36592988145793, 0.37071820649985193, 0.3760371949705241, 0.3760371949705241, 0.3760371949705241, 0.3760371949705241, 0.3760371949705241, 0.3760371949705241, 0.3810972893430383, 0.3810972893430383, 0.3810972893430383, 0.39879637798319834, 0.39879637798319834, 0.39879637798319834, 0.4051726150466708, 0.4051726150466708, 0.4051726150466708, 0.4051726150466708, 0.4051726150466708, 0.412107708411424, 0.412107708411424, 0.412107708411424, 0.412107708411424, 0.412107708411424, 0.412107708411424, 0.412107708411424, 0.412107708411424, 0.412107708411424, 0.412107708411424, 0.412107708411424, 0.412107708411424]
AUC: 0.7495 0.0045
AUPR: 0.4535 0.0083
('RARE AUC', [(0.6337943534590961, 0.008562052107652488), (0.6419531514502504, 0.008252137336736869), (0.641363726269901, 0.007614649691522183), (0.6375249425134639, 0.007691142613626439), (0.6367354596574887, 0.0071871019166691655), (0.6363681562147535, 0.007285109128630649), (0.6381122181935719, 0.00702740060824028), (0.6396504080207943, 0.007082660409877267), (0.6412404968729165, 0.0071645298625345015), (0.6429927085854348, 0.007110319701902155), (0.6436003867910335, 0.007084551815270539), (0.6455740828068692, 0.006909643480672725), (0.6496535521484648, 0.006697501198556896), (0.6525660242807553, 0.006702316356322073), (0.6532941519373832, 0.006681466128926915), (0.6552735624156987, 0.006480368154653963), (0.6567670175206243, 0.006595811826563468), (0.6587409490381322, 0.006430297803868864), (0.6595133897047101, 0.006398155996653634), (0.6623852610383972, 0.006368894297021778), (0.6656482655374282, 0.006385975298197751), (0.6685804451314348, 0.0063018425486993535), (0.6709366291254569, 0.006255440570794391), (0.6735808660996339, 0.006191765503951544), (0.6753316909904706, 0.006203469527567976), (0.6756904976375562, 0.006196644303651241), (0.6780932353919095, 0.006173742691143065), (0.6799570908416106, 0.006172837923158967), (0.682278736304467, 0.00606018948770937), (0.683369310143117, 0.006011726236312083), (0.6868902669870262, 0.005805372109707585), (0.6886787967031053, 0.0057949191045476986), (0.6893461352127993, 0.005761783108047241), (0.6908808637577691, 0.005705397528122746), (0.6916323106417752, 0.005638758715170383), (0.6960920219710408, 0.005595389577541654), (0.698423100065762, 0.00558382496764735), (0.7011582869471165, 0.0055005698712938785), (0.7032874846703583, 0.005447376452284238), (0.7063632355762386, 0.005351091916828177), (0.7078021491404243, 0.005270030607293425), (0.7086122970705714, 0.005281148039302083), (0.711958266607858, 0.005187632206002961), (0.711958266607858, 0.005187632206002961), (0.7138499520085549, 0.005173856162684596), (0.7147718669192894, 0.005156281062465695), (0.7166462815225986, 0.005092893918526909), (0.7177101117209465, 0.005072950008878204), (0.7217829964596186, 0.005015336014063898), (0.7248430599454839, 0.004946712157064775), (0.7248430599454839, 0.004946712157064775), (0.7258943642447567, 0.004927389280463146), (0.7258943642447567, 0.004927389280463146), (0.7281933086144974, 0.004862937554121948), (0.7293621038380433, 0.004839464889982365), (0.7293621038380433, 0.004839464889982365), (0.7319186144470572, 0.004793772008436282), (0.7319186144470572, 0.004793772008436282), (0.7319186144470572, 0.004793772008436282), (0.7319186144470572, 0.004793772008436282), (0.7319186144470572, 0.004793772008436282), (0.7319186144470572, 0.004793772008436282), (0.7319186144470572, 0.004793772008436282), (0.7349144696753449, 0.004736798190218415), (0.7349144696753449, 0.004736798190218415), (0.7364373844482028, 0.004699805099900274), (0.7380594624619434, 0.004690382619930904), (0.7380594624619434, 0.004690382619930904), (0.7380594624619434, 0.004690382619930904), (0.7380594624619434, 0.004690382619930904), (0.7380594624619434, 0.004690382619930904), (0.7380594624619434, 0.004690382619930904), (0.7398801941194846, 0.004679987585671332), (0.7398801941194846, 0.004679987585671332), (0.7398801941194846, 0.004679987585671332), (0.7455045961144438, 0.004604442373844705), (0.7455045961144438, 0.004604442373844705), (0.7455045961144438, 0.004604442373844705), (0.7474257489370234, 0.004565581620386527), (0.7474257489370234, 0.004565581620386527), (0.7474257489370234, 0.004565581620386527), (0.7474257489370234, 0.004565581620386527), (0.7474257489370234, 0.004565581620386527), (0.7495113962421559, 0.004543397528815281), (0.7495113962421559, 0.004543397528815281), (0.7495113962421559, 0.004543397528815281), (0.7495113962421559, 0.004543397528815281), (0.7495113962421559, 0.004543397528815281), (0.7495113962421559, 0.004543397528815281), (0.7495113962421559, 0.004543397528815281), (0.7495113962421559, 0.004543397528815281), (0.7495113962421559, 0.004543397528815281), (0.7495113962421559, 0.004543397528815281), (0.7495113962421559, 0.004543397528815281), (0.7495113962421559, 0.004543397528815281)])
('RARE AUPR', [(0.11482134651305445, 0.006201074839461697), (0.1300511941363346, 0.006046302695126486), (0.13854448464879515, 0.006365190435340547), (0.14016654708826448, 0.006809995166970663), (0.14566932956318895, 0.006574367633024974), (0.14929516244291996, 0.006442055551935505), (0.15520890254681874, 0.0065540039278124155), (0.16186102199057778, 0.006195080010956259), (0.16862648191349794, 0.00604453516441204), (0.17453641699932734, 0.0058902919715247935), (0.17700765261335222, 0.005970331103417336), (0.18199351042134643, 0.005861403138892722), (0.191833828019152, 0.006201796337500699), (0.19829194232356576, 0.0063037155472347155), (0.2010106898243471, 0.006286087355600819), (0.20522522000412247, 0.006516224084230979), (0.20896168678595695, 0.006739252085467403), (0.21359387259480783, 0.007062121239511285), (0.2155985541415059, 0.0070412166535589495), (0.22390647402392477, 0.007292524589113856), (0.23190867756546046, 0.007473503503494453), (0.2386417794516918, 0.007328724825227298), (0.24488882337412293, 0.007566958145407797), (0.2514947537171676, 0.00761304983947461), (0.25585067690011154, 0.0077602359932233845), (0.25676965656472406, 0.007775120114597055), (0.26192531617331627, 0.007985566053428362), (0.2667794764536361, 0.008171559600561774), (0.2726900924283473, 0.008193721891104422), (0.2752270759909409, 0.008248587380871399), (0.28347556443928645, 0.008055487253746507), (0.2874853596816297, 0.008215107727860226), (0.28884970412382743, 0.008192775577958271), (0.2929226764804941, 0.008159827168480824), (0.29471259760749036, 0.008077245516502216), (0.3060817315550667, 0.008406123934585919), (0.3119196567405639, 0.00860407056328958), (0.318684624937944, 0.00872054308204129), (0.323924329344898, 0.008820743862682423), (0.33161252011436665, 0.008884397399942488), (0.3350694271547637, 0.00874561571988617), (0.3373517542622526, 0.008908810665609966), (0.3452841620093431, 0.0088639680378138), (0.3452841620093431, 0.0088639680378138), (0.3503675335081711, 0.008820924407041979), (0.35250312047298205, 0.008858121875665165), (0.3575151695750947, 0.008972047036110828), (0.3603399564079011, 0.008943760348005356), (0.3706428912717977, 0.008913734967199433), (0.3787039942887762, 0.008790964328131916), (0.3787039942887762, 0.008790964328131916), (0.38116932468147857, 0.008782288119914104), (0.38116932468147857, 0.008782288119914104), (0.38740752402852363, 0.0087122334811343), (0.39037716373517395, 0.008743064380261314), (0.39037716373517395, 0.008743064380261314), (0.39722160141990104, 0.008687825977107098), (0.39722160141990104, 0.008687825977107098), (0.39722160141990104, 0.008687825977107098), (0.39722160141990104, 0.008687825977107098), (0.39722160141990104, 0.008687825977107098), (0.39722160141990104, 0.008687825977107098), (0.39722160141990104, 0.008687825977107098), (0.40587000720532335, 0.00863743681426318), (0.40587000720532335, 0.00863743681426318), (0.4101452552066909, 0.008669733319637742), (0.4152415874062023, 0.008629651412986555), (0.4152415874062023, 0.008629651412986555), (0.4152415874062023, 0.008629651412986555), (0.4152415874062023, 0.008629651412986555), (0.4152415874062023, 0.008629651412986555), (0.4152415874062023, 0.008629651412986555), (0.4211711012439981, 0.00869005107610632), (0.4211711012439981, 0.00869005107610632), (0.4211711012439981, 0.00869005107610632), (0.4396190103625158, 0.00846472550433704), (0.4396190103625158, 0.00846472550433704), (0.4396190103625158, 0.00846472550433704), (0.4460088652958438, 0.008406116084111058), (0.4460088652958438, 0.008406116084111058), (0.4460088652958438, 0.008406116084111058), (0.4460088652958438, 0.008406116084111058), (0.4460088652958438, 0.008406116084111058), (0.4534662002972709, 0.008336346326483229), (0.4534662002972709, 0.008336346326483229), (0.4534662002972709, 0.008336346326483229), (0.4534662002972709, 0.008336346326483229), (0.4534662002972709, 0.008336346326483229), (0.4534662002972709, 0.008336346326483229), (0.4534662002972709, 0.008336346326483229), (0.4534662002972709, 0.008336346326483229), (0.4534662002972709, 0.008336346326483229), (0.4534662002972709, 0.008336346326483229), (0.4534662002972709, 0.008336346326483229), (0.4534662002972709, 0.008336346326483229)])
