Default
<models.baselines.omodels.NeuSK object at 0x7f947879b990>
Training raw path: /home/anhnd/DTI Project/Codes/MPNN/data/KFold/ATCInchikeySideEffectByDrug.txt_train_0
('Number of substructures, proteins, pathways, drugs, se: ', 888, 1448, 330, 1030, 598)
Train: 0.7661 0.4543
Test: 0.7538 0.4552
[0.5273868241268687, 0.5651882293484297, 0.5814946322788848, 0.5936109401989258, 0.599147032204644, 0.6044795735065824, 0.6106904084479168, 0.6145537965278949, 0.6208397647745003, 0.6265790858797723, 0.6284954017071596, 0.6324000806970852, 0.6411728378560542, 0.647212027527533, 0.6488184580917162, 0.6511762982653042, 0.6543322791072133, 0.6572359114889886, 0.6599072115036788, 0.6651890895390078, 0.6670032312833166, 0.6709782897813716, 0.6758703057552774, 0.6794313649868605, 0.6812685550948752, 0.6816858738762878, 0.6849368503968092, 0.6867075488070074, 0.6890713723981899, 0.6902586672397565, 0.694839014587268, 0.6969371783498227, 0.6979899158628924, 0.6995463253808506, 0.7003592765249174, 0.7045835679428398, 0.7068974931048523, 0.709272112244099, 0.7114925212875723, 0.7145099607552535, 0.7158547601221597, 0.7164564018192129, 0.7194584427380416, 0.7194584427380416, 0.721719642813233, 0.7225008185543833, 0.7242046593960983, 0.7249902212633541, 0.7291405072337276, 0.732165052032921, 0.732165052032921, 0.7329151939728, 0.7329151939728, 0.7349728965198611, 0.7359626051966042, 0.7359626051966042, 0.7383920882141648, 0.7383920882141648, 0.7383920882141648, 0.7383920882141648, 0.7383920882141648, 0.7383920882141648, 0.7383920882141648, 0.7410289767836072, 0.7410289767836072, 0.7426247822114265, 0.7440776337373409, 0.7440776337373409, 0.7440776337373409, 0.7440776337373409, 0.7440776337373409, 0.7440776337373409, 0.745663971241979, 0.745663971241979, 0.745663971241979, 0.7505972387860231, 0.7505972387860231, 0.7505972387860231, 0.7520418776805374, 0.7520418776805374, 0.7520418776805374, 0.7520418776805374, 0.7520418776805374, 0.7537933688313353, 0.7537933688313353, 0.7537933688313353, 0.7537933688313353, 0.7537933688313353, 0.7537933688313353, 0.7537933688313353, 0.7537933688313353, 0.7537933688313353, 0.7537933688313353, 0.7537933688313353, 0.7537933688313353]
[0.08604210886433711, 0.10265286197961887, 0.11072534792342742, 0.1194812422783745, 0.12605374353113288, 0.1317880907436336, 0.13875862239881276, 0.1445159160610159, 0.15199975637781957, 0.15974059910680288, 0.1631482503467046, 0.16906755317319938, 0.18303198172123325, 0.19278226490576825, 0.19483214197135396, 0.1981751725898213, 0.20377591641975606, 0.2089741661902933, 0.21338713236566148, 0.2219800798852971, 0.22426843200733715, 0.233033137374825, 0.24349441604272695, 0.2509688445710758, 0.2537912625476505, 0.2545345083445665, 0.26076466223931594, 0.2638842738470376, 0.2677060039607562, 0.270151732898395, 0.280959791355072, 0.2850755461741378, 0.28790360225595957, 0.2914668759172492, 0.2935916456778556, 0.305031319656488, 0.3112613765077809, 0.31629796341950506, 0.32196444801192825, 0.32963107134030945, 0.33277274609407953, 0.3344228153395171, 0.34265495274345387, 0.34265495274345387, 0.3498917266578465, 0.3521908841708893, 0.35697969564061194, 0.3592795932770325, 0.3713861722437174, 0.38018882089060624, 0.38018882089060624, 0.38189737719527533, 0.38189737719527533, 0.38825517005174087, 0.39132445849960934, 0.39132445849960934, 0.39858576725820577, 0.39858576725820577, 0.39858576725820577, 0.39858576725820577, 0.39858576725820577, 0.39858576725820577, 0.39858576725820577, 0.40754596502581886, 0.40754596502581886, 0.41345119810781117, 0.418624398125074, 0.418624398125074, 0.418624398125074, 0.418624398125074, 0.418624398125074, 0.418624398125074, 0.4244738360716625, 0.4244738360716625, 0.4244738360716625, 0.4430638416351469, 0.4430638416351469, 0.4430638416351469, 0.4481949210480452, 0.4481949210480452, 0.4481949210480452, 0.4481949210480452, 0.4481949210480452, 0.4552412959074046, 0.4552412959074046, 0.4552412959074046, 0.4552412959074046, 0.4552412959074046, 0.4552412959074046, 0.4552412959074046, 0.4552412959074046, 0.4552412959074046, 0.4552412959074046, 0.4552412959074046, 0.4552412959074046]
Training raw path: /home/anhnd/DTI Project/Codes/MPNN/data/KFold/ATCInchikeySideEffectByDrug.txt_train_1
('Number of substructures, proteins, pathways, drugs, se: ', 888, 1448, 330, 1030, 598)
Train: 0.7634 0.4553
Test: 0.7647 0.4270
[0.5117428933550606, 0.5390216533090727, 0.5418448482676546, 0.555259067447368, 0.5594386749649165, 0.5633066385119073, 0.5779706054331216, 0.5875674744373072, 0.5974980348417729, 0.6026559827064124, 0.6057204719241522, 0.6131704836034362, 0.6242898657926328, 0.629955324807796, 0.6330745902694239, 0.6368448582812176, 0.640644425390801, 0.6469057629477918, 0.6494759369199202, 0.655545528685675, 0.658735057800441, 0.6645788158226371, 0.6695117939890882, 0.6739545704810259, 0.6779896187634059, 0.6785145881261362, 0.6824325231090829, 0.6850198602194422, 0.6884030935215542, 0.6901670760794645, 0.694324508383787, 0.6967386562008969, 0.6971742697308394, 0.6991371877151794, 0.7004110874509613, 0.7068130681963735, 0.7096866814011795, 0.7136145290190405, 0.7155315024685509, 0.7192158821391076, 0.7213119422923797, 0.7221222841500178, 0.7253924354415597, 0.7253924354415597, 0.728196208407322, 0.7291819946461311, 0.7310185819719267, 0.732058268584168, 0.7364263405661203, 0.7394038683890638, 0.7394038683890638, 0.7407048520480671, 0.7407048520480671, 0.7428313884836877, 0.7441175810335418, 0.7441175810335418, 0.7461687551246158, 0.7461687551246158, 0.7461687551246158, 0.7461687551246158, 0.7461687551246158, 0.7461687551246158, 0.7461687551246158, 0.749297700068919, 0.749297700068919, 0.750826222115567, 0.7527921726035375, 0.7527921726035375, 0.7527921726035375, 0.7527921726035375, 0.7527921726035375, 0.7527921726035375, 0.7545492738471622, 0.7545492738471622, 0.7545492738471622, 0.7604763669635445, 0.7604763669635445, 0.7604763669635445, 0.7624975175754211, 0.7624975175754211, 0.7624975175754211, 0.7624975175754211, 0.7624975175754211, 0.7647209923073309, 0.7647209923073309, 0.7647209923073309, 0.7647209923073309, 0.7647209923073309, 0.7647209923073309, 0.7647209923073309, 0.7647209923073309, 0.7647209923073309, 0.7647209923073309, 0.7647209923073309, 0.7647209923073309]
[0.046486302985330845, 0.05652404142537808, 0.05974239647385651, 0.06968319506682753, 0.07388454183265673, 0.07675745133839239, 0.0872127736041704, 0.09632819293241252, 0.10400983452628519, 0.1082258409658203, 0.11010268697743496, 0.11749848764038867, 0.12849202694978606, 0.1351826888349163, 0.1385353028516097, 0.1425752607534368, 0.14730933842485144, 0.1558389073654617, 0.15878206404616277, 0.16628460204540849, 0.16999624044677739, 0.17859808533122934, 0.1855117868889197, 0.19219047066696912, 0.19846184325161317, 0.19910242432293737, 0.20582707768880823, 0.21002197069400255, 0.2158391747807176, 0.21914737797946304, 0.22570541437941982, 0.23013487068713329, 0.22959495536382868, 0.23402082618092218, 0.23727422182810365, 0.25231310131771667, 0.25878643858088796, 0.2672756897282996, 0.26940051999200054, 0.27793409058136487, 0.2835720336962777, 0.2853440664062234, 0.2917365108656407, 0.2917365108656407, 0.3007394960926814, 0.3029078573178068, 0.30684787415774845, 0.30953194169900355, 0.3212306926846912, 0.3284386816375817, 0.3284386816375817, 0.33278240619534316, 0.33278240619534316, 0.33874144023774677, 0.3427730828545186, 0.3427730828545186, 0.3480963410718359, 0.3480963410718359, 0.3480963410718359, 0.3480963410718359, 0.3480963410718359, 0.3480963410718359, 0.3480963410718359, 0.3604859441633163, 0.3604859441633163, 0.36646240150716547, 0.3753227880245912, 0.3753227880245912, 0.3753227880245912, 0.3753227880245912, 0.3753227880245912, 0.3753227880245912, 0.3823641112603023, 0.3823641112603023, 0.3823641112603023, 0.40770632827558717, 0.40770632827558717, 0.40770632827558717, 0.4162002929710417, 0.4162002929710417, 0.4162002929710417, 0.4162002929710417, 0.4162002929710417, 0.4269967426325776, 0.4269967426325776, 0.4269967426325776, 0.4269967426325776, 0.4269967426325776, 0.4269967426325776, 0.4269967426325776, 0.4269967426325776, 0.4269967426325776, 0.4269967426325776, 0.4269967426325776, 0.4269967426325776]
Training raw path: /home/anhnd/DTI Project/Codes/MPNN/data/KFold/ATCInchikeySideEffectByDrug.txt_train_2
('Number of substructures, proteins, pathways, drugs, se: ', 888, 1448, 330, 1030, 598)
Train: 0.7666 0.4601
Test: 0.7685 0.4458
[0.4963554274038587, 0.5118630184050211, 0.5389173763086409, 0.5561146674424945, 0.5742007095991788, 0.587272211080462, 0.5993302672238676, 0.6034514923563498, 0.6086023371207903, 0.6155746014692101, 0.6188518638191562, 0.623279304722255, 0.6352954474028086, 0.6392497767474908, 0.6408231852827284, 0.6457767669593686, 0.6489651526487732, 0.6526848365580573, 0.6553184645237329, 0.659661823408544, 0.6633993568232899, 0.6669188134297606, 0.6709593693575003, 0.6754645841262623, 0.6789224063033927, 0.6797677237346361, 0.6833017149388116, 0.6863551105101715, 0.6901578341111689, 0.6915659094146981, 0.6965982549696743, 0.6984764233352742, 0.6993454878582763, 0.7015628004410228, 0.7024370005759488, 0.7074677558382401, 0.710289243604792, 0.7141706971758406, 0.7170032102817834, 0.7212220327571294, 0.7235603968405412, 0.724237228240756, 0.728643208320996, 0.728643208320996, 0.7304731824241212, 0.731802149387621, 0.7340925554887126, 0.7353145434828605, 0.7401559627916036, 0.7437887159805106, 0.7437887159805106, 0.7448677998184041, 0.7448677998184041, 0.7472524217238092, 0.7484934219050619, 0.7484934219050619, 0.7507512345797022, 0.7507512345797022, 0.7507512345797022, 0.7507512345797022, 0.7507512345797022, 0.7507512345797022, 0.7507512345797022, 0.7541222382895766, 0.7541222382895766, 0.7555362909367043, 0.7570092389729095, 0.7570092389729095, 0.7570092389729095, 0.7570092389729095, 0.7570092389729095, 0.7570092389729095, 0.7587731463620189, 0.7587731463620189, 0.7587731463620189, 0.764617375609207, 0.764617375609207, 0.764617375609207, 0.7664363918715307, 0.7664363918715307, 0.7664363918715307, 0.7664363918715307, 0.7664363918715307, 0.7684503111538581, 0.7684503111538581, 0.7684503111538581, 0.7684503111538581, 0.7684503111538581, 0.7684503111538581, 0.7684503111538581, 0.7684503111538581, 0.7684503111538581, 0.7684503111538581, 0.7684503111538581, 0.7684503111538581]
[0.05980779704857183, 0.06825989203960389, 0.07190605623369956, 0.07662366718783725, 0.08640364475332797, 0.09285826773650646, 0.09986610234665784, 0.10290419640726406, 0.10689573346194993, 0.11375731275238438, 0.11669460662234143, 0.12218463717699227, 0.13466214519042366, 0.1404033614736535, 0.142258925524537, 0.14950240662732392, 0.15396763137473765, 0.15864392995747886, 0.16212793317764385, 0.16770177542221576, 0.17387855480021688, 0.1801901948370711, 0.18598542908059662, 0.19404534656261205, 0.19979303575019863, 0.20142269533683266, 0.2078170320038899, 0.21305606376598551, 0.22021564579906844, 0.22282605467640154, 0.23236878105721442, 0.23572522428551995, 0.23765211354186444, 0.24322444374833313, 0.24501150912497532, 0.2552381016159826, 0.26212092135018683, 0.2711709825918607, 0.277531963295499, 0.28800564160061226, 0.29397122730300723, 0.2951716154207396, 0.3071381917923298, 0.3071381917923298, 0.311803747366846, 0.31611366557709264, 0.3220229974009094, 0.325880494383957, 0.3404643642359852, 0.35174603791293463, 0.35174603791293463, 0.3542770458352986, 0.3542770458352986, 0.36128145316198673, 0.36519369644489597, 0.36519369644489597, 0.37195491691670135, 0.37195491691670135, 0.37195491691670135, 0.37195491691670135, 0.37195491691670135, 0.37195491691670135, 0.37195491691670135, 0.3856134296973175, 0.3856134296973175, 0.39062336121001934, 0.39607741926847717, 0.39607741926847717, 0.39607741926847717, 0.39607741926847717, 0.39607741926847717, 0.39607741926847717, 0.40367614724066264, 0.40367614724066264, 0.40367614724066264, 0.42966633538713056, 0.42966633538713056, 0.42966633538713056, 0.43684742003560917, 0.43684742003560917, 0.43684742003560917, 0.43684742003560917, 0.43684742003560917, 0.4457958778998443, 0.4457958778998443, 0.4457958778998443, 0.4457958778998443, 0.4457958778998443, 0.4457958778998443, 0.4457958778998443, 0.4457958778998443, 0.4457958778998443, 0.4457958778998443, 0.4457958778998443, 0.4457958778998443]
Training raw path: /home/anhnd/DTI Project/Codes/MPNN/data/KFold/ATCInchikeySideEffectByDrug.txt_train_3
('Number of substructures, proteins, pathways, drugs, se: ', 888, 1448, 330, 1030, 598)
Train: 0.7679 0.4579
Test: 0.7452 0.4561
[0.5042811833380861, 0.5204013038934165, 0.5367886733273772, 0.5519373722722677, 0.5641807712268767, 0.5737459749413799, 0.5821949861871635, 0.5896688190935017, 0.5951302030649741, 0.5995538914542531, 0.6050981147475583, 0.6098615161428356, 0.6191843497694562, 0.6252162749740248, 0.6272791316143691, 0.6299587613757258, 0.6323694789363619, 0.6374161914975238, 0.6397614926758664, 0.6448200550474187, 0.6490344577449204, 0.6535200771348569, 0.6574826731012524, 0.6606710873604795, 0.6638985463637405, 0.6644548285473072, 0.6684131959232013, 0.6716592060029989, 0.6756387823326957, 0.6770718804768764, 0.6822097259844347, 0.6840420075266139, 0.6848300580267533, 0.6858894987908306, 0.6871231388835239, 0.6924573817772699, 0.6950416286168639, 0.6979348379023906, 0.7005299847015773, 0.7038247986181015, 0.7057452304227936, 0.7068115043268599, 0.7102823819272134, 0.7102823819272134, 0.7122457921071865, 0.7130316120575074, 0.7151008089466551, 0.7160349665562109, 0.7199836773016662, 0.7227537021177426, 0.7227537021177426, 0.7238856033521933, 0.7238856033521933, 0.7261210528851509, 0.7273672022232709, 0.7273672022232709, 0.729614898458915, 0.729614898458915, 0.729614898458915, 0.729614898458915, 0.729614898458915, 0.729614898458915, 0.729614898458915, 0.7322128242446437, 0.7322128242446437, 0.7334833404849062, 0.7349274482880216, 0.7349274482880216, 0.7349274482880216, 0.7349274482880216, 0.7349274482880216, 0.7349274482880216, 0.7365394370077407, 0.7365394370077407, 0.7365394370077407, 0.7415947337655486, 0.7415947337655486, 0.7415947337655486, 0.7432513060300318, 0.7432513060300318, 0.7432513060300318, 0.7432513060300318, 0.7432513060300318, 0.7452487593811125, 0.7452487593811125, 0.7452487593811125, 0.7452487593811125, 0.7452487593811125, 0.7452487593811125, 0.7452487593811125, 0.7452487593811125, 0.7452487593811125, 0.7452487593811125, 0.7452487593811125, 0.7452487593811125]
[0.06962837396842057, 0.07153831592507107, 0.0799263967922324, 0.09252806566179494, 0.10096558554625298, 0.1082461833050371, 0.11780300779092666, 0.125265083145208, 0.13218790479180575, 0.1370959503730746, 0.14326729184926054, 0.15006083930388173, 0.16278276159692373, 0.17094831591000292, 0.17401117458696047, 0.177653549522716, 0.18120869534599732, 0.18946967756954794, 0.19291587584823375, 0.20072940955973592, 0.2075156858554359, 0.21510741927382862, 0.22225545507914127, 0.22864254584030472, 0.23451239103956786, 0.2355236940822022, 0.24364771295309068, 0.25048834770007034, 0.25888546025159465, 0.2619366547180255, 0.27328060161863665, 0.2767599685809431, 0.2786258041251723, 0.28049930499287196, 0.2836367362284587, 0.2967718084719706, 0.3029787280896256, 0.3093228023761958, 0.31536436439380183, 0.32351706816016024, 0.32817465828869974, 0.3311460445995406, 0.3393789421418234, 0.3393789421418234, 0.3453403290974507, 0.3467359418996134, 0.35279744067501323, 0.3555328254962321, 0.36653642701713596, 0.3737725959044528, 0.3737725959044528, 0.37702313107001156, 0.37702313107001156, 0.38419328075879267, 0.38826062309764836, 0.38826062309764836, 0.39527930820820056, 0.39527930820820056, 0.39527930820820056, 0.39527930820820056, 0.39527930820820056, 0.39527930820820056, 0.39527930820820056, 0.40409522416611204, 0.40409522416611204, 0.408382617738024, 0.41371008724418784, 0.41371008724418784, 0.41371008724418784, 0.41371008724418784, 0.41371008724418784, 0.41371008724418784, 0.42023212863773857, 0.42023212863773857, 0.42023212863773857, 0.440504287379495, 0.440504287379495, 0.440504287379495, 0.4469499450840894, 0.4469499450840894, 0.4469499450840894, 0.4469499450840894, 0.4469499450840894, 0.4561388606932719, 0.4561388606932719, 0.4561388606932719, 0.4561388606932719, 0.4561388606932719, 0.4561388606932719, 0.4561388606932719, 0.4561388606932719, 0.4561388606932719, 0.4561388606932719, 0.4561388606932719, 0.4561388606932719]
Training raw path: /home/anhnd/DTI Project/Codes/MPNN/data/KFold/ATCInchikeySideEffectByDrug.txt_train_4
('Number of substructures, proteins, pathways, drugs, se: ', 888, 1448, 330, 1030, 598)
Train: 0.7641 0.4589
Test: 0.7577 0.4135
[0.4966574310026242, 0.5199248771949527, 0.5336557380352406, 0.5500153045948174, 0.5521248498323871, 0.562845493008164, 0.5775340509913963, 0.5838577486220082, 0.5872061356747941, 0.5914118229049878, 0.5948928218198912, 0.5990861642814284, 0.6102626031602627, 0.6172871012262656, 0.619866440542259, 0.6243805182999954, 0.6271754570296766, 0.63063868902671, 0.633218634453907, 0.6398851254284652, 0.6455817565706239, 0.6512131924201403, 0.6565262702647998, 0.6603314804117795, 0.6643583190405374, 0.6652187744365312, 0.668881102140434, 0.6724545035616457, 0.6773811578186985, 0.6793091901962763, 0.6848029989984247, 0.6876086010660879, 0.6886475626922329, 0.6907034351533724, 0.6915409741479459, 0.6975369177134934, 0.700338070708209, 0.7046505557193122, 0.7078382755926971, 0.7112116862079763, 0.7133184106748771, 0.7142628682225008, 0.7188264483882799, 0.7188264483882799, 0.7208044891384718, 0.7221997022266922, 0.7245113040388822, 0.7255917387034091, 0.7294250149041435, 0.731909369579734, 0.731909369579734, 0.7331847316045725, 0.7331847316045725, 0.7357665194853985, 0.7368728916315166, 0.7368728916315166, 0.7393199452450325, 0.7393199452450325, 0.7393199452450325, 0.7393199452450325, 0.7393199452450325, 0.7393199452450325, 0.7393199452450325, 0.7421370615599348, 0.7421370615599348, 0.7438733376337081, 0.7453067302671779, 0.7453067302671779, 0.7453067302671779, 0.7453067302671779, 0.7453067302671779, 0.7453067302671779, 0.7471599634096644, 0.7471599634096644, 0.7471599634096644, 0.7532788758825201, 0.7532788758825201, 0.7532788758825201, 0.7553641349987723, 0.7553641349987723, 0.7553641349987723, 0.7553641349987723, 0.7553641349987723, 0.757705120498567, 0.757705120498567, 0.757705120498567, 0.757705120498567, 0.757705120498567, 0.757705120498567, 0.757705120498567, 0.757705120498567, 0.757705120498567, 0.757705120498567, 0.757705120498567, 0.757705120498567]
[0.050509399807840846, 0.051601135148369406, 0.0587575164150006, 0.06903729353130936, 0.07099834611005715, 0.07865169667416323, 0.08988344173569371, 0.09792931172524538, 0.10004664490183023, 0.10432313732572177, 0.10834072265597082, 0.11354589936050943, 0.12488506809268682, 0.13079473503253142, 0.13306628271924062, 0.1380287199275293, 0.14045362459917685, 0.14362219977941776, 0.14660593484481999, 0.15555670208354944, 0.16343824348114716, 0.1718481363802813, 0.17888494964111323, 0.18429261716491774, 0.18969451146128635, 0.19118301068230834, 0.196437609900434, 0.2021875998452713, 0.21136512962369464, 0.2147429278409349, 0.22473137173978527, 0.22929565648902908, 0.23146549983761733, 0.23512971216027426, 0.23678316146618472, 0.2503780993791967, 0.25584684540531194, 0.26508929272632303, 0.2715992642574942, 0.27828730875301244, 0.2829710528939847, 0.2850423430542386, 0.2959539516480867, 0.2959539516480867, 0.3003807105548138, 0.3042327345219609, 0.31007380349411945, 0.3129876539641386, 0.32115831191267263, 0.3259863938658518, 0.3259863938658518, 0.329330821589981, 0.329330821589981, 0.3368141030276016, 0.33932603362217917, 0.33932603362217917, 0.34565392084931673, 0.34565392084931673, 0.34565392084931673, 0.34565392084931673, 0.34565392084931673, 0.34565392084931673, 0.34565392084931673, 0.3532298544091793, 0.3532298544091793, 0.3592966217883803, 0.36362193597351655, 0.36362193597351655, 0.36362193597351655, 0.36362193597351655, 0.36362193597351655, 0.36362193597351655, 0.37053518866770796, 0.37053518866770796, 0.37053518866770796, 0.3948528984846028, 0.3948528984846028, 0.3948528984846028, 0.40306072050181124, 0.40306072050181124, 0.40306072050181124, 0.40306072050181124, 0.40306072050181124, 0.4134765965781861, 0.4134765965781861, 0.4134765965781861, 0.4134765965781861, 0.4134765965781861, 0.4134765965781861, 0.4134765965781861, 0.4134765965781861, 0.4134765965781861, 0.4134765965781861, 0.4134765965781861, 0.4134765965781861]
Training raw path: /home/anhnd/DTI Project/Codes/MPNN/data/KFold/ATCInchikeySideEffectByDrug.txt_train_5
('Number of substructures, proteins, pathways, drugs, se: ', 888, 1448, 330, 1030, 598)
Train: 0.7655 0.4588
Test: 0.7551 0.4207
[0.45435304549173283, 0.49779343299644396, 0.5237170821502068, 0.5347827895753788, 0.5432674466151463, 0.5486472094370763, 0.5643775615654077, 0.5750529644999244, 0.5823091850614793, 0.5894444807623538, 0.5944043955878405, 0.5990241809115915, 0.6091174897160216, 0.6159411570609871, 0.6178937094035865, 0.6238147763261759, 0.6264618850752866, 0.6312074540704515, 0.6341376263523719, 0.6414332306984425, 0.6456629619747303, 0.6500736485749248, 0.6549387001010436, 0.6597293411840588, 0.6639968201831101, 0.6644887080215505, 0.6686428097884632, 0.6714663050070658, 0.6753279587919074, 0.6775577553278391, 0.6813099614146934, 0.6840825918492011, 0.6846515019641631, 0.6865001643789583, 0.6876613785561102, 0.6944559179036973, 0.697463393550404, 0.701062023773787, 0.7041239282027737, 0.7079955376952766, 0.7099422264964433, 0.711123591677409, 0.7148797669201518, 0.7148797669201518, 0.7165263069989328, 0.7174914478310183, 0.7196670070467932, 0.7208300654446256, 0.7258254585498697, 0.729037670164254, 0.729037670164254, 0.7301740725464355, 0.7301740725464355, 0.7325338003815223, 0.7335293850222286, 0.7335293850222286, 0.7363141083681363, 0.7363141083681363, 0.7363141083681363, 0.7363141083681363, 0.7363141083681363, 0.7363141083681363, 0.7363141083681363, 0.7393969793280173, 0.7393969793280173, 0.741253825731306, 0.7431566759255845, 0.7431566759255845, 0.7431566759255845, 0.7431566759255845, 0.7431566759255845, 0.7431566759255845, 0.7451569123818492, 0.7451569123818492, 0.7451569123818492, 0.7508435334513712, 0.7508435334513712, 0.7508435334513712, 0.7529368261903514, 0.7529368261903514, 0.7529368261903514, 0.7529368261903514, 0.7529368261903514, 0.755113925776705, 0.755113925776705, 0.755113925776705, 0.755113925776705, 0.755113925776705, 0.755113925776705, 0.755113925776705, 0.755113925776705, 0.755113925776705, 0.755113925776705, 0.755113925776705, 0.755113925776705]
[0.05902212478488678, 0.05737740647636344, 0.06309059232794635, 0.07066135961230506, 0.07489092365164984, 0.07944983270218481, 0.08938409338267454, 0.09666216045867178, 0.10224185640740777, 0.11047848386051294, 0.1152087813638381, 0.12029101470389093, 0.13030346797599413, 0.13753960155914782, 0.1389894170680568, 0.14650911147878967, 0.14910051307933292, 0.15448093487773593, 0.1579991912590315, 0.16897992426673153, 0.17429572046937597, 0.18064855241047337, 0.18768489737805544, 0.19492343919421293, 0.2014525753802509, 0.2014660849014262, 0.20783082471639924, 0.21232308101548825, 0.2177826606255147, 0.2223393419748023, 0.22629065346410687, 0.231046425522957, 0.23166768627649809, 0.2351731780966954, 0.23797000509726723, 0.25246530508359394, 0.25848400880525385, 0.2645110136606788, 0.27084909893187004, 0.27864650645410843, 0.282633693652366, 0.2854553094366318, 0.2932276505033101, 0.2932276505033101, 0.2971156930449481, 0.2993253365206393, 0.30489958337288825, 0.3080775214754643, 0.32224369796164626, 0.3296030845355823, 0.3296030845355823, 0.33212289857817323, 0.33212289857817323, 0.33835977273967044, 0.34039019052936226, 0.34039019052936226, 0.3490083220513577, 0.3490083220513577, 0.3490083220513577, 0.3490083220513577, 0.3490083220513577, 0.3490083220513577, 0.3490083220513577, 0.359550947438168, 0.359550947438168, 0.36709448565616365, 0.3744174268040408, 0.3744174268040408, 0.3744174268040408, 0.3744174268040408, 0.3744174268040408, 0.3744174268040408, 0.3823710803924347, 0.3823710803924347, 0.3823710803924347, 0.4031817105345468, 0.4031817105345468, 0.4031817105345468, 0.41160386997324017, 0.41160386997324017, 0.41160386997324017, 0.41160386997324017, 0.41160386997324017, 0.42072262396312143, 0.42072262396312143, 0.42072262396312143, 0.42072262396312143, 0.42072262396312143, 0.42072262396312143, 0.42072262396312143, 0.42072262396312143, 0.42072262396312143, 0.42072262396312143, 0.42072262396312143, 0.42072262396312143]
Training raw path: /home/anhnd/DTI Project/Codes/MPNN/data/KFold/ATCInchikeySideEffectByDrug.txt_train_6
('Number of substructures, proteins, pathways, drugs, se: ', 888, 1448, 330, 1030, 598)
Train: 0.7662 0.4575
Test: 0.7538 0.4497
[0.48755497498459066, 0.5178919835361554, 0.5313176560959266, 0.5362896292022046, 0.5427131204708133, 0.552048073387983, 0.5621140735024543, 0.5728974274967785, 0.5805527655155471, 0.5843167760533718, 0.5881368415697316, 0.5955273558039849, 0.6071463335495939, 0.6136558741825123, 0.6166473503829224, 0.621948940775472, 0.6247298537922744, 0.6279384932208147, 0.6316055387596973, 0.6387947300278125, 0.6436053683640924, 0.6471198775649718, 0.6525612425924524, 0.657488325550367, 0.6604663660379203, 0.6612510935406314, 0.6651210089800942, 0.6695863265700024, 0.67421573088846, 0.6760108153767804, 0.6811437522029271, 0.6836803613225302, 0.6848425368306836, 0.6872847130609119, 0.6878890962051976, 0.6934104860633439, 0.6966200568212166, 0.701064894220336, 0.7037435503352494, 0.7074897048587078, 0.7093112609185109, 0.710438900405896, 0.7144669088274438, 0.7144669088274438, 0.7163120590163891, 0.7176899653957952, 0.720159186684426, 0.7215674169244742, 0.726025384981415, 0.7295431329387082, 0.7295431329387082, 0.7304835001498577, 0.7304835001498577, 0.7329035654222507, 0.7339199214325844, 0.7339199214325844, 0.7366737595883295, 0.7366737595883295, 0.7366737595883295, 0.7366737595883295, 0.7366737595883295, 0.7366737595883295, 0.7366737595883295, 0.7400344166227271, 0.7400344166227271, 0.7413520034361307, 0.7428860102122968, 0.7428860102122968, 0.7428860102122968, 0.7428860102122968, 0.7428860102122968, 0.7428860102122968, 0.7448329085498443, 0.7448329085498443, 0.7448329085498443, 0.7498064084132393, 0.7498064084132393, 0.7498064084132393, 0.7518571288038978, 0.7518571288038978, 0.7518571288038978, 0.7518571288038978, 0.7518571288038978, 0.7537939827237622, 0.7537939827237622, 0.7537939827237622, 0.7537939827237622, 0.7537939827237622, 0.7537939827237622, 0.7537939827237622, 0.7537939827237622, 0.7537939827237622, 0.7537939827237622, 0.7537939827237622, 0.7537939827237622]
[0.0763727029193688, 0.08551434827238807, 0.08736759618413388, 0.0903064430732424, 0.09171121555299326, 0.09671217407801136, 0.10288509021217648, 0.11100148909403076, 0.1174587402081835, 0.12183816506965502, 0.12485616829811161, 0.1333645717485111, 0.14452036744525182, 0.15041827602002955, 0.15350431405560944, 0.16059724423889904, 0.16305960732599828, 0.16602594992926326, 0.1713472862731482, 0.18123464053091912, 0.1879164439400771, 0.19011721249738897, 0.1976758175783744, 0.20630907224447398, 0.20949912367658746, 0.21082212271003947, 0.21635378385290788, 0.225053096774684, 0.23343961212013126, 0.2362748713242963, 0.24435469819447161, 0.2492866898663083, 0.2518813354887869, 0.2581386884640582, 0.2585922846027252, 0.2698791321416854, 0.27772171004403523, 0.2876209597952632, 0.2927403631041325, 0.30090506177416515, 0.30473175966292476, 0.3077056931511366, 0.3173952454396816, 0.3173952454396816, 0.32168390885398357, 0.3261316159726267, 0.3332586469664739, 0.3378617112918733, 0.3488222873453406, 0.35841357470733126, 0.35841357470733126, 0.36047521458157183, 0.36047521458157183, 0.3678362569311592, 0.37037744849136683, 0.37037744849136683, 0.37969929569561145, 0.37969929569561145, 0.37969929569561145, 0.37969929569561145, 0.37969929569561145, 0.37969929569561145, 0.37969929569561145, 0.3933321674112145, 0.3933321674112145, 0.39727511993740583, 0.40305237816792167, 0.40305237816792167, 0.40305237816792167, 0.40305237816792167, 0.40305237816792167, 0.40305237816792167, 0.4126937174173921, 0.4126937174173921, 0.4126937174173921, 0.43104477206429703, 0.43104477206429703, 0.43104477206429703, 0.4408973850247975, 0.4408973850247975, 0.4408973850247975, 0.4408973850247975, 0.4408973850247975, 0.44967672741037623, 0.44967672741037623, 0.44967672741037623, 0.44967672741037623, 0.44967672741037623, 0.44967672741037623, 0.44967672741037623, 0.44967672741037623, 0.44967672741037623, 0.44967672741037623, 0.44967672741037623, 0.44967672741037623]
Training raw path: /home/anhnd/DTI Project/Codes/MPNN/data/KFold/ATCInchikeySideEffectByDrug.txt_train_7
('Number of substructures, proteins, pathways, drugs, se: ', 888, 1448, 330, 1030, 598)
Train: 0.7653 0.4554
Test: 0.7533 0.4312
[0.45238284192078176, 0.48264938891840975, 0.5134474001124244, 0.5229203292114373, 0.5400699012621801, 0.5522760826688864, 0.5647629342701084, 0.5762330849054071, 0.5864423954191642, 0.5914988142762921, 0.5959807128217027, 0.6024465259311949, 0.60982209364728, 0.6163066440747474, 0.619205314595242, 0.6234153927109062, 0.6259851632186166, 0.6326491102422012, 0.6350621328563284, 0.6415565806880528, 0.6461712050807973, 0.6512814220245053, 0.6557195711401518, 0.659283699509941, 0.663918574920081, 0.6650596738988993, 0.6685483122532041, 0.6730472053221734, 0.6773696264751425, 0.6793604890747715, 0.6843682302659245, 0.6871081654686355, 0.6880843861833703, 0.6895949733624194, 0.6905346734883451, 0.6961246229666805, 0.6985417703608583, 0.702494846747138, 0.7053159049481625, 0.7093067353864335, 0.7111247816797118, 0.7121221261560755, 0.7152645553413899, 0.7152645553413899, 0.7169210743254852, 0.7173427717695542, 0.7196359489225475, 0.7208414083533055, 0.7255913500701917, 0.7286577316733197, 0.7286577316733197, 0.7299702709050784, 0.7299702709050784, 0.7321684404974016, 0.7335001737025906, 0.7335001737025906, 0.7362893672952866, 0.7362893672952866, 0.7362893672952866, 0.7362893672952866, 0.7362893672952866, 0.7362893672952866, 0.7362893672952866, 0.7391960013082786, 0.7391960013082786, 0.7407523136519252, 0.7422019970504512, 0.7422019970504512, 0.7422019970504512, 0.7422019970504512, 0.7422019970504512, 0.7422019970504512, 0.7440648772523083, 0.7440648772523083, 0.7440648772523083, 0.7495834315711474, 0.7495834315711474, 0.7495834315711474, 0.7513161138068503, 0.7513161138068503, 0.7513161138068503, 0.7513161138068503, 0.7513161138068503, 0.7532899901607857, 0.7532899901607857, 0.7532899901607857, 0.7532899901607857, 0.7532899901607857, 0.7532899901607857, 0.7532899901607857, 0.7532899901607857, 0.7532899901607857, 0.7532899901607857, 0.7532899901607857, 0.7532899901607857]
[0.04531413298388774, 0.05308452532375049, 0.060984667822648095, 0.06467192924307502, 0.07271834790888931, 0.07998821908923084, 0.08782851128100982, 0.09558867664514409, 0.10335260001301105, 0.10783019405728689, 0.11226165934985355, 0.11842045471132062, 0.1255744069216131, 0.13226554907975005, 0.13590933867176788, 0.14126992491731133, 0.14443050603969834, 0.1531979657827462, 0.1561039560703496, 0.16467507412812077, 0.1709343811892056, 0.1782506325169968, 0.18462904719079157, 0.18995192906377042, 0.19832215440446888, 0.20039911724260026, 0.2060740951127354, 0.21498861712729822, 0.2229976094949741, 0.22705787992320847, 0.23620444233427507, 0.24150640842170745, 0.24345061962504105, 0.24616995583823736, 0.2484042786560295, 0.2607134229353878, 0.26562702720675946, 0.27451922131932777, 0.2810144191624912, 0.28987923635068613, 0.2938597963880256, 0.296605020493092, 0.3028773001838928, 0.3028773001838928, 0.30706576549558623, 0.3069613942235531, 0.3136266728255433, 0.31719480562746, 0.3315984304007521, 0.3394117379708464, 0.3394117379708464, 0.343550749998707, 0.343550749998707, 0.35018369749245915, 0.35432473945091947, 0.35432473945091947, 0.3639936438618138, 0.3639936438618138, 0.3639936438618138, 0.3639936438618138, 0.3639936438618138, 0.3639936438618138, 0.3639936438618138, 0.3746203248512037, 0.3746203248512037, 0.380282028738241, 0.38532309607271664, 0.38532309607271664, 0.38532309607271664, 0.38532309607271664, 0.38532309607271664, 0.38532309607271664, 0.39309724058015844, 0.39309724058015844, 0.39309724058015844, 0.4159711986828747, 0.4159711986828747, 0.4159711986828747, 0.4222463014392185, 0.4222463014392185, 0.4222463014392185, 0.4222463014392185, 0.4222463014392185, 0.43120970906402034, 0.43120970906402034, 0.43120970906402034, 0.43120970906402034, 0.43120970906402034, 0.43120970906402034, 0.43120970906402034, 0.43120970906402034, 0.43120970906402034, 0.43120970906402034, 0.43120970906402034, 0.43120970906402034]
Training raw path: /home/anhnd/DTI Project/Codes/MPNN/data/KFold/ATCInchikeySideEffectByDrug.txt_train_8
('Number of substructures, proteins, pathways, drugs, se: ', 888, 1448, 330, 1030, 598)
Train: 0.7667 0.4606
Test: 0.7509 0.4277
[0.4744957267549113, 0.5098226959159434, 0.5402231937380022, 0.5530636493245196, 0.5626900234692868, 0.5745820638233858, 0.5862144290669781, 0.5965128204537438, 0.6050083992333819, 0.6077043312220765, 0.6105671794396679, 0.6176321576722698, 0.6247466532906799, 0.6290704494136559, 0.630629987342529, 0.6324933391316683, 0.634597985204119, 0.6371538703118266, 0.6386591732229316, 0.6442241342838297, 0.6486058352518536, 0.6545163403049103, 0.6597304643198185, 0.6640161578830548, 0.6672862744941643, 0.6680900527753291, 0.671542673943974, 0.6741925421997317, 0.6773970088547935, 0.678570280583649, 0.6828894566746613, 0.6856677496826837, 0.6862754803748908, 0.6876536626417497, 0.6884066178483236, 0.6925467043175992, 0.6953239668240002, 0.6993785957745109, 0.7027614063273102, 0.7062558917669558, 0.7080420723106304, 0.7090381981089176, 0.7129788753794906, 0.7129788753794906, 0.7148256516813062, 0.715766301511355, 0.7177025499096196, 0.7189766168417937, 0.7229836237708496, 0.7263855461704509, 0.7263855461704509, 0.7275009966606889, 0.7275009966606889, 0.7298184758129775, 0.7312637244658109, 0.7312637244658109, 0.7337667321502547, 0.7337667321502547, 0.7337667321502547, 0.7337667321502547, 0.7337667321502547, 0.7337667321502547, 0.7337667321502547, 0.7365089389436204, 0.7365089389436204, 0.7380549287738079, 0.7396189224582431, 0.7396189224582431, 0.7396189224582431, 0.7396189224582431, 0.7396189224582431, 0.7396189224582431, 0.7413579005267745, 0.7413579005267745, 0.7413579005267745, 0.7466799343784211, 0.7466799343784211, 0.7466799343784211, 0.7487762288141786, 0.7487762288141786, 0.7487762288141786, 0.7487762288141786, 0.7487762288141786, 0.7509497841674379, 0.7509497841674379, 0.7509497841674379, 0.7509497841674379, 0.7509497841674379, 0.7509497841674379, 0.7509497841674379, 0.7509497841674379, 0.7509497841674379, 0.7509497841674379, 0.7509497841674379, 0.7509497841674379]
[0.045882210280174696, 0.05708298628744443, 0.06880007820172884, 0.07487541827057104, 0.08035796403243176, 0.08794005194730183, 0.09698500376551902, 0.10655492064152595, 0.11417061154027597, 0.11730297298152881, 0.12095014135263105, 0.12967194665189558, 0.13747856748471526, 0.14275978228081398, 0.14451414664061504, 0.14693882569007397, 0.14940319671880573, 0.15297212581042363, 0.15508376626221168, 0.16400502465459305, 0.17116387425869783, 0.18172621111962878, 0.1907606974407808, 0.19854625803872628, 0.20313950648509282, 0.2046973133340237, 0.21073556624063347, 0.21561258504830882, 0.22156505752727373, 0.2232392076130214, 0.23161258970491844, 0.23812873428850173, 0.2388102806559131, 0.2414459333376941, 0.24283735042769652, 0.24983413295005358, 0.2567252890481846, 0.26652055907380723, 0.2752611319316637, 0.28274337634216146, 0.28626010193953544, 0.2885855434217539, 0.29812011828191864, 0.29812011828191864, 0.30308074730058665, 0.3054556913469866, 0.3108389880151802, 0.3149521952052624, 0.32500911178150094, 0.33432967709437794, 0.33432967709437794, 0.33745301045332987, 0.33745301045332987, 0.3447569822074538, 0.34957963485501165, 0.34957963485501165, 0.3582047275538086, 0.3582047275538086, 0.3582047275538086, 0.3582047275538086, 0.3582047275538086, 0.3582047275538086, 0.3582047275538086, 0.3672835629186104, 0.3672835629186104, 0.3734810445847374, 0.37952983706824905, 0.37952983706824905, 0.37952983706824905, 0.37952983706824905, 0.37952983706824905, 0.37952983706824905, 0.3865218472348715, 0.3865218472348715, 0.3865218472348715, 0.40772617339933215, 0.40772617339933215, 0.40772617339933215, 0.41769301162042716, 0.41769301162042716, 0.41769301162042716, 0.41769301162042716, 0.41769301162042716, 0.42771103547549993, 0.42771103547549993, 0.42771103547549993, 0.42771103547549993, 0.42771103547549993, 0.42771103547549993, 0.42771103547549993, 0.42771103547549993, 0.42771103547549993, 0.42771103547549993, 0.42771103547549993, 0.42771103547549993]
Training raw path: /home/anhnd/DTI Project/Codes/MPNN/data/KFold/ATCInchikeySideEffectByDrug.txt_train_9
('Number of substructures, proteins, pathways, drugs, se: ', 888, 1448, 330, 1030, 598)
Train: 0.7673 0.4578
Test: 0.7477 0.4489
[0.4890980686315326, 0.5162077417381694, 0.5232468441677384, 0.5470859728408521, 0.5560695431699887, 0.5659402441636325, 0.5781015852551693, 0.5928325479674823, 0.5993523144751928, 0.6058117079322082, 0.6092113304883741, 0.6114380790276046, 0.6202575773693576, 0.6275868203377103, 0.630174768076604, 0.6319283328323252, 0.6341919102104745, 0.6365107975045968, 0.6385838192565446, 0.6436482193617892, 0.647028013002188, 0.6519539461491208, 0.6553175805878905, 0.6585067838918454, 0.6615231979928917, 0.6622714095998836, 0.6656644397752053, 0.6670192808869593, 0.6700317220739868, 0.6712421813836665, 0.6762115219012789, 0.6789560603443785, 0.6797872276364987, 0.681405414091595, 0.6822985058313219, 0.6885998114119488, 0.6917303451662535, 0.6950498276670365, 0.6976888996209306, 0.7015508725588581, 0.7026513501126785, 0.7036289306560046, 0.7076212846183124, 0.7076212846183124, 0.7097882299291155, 0.7111167213905789, 0.7133088235453249, 0.7142246392652519, 0.7182063975092654, 0.7215911811010082, 0.7215911811010082, 0.7228051497196855, 0.7228051497196855, 0.7256212100573548, 0.7267272832068523, 0.7267272832068523, 0.7296107784020285, 0.7296107784020285, 0.7296107784020285, 0.7296107784020285, 0.7296107784020285, 0.7296107784020285, 0.7296107784020285, 0.7328062415006278, 0.7328062415006278, 0.7343810004550061, 0.735972351145475, 0.735972351145475, 0.735972351145475, 0.735972351145475, 0.735972351145475, 0.735972351145475, 0.7377800949908393, 0.7377800949908393, 0.7377800949908393, 0.7437564523859979, 0.7437564523859979, 0.7437564523859979, 0.7456661563996922, 0.7456661563996922, 0.7456661563996922, 0.7456661563996922, 0.7456661563996922, 0.7477329755213432, 0.7477329755213432, 0.7477329755213432, 0.7477329755213432, 0.7477329755213432, 0.7477329755213432, 0.7477329755213432, 0.7477329755213432, 0.7477329755213432, 0.7477329755213432, 0.7477329755213432, 0.7477329755213432]
[0.05410329302161046, 0.06317871939087942, 0.0709276271543891, 0.08617369116560551, 0.09226279655568093, 0.09946007143613043, 0.10960237349265906, 0.12381987594260274, 0.13126670494228243, 0.14027254898143057, 0.14353623830237278, 0.14607118122068993, 0.15735530963585623, 0.16749465071660724, 0.17079215553069577, 0.1734410673369027, 0.1772132470298403, 0.18110049789099186, 0.1842569440738811, 0.19227810658524222, 0.19696337649844542, 0.20571429437164462, 0.21113492495388209, 0.21633802363276708, 0.22127994609525514, 0.22277591142299133, 0.22959010035254943, 0.23097497137130593, 0.2365982502844818, 0.23907944098467326, 0.2498581952770202, 0.2558012077294619, 0.2575855094100676, 0.2610582923860502, 0.262920882594609, 0.27766555245491803, 0.2850391476023867, 0.2913388569053616, 0.2961450836574167, 0.3053818196806928, 0.30661117688762296, 0.3092180815432711, 0.31945448030409607, 0.31945448030409607, 0.3253139219938916, 0.3292200036648889, 0.3348924593180822, 0.33703552116112107, 0.34665675687028097, 0.35610756126254745, 0.35610756126254745, 0.3594267596488966, 0.3594267596488966, 0.3687508457809593, 0.3712398118818081, 0.3712398118818081, 0.3806261960688999, 0.3806261960688999, 0.3806261960688999, 0.3806261960688999, 0.3806261960688999, 0.3806261960688999, 0.3806261960688999, 0.39170120428449573, 0.39170120428449573, 0.39683559363506593, 0.4021571039194193, 0.4021571039194193, 0.4021571039194193, 0.4021571039194193, 0.4021571039194193, 0.4021571039194193, 0.4091657096990793, 0.4091657096990793, 0.4091657096990793, 0.4330493302467752, 0.4330493302467752, 0.4330493302467752, 0.44037209650149645, 0.44037209650149645, 0.44037209650149645, 0.44037209650149645, 0.44037209650149645, 0.4488703891628343, 0.4488703891628343, 0.4488703891628343, 0.4488703891628343, 0.4488703891628343, 0.4488703891628343, 0.4488703891628343, 0.4488703891628343, 0.4488703891628343, 0.4488703891628343, 0.4488703891628343, 0.4488703891628343]
AUC: 0.7551 0.0021
AUPR: 0.4376 0.0046
('RARE AUC', [(0.48943084170100476, 0.007133641233392231), (0.5180764325256014, 0.006666166549454184), (0.5364653444482096, 0.0054573615816358645), (0.5501079722110266, 0.005604749727647116), (0.5593902072815419, 0.005299954561556622), (0.568514356452946, 0.005200910295018322), (0.5803290901943583, 0.004656020766508642), (0.5892628176360397, 0.003972444173939102), (0.5962941535181597, 0.003827653064492992), (0.6014551494660938, 0.003913613148157441), (0.6051359133925234, 0.00370555845036601), (0.6103865848793685, 0.0035399024447309974), (0.6201295251554149, 0.003472448343879231), (0.6261481450352724, 0.003281653883965483), (0.6284412935601382, 0.003175426725747119), (0.632173798495816, 0.0029747086449254437), (0.6349453590613596, 0.003048265927061936), (0.6390341116868963, 0.002979515850987988), (0.6415730030524979, 0.002958152370452264), (0.6474758517169037, 0.0027643916435716232), (0.6514827243896253, 0.0025071090682408552), (0.6562154423207199, 0.0024506736101242315), (0.6608617971209275, 0.0024386410914205453), (0.6648877395385674, 0.0024461718539704135), (0.6683628679194118, 0.002357563394720801), (0.6690802726557192, 0.002333066394430915), (0.6727484631249279, 0.0023060203302928393), (0.6757507889087199, 0.002209883667529352), (0.6794994287266597, 0.0021161354882456365), (0.6811114245153779, 0.002097877545210558), (0.6858697425383073, 0.0020714970574121435), (0.6883297795146125, 0.0020068807563193114), (0.6891628427160601, 0.0020031083548748864), (0.6909278175016891, 0.002040243502007328), (0.6918661749512596, 0.00204516991230019), (0.6973996234131487, 0.001982991816420038), (0.700193265015863, 0.001954070791338547), (0.703869292024349, 0.0019536913355070896), (0.7066029183766608, 0.00189840791123432), (0.71025831027438, 0.0019140179467348646), (0.7120862431870727, 0.0019781112034555535), (0.713024203376365, 0.0019382676638637361), (0.7167814307902879, 0.0019444260012262253), (0.7167814307902879, 0.0019444260012262253), (0.7187812636841564, 0.0019797617989819817), (0.7198123484770635, 0.0019960602100763283), (0.7219401425950985, 0.0019867554225085817), (0.7230429885419454, 0.001993706367664316), (0.7273763717678852, 0.00204446175932067), (0.7305235970147712, 0.002057597794696954), (0.7305235970147712, 0.002057597794696954), (0.7316492170777783, 0.0020560854128298285), (0.7316492170777783, 0.0020560854128298285), (0.7339989771269415, 0.0020350941151399886), (0.7351754189820062, 0.002038541854368318), (0.7351754189820062, 0.002038541854368318), (0.7376901667426465, 0.00199096835176432), (0.7376901667426465, 0.00199096835176432), (0.7376901667426465, 0.00199096835176432), (0.7376901667426465, 0.00199096835176432), (0.7376901667426465, 0.00199096835176432), (0.7376901667426465, 0.00199096835176432), (0.7376901667426465, 0.00199096835176432), (0.7406741378649953, 0.002031145132243453), (0.7406741378649953, 0.002031145132243453), (0.7422138045430489, 0.002032868955892953), (0.7437949180661038, 0.00204687260768724), (0.7437949180661038, 0.00204687260768724), (0.7437949180661038, 0.00204687260768724), (0.7437949180661038, 0.00204687260768724), (0.7437949180661038, 0.00204687260768724), (0.7437949180661038, 0.00204687260768724), (0.7455878485570181, 0.0020504606088895608), (0.7455878485570181, 0.0020504606088895608), (0.7455878485570181, 0.0020504606088895608), (0.7511234351207021, 0.0021059068583999464), (0.7511234351207021, 0.0021059068583999464), (0.7511234351207021, 0.0021059068583999464), (0.7530143682171263, 0.0021167255187015564), (0.7530143682171263, 0.0021167255187015564), (0.7530143682171263, 0.0021167255187015564), (0.7530143682171263, 0.0021167255187015564), (0.7530143682171263, 0.0021167255187015564), (0.7550799210522238, 0.002127934445870994), (0.7550799210522238, 0.002127934445870994), (0.7550799210522238, 0.002127934445870994), (0.7550799210522238, 0.002127934445870994), (0.7550799210522238, 0.002127934445870994), (0.7550799210522238, 0.002127934445870994), (0.7550799210522238, 0.002127934445870994), (0.7550799210522238, 0.002127934445870994), (0.7550799210522238, 0.002127934445870994), (0.7550799210522238, 0.002127934445870994), (0.7550799210522238, 0.002127934445870994), (0.7550799210522238, 0.002127934445870994)])
('RARE AUPR', [(0.05931684466644297, 0.00419253851367601), (0.06668142322688672, 0.004879683618743819), (0.07322282755290628, 0.0048181073985011915), (0.08140423050909426, 0.004926233688124605), (0.08702471094750727, 0.005092400911847432), (0.0931852039050592, 0.005138445949255561), (0.10202090200103002, 0.004913934698119096), (0.1100569823053121, 0.004895665159511372), (0.11636303871708513, 0.005124123468801907), (0.12208652054742179, 0.005396118548516115), (0.12583665471185196, 0.005448459891521896), (0.13201765856912798, 0.0053611265151453), (0.14290861030144839, 0.005749531657029663), (0.1500589225813221, 0.006146576758456239), (0.15264131996204466, 0.006155708124912708), (0.15746912830828036, 0.005904176235641241), (0.16099222763581947, 0.006095042970320606), (0.16643263551533605, 0.00612224685882024), (0.1698610084221144, 0.006250736238799957), (0.17834253391618132, 0.006217562037114539), (0.18403709529467163, 0.005923590402964822), (0.19152338761133678, 0.005962933826701061), (0.1988017421274382, 0.006186723033675936), (0.20562085469798302, 0.006229792106412491), (0.21099463500919718, 0.005951678775586175), (0.2121926882379928, 0.005907733842054001), (0.2185078465060764, 0.006030177246149205), (0.2238590607189453, 0.00584875071765577), (0.2306394604468207, 0.005674819249116782), (0.23367954899332216, 0.005597860513472225), (0.24253665391249202, 0.006004587423941098), (0.24727607320456996, 0.005920914934324148), (0.24886374065807493, 0.006099860671121864), (0.2526327211122386, 0.0059991373051793894), (0.2547022075703905, 0.006009506255389532), (0.2670289976006993, 0.00602541042816281), (0.2734591492640413, 0.006059980072723911), (0.28136673415966224, 0.005708913855735159), (0.2871870656738298, 0.005669507971640321), (0.2954931181037273, 0.005671083420162795), (0.29955582468065234, 0.0055283571342235015), (0.3018696532866145, 0.00554941972382887), (0.3107937343904234, 0.005549285986490337), (0.3107937343904234, 0.005549285986490337), (0.3162416046458635, 0.005679590378028489), (0.3189275125216057, 0.005680670702662617), (0.3246238161866571, 0.005705362949931062), (0.3278334263581545, 0.005630204757177768), (0.33951062524537234, 0.005592079363783463), (0.34779981657821124, 0.005791787760743676), (0.34779981657821124, 0.005791787760743676), (0.35083394151465885, 0.005656762094545189), (0.35083394151465885, 0.005656762094545189), (0.35791730023895707, 0.0057152781526027445), (0.36127897197273195, 0.005721925284237793), (0.36127897197273195, 0.005721925284237793), (0.36911024395357517, 0.005785710059043426), (0.36911024395357517, 0.005785710059043426), (0.36911024395357517, 0.005785710059043426), (0.36911024395357517, 0.005785710059043426), (0.36911024395357517, 0.005785710059043426), (0.36911024395357517, 0.005785710059043426), (0.36911024395357517, 0.005785710059043426), (0.3797458624365436, 0.00582335051146772), (0.3797458624365436, 0.00582335051146772), (0.3853184472903014, 0.0056191144113018005), (0.3911836470668194, 0.005484656890452595), (0.3911836470668194, 0.005484656890452595), (0.3911836470668194, 0.005484656890452595), (0.3911836470668194, 0.005484656890452595), (0.3911836470668194, 0.005484656890452595), (0.3911836470668194, 0.005484656890452595), (0.398513100720201, 0.005444392450838097), (0.398513100720201, 0.005444392450838097), (0.398513100720201, 0.005444392450838097), (0.4206766876089788, 0.005066301984171487), (0.4206766876089788, 0.005066301984171487), (0.4206766876089788, 0.005066301984171487), (0.4284065964199777, 0.004829433803504854), (0.4284065964199777, 0.004829433803504854), (0.4284065964199777, 0.004829433803504854), (0.4284065964199777, 0.004829433803504854), (0.4284065964199777, 0.004829433803504854), (0.43758398587871367, 0.004596503522142277), (0.43758398587871367, 0.004596503522142277), (0.43758398587871367, 0.004596503522142277), (0.43758398587871367, 0.004596503522142277), (0.43758398587871367, 0.004596503522142277), (0.43758398587871367, 0.004596503522142277), (0.43758398587871367, 0.004596503522142277), (0.43758398587871367, 0.004596503522142277), (0.43758398587871367, 0.004596503522142277), (0.43758398587871367, 0.004596503522142277), (0.43758398587871367, 0.004596503522142277), (0.43758398587871367, 0.004596503522142277)])
