Default
<models.baselines.omodels.NeuSK object at 0x7fbfb33b12d0>
('Manual torch seed: ', 1772727637)
('Config: ', 'Protein Test: ', True, 'KNN: ', 2)
('EXT MODE: ', True)
Training raw path: /home/anhnd/DTI Project/Codes/MPNN/data/KFold/ATCInchikeySideEffectByDrug.txt_train_0
('Number of substructures, proteins, pathways, drugs, se: ', 2936, 1448, 330, 969, 598)
((872, 4714), (97, 4714), (872, 598), (97, 598))
('VALIDATE SUM PROTEIN TRAIN: ', 0.0)
('VALIDATE SUM PROTEIN TEST: ', 0.0)
Train: 0.9603 0.8709
Test: 0.7533 0.4566
[0.6223890004588157, 0.6375179264097801, 0.6460152306238683, 0.6476572306540777, 0.6509765670870616, 0.6533890503957261, 0.657320119231791, 0.6602453473019346, 0.6609416140670992, 0.6616410574104452, 0.6614400791772769, 0.6625843070065989, 0.6665906507409698, 0.668046655953106, 0.6690021260658867, 0.6703598192075576, 0.6718284439624245, 0.6719867375358418, 0.6734798029057203, 0.6761256373612208, 0.6798624385847103, 0.6822771365060308, 0.6836877237921339, 0.6856557329461324, 0.6879387567282713, 0.68815443589, 0.6900320367857362, 0.6914601244505776, 0.6942506927585589, 0.6950133358427881, 0.6979441938299846, 0.6995384927606232, 0.7000812689041847, 0.7017405505381779, 0.7017370052315931, 0.7054322920252458, 0.7077089632410294, 0.7106755287085099, 0.7125390837480905, 0.7158875787936028, 0.7165925312334506, 0.7175145478965335, 0.7204857605548753, 0.7204857605548753, 0.7220421795424382, 0.7229223345073843, 0.7245717122224404, 0.7256143869754457, 0.7284578964461307, 0.7313709509965023, 0.7313709509965023, 0.7324157958510953, 0.7324157958510953, 0.7343646045753958, 0.7352837641967285, 0.7352837641967285, 0.7372505681500577, 0.7372505681500577, 0.7372505681500577, 0.7372505681500577, 0.7372505681500577, 0.7372505681500577, 0.7372505681500577, 0.7400953677366576, 0.7400953677366576, 0.7415019748986579, 0.7427758128674229, 0.7427758128674229, 0.7427758128674229, 0.7427758128674229, 0.7427758128674229, 0.7427758128674229, 0.7444823015327316, 0.7444823015327316, 0.7444823015327316, 0.7494861384419229, 0.7494861384419229, 0.7494861384419229, 0.7513087230729616, 0.7513087230729616, 0.7513087230729616, 0.7513087230729616, 0.7513087230729616, 0.7532942605955163, 0.7532942605955163, 0.7532942605955163, 0.7532942605955163, 0.7532942605955163, 0.7532942605955163, 0.7532942605955163, 0.7532942605955163, 0.7532942605955163, 0.7532942605955163, 0.7532942605955163, 0.7532942605955163]
[0.13842323998760175, 0.15134088750134195, 0.15997563429532502, 0.15523679782031222, 0.15906964007332786, 0.16659023452117253, 0.17578412839512744, 0.18356520776434748, 0.18819564915153153, 0.18950657973616247, 0.19181401855310898, 0.19558299852741756, 0.20497211569615165, 0.21171707506282908, 0.2144119031498958, 0.2201003747585422, 0.222484209336816, 0.22664584972094207, 0.2295303038362631, 0.23987687564163362, 0.2480066076050262, 0.2545106842713004, 0.26041683441290153, 0.26668894930377224, 0.2729023856667598, 0.27322905103444806, 0.2771172731084579, 0.2817125208973651, 0.2890945108429815, 0.2914422698336865, 0.2987751704789141, 0.303338356900302, 0.30502772593125893, 0.3090468573604316, 0.31049047880764674, 0.3206697848807025, 0.32534664647534095, 0.33298866076860834, 0.33738736196877295, 0.34515057521813397, 0.3480695403482334, 0.35084440400042927, 0.35776924519965936, 0.35776924519965936, 0.3625025109275698, 0.3645554262012276, 0.3693012211585619, 0.37188314953357804, 0.38041765900063357, 0.38818452632599965, 0.38818452632599965, 0.3907865589816244, 0.3907865589816244, 0.397075184168999, 0.39940464206861737, 0.39940464206861737, 0.4051569309830304, 0.4051569309830304, 0.4051569309830304, 0.4051569309830304, 0.4051569309830304, 0.4051569309830304, 0.4051569309830304, 0.41326312468671855, 0.41326312468671855, 0.4168112645180895, 0.4209752403623132, 0.4209752403623132, 0.4209752403623132, 0.4209752403623132, 0.4209752403623132, 0.4209752403623132, 0.42690838523267677, 0.42690838523267677, 0.42690838523267677, 0.44326009622635654, 0.44326009622635654, 0.44326009622635654, 0.44952435451908146, 0.44952435451908146, 0.44952435451908146, 0.44952435451908146, 0.44952435451908146, 0.45655999557284377, 0.45655999557284377, 0.45655999557284377, 0.45655999557284377, 0.45655999557284377, 0.45655999557284377, 0.45655999557284377, 0.45655999557284377, 0.45655999557284377, 0.45655999557284377, 0.45655999557284377, 0.45655999557284377]
Training raw path: /home/anhnd/DTI Project/Codes/MPNN/data/KFold/ATCInchikeySideEffectByDrug.txt_train_1
('Number of substructures, proteins, pathways, drugs, se: ', 2936, 1448, 330, 969, 598)
((872, 4714), (97, 4714), (872, 598), (97, 598))
('VALIDATE SUM PROTEIN TRAIN: ', 0.0)
('VALIDATE SUM PROTEIN TEST: ', 0.0)
Train: 0.9628 0.8792
Test: 0.7366 0.4583
[0.5892907833639596, 0.6093893806108336, 0.6102814865345169, 0.6092028989935815, 0.6083796434564415, 0.6106006784261144, 0.6116539947503565, 0.6135905611318083, 0.6175060710441377, 0.6183894065975538, 0.6182950983138472, 0.621055359036855, 0.6273609822321549, 0.6311190345087482, 0.6336265599228597, 0.6355551576315639, 0.6366358530060074, 0.6390470642852786, 0.6399307244364484, 0.6429324521431862, 0.6462266951358756, 0.6491681219351095, 0.6511706807148802, 0.6535605771986663, 0.6557599078465981, 0.6560524493452411, 0.6580833829368626, 0.660728200120635, 0.6646275890417623, 0.6659859366336993, 0.6698555287357583, 0.6721627167080031, 0.6732883372856283, 0.6751438938519216, 0.6759636399655976, 0.6810529295271742, 0.6835414385864499, 0.6871415305603725, 0.6895948982987976, 0.6929045707618544, 0.6944279684172816, 0.6955373492520415, 0.6993917856247389, 0.6993917856247389, 0.7002544193656766, 0.7013145021430143, 0.703491287550186, 0.7043324398501236, 0.7080374700137987, 0.7111900382845687, 0.7111900382845687, 0.7121555435313918, 0.7121555435313918, 0.7145483184310533, 0.7158499352551471, 0.7158499352551471, 0.7184598649407244, 0.7184598649407244, 0.7184598649407244, 0.7184598649407244, 0.7184598649407244, 0.7184598649407244, 0.7184598649407244, 0.7217569247695724, 0.7217569247695724, 0.7233185427962088, 0.7247927482655839, 0.7247927482655839, 0.7247927482655839, 0.7247927482655839, 0.7247927482655839, 0.7247927482655839, 0.7268506270664642, 0.7268506270664642, 0.7268506270664642, 0.7322438976044389, 0.7322438976044389, 0.7322438976044389, 0.7343836046647054, 0.7343836046647054, 0.7343836046647054, 0.7343836046647054, 0.7343836046647054, 0.7365790639252066, 0.7365790639252066, 0.7365790639252066, 0.7365790639252066, 0.7365790639252066, 0.7365790639252066, 0.7365790639252066, 0.7365790639252066, 0.7365790639252066, 0.7365790639252066, 0.7365790639252066, 0.7365790639252066]
[0.10840205803755706, 0.13318560390886, 0.13828035102180863, 0.13964968944743456, 0.1456896484077956, 0.14803704992725744, 0.15132277194284238, 0.15731475592960284, 0.1688398703989697, 0.17089287176705578, 0.17026545398414727, 0.1763536465866406, 0.190016154334589, 0.1986654968440909, 0.20334823874820862, 0.2081049056004436, 0.2095808334711804, 0.2158318655986953, 0.21793182577975784, 0.22650365745817366, 0.2340208829861692, 0.24065092990434017, 0.2461310499345499, 0.2520866070535296, 0.25491307903024163, 0.2560731832534506, 0.26046570181734874, 0.26607697852419065, 0.2738513473246782, 0.2769540667040716, 0.2861080264053816, 0.2917522242943812, 0.2940054523180368, 0.2995673923248492, 0.3017084368390306, 0.313621446124185, 0.31827909195181076, 0.32720924234026855, 0.333068343932736, 0.3410936724640057, 0.3447454970592897, 0.3470516030852926, 0.355523071020631, 0.355523071020631, 0.3585595335141538, 0.36110549180651064, 0.36746027569819617, 0.3697885688848657, 0.37936882543714356, 0.38791860447851145, 0.38791860447851145, 0.3901965658409602, 0.3901965658409602, 0.39617832429835237, 0.39913191254981173, 0.39913191254981173, 0.40560951288913083, 0.40560951288913083, 0.40560951288913083, 0.40560951288913083, 0.40560951288913083, 0.40560951288913083, 0.40560951288913083, 0.41445519494360306, 0.41445519494360306, 0.41838217116145454, 0.42228632777634983, 0.42228632777634983, 0.42228632777634983, 0.42228632777634983, 0.42228632777634983, 0.42228632777634983, 0.4288075427237567, 0.4288075427237567, 0.4288075427237567, 0.4443963201113766, 0.4443963201113766, 0.4443963201113766, 0.4511336589814712, 0.4511336589814712, 0.4511336589814712, 0.4511336589814712, 0.4511336589814712, 0.4583094866770826, 0.4583094866770826, 0.4583094866770826, 0.4583094866770826, 0.4583094866770826, 0.4583094866770826, 0.4583094866770826, 0.4583094866770826, 0.4583094866770826, 0.4583094866770826, 0.4583094866770826, 0.4583094866770826]
Training raw path: /home/anhnd/DTI Project/Codes/MPNN/data/KFold/ATCInchikeySideEffectByDrug.txt_train_2
('Number of substructures, proteins, pathways, drugs, se: ', 2936, 1448, 330, 969, 598)
((872, 4714), (97, 4714), (872, 598), (97, 598))
('VALIDATE SUM PROTEIN TRAIN: ', 0.0)
('VALIDATE SUM PROTEIN TEST: ', 0.0)
Train: 0.9637 0.8810
Test: 0.7563 0.5174
[0.6591650220400912, 0.6631950065179181, 0.6606279279765355, 0.662032237662379, 0.6604894875879052, 0.65813533395813, 0.6605169257532852, 0.66196380333945, 0.664291631932621, 0.6649092091919291, 0.6662959038063166, 0.6680883242589232, 0.6691890145631177, 0.6724143308189099, 0.6721645108916546, 0.6749828373546637, 0.6776957134852699, 0.6797871412616936, 0.68029076459008, 0.6834391773329469, 0.6864898396187997, 0.6893696420098656, 0.6923728706579415, 0.6946634817347457, 0.6963609369372734, 0.6964759577482315, 0.6979121349542838, 0.7000061070445386, 0.7017691005381252, 0.7026592479730758, 0.7045741306105608, 0.7063594774586424, 0.7071804399373736, 0.7082716244249245, 0.7085059651661788, 0.7122992281466356, 0.7139902199694357, 0.715822008245025, 0.7174438184227331, 0.7199796464795185, 0.7207665595113368, 0.7215784525722853, 0.724252509123913, 0.724252509123913, 0.7258673937495117, 0.7265701131345982, 0.7281643479014956, 0.7291647744736983, 0.7327227282401361, 0.7353045973162404, 0.7353045973162404, 0.7360236304391257, 0.7360236304391257, 0.7376980265580084, 0.7388356243413011, 0.7388356243413011, 0.7407979807337278, 0.7407979807337278, 0.7407979807337278, 0.7407979807337278, 0.7407979807337278, 0.7407979807337278, 0.7407979807337278, 0.7434531632167284, 0.7434531632167284, 0.7449718136745469, 0.7463822548739119, 0.7463822548739119, 0.7463822548739119, 0.7463822548739119, 0.7463822548739119, 0.7463822548739119, 0.7480350749257526, 0.7480350749257526, 0.7480350749257526, 0.7527530466447834, 0.7527530466447834, 0.7527530466447834, 0.7544451287101548, 0.7544451287101548, 0.7544451287101548, 0.7544451287101548, 0.7544451287101548, 0.7562572999609676, 0.7562572999609676, 0.7562572999609676, 0.7562572999609676, 0.7562572999609676, 0.7562572999609676, 0.7562572999609676, 0.7562572999609676, 0.7562572999609676, 0.7562572999609676, 0.7562572999609676, 0.7562572999609676]
[0.17503479274557815, 0.19671676528113152, 0.20997507984637034, 0.20707021908095788, 0.21044910138222656, 0.21340501437031636, 0.22016056553464755, 0.2253147561818425, 0.23344012554951324, 0.23826128869889626, 0.24044913713689264, 0.24514821815359097, 0.25463743795864785, 0.260590363626684, 0.2625742744388324, 0.2684616456431953, 0.2736556533070722, 0.2776022679491556, 0.2802742347059765, 0.2916275757573773, 0.3025033421806388, 0.30939834327267396, 0.3167630339784894, 0.32429886657843277, 0.32986415137741265, 0.3306961246592069, 0.3358951410676919, 0.3418974727893441, 0.3478329594312529, 0.3508501222010893, 0.35804581931616214, 0.3624221291955418, 0.3643890838990176, 0.36746922016625777, 0.369283066744864, 0.38117375206750004, 0.3864384437313323, 0.39296787935290955, 0.39915818244455537, 0.40655314090568623, 0.4102023885527454, 0.41249948550809673, 0.41969637673510407, 0.41969637673510407, 0.4238093371496165, 0.42579836189030384, 0.43081046087643926, 0.43365854341901416, 0.44380303755350115, 0.45074592797569635, 0.45074592797569635, 0.4530991890274982, 0.4530991890274982, 0.4581335816873121, 0.4612229994781805, 0.4612229994781805, 0.46674671017574665, 0.46674671017574665, 0.46674671017574665, 0.46674671017574665, 0.46674671017574665, 0.46674671017574665, 0.46674671017574665, 0.47477951669629154, 0.47477951669629154, 0.4795741086152125, 0.48431730185466915, 0.48431730185466915, 0.48431730185466915, 0.48431730185466915, 0.48431730185466915, 0.48431730185466915, 0.4897164104938576, 0.4897164104938576, 0.4897164104938576, 0.5053858374799265, 0.5053858374799265, 0.5053858374799265, 0.5110741081497143, 0.5110741081497143, 0.5110741081497143, 0.5110741081497143, 0.5110741081497143, 0.5174348058283801, 0.5174348058283801, 0.5174348058283801, 0.5174348058283801, 0.5174348058283801, 0.5174348058283801, 0.5174348058283801, 0.5174348058283801, 0.5174348058283801, 0.5174348058283801, 0.5174348058283801, 0.5174348058283801]
Training raw path: /home/anhnd/DTI Project/Codes/MPNN/data/KFold/ATCInchikeySideEffectByDrug.txt_train_3
('Number of substructures, proteins, pathways, drugs, se: ', 2936, 1448, 330, 969, 598)
((872, 4714), (97, 4714), (872, 598), (97, 598))
('VALIDATE SUM PROTEIN TRAIN: ', 0.0)
('VALIDATE SUM PROTEIN TEST: ', 0.0)
Train: 0.9563 0.8623
Test: 0.7229 0.4356
[0.5905092497644673, 0.6124935275379837, 0.6084242695930844, 0.604146934073424, 0.6050141681793906, 0.6079949941255456, 0.6081817574492218, 0.6121414042732936, 0.6139316146177252, 0.614544596210474, 0.6144344162290014, 0.6161719235474736, 0.6189950921659092, 0.6213558839100171, 0.6229215006893796, 0.6253048886917978, 0.6264178483338071, 0.6285133340772985, 0.6295806427387997, 0.6323293772042311, 0.6360620359661261, 0.6397260169364538, 0.6421465858935007, 0.6435212213449473, 0.6441487753695511, 0.644649155966202, 0.6467284714928648, 0.6482023635569558, 0.6502724594978688, 0.6510479834302516, 0.6555379084357449, 0.6574083464977488, 0.657989236067908, 0.6597846563653226, 0.6605518388992428, 0.6651320654628996, 0.6677505833191553, 0.6703716500796313, 0.6726884794105421, 0.6762907174655848, 0.6777915316553202, 0.6787837226782534, 0.6823064042920273, 0.6823064042920273, 0.6837626556560854, 0.6848176944424101, 0.6868148900885753, 0.6881810447327521, 0.6924152387160858, 0.6959398883381248, 0.6959398883381248, 0.6971566983650044, 0.6971566983650044, 0.6995555164325615, 0.7008957686142454, 0.7008957686142454, 0.7037217851865285, 0.7037217851865285, 0.7037217851865285, 0.7037217851865285, 0.7037217851865285, 0.7037217851865285, 0.7037217851865285, 0.706975257380233, 0.706975257380233, 0.7087301541445092, 0.710463123416547, 0.710463123416547, 0.710463123416547, 0.710463123416547, 0.710463123416547, 0.710463123416547, 0.7124439808464966, 0.7124439808464966, 0.7124439808464966, 0.718602570168192, 0.718602570168192, 0.718602570168192, 0.7207557101298271, 0.7207557101298271, 0.7207557101298271, 0.7207557101298271, 0.7207557101298271, 0.722923143294318, 0.722923143294318, 0.722923143294318, 0.722923143294318, 0.722923143294318, 0.722923143294318, 0.722923143294318, 0.722923143294318, 0.722923143294318, 0.722923143294318, 0.722923143294318, 0.722923143294318]
[0.10103599891547027, 0.1155452051629713, 0.12062734859678725, 0.12306837847221488, 0.12911717351495558, 0.13687573480723558, 0.1429072339274406, 0.15448172444329872, 0.16121142019832813, 0.16790250042213467, 0.16853278337754862, 0.17459628638369526, 0.18187179228105357, 0.18776659097821713, 0.1905904831332519, 0.1951044552160517, 0.19953939628566209, 0.20425381582564878, 0.205786773868564, 0.21268301165969383, 0.22135679686258297, 0.22890446233416972, 0.23542645500285309, 0.24034236773870238, 0.2430590933411319, 0.24425745595782522, 0.2500612122303746, 0.25456912604327514, 0.2607396681442009, 0.26233539864228156, 0.27087142935124653, 0.2745863708182228, 0.27567686012783044, 0.2787049749418583, 0.28055224420976727, 0.29245781507043855, 0.29758963316835074, 0.3044300753588618, 0.3106485118613541, 0.31939658950204514, 0.322565437650855, 0.32472583171624003, 0.3317653187678403, 0.3317653187678403, 0.3353741631075478, 0.33798229190129303, 0.3427530670256245, 0.3459826569568681, 0.35550532694089376, 0.3636743754641557, 0.3636743754641557, 0.36657739319188093, 0.36657739319188093, 0.3719473818156169, 0.3748882950160325, 0.3748882950160325, 0.38082115928548427, 0.38082115928548427, 0.38082115928548427, 0.38082115928548427, 0.38082115928548427, 0.38082115928548427, 0.38082115928548427, 0.38940094703835115, 0.38940094703835115, 0.39344770418999475, 0.3984846541728402, 0.3984846541728402, 0.3984846541728402, 0.3984846541728402, 0.3984846541728402, 0.3984846541728402, 0.40456047568837933, 0.40456047568837933, 0.40456047568837933, 0.4220149709053616, 0.4220149709053616, 0.4220149709053616, 0.42863486459327954, 0.42863486459327954, 0.42863486459327954, 0.42863486459327954, 0.42863486459327954, 0.43556740256342186, 0.43556740256342186, 0.43556740256342186, 0.43556740256342186, 0.43556740256342186, 0.43556740256342186, 0.43556740256342186, 0.43556740256342186, 0.43556740256342186, 0.43556740256342186, 0.43556740256342186, 0.43556740256342186]
Training raw path: /home/anhnd/DTI Project/Codes/MPNN/data/KFold/ATCInchikeySideEffectByDrug.txt_train_4
('Number of substructures, proteins, pathways, drugs, se: ', 2936, 1448, 330, 969, 598)
((872, 4714), (97, 4714), (872, 598), (97, 598))
('VALIDATE SUM PROTEIN TRAIN: ', 0.0)
('VALIDATE SUM PROTEIN TEST: ', 0.0)
Train: 0.9610 0.8755
Test: 0.7408 0.4542
[0.6238741883353368, 0.6220309610971758, 0.6313066262740283, 0.6178205840709075, 0.6194374462327911, 0.6200196979582253, 0.6231648858154423, 0.6277071958651094, 0.6303831115959141, 0.6330067056922216, 0.634284507241386, 0.6357210976675598, 0.6404536286371173, 0.6420442717709547, 0.6430958444606406, 0.6450116299658809, 0.6463382204912278, 0.648811317256422, 0.6505640806484645, 0.6517161611036633, 0.6553562787129668, 0.6583921655903, 0.6601475595617577, 0.6633221138083703, 0.6650365346912305, 0.6651082035181376, 0.666822514763902, 0.6687472277659956, 0.6717355247790159, 0.672581726471834, 0.6747552007780495, 0.6764404963410409, 0.6769938595500959, 0.6791221687222206, 0.6799315777476067, 0.6849482218790472, 0.6871416485664548, 0.6905787614470119, 0.6928261130778424, 0.6959487203504445, 0.6970171501139495, 0.6979113730058983, 0.7013103352674805, 0.7013103352674805, 0.7030854818932033, 0.7042795438090953, 0.7062691047234579, 0.7073959443071538, 0.7114219598281482, 0.7144040522255438, 0.7144040522255438, 0.7156118487604111, 0.7156118487604111, 0.7176128104355162, 0.7187335528189822, 0.7187335528189822, 0.7213437172624189, 0.7213437172624189, 0.7213437172624189, 0.7213437172624189, 0.7213437172624189, 0.7213437172624189, 0.7213437172624189, 0.7245535401633092, 0.7245535401633092, 0.7262351746476295, 0.7279635590360962, 0.7279635590360962, 0.7279635590360962, 0.7279635590360962, 0.7279635590360962, 0.7279635590360962, 0.730027474311791, 0.730027474311791, 0.730027474311791, 0.7365186623337838, 0.7365186623337838, 0.7365186623337838, 0.738620296173716, 0.738620296173716, 0.738620296173716, 0.738620296173716, 0.738620296173716, 0.7408477802427261, 0.7408477802427261, 0.7408477802427261, 0.7408477802427261, 0.7408477802427261, 0.7408477802427261, 0.7408477802427261, 0.7408477802427261, 0.7408477802427261, 0.7408477802427261, 0.7408477802427261, 0.7408477802427261]
[0.1164891127830172, 0.13117014370448077, 0.15347572660392034, 0.14327380606415704, 0.14775734218189102, 0.1527058408836608, 0.15859520139447475, 0.17163908427729677, 0.1811066147845362, 0.18917378909010357, 0.19201567154210886, 0.19478361011736953, 0.20682088178401856, 0.21012436279857033, 0.21433388954687366, 0.21707048751784733, 0.22047009112694002, 0.22638702674862085, 0.22949241726104525, 0.23740270044339862, 0.24381836763736375, 0.24979196671556586, 0.2549285314592421, 0.26290692257132303, 0.2688418254251791, 0.2693216934680064, 0.2751060693824678, 0.2797508905184684, 0.287458567533551, 0.28954299212061185, 0.29239527876003035, 0.29652291263027697, 0.2975333772505117, 0.3030597316948541, 0.30358662973036793, 0.31353631654256814, 0.31874435393935197, 0.3265006592741182, 0.33094393372315245, 0.3370821082431664, 0.33894208904764944, 0.3413290673851049, 0.34953075001835243, 0.34953075001835243, 0.35310393631767495, 0.35611072775484365, 0.36078323804892265, 0.3636577331285925, 0.37304607145317503, 0.3798452950603289, 0.3798452950603289, 0.3824297971205749, 0.3824297971205749, 0.3866451247036787, 0.38919290782089977, 0.38919290782089977, 0.3948170248899584, 0.3948170248899584, 0.3948170248899584, 0.3948170248899584, 0.3948170248899584, 0.3948170248899584, 0.3948170248899584, 0.40311800561221056, 0.40311800561221056, 0.40707842191872085, 0.4125893449779639, 0.4125893449779639, 0.4125893449779639, 0.4125893449779639, 0.4125893449779639, 0.4125893449779639, 0.4196561939410608, 0.4196561939410608, 0.4196561939410608, 0.43969674103154444, 0.43969674103154444, 0.43969674103154444, 0.44634915630417904, 0.44634915630417904, 0.44634915630417904, 0.44634915630417904, 0.44634915630417904, 0.4542353420557471, 0.4542353420557471, 0.4542353420557471, 0.4542353420557471, 0.4542353420557471, 0.4542353420557471, 0.4542353420557471, 0.4542353420557471, 0.4542353420557471, 0.4542353420557471, 0.4542353420557471, 0.4542353420557471]
Training raw path: /home/anhnd/DTI Project/Codes/MPNN/data/KFold/ATCInchikeySideEffectByDrug.txt_train_5
('Number of substructures, proteins, pathways, drugs, se: ', 2936, 1448, 330, 969, 598)
((872, 4714), (97, 4714), (872, 598), (97, 598))
('VALIDATE SUM PROTEIN TRAIN: ', 0.0)
('VALIDATE SUM PROTEIN TEST: ', 0.0)
Train: 0.9649 0.8870
Test: 0.7458 0.4465
[0.6105115284797347, 0.629320597848652, 0.6201997819515119, 0.6203497277231763, 0.619879211618545, 0.62106987650907, 0.6263545462952624, 0.6265871550490717, 0.6319107203430228, 0.6325619244900393, 0.6356024586411303, 0.639115070546872, 0.6425332120672075, 0.6460234841291824, 0.6462081063083343, 0.6483700185260948, 0.6507475958481665, 0.6545087718529629, 0.6557132303126275, 0.6579514772899793, 0.6617954968871564, 0.6645995366585503, 0.6674581147608656, 0.6698317332544075, 0.6725880934901479, 0.6726678264584838, 0.6752748016603145, 0.6776572914854027, 0.6795504568283746, 0.680485208115222, 0.6833523180238148, 0.6851651720539321, 0.6854416889035931, 0.6864678017727485, 0.68706937126722, 0.692517819192894, 0.6951809719180871, 0.6978126953020104, 0.6997480787146779, 0.7019673522288575, 0.7028756505480823, 0.7037298820464266, 0.7072799562158272, 0.7072799562158272, 0.7092613521109028, 0.7101111039376614, 0.7121366170079779, 0.7130950407261185, 0.7174348443336298, 0.7204284728397853, 0.7204284728397853, 0.7211528437086923, 0.7211528437086923, 0.7233250623547269, 0.724554510109398, 0.724554510109398, 0.7276220114123158, 0.7276220114123158, 0.7276220114123158, 0.7276220114123158, 0.7276220114123158, 0.7276220114123158, 0.7276220114123158, 0.7306038909875566, 0.7306038909875566, 0.7320706543348728, 0.733927774588448, 0.733927774588448, 0.733927774588448, 0.733927774588448, 0.733927774588448, 0.733927774588448, 0.7360919545513389, 0.7360919545513389, 0.7360919545513389, 0.7418156914152583, 0.7418156914152583, 0.7418156914152583, 0.7437796184990976, 0.7437796184990976, 0.7437796184990976, 0.7437796184990976, 0.7437796184990976, 0.7458477741365312, 0.7458477741365312, 0.7458477741365312, 0.7458477741365312, 0.7458477741365312, 0.7458477741365312, 0.7458477741365312, 0.7458477741365312, 0.7458477741365312, 0.7458477741365312, 0.7458477741365312, 0.7458477741365312]
[0.10677251386117766, 0.1372748455935745, 0.1328631425068748, 0.1325100594722674, 0.13926234497267487, 0.14267239049431282, 0.15674210194637422, 0.1605800201969454, 0.1701526896090471, 0.17887474477647966, 0.18400712836440986, 0.1888310045054824, 0.19711912555020705, 0.20365312275278905, 0.20559863094651476, 0.21181841565137605, 0.21636168105949022, 0.2248670710815448, 0.22564929176417933, 0.2342504286212454, 0.24287460919654977, 0.2474276842516561, 0.2541140504197568, 0.25866945001239644, 0.26479254314106393, 0.2654009802936572, 0.2716857088560244, 0.2774289091192255, 0.2805114158095428, 0.2835765260353713, 0.28979947963182995, 0.29350377000516403, 0.29405249543585077, 0.2969837347122155, 0.29787146773852646, 0.3104028836060623, 0.31717088848147224, 0.3234703440927355, 0.3276614703289058, 0.3334860152742536, 0.3353849666164495, 0.33768320991682854, 0.3453725011118485, 0.3453725011118485, 0.3499698044587366, 0.35156230407733335, 0.35596242268584843, 0.35866411306906526, 0.36831855411976955, 0.375061828544061, 0.375061828544061, 0.37650859097172484, 0.37650859097172484, 0.38317168346139086, 0.3862902489522463, 0.3862902489522463, 0.3945755410399444, 0.3945755410399444, 0.3945755410399444, 0.3945755410399444, 0.3945755410399444, 0.3945755410399444, 0.3945755410399444, 0.40162894657945347, 0.40162894657945347, 0.4056110802985452, 0.41094897785456835, 0.41094897785456835, 0.41094897785456835, 0.41094897785456835, 0.41094897785456835, 0.41094897785456835, 0.41752945255779195, 0.41752945255779195, 0.41752945255779195, 0.43430772461609524, 0.43430772461609524, 0.43430772461609524, 0.4401449583741251, 0.4401449583741251, 0.4401449583741251, 0.4401449583741251, 0.4401449583741251, 0.4464779050939132, 0.4464779050939132, 0.4464779050939132, 0.4464779050939132, 0.4464779050939132, 0.4464779050939132, 0.4464779050939132, 0.4464779050939132, 0.4464779050939132, 0.4464779050939132, 0.4464779050939132, 0.4464779050939132]
Training raw path: /home/anhnd/DTI Project/Codes/MPNN/data/KFold/ATCInchikeySideEffectByDrug.txt_train_6
('Number of substructures, proteins, pathways, drugs, se: ', 2936, 1448, 330, 969, 598)
((872, 4714), (97, 4714), (872, 598), (97, 598))
('VALIDATE SUM PROTEIN TRAIN: ', 0.0)
('VALIDATE SUM PROTEIN TEST: ', 0.0)
Train: 0.9586 0.8692
Test: 0.7545 0.4445
[0.6789969623596742, 0.6764436807672816, 0.6822219630318931, 0.6727555255548607, 0.6660508233015552, 0.6620134321567094, 0.6628720951617526, 0.6638693420497321, 0.6671070026406556, 0.6692958999584644, 0.6694964162427117, 0.6712641045471971, 0.6736857021850978, 0.6767209927549945, 0.6764453288014565, 0.6763693889737814, 0.6774323662871091, 0.6779437213941278, 0.678321068837571, 0.6810532245858857, 0.6840017804253768, 0.6863420330523643, 0.68802348219356, 0.690338985824122, 0.6909209620029413, 0.6911997124066088, 0.6925326938498482, 0.6935767348865345, 0.6962348256570212, 0.6971641975770941, 0.7005775301948189, 0.7021870283271416, 0.7029540900892215, 0.7044131354481122, 0.7045972353774633, 0.7074041973327514, 0.7096160804547526, 0.7111838304481983, 0.7123076896296394, 0.7146587131968415, 0.7154365721668247, 0.7160527636234029, 0.7190987606474698, 0.7190987606474698, 0.7212472482162692, 0.7221143382155341, 0.7229506285144975, 0.7240167408476461, 0.7279696006915612, 0.7306665451338923, 0.7306665451338923, 0.7316976997021598, 0.7316976997021598, 0.7334963567289021, 0.734461785332628, 0.734461785332628, 0.7367504248530257, 0.7367504248530257, 0.7367504248530257, 0.7367504248530257, 0.7367504248530257, 0.7367504248530257, 0.7367504248530257, 0.7394962334804395, 0.7394962334804395, 0.7407011587117909, 0.7425935557173831, 0.7425935557173831, 0.7425935557173831, 0.7425935557173831, 0.7425935557173831, 0.7425935557173831, 0.7443858967572052, 0.7443858967572052, 0.7443858967572052, 0.7504114253869597, 0.7504114253869597, 0.7504114253869597, 0.7521630934347621, 0.7521630934347621, 0.7521630934347621, 0.7521630934347621, 0.7521630934347621, 0.7544807230483838, 0.7544807230483838, 0.7544807230483838, 0.7544807230483838, 0.7544807230483838, 0.7544807230483838, 0.7544807230483838, 0.7544807230483838, 0.7544807230483838, 0.7544807230483838, 0.7544807230483838, 0.7544807230483838]
[0.14294159588238226, 0.1545948084927966, 0.15880599563013637, 0.15139151866762007, 0.15097100198925015, 0.15330689847579287, 0.15766062800938196, 0.16437851229986777, 0.17028547194707822, 0.1770879259360932, 0.1800063274376404, 0.18576994026518742, 0.1936079585290288, 0.20097379790890646, 0.2021573661369643, 0.2052126885074481, 0.21148675982825788, 0.21332838480301403, 0.21552082393829908, 0.22345365483025242, 0.2298709753973176, 0.23774016230901412, 0.2446550837112117, 0.25033507500568164, 0.25273085841378784, 0.2541361680896565, 0.2584629450366045, 0.26236699483811526, 0.2690923391128363, 0.27186853857501003, 0.28103254895556035, 0.2840971107438011, 0.2852936180293669, 0.29113207553373543, 0.2920154460024707, 0.301262162624902, 0.30705662906515296, 0.3133357827205484, 0.3181795280733026, 0.3259640038451642, 0.3285125103290025, 0.3297482749902263, 0.3383956230496323, 0.3383956230496323, 0.3448729799436552, 0.34623664611940563, 0.34938457694868474, 0.3522223240603133, 0.3632490821967763, 0.37236974877716245, 0.37236974877716245, 0.3746606838136408, 0.3746606838136408, 0.3796920872569535, 0.3825844260819209, 0.3825844260819209, 0.3887205662749387, 0.3887205662749387, 0.3887205662749387, 0.3887205662749387, 0.3887205662749387, 0.3887205662749387, 0.3887205662749387, 0.3972278829115805, 0.3972278829115805, 0.40045274029355593, 0.40627476446525523, 0.40627476446525523, 0.40627476446525523, 0.40627476446525523, 0.40627476446525523, 0.40627476446525523, 0.41164535855923723, 0.41164535855923723, 0.41164535855923723, 0.4308103241539492, 0.4308103241539492, 0.4308103241539492, 0.4362850692208225, 0.4362850692208225, 0.4362850692208225, 0.4362850692208225, 0.4362850692208225, 0.4445068192898417, 0.4445068192898417, 0.4445068192898417, 0.4445068192898417, 0.4445068192898417, 0.4445068192898417, 0.4445068192898417, 0.4445068192898417, 0.4445068192898417, 0.4445068192898417, 0.4445068192898417, 0.4445068192898417]
Training raw path: /home/anhnd/DTI Project/Codes/MPNN/data/KFold/ATCInchikeySideEffectByDrug.txt_train_7
('Number of substructures, proteins, pathways, drugs, se: ', 2936, 1448, 330, 969, 598)
((872, 4714), (97, 4714), (872, 598), (97, 598))
('VALIDATE SUM PROTEIN TRAIN: ', 0.0)
('VALIDATE SUM PROTEIN TEST: ', 0.0)
Train: 0.9615 0.8764
Test: 0.7466 0.4333
[0.6289485197716063, 0.6201798076033866, 0.6226184033844322, 0.6231550602717739, 0.6221597927723962, 0.6236129364811269, 0.6263931721053271, 0.627367369002798, 0.6314313230801454, 0.6346168742798327, 0.6355411348520553, 0.6367702224598206, 0.639732157474902, 0.6410547235004899, 0.6422501514001642, 0.6439705712753718, 0.644883204893282, 0.6469180404963705, 0.648762185594407, 0.6522993548449056, 0.6555175986331385, 0.6585356988010536, 0.6602944320249312, 0.663676538992763, 0.6654430947728991, 0.6657711278584648, 0.6687513867012874, 0.6697255548548084, 0.6714909135068778, 0.6727407414662725, 0.6773269099858965, 0.6791734511403629, 0.6803656167626195, 0.6818508276391859, 0.6825938347376358, 0.6873700786253388, 0.6902967682707224, 0.6930057052374066, 0.6959985867217313, 0.6997259257278265, 0.7011111685354051, 0.7019959299576917, 0.705175442419506, 0.705175442419506, 0.7072868917148935, 0.7082841170780556, 0.7108975852565764, 0.7122138791782758, 0.7172573479954113, 0.7206721613539857, 0.7206721613539857, 0.7218814592246734, 0.7218814592246734, 0.7244555748134762, 0.7256126073147975, 0.7256126073147975, 0.7281960708703618, 0.7281960708703618, 0.7281960708703618, 0.7281960708703618, 0.7281960708703618, 0.7281960708703618, 0.7281960708703618, 0.7314388367330757, 0.7314388367330757, 0.7330830526759492, 0.7346427951123924, 0.7346427951123924, 0.7346427951123924, 0.7346427951123924, 0.7346427951123924, 0.7346427951123924, 0.7364732042526206, 0.7364732042526206, 0.7364732042526206, 0.742518391646497, 0.742518391646497, 0.742518391646497, 0.7445223802328068, 0.7445223802328068, 0.7445223802328068, 0.7445223802328068, 0.7445223802328068, 0.7466493115006192, 0.7466493115006192, 0.7466493115006192, 0.7466493115006192, 0.7466493115006192, 0.7466493115006192, 0.7466493115006192, 0.7466493115006192, 0.7466493115006192, 0.7466493115006192, 0.7466493115006192, 0.7466493115006192]
[0.11603241367485398, 0.12016051264449282, 0.12804427507607832, 0.13151013353581853, 0.13466514722268424, 0.14083177051274515, 0.14615477221876802, 0.15213477198164085, 0.15639788189461531, 0.1617524753627063, 0.16337380388115247, 0.16764711934315668, 0.17518258444438067, 0.1804677385159134, 0.18322630029442166, 0.18647964455924293, 0.1889485087908683, 0.19382567730416245, 0.19588071173329602, 0.20390587702514773, 0.21364708064489119, 0.21957358579697117, 0.22350290486725466, 0.2299378483715114, 0.23394106106549853, 0.23441818434066528, 0.2387467750775133, 0.2426534192529926, 0.246949880954876, 0.24848487462779525, 0.2576920265121823, 0.26173444540390595, 0.2639887285201892, 0.2667714105669708, 0.2683407186788688, 0.2793394792855503, 0.2861620001448655, 0.29033089344724, 0.29681643772980254, 0.3058488416352536, 0.3088157042530605, 0.31118840244306994, 0.3175008189857425, 0.3175008189857425, 0.32304687259389414, 0.3250944512849921, 0.331407566499278, 0.33519715103769254, 0.3480457433274747, 0.35711239075659407, 0.35711239075659407, 0.3600766389539053, 0.3600766389539053, 0.3669381012617198, 0.3696623126880675, 0.3696623126880675, 0.37659142602756335, 0.37659142602756335, 0.37659142602756335, 0.37659142602756335, 0.37659142602756335, 0.37659142602756335, 0.37659142602756335, 0.38621777815225083, 0.38621777815225083, 0.39037528908939, 0.3950268974660926, 0.3950268974660926, 0.3950268974660926, 0.3950268974660926, 0.3950268974660926, 0.3950268974660926, 0.4009666502242803, 0.4009666502242803, 0.4009666502242803, 0.41924368660136135, 0.41924368660136135, 0.41924368660136135, 0.42610891854350597, 0.42610891854350597, 0.42610891854350597, 0.42610891854350597, 0.42610891854350597, 0.4333461628652104, 0.4333461628652104, 0.4333461628652104, 0.4333461628652104, 0.4333461628652104, 0.4333461628652104, 0.4333461628652104, 0.4333461628652104, 0.4333461628652104, 0.4333461628652104, 0.4333461628652104, 0.4333461628652104]
Training raw path: /home/anhnd/DTI Project/Codes/MPNN/data/KFold/ATCInchikeySideEffectByDrug.txt_train_8
('Number of substructures, proteins, pathways, drugs, se: ', 2936, 1448, 330, 969, 598)
((872, 4714), (97, 4714), (872, 598), (97, 598))
('VALIDATE SUM PROTEIN TRAIN: ', 0.0)
('VALIDATE SUM PROTEIN TEST: ', 0.0)
Train: 0.9562 0.8614
Test: 0.7447 0.4276
[0.6375343484597216, 0.6244861357407706, 0.6383014739275835, 0.639166978332667, 0.6350818546557225, 0.6412533380491214, 0.6443142871368577, 0.6418219654972339, 0.64253503678951, 0.6437651515050895, 0.6440466000090715, 0.6455184982120715, 0.6467628032343167, 0.6484607998610702, 0.6482015839270421, 0.6489416452415334, 0.6502655773994388, 0.652123999313485, 0.6537004494555569, 0.6564175948925761, 0.659285500225546, 0.6624060902427155, 0.6639154888763271, 0.6667087644846232, 0.6682156673799803, 0.6685737606710666, 0.6718715259383055, 0.6745351118604814, 0.6771990350003132, 0.6771799738696458, 0.6807357653185564, 0.6824895421072599, 0.6829884306679388, 0.6843269512827848, 0.6856082311801315, 0.6906349274731509, 0.693067974222398, 0.6953134829781866, 0.6973283525866449, 0.7000038278310503, 0.7016940137743165, 0.7020231727862978, 0.7052223793456303, 0.7052223793456303, 0.7070722716348583, 0.708162324911245, 0.7097934431665374, 0.7104949191504357, 0.7145782927593483, 0.7171470512454425, 0.7171470512454425, 0.7181790341192842, 0.7181790341192842, 0.7208537285878616, 0.7223252063337372, 0.7223252063337372, 0.7251170453360951, 0.7251170453360951, 0.7251170453360951, 0.7251170453360951, 0.7251170453360951, 0.7251170453360951, 0.7251170453360951, 0.728460364867646, 0.728460364867646, 0.7300738288089493, 0.731840045802415, 0.731840045802415, 0.731840045802415, 0.731840045802415, 0.731840045802415, 0.731840045802415, 0.7335423392488433, 0.7335423392488433, 0.7335423392488433, 0.740128813183649, 0.740128813183649, 0.740128813183649, 0.7422900855469283, 0.7422900855469283, 0.7422900855469283, 0.7422900855469283, 0.7422900855469283, 0.7447345122686626, 0.7447345122686626, 0.7447345122686626, 0.7447345122686626, 0.7447345122686626, 0.7447345122686626, 0.7447345122686626, 0.7447345122686626, 0.7447345122686626, 0.7447345122686626, 0.7447345122686626, 0.7447345122686626]
[0.1194256561422108, 0.12032810236243872, 0.1354510824770542, 0.13750427893284062, 0.14046856803253416, 0.14786562913576393, 0.15412383936672672, 0.15814529682842765, 0.16685372359303405, 0.17158067248240344, 0.17533980704316976, 0.1792375753413608, 0.1839850958007631, 0.18836653253393984, 0.19036681976587544, 0.19089127272349882, 0.19389551606371544, 0.1968241644382209, 0.19944992680285945, 0.2057742289831316, 0.21317333016615286, 0.21970957349295647, 0.22262701006917007, 0.22823563871546199, 0.23111705266798102, 0.2322606641491995, 0.2374408450276141, 0.24073484693731623, 0.2454670301630856, 0.24634644631362285, 0.25504884463947464, 0.2589922374171571, 0.2599598091375612, 0.2635254500093509, 0.26650684274459935, 0.278571670858998, 0.2844213789805805, 0.2895178864672392, 0.29446863284358726, 0.3005662430530205, 0.3050461019586178, 0.30621363786655376, 0.3138877325291286, 0.3138877325291286, 0.3197668706941888, 0.322491787081162, 0.32660321914606877, 0.3296632169237285, 0.3409836299632931, 0.3487617523001967, 0.3487617523001967, 0.3513522249565175, 0.3513522249565175, 0.35807068418389804, 0.36215049702451035, 0.36215049702451035, 0.36870170497086363, 0.36870170497086363, 0.36870170497086363, 0.36870170497086363, 0.36870170497086363, 0.36870170497086363, 0.36870170497086363, 0.3777348698644349, 0.3777348698644349, 0.38182573651021867, 0.38701039936641246, 0.38701039936641246, 0.38701039936641246, 0.38701039936641246, 0.38701039936641246, 0.38701039936641246, 0.3922960225382149, 0.3922960225382149, 0.3922960225382149, 0.4127655758117527, 0.4127655758117527, 0.4127655758117527, 0.4194603411898118, 0.4194603411898118, 0.4194603411898118, 0.4194603411898118, 0.4194603411898118, 0.42760018775208203, 0.42760018775208203, 0.42760018775208203, 0.42760018775208203, 0.42760018775208203, 0.42760018775208203, 0.42760018775208203, 0.42760018775208203, 0.42760018775208203, 0.42760018775208203, 0.42760018775208203, 0.42760018775208203]
Training raw path: /home/anhnd/DTI Project/Codes/MPNN/data/KFold/ATCInchikeySideEffectByDrug.txt_train_9
('Number of substructures, proteins, pathways, drugs, se: ', 2936, 1448, 330, 969, 598)
((873, 4714), (96, 4714), (873, 598), (96, 598))
('VALIDATE SUM PROTEIN TRAIN: ', 0.0)
('VALIDATE SUM PROTEIN TEST: ', 0.0)
Train: 0.9602 0.8712
Test: 0.7133 0.4151
[0.5995724280055739, 0.6135374929687161, 0.6200603829194418, 0.6108452619846716, 0.6129763118530696, 0.6131054297453664, 0.6110282970004145, 0.6077450532765037, 0.6084244483036404, 0.6073051193989312, 0.6084134299231605, 0.6107516428276897, 0.6135735743958272, 0.6172612139809261, 0.6179116091838135, 0.6204706000251022, 0.6211466384330112, 0.6227763804027223, 0.6233739168301133, 0.6247611275334329, 0.6289773045216343, 0.6307529270028357, 0.6340908220019583, 0.6358844031081702, 0.6366236310777985, 0.6367266354479751, 0.6386537875662311, 0.6401885866893591, 0.6421739273123284, 0.6437435442075159, 0.6478526402414175, 0.6490548572983508, 0.6498988704957598, 0.6517952042942262, 0.6528697197340673, 0.6572989132597054, 0.6594374478981644, 0.6620688977460856, 0.6639935235407889, 0.6675948689166138, 0.6691583902642608, 0.669644827724011, 0.6725199773488616, 0.6725199773488616, 0.6748849784356107, 0.6757234781989947, 0.6778257543662529, 0.6788590907148494, 0.6833278396036606, 0.6866407111337365, 0.6866407111337365, 0.6875935034368771, 0.6875935034368771, 0.6902625118054873, 0.6915845178899551, 0.6915845178899551, 0.6944091527871878, 0.6944091527871878, 0.6944091527871878, 0.6944091527871878, 0.6944091527871878, 0.6944091527871878, 0.6944091527871878, 0.6975624841387368, 0.6975624841387368, 0.6993405887443895, 0.7011301237291568, 0.7011301237291568, 0.7011301237291568, 0.7011301237291568, 0.7011301237291568, 0.7011301237291568, 0.7029852908945268, 0.7029852908945268, 0.7029852908945268, 0.7090128632517778, 0.7090128632517778, 0.7090128632517778, 0.7111086058380321, 0.7111086058380321, 0.7111086058380321, 0.7111086058380321, 0.7111086058380321, 0.7132934679972729, 0.7132934679972729, 0.7132934679972729, 0.7132934679972729, 0.7132934679972729, 0.7132934679972729, 0.7132934679972729, 0.7132934679972729, 0.7132934679972729, 0.7132934679972729, 0.7132934679972729, 0.7132934679972729]
[0.09828738674279966, 0.12169266316909139, 0.13311922918878819, 0.12927943111163803, 0.13645484686447526, 0.13916851988998616, 0.142232924017653, 0.14726401887796436, 0.15298330323368126, 0.1572535287645813, 0.15925749213006365, 0.16332707451059914, 0.17176307436959104, 0.17753038637509144, 0.1797525138843132, 0.18540846866565883, 0.18864783838098995, 0.19323273796763707, 0.19490647210146822, 0.20004329734718565, 0.2093950986271511, 0.21471843640333083, 0.22226522096027532, 0.22885429090144707, 0.2324203951072926, 0.23335994413707362, 0.2382907387546497, 0.24240133803102462, 0.24716133054076722, 0.2501539332088366, 0.2570911957170095, 0.2592661254531468, 0.2612720629819545, 0.2644807360968683, 0.2662576855739647, 0.2745858370563182, 0.27938245139260726, 0.2861621958203153, 0.2901596096132324, 0.2978972038326985, 0.30143390429071804, 0.30242835232143045, 0.30946859438200236, 0.30946859438200236, 0.31507680364619883, 0.31636840865893046, 0.321669118101079, 0.32347823505257745, 0.33379779300776324, 0.34123769890373556, 0.34123769890373556, 0.3431842352128326, 0.3431842352128326, 0.35002338708117753, 0.35261072591671083, 0.35261072591671083, 0.35930772773004305, 0.35930772773004305, 0.35930772773004305, 0.35930772773004305, 0.35930772773004305, 0.35930772773004305, 0.35930772773004305, 0.3674738317155013, 0.3674738317155013, 0.3722669051001163, 0.37728573847927305, 0.37728573847927305, 0.37728573847927305, 0.37728573847927305, 0.37728573847927305, 0.37728573847927305, 0.3826821416824646, 0.3826821416824646, 0.3826821416824646, 0.40150898547812475, 0.40150898547812475, 0.40150898547812475, 0.40773201629538214, 0.40773201629538214, 0.40773201629538214, 0.40773201629538214, 0.40773201629538214, 0.4151429846686778, 0.4151429846686778, 0.4151429846686778, 0.4151429846686778, 0.4151429846686778, 0.4151429846686778, 0.4151429846686778, 0.4151429846686778, 0.4151429846686778, 0.4151429846686778, 0.4151429846686778, 0.4151429846686778]
AUC: 0.7415 0.0042
AUPR: 0.4489 0.0083
('RARE AUC', [(0.6240792031038982, 0.008704289003205811), (0.6308594517102499, 0.006709061767143988), (0.6340057546216896, 0.007025320059367928), (0.6307132439321519, 0.007071737322590176), (0.6300445306744878, 0.0065970423779634895), (0.6311194767805136, 0.006199789067687096), (0.6331800080699712, 0.006409036646017754), (0.6343039196786935, 0.006438506579031166), (0.6368462574414472, 0.006390841804845113), (0.6380035944734981, 0.006510402107610289), (0.6387850044435958, 0.006493922465471663), (0.640704055011106, 0.006413745097761808), (0.643887681769662, 0.00624050013802199), (0.64645013911884, 0.0061857724671317334), (0.6471827321651231, 0.006023845564249358), (0.6489336556893349, 0.005897576138219311), (0.6503391462139744, 0.0060019767226193845), (0.6522416507876203, 0.005882017434354362), (0.6533716866349789, 0.00585892930573882), (0.6559025584292029, 0.005940095864825198), (0.659357496871133, 0.005864054486921505), (0.6621569368735278, 0.005849491592487987), (0.6643307760477857, 0.0057843929045144175), (0.6667163552696947, 0.005822315332382678), (0.6683036360296691, 0.005887223130553239), (0.6685379265310412, 0.005876982081950911), (0.6706662736649636, 0.005824765477146323), (0.6724827302715288, 0.005818759348239407), (0.6749304524920247, 0.005816481309745319), (0.6758601895587399, 0.005768128429928307), (0.6792512126154603, 0.0055900801310310375), (0.6809979580693106, 0.005598676200597998), (0.6817181838664323, 0.005588124698434878), (0.6832916814339625, 0.005524571752615139), (0.6839428419306737, 0.005434507905023249), (0.6884090672924843, 0.0053103779868057316), (0.6907732096446649, 0.005275682366701645), (0.6933974090752437, 0.0051959737919620805), (0.6954468624151489, 0.005129339917688984), (0.6984961921752195, 0.005026719719727735), (0.6996871536220228, 0.004940253788355937), (0.7004772021542841, 0.004945337714190101), (0.703704331084033, 0.004911975819138953), (0.703704331084033, 0.004911975819138953), (0.7054764872319449, 0.004898362193870509), (0.7064299550377993, 0.004883015419326578), (0.7082915370797999, 0.004811690382272317), (0.7093368260956499, 0.004798561822259359), (0.7133623218627909, 0.004714105454820998), (0.7163764468867823, 0.004642670491484688), (0.7163764468867823, 0.004642670491484688), (0.7173868057138715, 0.004626478926201987), (0.7173868057138715, 0.004626478926201987), (0.719617251072299, 0.004549286035939847), (0.720813727220692, 0.004516398588914142), (0.720813727220692, 0.004516398588914142), (0.7233668621532443, 0.004441690386087189), (0.7233668621532443, 0.004441690386087189), (0.7233668621532443, 0.004441690386087189), (0.7233668621532443, 0.004441690386087189), (0.7233668621532443, 0.004441690386087189), (0.7233668621532443, 0.004441690386087189), (0.7233668621532443, 0.004441690386087189), (0.7264396063473956, 0.00439439108950001), (0.7264396063473956, 0.00439439108950001), (0.7280026943437503, 0.0043544150303249105), (0.7296511793409357, 0.0043310173740662315), (0.7296511793409357, 0.0043310173740662315), (0.7296511793409357, 0.0043310173740662315), (0.7296511793409357, 0.0043310173740662315), (0.7296511793409357, 0.0043310173740662315), (0.7296511793409357, 0.0043310173740662315), (0.7315318144387771, 0.004310429825681438), (0.7315318144387771, 0.004310429825681438), (0.7315318144387771, 0.004310429825681438), (0.7373491500077263, 0.0042317134251386715), (0.7373491500077263, 0.0042317134251386715), (0.7373491500077263, 0.0042317134251386715), (0.7393377246302992, 0.004193552760446164), (0.7393377246302992, 0.004193552760446164), (0.7393377246302992, 0.004193552760446164), (0.7393377246302992, 0.004193552760446164), (0.7393377246302992, 0.004193552760446164), (0.7414907336970205, 0.004179246907021858), (0.7414907336970205, 0.004179246907021858), (0.7414907336970205, 0.004179246907021858), (0.7414907336970205, 0.004179246907021858), (0.7414907336970205, 0.004179246907021858), (0.7414907336970205, 0.004179246907021858), (0.7414907336970205, 0.004179246907021858), (0.7414907336970205, 0.004179246907021858), (0.7414907336970205, 0.004179246907021858), (0.7414907336970205, 0.004179246907021858), (0.7414907336970205, 0.004179246907021858), (0.7414907336970205, 0.004179246907021858)])
('RARE AUPR', [(0.12228447687726489, 0.007079067848145711), (0.13820095378211794, 0.007329163093868606), (0.14706178652431437, 0.007728051967294313), (0.14504943126052613, 0.0071779036119222145), (0.14939048146418152, 0.006941221323608357), (0.15414590830182434, 0.006765744325578435), (0.16056841667534366, 0.006922865680819379), (0.16748181487812344, 0.006842299161233626), (0.17494667503603348, 0.00692644686374195), (0.18022863770366165, 0.006876542236961036), (0.18250616234502423, 0.006961287287605412), (0.18712774737345006, 0.006915608241621119), (0.19599762207484314, 0.007101744616991739), (0.20198554673970315, 0.00711268015558437), (0.20463604200451518, 0.007094814143837573), (0.20886523588433045, 0.0073018381897220356), (0.21250704876509924, 0.007460149741084029), (0.2172798861437642, 0.007484121750846544), (0.21944227817917086, 0.007551693111056536), (0.22755213077672395, 0.008017860466854671), (0.23586670913038438, 0.008160575033814774), (0.24224258287519787, 0.008200115930973587), (0.24808301748157047, 0.008394522305513592), (0.25423560162522585, 0.00853360523736935), (0.25845824452363486, 0.008811632371184512), (0.25931534493831887, 0.008783821260941235), (0.2643272410358747, 0.008811264628389132), (0.26895924969513174, 0.009013102809289235), (0.27481590498577724, 0.009144463813010841), (0.2771555168262377, 0.00926153538470833), (0.2846859819767792, 0.009077703178452246), (0.28862156828619, 0.009186505828296774), (0.29011992136315784, 0.009208821163649053), (0.29407415834073913, 0.009235637771959113), (0.29566130170701066, 0.009190689604486638), (0.30656211481172246, 0.009302251266861638), (0.3120591517330865, 0.009249331825010965), (0.3186913619642845, 0.009393302343171284), (0.32384920125194017, 0.009455139207198643), (0.3313038393973428, 0.00941660080278795), (0.3343718140106621, 0.00940168651185289), (0.33637122692332727, 0.009497688566611146), (0.3438910031799942, 0.009522152366146116), (0.3438910031799942, 0.009522152366146116), (0.3486082812353236, 0.009363763897491039), (0.35073058967760024, 0.009371066338290325), (0.3556135166188704, 0.009377134723131484), (0.35841956920662954, 0.00936969130805174), (0.3686535723000424, 0.009234379969883062), (0.3764912148586442, 0.009144891658841378), (0.3764912148586442, 0.009144891658841378), (0.37888718780711594, 0.009138507605411787), (0.37888718780711594, 0.009138507605411787), (0.3847875539919099, 0.008999006660529302), (0.38771389675969975, 0.008987343470684712), (0.38771389675969975, 0.008987343470684712), (0.3941048304266704, 0.008888419893477544), (0.3941048304266704, 0.008888419893477544), (0.3941048304266704, 0.008888419893477544), (0.3941048304266704, 0.008888419893477544), (0.3941048304266704, 0.008888419893477544), (0.3941048304266704, 0.008888419893477544), (0.3941048304266704, 0.008888419893477544), (0.4025300098200396, 0.008825455808527385), (0.4025300098200396, 0.008825455808527385), (0.40658254216952977, 0.00885214791925755), (0.41151996467757385, 0.008802495361718059), (0.41151996467757385, 0.008802495361718059), (0.41151996467757385, 0.008802495361718059), (0.41151996467757385, 0.008802495361718059), (0.41151996467757385, 0.008802495361718059), (0.41151996467757385, 0.008802495361718059), (0.41747686336417206, 0.00880841437195718), (0.41747686336417206, 0.00880841437195718), (0.41747686336417206, 0.00880841437195718), (0.43533902624158494, 0.00847497423095879), (0.43533902624158494, 0.00847497423095879), (0.43533902624158494, 0.00847497423095879), (0.44164474461713726, 0.008413388737414778), (0.44164474461713726, 0.008413388737414778), (0.44164474461713726, 0.008413388737414778), (0.44164474461713726, 0.008413388737414778), (0.44164474461713726, 0.008413388737414778), (0.44891810923672004, 0.008313098608477171), (0.44891810923672004, 0.008313098608477171), (0.44891810923672004, 0.008313098608477171), (0.44891810923672004, 0.008313098608477171), (0.44891810923672004, 0.008313098608477171), (0.44891810923672004, 0.008313098608477171), (0.44891810923672004, 0.008313098608477171), (0.44891810923672004, 0.008313098608477171), (0.44891810923672004, 0.008313098608477171), (0.44891810923672004, 0.008313098608477171), (0.44891810923672004, 0.008313098608477171), (0.44891810923672004, 0.008313098608477171)])
