Default
<models.baselines.omodels.NeuSK object at 0x7f61f115a650>
Training raw path: /home/anhnd/DTI Project/Codes/MPNN/data/KFold/ATCInchikeySideEffectByDrug.txt_train_0
('Number of substructures, proteins, pathways, drugs, se: ', 2936, 1448, 330, 969, 598)
Train: 0.9318 0.7951
Test: 0.7636 0.4797
[0.6594360328241231, 0.6776827336857979, 0.6862990732131496, 0.6767042526436136, 0.6752152930854579, 0.6784362740600467, 0.677220616242641, 0.6790193483375779, 0.6790208295135617, 0.6802169292123922, 0.6804185256911461, 0.6798371247790302, 0.6814791959947273, 0.682362210781515, 0.6826692132326334, 0.6837121298188458, 0.6847639522961348, 0.6848638055696676, 0.6858025420654092, 0.6886698118600467, 0.6917974429681193, 0.6947045591160224, 0.695828636709765, 0.6983501726746109, 0.6993474844637084, 0.6996732658249902, 0.7005223759702168, 0.7020648978272042, 0.7040695651622708, 0.7047339304199108, 0.7077538809887707, 0.7094010410714275, 0.7099954387729708, 0.7111987334693355, 0.7117616148746296, 0.715493703349971, 0.7174845821269671, 0.7201902068984573, 0.7221720404277068, 0.7252823455258972, 0.7261698310894007, 0.7270881376373048, 0.7299996603831078, 0.7299996603831078, 0.7317705016534137, 0.7326187546029299, 0.7345595641888263, 0.735607623698361, 0.7391830540398928, 0.7418172792635349, 0.7418172792635349, 0.7427953374844827, 0.7427953374844827, 0.7449007688574925, 0.7458465972044792, 0.7458465972044792, 0.7478762557544919, 0.7478762557544919, 0.7478762557544919, 0.7478762557544919, 0.7478762557544919, 0.7478762557544919, 0.7478762557544919, 0.7506584864214519, 0.7506584864214519, 0.7520754400878525, 0.7534509052932234, 0.7534509052932234, 0.7534509052932234, 0.7534509052932234, 0.7534509052932234, 0.7534509052932234, 0.755115545404726, 0.755115545404726, 0.755115545404726, 0.7599522482371409, 0.7599522482371409, 0.7599522482371409, 0.7617149849335892, 0.7617149849335892, 0.7617149849335892, 0.7617149849335892, 0.7617149849335892, 0.7636452060143197, 0.7636452060143197, 0.7636452060143197, 0.7636452060143197, 0.7636452060143197, 0.7636452060143197, 0.7636452060143197, 0.7636452060143197, 0.7636452060143197, 0.7636452060143197, 0.7636452060143197, 0.7636452060143197]
[0.15750802471392578, 0.17524807224231861, 0.18743833559247491, 0.1783113510051455, 0.17961764308071948, 0.1871545076472791, 0.1928597815943951, 0.2008643132787207, 0.2045039649456334, 0.20628778397221367, 0.20888111283009828, 0.21129084639850276, 0.22031612762874586, 0.22687571436556964, 0.2289950546727985, 0.23414100996861612, 0.23618129234103755, 0.23788359732195455, 0.24051155212533787, 0.25136889803743884, 0.25916735598618923, 0.26701743412752166, 0.27255509073972417, 0.279419628654611, 0.2846151195374946, 0.2849201269704675, 0.2891093532498454, 0.29381516899096305, 0.30053218955972594, 0.3025076372444953, 0.31031206671451905, 0.31451502597422387, 0.3159740601646037, 0.3205908984500502, 0.3219992047243505, 0.3319659402343193, 0.3379847729261596, 0.34574355932097356, 0.35047608627869675, 0.35859748953337883, 0.3609611395727579, 0.36335080998949976, 0.37152653132907376, 0.37152653132907376, 0.37719539288225845, 0.3794783365509734, 0.38477003169437374, 0.3878782340142658, 0.3976354977385392, 0.4055456670873784, 0.4055456670873784, 0.40810570250394695, 0.40810570250394695, 0.4148402752595617, 0.41721877742659474, 0.41721877742659474, 0.42387715854402785, 0.42387715854402785, 0.42387715854402785, 0.42387715854402785, 0.42387715854402785, 0.42387715854402785, 0.42387715854402785, 0.43299629819994484, 0.43299629819994484, 0.43753774624691566, 0.4425648634294458, 0.4425648634294458, 0.4425648634294458, 0.4425648634294458, 0.4425648634294458, 0.4425648634294458, 0.4486664757570227, 0.4486664757570227, 0.4486664757570227, 0.46560334732431047, 0.46560334732431047, 0.46560334732431047, 0.4720281982447079, 0.4720281982447079, 0.4720281982447079, 0.4720281982447079, 0.4720281982447079, 0.47967252496609075, 0.47967252496609075, 0.47967252496609075, 0.47967252496609075, 0.47967252496609075, 0.47967252496609075, 0.47967252496609075, 0.47967252496609075, 0.47967252496609075, 0.47967252496609075, 0.47967252496609075, 0.47967252496609075]
Training raw path: /home/anhnd/DTI Project/Codes/MPNN/data/KFold/ATCInchikeySideEffectByDrug.txt_train_1
('Number of substructures, proteins, pathways, drugs, se: ', 2936, 1448, 330, 969, 598)
Train: 0.6601 0.3302
Test: 0.6452 0.3157
[0.5139809205648627, 0.5176700791530565, 0.5128149344111883, 0.5141882409171493, 0.5131823108526582, 0.5139501473744151, 0.5310775831834235, 0.5286994484785454, 0.5338995382866344, 0.5377047075071274, 0.5407249526729304, 0.5445409660807959, 0.5519483088111959, 0.5546829048193337, 0.5579634923139272, 0.5613697968535258, 0.5606306582107613, 0.5616386972625337, 0.558831983915871, 0.563696356117743, 0.5624810377608663, 0.5659242622875781, 0.573169705885362, 0.5791935966013343, 0.581373052381586, 0.5821401325180346, 0.5836493659089989, 0.5880429285106028, 0.5928112090817748, 0.5909440064497753, 0.592789162676391, 0.593531100201449, 0.5953834212461828, 0.5985610277791484, 0.6003711039827959, 0.6068005321196168, 0.611043110881732, 0.6142101696503586, 0.6183347072633617, 0.6217883358903541, 0.6228758331215, 0.6245170415898189, 0.6230031589818343, 0.6230031589818343, 0.6247323805783236, 0.6262715038738589, 0.6298473103951834, 0.6304742549563419, 0.6255236486114091, 0.6279198910245385, 0.6279198910245385, 0.6293782596253268, 0.6293782596253268, 0.6332663755169896, 0.6303997306927022, 0.6303997306927022, 0.6336405562281182, 0.6336405562281182, 0.6336405562281182, 0.6336405562281182, 0.6336405562281182, 0.6336405562281182, 0.6336405562281182, 0.632827336456885, 0.632827336456885, 0.6347765493203619, 0.6369066821465026, 0.6369066821465026, 0.6369066821465026, 0.6369066821465026, 0.6369066821465026, 0.6369066821465026, 0.6394208701405002, 0.6394208701405002, 0.6394208701405002, 0.6423430657861835, 0.6423430657861835, 0.6423430657861835, 0.6438731235984775, 0.6438731235984775, 0.6438731235984775, 0.6438731235984775, 0.6438731235984775, 0.6452258700917679, 0.6452258700917679, 0.6452258700917679, 0.6452258700917679, 0.6452258700917679, 0.6452258700917679, 0.6452258700917679, 0.6452258700917679, 0.6452258700917679, 0.6452258700917679, 0.6452258700917679, 0.6452258700917679]
[0.05951851951984047, 0.06350582085495762, 0.06529623666922632, 0.06985867192007325, 0.07267500022337577, 0.07744725276141798, 0.08793370752880621, 0.09224610706926288, 0.09775554737856515, 0.10074203479743901, 0.10331233982167816, 0.10835132363523564, 0.1165549280328153, 0.12347776390279061, 0.1265280483372398, 0.1324689540162214, 0.1344869494515402, 0.13884814640769616, 0.13904778153980074, 0.1474412262849673, 0.14943074281009744, 0.15528975811290546, 0.16312571606246778, 0.17097016983527155, 0.1740896996370748, 0.17472670312293198, 0.18038570661977016, 0.18573758164321003, 0.19260566941272528, 0.19260951619472438, 0.19759226168413271, 0.20375029697404737, 0.20724391816843774, 0.21070334612722566, 0.21426466848276482, 0.22675904406605552, 0.23350189329038748, 0.23705158424267228, 0.24468095383623722, 0.25139956639041605, 0.2536418503977694, 0.25605435591528497, 0.25862342237721253, 0.25862342237721253, 0.2609547411553079, 0.26388895529173406, 0.2702906062547765, 0.27108340672708997, 0.2720540310768126, 0.2752286011494911, 0.2752286011494911, 0.2781668217180414, 0.2781668217180414, 0.288476355375509, 0.2878096431638233, 0.2878096431638233, 0.29309294097856353, 0.29309294097856353, 0.29309294097856353, 0.29309294097856353, 0.29309294097856353, 0.29309294097856353, 0.29309294097856353, 0.29451811731746946, 0.29451811731746946, 0.2975294280780669, 0.3025647212057702, 0.3025647212057702, 0.3025647212057702, 0.3025647212057702, 0.3025647212057702, 0.3025647212057702, 0.3073231565993837, 0.3073231565993837, 0.3073231565993837, 0.3118572646119827, 0.3118572646119827, 0.3118572646119827, 0.3137144494204211, 0.3137144494204211, 0.3137144494204211, 0.3137144494204211, 0.3137144494204211, 0.31573546023777327, 0.31573546023777327, 0.31573546023777327, 0.31573546023777327, 0.31573546023777327, 0.31573546023777327, 0.31573546023777327, 0.31573546023777327, 0.31573546023777327, 0.31573546023777327, 0.31573546023777327, 0.31573546023777327]
Training raw path: /home/anhnd/DTI Project/Codes/MPNN/data/KFold/ATCInchikeySideEffectByDrug.txt_train_2
('Number of substructures, proteins, pathways, drugs, se: ', 2936, 1448, 330, 969, 598)
Train: 0.9348 0.8005
Test: 0.7825 0.5572
[0.7005203095669081, 0.7013728472567562, 0.6984817635864897, 0.6960773706312626, 0.692233260527315, 0.6918597348832655, 0.6941005996359719, 0.6968839784335357, 0.6959951680524703, 0.6980043506376583, 0.6999095897450383, 0.7018852913756692, 0.7029019763430593, 0.7041156210784799, 0.7045356521253512, 0.70637938605894, 0.7090615410871846, 0.7107328194672802, 0.710962315476098, 0.714432138239028, 0.716989047722996, 0.7194370961051821, 0.7222380581000403, 0.7248528561111988, 0.7261200565878017, 0.7264431903595439, 0.727866653962975, 0.7296823532615003, 0.7312591727654184, 0.7320804319793824, 0.7344457753448598, 0.7359547876349097, 0.7366441210980673, 0.737558227975529, 0.7381189156491846, 0.7418837584039119, 0.7437956477988025, 0.7457720931991799, 0.7475382045205384, 0.7497703286477704, 0.750658979680892, 0.7514666111583849, 0.7538242368904581, 0.7538242368904581, 0.7554916715925387, 0.7560914261519265, 0.7576628845158919, 0.7584901735991016, 0.7616040370960997, 0.7638448587726281, 0.7638448587726281, 0.7645962909745079, 0.7645962909745079, 0.7661114126139543, 0.7671657266250295, 0.7671657266250295, 0.7688938031622282, 0.7688938031622282, 0.7688938031622282, 0.7688938031622282, 0.7688938031622282, 0.7688938031622282, 0.7688938031622282, 0.771191701591775, 0.771191701591775, 0.7725342318679667, 0.7737806581822687, 0.7737806581822687, 0.7737806581822687, 0.7737806581822687, 0.7737806581822687, 0.7737806581822687, 0.7752374999070747, 0.7752374999070747, 0.7752374999070747, 0.7793999779077179, 0.7793999779077179, 0.7793999779077179, 0.7809015015394665, 0.7809015015394665, 0.7809015015394665, 0.7809015015394665, 0.7809015015394665, 0.782511455964449, 0.782511455964449, 0.782511455964449, 0.782511455964449, 0.782511455964449, 0.782511455964449, 0.782511455964449, 0.782511455964449, 0.782511455964449, 0.782511455964449, 0.782511455964449, 0.782511455964449]
[0.20356920482809884, 0.2323894293491926, 0.24581726813518884, 0.24771403272608628, 0.24790665406267387, 0.24944022604549074, 0.25936162990247247, 0.2678429667548453, 0.27160062736782564, 0.2801169236886565, 0.2839803066932651, 0.2897185477329105, 0.29995954060551894, 0.30366614577874923, 0.3055208733644896, 0.31077957409284573, 0.31696331939565753, 0.32243041212239404, 0.32468977866061915, 0.33509007147471104, 0.3440559998128804, 0.34980151882549165, 0.3583507834713558, 0.36807601577106186, 0.37242099185438393, 0.37327787034598536, 0.37787979815558403, 0.38375857130332713, 0.38971223456908216, 0.3915137086012529, 0.3999211139149133, 0.40410239489005534, 0.40577027371253094, 0.4094636799073594, 0.4113451352336057, 0.4232295150687291, 0.4304811230835636, 0.43719889940656265, 0.4432036669689899, 0.45024835313902467, 0.4532675256122084, 0.4557826978039597, 0.4635102394894582, 0.4635102394894582, 0.4692565576158121, 0.470715805425659, 0.47561852395103793, 0.47815515418640975, 0.4872369496570087, 0.4932957041160842, 0.4932957041160842, 0.49558701463518656, 0.49558701463518656, 0.500735730842491, 0.5041805242802309, 0.5041805242802309, 0.5092641025146907, 0.5092641025146907, 0.5092641025146907, 0.5092641025146907, 0.5092641025146907, 0.5092641025146907, 0.5092641025146907, 0.5171012837374154, 0.5171012837374154, 0.5216912509707274, 0.5260781801955208, 0.5260781801955208, 0.5260781801955208, 0.5260781801955208, 0.5260781801955208, 0.5260781801955208, 0.53129312814195, 0.53129312814195, 0.53129312814195, 0.5459297651638805, 0.5459297651638805, 0.5459297651638805, 0.5513041445150445, 0.5513041445150445, 0.5513041445150445, 0.5513041445150445, 0.5513041445150445, 0.5572366645777201, 0.5572366645777201, 0.5572366645777201, 0.5572366645777201, 0.5572366645777201, 0.5572366645777201, 0.5572366645777201, 0.5572366645777201, 0.5572366645777201, 0.5572366645777201, 0.5572366645777201, 0.5572366645777201]
Training raw path: /home/anhnd/DTI Project/Codes/MPNN/data/KFold/ATCInchikeySideEffectByDrug.txt_train_3
('Number of substructures, proteins, pathways, drugs, se: ', 2936, 1448, 330, 969, 598)
Train: 0.9302 0.7933
Test: 0.7893 0.5311
