Default
<models.baselines.omodels.NeuSK object at 0x7fd62cf030d0>
Training raw path: /home/anhnd/DTI Project/Codes/MPNN/data/KFold/ATCInchikeySideEffectByDrug.txt_train_0
('Number of substructures, proteins, pathways, drugs, se: ', 888, 1448, 330, 969, 598)
Train: 0.7676 0.4759
Test: 0.7433 0.4447
[0.4951540041067761, 0.5156331585780178, 0.5320431283385219, 0.543717378784354, 0.5468284269072949, 0.5592313618659017, 0.568980258570456, 0.5760822952980752, 0.5793461836591317, 0.5842725381631095, 0.587608808921201, 0.5918498292372636, 0.6021897583614033, 0.6089481074575277, 0.6116237190068968, 0.6149027269155647, 0.6163740421666764, 0.6195373406077064, 0.6219013916924117, 0.6285231221032219, 0.6343094638516079, 0.6388697973574708, 0.6435880302774903, 0.6475103639631034, 0.6514559486597788, 0.6520159905260867, 0.6549867786403741, 0.6582354724163773, 0.66251993191805, 0.6639537611135433, 0.6696739726397849, 0.6724229741900881, 0.6734752387108989, 0.6751760737899333, 0.6763532608331065, 0.682898538263547, 0.6855623418980386, 0.6897722490627327, 0.6923995787049896, 0.6965953936050747, 0.6983532238360912, 0.6996009220277897, 0.7035502993004388, 0.7035502993004388, 0.7060791961730104, 0.7071614548595997, 0.7094227943377127, 0.710606875200448, 0.7147879207079954, 0.7183067673771084, 0.7183067673771084, 0.7196086496032409, 0.7196086496032409, 0.722212444334015, 0.7233730515409718, 0.7233730515409718, 0.7256054404110224, 0.7256054404110224, 0.7256054404110224, 0.7256054404110224, 0.7256054404110224, 0.7256054404110224, 0.7256054404110224, 0.7287879051401326, 0.7287879051401326, 0.7303917181471447, 0.7319400995113459, 0.7319400995113459, 0.7319400995113459, 0.7319400995113459, 0.7319400995113459, 0.7319400995113459, 0.7337918187792449, 0.7337918187792449, 0.7337918187792449, 0.7392180103807379, 0.7392180103807379, 0.7392180103807379, 0.7411903643460773, 0.7411903643460773, 0.7411903643460773, 0.7411903643460773, 0.7411903643460773, 0.7433323976319528, 0.7433323976319528, 0.7433323976319528, 0.7433323976319528, 0.7433323976319528, 0.7433323976319528, 0.7433323976319528, 0.7433323976319528, 0.7433323976319528, 0.7433323976319528, 0.7433323976319528, 0.7433323976319528]
[0.06364483818464074, 0.07093113630730542, 0.0796783143982909, 0.08352756419483444, 0.08735468009710187, 0.0959074616861407, 0.10311908020387518, 0.10889173197600006, 0.11219280748217175, 0.11747501245062292, 0.12099707410477421, 0.1254997878159721, 0.13645072431433783, 0.14417162494968522, 0.14724639775384024, 0.15140721784547154, 0.15321619062329225, 0.15722792563102633, 0.16088410471742134, 0.17033846532695035, 0.17934414395575124, 0.18570562125004123, 0.192686072484639, 0.19850098685450832, 0.20466970567340842, 0.2055197467883089, 0.21036392507920482, 0.21619386022038795, 0.22406824420563282, 0.22678676748298293, 0.23799734627971242, 0.243123772613963, 0.24547114633129824, 0.24896231845507422, 0.25174105807791697, 0.2660677936675353, 0.27137716880054213, 0.2803531991362157, 0.2857616832676632, 0.29519296263704886, 0.29886299423097695, 0.30198422253260926, 0.3109761436406103, 0.3109761436406103, 0.3184205969044174, 0.3212310346713637, 0.3268879607545643, 0.33017613887405406, 0.3409559872850585, 0.35040268571006244, 0.35040268571006244, 0.3539415916348807, 0.3539415916348807, 0.3626406104570993, 0.3662306831884171, 0.3662306831884171, 0.37243951409060716, 0.37243951409060716, 0.37243951409060716, 0.37243951409060716, 0.37243951409060716, 0.37243951409060716, 0.37243951409060716, 0.3847562393249323, 0.3847562393249323, 0.39033031659656003, 0.39616212798528583, 0.39616212798528583, 0.39616212798528583, 0.39616212798528583, 0.39616212798528583, 0.39616212798528583, 0.4039902468812097, 0.4039902468812097, 0.4039902468812097, 0.4262861958682116, 0.4262861958682116, 0.4262861958682116, 0.43447603951109115, 0.43447603951109115, 0.43447603951109115, 0.43447603951109115, 0.43447603951109115, 0.44471160153449624, 0.44471160153449624, 0.44471160153449624, 0.44471160153449624, 0.44471160153449624, 0.44471160153449624, 0.44471160153449624, 0.44471160153449624, 0.44471160153449624, 0.44471160153449624, 0.44471160153449624, 0.44471160153449624]
Training raw path: /home/anhnd/DTI Project/Codes/MPNN/data/KFold/ATCInchikeySideEffectByDrug.txt_train_1
('Number of substructures, proteins, pathways, drugs, se: ', 888, 1448, 330, 969, 598)
Train: 0.7670 0.4769
Test: 0.7606 0.4706
[0.4679298004124952, 0.5063060091240041, 0.5188462043174763, 0.5321781042495581, 0.5447355951766666, 0.5527899638416167, 0.5701386659153141, 0.5792258363357253, 0.5892642475718262, 0.5926378794303828, 0.594340670573551, 0.6008446031411898, 0.6104503123195266, 0.619553484987018, 0.6226874138399999, 0.6290012958262983, 0.6312929371522246, 0.6375081252615346, 0.6396918705095385, 0.646441101000502, 0.6498593536706264, 0.654924486500212, 0.6596280401811965, 0.6638034488229679, 0.6664071468782968, 0.6673081527342699, 0.6705595922351559, 0.67393841723381, 0.6789512459475447, 0.6808926752213089, 0.6866141356083926, 0.6903020660730821, 0.6914534079814316, 0.6940251887652156, 0.6951506518301606, 0.7014974025093621, 0.70419552020571, 0.7090124514758367, 0.7121001419034809, 0.716547603327818, 0.7185326597764996, 0.7197895380300354, 0.7237539509344795, 0.7237539509344795, 0.725130560712802, 0.726027507183373, 0.7285879037102706, 0.7295778471286226, 0.7335548640203032, 0.7368033811600045, 0.7368033811600045, 0.7377482146783851, 0.7377482146783851, 0.7402084949885172, 0.74144703670198, 0.74144703670198, 0.7438684699109592, 0.7438684699109592, 0.7438684699109592, 0.7438684699109592, 0.7438684699109592, 0.7438684699109592, 0.7438684699109592, 0.7469656477353519, 0.7469656477353519, 0.7483906408875131, 0.7497496869529153, 0.7497496869529153, 0.7497496869529153, 0.7497496869529153, 0.7497496869529153, 0.7497496869529153, 0.7516598200871099, 0.7516598200871099, 0.7516598200871099, 0.7565583187759998, 0.7565583187759998, 0.7565583187759998, 0.7585426527616919, 0.7585426527616919, 0.7585426527616919, 0.7585426527616919, 0.7585426527616919, 0.7605712813032884, 0.7605712813032884, 0.7605712813032884, 0.7605712813032884, 0.7605712813032884, 0.7605712813032884, 0.7605712813032884, 0.7605712813032884, 0.7605712813032884, 0.7605712813032884, 0.7605712813032884, 0.7605712813032884]
[0.05997610004707562, 0.06872601729618422, 0.0720366868953084, 0.08017160156627635, 0.08585067202438981, 0.09132332555200669, 0.1028861449161119, 0.1108608125934533, 0.1210814963825544, 0.12527257290832727, 0.1279494168626411, 0.1352284579855776, 0.14399572426265506, 0.1537678240405272, 0.15770036153268566, 0.16601718788521347, 0.16961202576429596, 0.17806971720482953, 0.18029881504428724, 0.18944517283686518, 0.19346505112508677, 0.2002650310193005, 0.20818159097059596, 0.21469409866422912, 0.21800292805905253, 0.22005411355558288, 0.22625103162166613, 0.23265759712738956, 0.24246517780458554, 0.2467361133283375, 0.2583702849883157, 0.2667586116872361, 0.26910651819576736, 0.2757822557716744, 0.27865932121617765, 0.2931417527752479, 0.2982679001974575, 0.3104778753038322, 0.31810221151179535, 0.32922334982915286, 0.33341770100097956, 0.33689331732064814, 0.34572592525931767, 0.34572592525931767, 0.3474817848566303, 0.3493768214963449, 0.3577259612679754, 0.3602970737178306, 0.37006213359879314, 0.37862679055429554, 0.37862679055429554, 0.3809195590122141, 0.3809195590122141, 0.3891756431488871, 0.3932111855002978, 0.3932111855002978, 0.40113090597461404, 0.40113090597461404, 0.40113090597461404, 0.40113090597461404, 0.40113090597461404, 0.40113090597461404, 0.40113090597461404, 0.41397608545026277, 0.41397608545026277, 0.4190576456255845, 0.4235768736276737, 0.4235768736276737, 0.4235768736276737, 0.4235768736276737, 0.4235768736276737, 0.4235768736276737, 0.43254033818632925, 0.43254033818632925, 0.43254033818632925, 0.4518968732718336, 0.4518968732718336, 0.4518968732718336, 0.4610709109915388, 0.4610709109915388, 0.4610709109915388, 0.4610709109915388, 0.4610709109915388, 0.47060839049860065, 0.47060839049860065, 0.47060839049860065, 0.47060839049860065, 0.47060839049860065, 0.47060839049860065, 0.47060839049860065, 0.47060839049860065, 0.47060839049860065, 0.47060839049860065, 0.47060839049860065, 0.47060839049860065]
Training raw path: /home/anhnd/DTI Project/Codes/MPNN/data/KFold/ATCInchikeySideEffectByDrug.txt_train_2
('Number of substructures, proteins, pathways, drugs, se: ', 888, 1448, 330, 969, 598)
Train: 0.7668 0.4717
Test: 0.7495 0.4900
[0.49845554375335216, 0.5151045167436886, 0.5389333782622123, 0.5499046721179809, 0.5581780430541091, 0.5642594288855254, 0.5779299673624524, 0.5878528836234496, 0.5948572986085755, 0.5983781453791398, 0.6021487365263576, 0.6087958477722342, 0.6185528252044821, 0.6239739800867833, 0.6258354269774594, 0.6296642210078269, 0.6329372346821776, 0.6374410803200614, 0.6397718528560976, 0.6471300357941007, 0.6508855625390171, 0.6543076381358959, 0.6589787849274719, 0.6640147851405489, 0.6676961213117361, 0.6684296842835465, 0.6724505405471538, 0.675488551518242, 0.6787160489804583, 0.6801692780736485, 0.6844279096658088, 0.6868181926668198, 0.6877461420811821, 0.689247880418508, 0.69003513960053, 0.6959336252752231, 0.6990581456091448, 0.7022006664341048, 0.7052044431215438, 0.7085603702438141, 0.7099929553206845, 0.7112583636749423, 0.7146047347674016, 0.7146047347674016, 0.7166341759305573, 0.7176240166378709, 0.7195449532434806, 0.7207481951497839, 0.7246576050597264, 0.7274233239157865, 0.7274233239157865, 0.7283206645780156, 0.7283206645780156, 0.7300975306113454, 0.73140875187762, 0.73140875187762, 0.7334123544692985, 0.7334123544692985, 0.7334123544692985, 0.7334123544692985, 0.7334123544692985, 0.7334123544692985, 0.7334123544692985, 0.736152767699076, 0.736152767699076, 0.7377661274495786, 0.739239071804423, 0.739239071804423, 0.739239071804423, 0.739239071804423, 0.739239071804423, 0.739239071804423, 0.7409604210186731, 0.7409604210186731, 0.7409604210186731, 0.745889305813959, 0.745889305813959, 0.745889305813959, 0.7476575274296045, 0.7476575274296045, 0.7476575274296045, 0.7476575274296045, 0.7476575274296045, 0.7495475445420128, 0.7495475445420128, 0.7495475445420128, 0.7495475445420128, 0.7495475445420128, 0.7495475445420128, 0.7495475445420128, 0.7495475445420128, 0.7495475445420128, 0.7495475445420128, 0.7495475445420128, 0.7495475445420128]
[0.0965245009678492, 0.10096850890973133, 0.11436226200783116, 0.11676062983428917, 0.12204381472477963, 0.12689300086149305, 0.1393327778969758, 0.1517215943317662, 0.15961123187354967, 0.16184452374712205, 0.16691856554480014, 0.17728941864306927, 0.18788075712792326, 0.1928844731418793, 0.19396024226860253, 0.20050374314347646, 0.20423125194097352, 0.21099603461437733, 0.21433754341831585, 0.22655589016198802, 0.2321718958743451, 0.2372308561706845, 0.24590107035723413, 0.25656880754922057, 0.2635097020153458, 0.26492032085295747, 0.27324598916357595, 0.2796529557968409, 0.2852672557695882, 0.2879075147012819, 0.29707033454714504, 0.3022849350929733, 0.30505960108755314, 0.3086512511120417, 0.3104103834815948, 0.3257593488026983, 0.33440920306564303, 0.3405990959186945, 0.3491366067948539, 0.3566598168796079, 0.35911620636042396, 0.363120493907162, 0.37158226156232854, 0.37158226156232854, 0.3778872759053603, 0.3805680859538685, 0.3852859322159259, 0.38922173153182704, 0.39922657337428324, 0.4062741270864861, 0.4062741270864861, 0.40798968904866517, 0.40798968904866517, 0.4127026937630594, 0.4175010059771881, 0.4175010059771881, 0.4229215229136404, 0.4229215229136404, 0.4229215229136404, 0.4229215229136404, 0.4229215229136404, 0.4229215229136404, 0.4229215229136404, 0.4342440111083057, 0.4342440111083057, 0.44105770585415277, 0.44695656838178033, 0.44695656838178033, 0.44695656838178033, 0.44695656838178033, 0.44695656838178033, 0.44695656838178033, 0.45442628476654495, 0.45442628476654495, 0.45442628476654495, 0.4741044368387993, 0.4741044368387993, 0.4741044368387993, 0.48164423390808214, 0.48164423390808214, 0.48164423390808214, 0.48164423390808214, 0.48164423390808214, 0.48998717276939663, 0.48998717276939663, 0.48998717276939663, 0.48998717276939663, 0.48998717276939663, 0.48998717276939663, 0.48998717276939663, 0.48998717276939663, 0.48998717276939663, 0.48998717276939663, 0.48998717276939663, 0.48998717276939663]
Training raw path: /home/anhnd/DTI Project/Codes/MPNN/data/KFold/ATCInchikeySideEffectByDrug.txt_train_3
('Number of substructures, proteins, pathways, drugs, se: ', 888, 1448, 330, 969, 598)
Train: 0.7665 0.4734
Test: 0.7523 0.4619
[0.5209457936234637, 0.5322141494221628, 0.5535149398838531, 0.5603951023814776, 0.5697083099834025, 0.5817381445242826, 0.5889436861406089, 0.5978904076623768, 0.603443264992199, 0.6086769419189384, 0.6123805362713357, 0.6172364963008646, 0.6270853098224327, 0.6333653358956248, 0.6357560841887144, 0.6385631496227275, 0.6416701827607855, 0.6441260243196042, 0.6471088301704123, 0.6507304451874977, 0.655220772609607, 0.6601446368058108, 0.6650361468919435, 0.6686794383650843, 0.6707467439087779, 0.6715057313191478, 0.6754151578269793, 0.6780938048200545, 0.6816626326825678, 0.6823843126254636, 0.6871828786445351, 0.6890745730905109, 0.6895971089912153, 0.6909697582633166, 0.6915371152348204, 0.6964521735637186, 0.699301318658933, 0.7024787155199109, 0.7050610646909694, 0.7085254486233319, 0.7099567244681432, 0.7108595320661096, 0.7147646617843726, 0.7147646617843726, 0.7165956800053209, 0.7177632079237442, 0.7196846451421992, 0.7208243164235864, 0.7248602091188772, 0.7280801751257413, 0.7280801751257413, 0.7291777759811895, 0.7291777759811895, 0.7313597119586994, 0.7326388499907355, 0.7326388499907355, 0.7351885060668376, 0.7351885060668376, 0.7351885060668376, 0.7351885060668376, 0.7351885060668376, 0.7351885060668376, 0.7351885060668376, 0.7380416058177016, 0.7380416058177016, 0.7396624733173616, 0.7412186658325419, 0.7412186658325419, 0.7412186658325419, 0.7412186658325419, 0.7412186658325419, 0.7412186658325419, 0.7429458043719058, 0.7429458043719058, 0.7429458043719058, 0.7484651050024205, 0.7484651050024205, 0.7484651050024205, 0.7503868139943652, 0.7503868139943652, 0.7503868139943652, 0.7503868139943652, 0.7503868139943652, 0.7523130669019198, 0.7523130669019198, 0.7523130669019198, 0.7523130669019198, 0.7523130669019198, 0.7523130669019198, 0.7523130669019198, 0.7523130669019198, 0.7523130669019198, 0.7523130669019198, 0.7523130669019198, 0.7523130669019198]
[0.07745135339067566, 0.08657614130836949, 0.09120845297270824, 0.09678775467173881, 0.10408558908814333, 0.11263568333946505, 0.12053164951343781, 0.13035799656744756, 0.1356394625941162, 0.1434096811929744, 0.14778138500045046, 0.15515705023870363, 0.16839123094622516, 0.17784175070971564, 0.18067780141415626, 0.1853282194698744, 0.19026106987791583, 0.1935648006624771, 0.19820530931222843, 0.20378631227140673, 0.2128259941755224, 0.22314886026826233, 0.23142322783171984, 0.23826240438516436, 0.24146171000377617, 0.24292414436304083, 0.2515226665013695, 0.2571382980399648, 0.26489781587294037, 0.26587858478586396, 0.2758629526278701, 0.27922283652696417, 0.2800134766729195, 0.28267815662861695, 0.28380492973686244, 0.295287327342727, 0.30323181320548587, 0.3096982814948107, 0.31583250900666693, 0.32399550632157365, 0.3263823115573625, 0.3287226362989139, 0.3394463189965114, 0.3394463189965114, 0.34418717530670895, 0.3479688582163424, 0.3524407298465046, 0.35612466417858823, 0.367341713905823, 0.3766256233222615, 0.3766256233222615, 0.37946591852984657, 0.37946591852984657, 0.3858710977220131, 0.38974490100302744, 0.38974490100302744, 0.3975513128103524, 0.3975513128103524, 0.3975513128103524, 0.3975513128103524, 0.3975513128103524, 0.3975513128103524, 0.3975513128103524, 0.4070402033989858, 0.4070402033989858, 0.41311358592471364, 0.41848554063480836, 0.41848554063480836, 0.41848554063480836, 0.41848554063480836, 0.41848554063480836, 0.41848554063480836, 0.42524199824850273, 0.42524199824850273, 0.42524199824850273, 0.4468905229724821, 0.4468905229724821, 0.4468905229724821, 0.4542856393445107, 0.4542856393445107, 0.4542856393445107, 0.4542856393445107, 0.4542856393445107, 0.4619047460016432, 0.4619047460016432, 0.4619047460016432, 0.4619047460016432, 0.4619047460016432, 0.4619047460016432, 0.4619047460016432, 0.4619047460016432, 0.4619047460016432, 0.4619047460016432, 0.4619047460016432, 0.4619047460016432]
Training raw path: /home/anhnd/DTI Project/Codes/MPNN/data/KFold/ATCInchikeySideEffectByDrug.txt_train_4
('Number of substructures, proteins, pathways, drugs, se: ', 888, 1448, 330, 969, 598)
Train: 0.7680 0.4790
Test: 0.7575 0.4475
[0.4536101080983521, 0.5080089367863155, 0.513978318819526, 0.5379574101059656, 0.5446852679082028, 0.553821970440553, 0.5665870052291613, 0.582911954280597, 0.5922206839646039, 0.5978801260461004, 0.6016780864092846, 0.6068772792215685, 0.6202432677675667, 0.626553357370594, 0.6276866660292761, 0.6309612684324456, 0.6340634442158314, 0.639349815355698, 0.6430001032737168, 0.6490750928032558, 0.652297497652304, 0.6574586706872783, 0.6605835426494808, 0.6638153221403003, 0.667790691071075, 0.6684023170933924, 0.6722821352493304, 0.674993526896108, 0.6783764348948687, 0.679883739491347, 0.6834313387007981, 0.6862401941363305, 0.6869745157576791, 0.6893391556424178, 0.6907062146657894, 0.6976005489489835, 0.7002724997531421, 0.7046824495010923, 0.7077577930662213, 0.7116341967191144, 0.7134050980804219, 0.7143390599506352, 0.7182304861753643, 0.7182304861753643, 0.720099379819839, 0.7210280621132582, 0.7234340917713247, 0.7246173333493263, 0.7291391209247611, 0.7322306287612076, 0.7322306287612076, 0.7333373275044371, 0.7333373275044371, 0.7354645968096387, 0.7364336318695379, 0.7364336318695379, 0.73904031104983, 0.73904031104983, 0.73904031104983, 0.73904031104983, 0.73904031104983, 0.73904031104983, 0.73904031104983, 0.7421469636421456, 0.7421469636421456, 0.7437257737837142, 0.7453613191615316, 0.7453613191615316, 0.7453613191615316, 0.7453613191615316, 0.7453613191615316, 0.7453613191615316, 0.7472741736381578, 0.7472741736381578, 0.7472741736381578, 0.7534742868195116, 0.7534742868195116, 0.7534742868195116, 0.7554470137209746, 0.7554470137209746, 0.7554470137209746, 0.7554470137209746, 0.7554470137209746, 0.7575485734181617, 0.7575485734181617, 0.7575485734181617, 0.7575485734181617, 0.7575485734181617, 0.7575485734181617, 0.7575485734181617, 0.7575485734181617, 0.7575485734181617, 0.7575485734181617, 0.7575485734181617, 0.7575485734181617]
[0.049743758137431704, 0.06322080031684313, 0.06645355025198083, 0.07865761119303241, 0.08081151083624508, 0.08694874519779205, 0.0958771674504475, 0.10951610296755135, 0.11712766586488467, 0.12200166530190722, 0.12645751956936474, 0.1318085434707829, 0.14631102570866883, 0.1521567133238897, 0.1528086859238199, 0.1568025984384412, 0.1613066607206546, 0.1689645825983881, 0.17471992173481157, 0.18400390157627222, 0.18826886803272358, 0.1975192818099974, 0.20084391416843023, 0.2055800282730159, 0.21237065677628802, 0.21321100919282465, 0.22008335208055235, 0.2243971762056293, 0.2303626862759055, 0.23331035034636535, 0.23918855028680647, 0.24505610481926232, 0.24680078255285723, 0.25269220853400454, 0.25654700242288636, 0.2728696038283881, 0.27834234079341286, 0.28804523211122096, 0.2944235212232409, 0.3031600565279949, 0.3071530158369856, 0.30929968168210054, 0.3182941863803338, 0.3182941863803338, 0.3229447525946228, 0.3250822884431403, 0.3318596837328725, 0.33558799484099733, 0.3471073508656837, 0.3551255426752329, 0.3551255426752329, 0.3580109523738683, 0.3580109523738683, 0.36335284002192525, 0.3656308661252128, 0.3656308661252128, 0.373818152455391, 0.373818152455391, 0.373818152455391, 0.373818152455391, 0.373818152455391, 0.373818152455391, 0.373818152455391, 0.3850951975773812, 0.3850951975773812, 0.39091361716334094, 0.396675137410757, 0.396675137410757, 0.396675137410757, 0.396675137410757, 0.396675137410757, 0.396675137410757, 0.4045570957072799, 0.4045570957072799, 0.4045570957072799, 0.4312657801888504, 0.4312657801888504, 0.4312657801888504, 0.43876736891269735, 0.43876736891269735, 0.43876736891269735, 0.43876736891269735, 0.43876736891269735, 0.44751307666672346, 0.44751307666672346, 0.44751307666672346, 0.44751307666672346, 0.44751307666672346, 0.44751307666672346, 0.44751307666672346, 0.44751307666672346, 0.44751307666672346, 0.44751307666672346, 0.44751307666672346, 0.44751307666672346]
Training raw path: /home/anhnd/DTI Project/Codes/MPNN/data/KFold/ATCInchikeySideEffectByDrug.txt_train_5
('Number of substructures, proteins, pathways, drugs, se: ', 888, 1448, 330, 969, 598)
Train: 0.7686 0.4807
Test: 0.7551 0.4419
[0.45318316699997657, 0.4877153039816947, 0.5029588029889892, 0.5248267785569085, 0.5417150696206605, 0.5525230847962372, 0.5709025996887577, 0.579514391740644, 0.5874920884772807, 0.595119434251171, 0.6008307326419797, 0.6068403205805919, 0.616690711068712, 0.622976148137051, 0.6245728110893785, 0.6302423059918173, 0.6330246827981088, 0.6388517847165684, 0.6405851514499247, 0.6469046064600159, 0.6510070495619302, 0.6540257023404967, 0.6591962443774501, 0.6626287154394725, 0.6673628382529359, 0.6682759663532444, 0.6724181966053872, 0.6766843961616993, 0.6803226162497098, 0.682426420584606, 0.6865866222043406, 0.6887360977893454, 0.6891266356432942, 0.6904096869153771, 0.6908908404492606, 0.6968917175174545, 0.6996874210575036, 0.7031954412299756, 0.7057446626105279, 0.7088134940716544, 0.7104886860021634, 0.7113864515623736, 0.7153530489759621, 0.7153530489759621, 0.7174038818108217, 0.718297817166863, 0.720197048391904, 0.7210507469734132, 0.7259871257265333, 0.7290792940146649, 0.7290792940146649, 0.730123097876909, 0.730123097876909, 0.7328079526865396, 0.7339720575309652, 0.7339720575309652, 0.7371022819945413, 0.7371022819945413, 0.7371022819945413, 0.7371022819945413, 0.7371022819945413, 0.7371022819945413, 0.7371022819945413, 0.7401298434776666, 0.7401298434776666, 0.7414949419844394, 0.7433583632538044, 0.7433583632538044, 0.7433583632538044, 0.7433583632538044, 0.7433583632538044, 0.7433583632538044, 0.7455353397311557, 0.7455353397311557, 0.7455353397311557, 0.7511467271339048, 0.7511467271339048, 0.7511467271339048, 0.7530887600690724, 0.7530887600690724, 0.7530887600690724, 0.7530887600690724, 0.7530887600690724, 0.7551187696264171, 0.7551187696264171, 0.7551187696264171, 0.7551187696264171, 0.7551187696264171, 0.7551187696264171, 0.7551187696264171, 0.7551187696264171, 0.7551187696264171, 0.7551187696264171, 0.7551187696264171, 0.7551187696264171]
[0.0483907917602064, 0.056794502437171906, 0.06337277272314253, 0.07219793470746144, 0.07974485824149005, 0.08560404266418471, 0.09587445590015545, 0.10129691217317954, 0.10698695761555951, 0.11379813250299992, 0.11825163298796804, 0.12441101147241887, 0.1344173752122852, 0.14131573998033903, 0.14290510719114427, 0.15077271742777443, 0.15389874759059477, 0.16124370919288547, 0.16303485816220686, 0.1721280791979123, 0.1772612434023534, 0.18049586082150212, 0.1892014496900848, 0.19443870998862622, 0.20296767267235052, 0.20464398032747078, 0.21211201938165403, 0.22168383768478006, 0.228118119549444, 0.23269450089373894, 0.23920375226227697, 0.24305555136702142, 0.24353979663726055, 0.24582960400238785, 0.24641410842203298, 0.26012181320240885, 0.2660837556751285, 0.2742040258692427, 0.27977645906639437, 0.2863614807617028, 0.29009543557345663, 0.2921378748381659, 0.3028564256505833, 0.3028564256505833, 0.30896952206632844, 0.31104734158356834, 0.31620380286113514, 0.31813160744192776, 0.3330480240349394, 0.3405647175649313, 0.3405647175649313, 0.3433838835528761, 0.3433838835528761, 0.3530017924958133, 0.3560348491272346, 0.3560348491272346, 0.36789829143439157, 0.36789829143439157, 0.36789829143439157, 0.36789829143439157, 0.36789829143439157, 0.36789829143439157, 0.36789829143439157, 0.3791709364644614, 0.3791709364644614, 0.3835862789826995, 0.3917779422182063, 0.3917779422182063, 0.3917779422182063, 0.3917779422182063, 0.3917779422182063, 0.3917779422182063, 0.40291198192053557, 0.40291198192053557, 0.40291198192053557, 0.4246580464163074, 0.4246580464163074, 0.4246580464163074, 0.43287778623129, 0.43287778623129, 0.43287778623129, 0.43287778623129, 0.43287778623129, 0.44185130464614947, 0.44185130464614947, 0.44185130464614947, 0.44185130464614947, 0.44185130464614947, 0.44185130464614947, 0.44185130464614947, 0.44185130464614947, 0.44185130464614947, 0.44185130464614947, 0.44185130464614947, 0.44185130464614947]
Training raw path: /home/anhnd/DTI Project/Codes/MPNN/data/KFold/ATCInchikeySideEffectByDrug.txt_train_6
('Number of substructures, proteins, pathways, drugs, se: ', 888, 1448, 330, 969, 598)
Train: 0.7685 0.4803
Test: 0.7643 0.4536
[0.4988074840413823, 0.5290123265078136, 0.5447033370043223, 0.5598221758229955, 0.5690248439255094, 0.5775820146712036, 0.5899825042621318, 0.6001747478458477, 0.609874203172978, 0.6162794225233681, 0.6206339012483021, 0.6261165577588647, 0.6355350376729603, 0.6411299262971605, 0.6423967613953453, 0.6454335694766375, 0.649090148842466, 0.651522168369114, 0.6539618883284285, 0.6598875617890942, 0.6626767596584583, 0.6676410383821464, 0.6721278460826212, 0.6754531521966276, 0.678170853312479, 0.6787649700154816, 0.6823523437984946, 0.6845800094622095, 0.6885482470910147, 0.6904842208292573, 0.6955343358481223, 0.6975581612347146, 0.69834028830055, 0.7003059494110705, 0.7011187261781345, 0.7062992552151413, 0.7094386785914324, 0.7126061078935625, 0.7149984785007617, 0.7185729026234294, 0.7201280154286536, 0.7211000567204464, 0.7249551249209548, 0.7249551249209548, 0.7273839161572392, 0.7284282916255771, 0.7300928822418278, 0.7313238824940432, 0.7359739342153648, 0.7390909119981885, 0.7390909119981885, 0.7403034949458174, 0.7403034949458174, 0.7427214370021711, 0.7438702126843466, 0.7438702126843466, 0.7464783643052765, 0.7464783643052765, 0.7464783643052765, 0.7464783643052765, 0.7464783643052765, 0.7464783643052765, 0.7464783643052765, 0.7492927885447738, 0.7492927885447738, 0.7506037262799451, 0.7525745667480216, 0.7525745667480216, 0.7525745667480216, 0.7525745667480216, 0.7525745667480216, 0.7525745667480216, 0.7543809455106065, 0.7543809455106065, 0.7543809455106065, 0.7603433152920247, 0.7603433152920247, 0.7603433152920247, 0.7620515538958659, 0.7620515538958659, 0.7620515538958659, 0.7620515538958659, 0.7620515538958659, 0.7643353780361712, 0.7643353780361712, 0.7643353780361712, 0.7643353780361712, 0.7643353780361712, 0.7643353780361712, 0.7643353780361712, 0.7643353780361712, 0.7643353780361712, 0.7643353780361712, 0.7643353780361712, 0.7643353780361712]
[0.07163492638650765, 0.08178748826370248, 0.09161754695107435, 0.10129142386907325, 0.10709907311155635, 0.11147670262355454, 0.11925859625834098, 0.13101661997467354, 0.1405905376951475, 0.14772157960149193, 0.1515194775229021, 0.15692477307621738, 0.16755282276052683, 0.17436631465013433, 0.17565896267363162, 0.18071294886865585, 0.1860074349400113, 0.18945847926008424, 0.19260692618091318, 0.20052800852249864, 0.2036047311184837, 0.2112678678002751, 0.21934459937318565, 0.22412086141676846, 0.2284392073214161, 0.22948511588841675, 0.23562264744289696, 0.23956120775071987, 0.24709451074597763, 0.25130129153908276, 0.2617138161238031, 0.26515108496310047, 0.2666691017507795, 0.2716043963562753, 0.273334253607838, 0.28402957878054114, 0.29138160930753304, 0.2978985210718227, 0.3027662059908006, 0.3107374882699257, 0.31416842362791086, 0.3167545036130975, 0.32627685495741426, 0.32627685495741426, 0.332947231031803, 0.33571379359643233, 0.3392723494607454, 0.3427915418185339, 0.35558707145764845, 0.36384395053831287, 0.36384395053831287, 0.36737145176006514, 0.36737145176006514, 0.37427006691932974, 0.37760450351693087, 0.37760450351693087, 0.38566257156751854, 0.38566257156751854, 0.38566257156751854, 0.38566257156751854, 0.38566257156751854, 0.38566257156751854, 0.38566257156751854, 0.39474095905092216, 0.39474095905092216, 0.3989313701068158, 0.4070075590259124, 0.4070075590259124, 0.4070075590259124, 0.4070075590259124, 0.4070075590259124, 0.4070075590259124, 0.4137857919172843, 0.4137857919172843, 0.4137857919172843, 0.43758420129447273, 0.43758420129447273, 0.43758420129447273, 0.44340884602002023, 0.44340884602002023, 0.44340884602002023, 0.44340884602002023, 0.44340884602002023, 0.4536428546526215, 0.4536428546526215, 0.4536428546526215, 0.4536428546526215, 0.4536428546526215, 0.4536428546526215, 0.4536428546526215, 0.4536428546526215, 0.4536428546526215, 0.4536428546526215, 0.4536428546526215, 0.4536428546526215]
Training raw path: /home/anhnd/DTI Project/Codes/MPNN/data/KFold/ATCInchikeySideEffectByDrug.txt_train_7
('Number of substructures, proteins, pathways, drugs, se: ', 888, 1448, 330, 969, 598)
Train: 0.7677 0.4791
Test: 0.7720 0.4809
[0.4905530033951616, 0.5216891998683035, 0.5386255621194803, 0.5573399232325421, 0.5659631954441123, 0.5748140074315955, 0.5886531792012776, 0.5955056964231571, 0.6003839751698423, 0.6038222914308183, 0.6081373405757541, 0.6135264675748683, 0.625004492552737, 0.6314813776224344, 0.6346413285396337, 0.6370395265896567, 0.6400643757263471, 0.6441468564580031, 0.6476008641592913, 0.6543822471673751, 0.6597941513851677, 0.6651640620943331, 0.6708610900337318, 0.6763419567981861, 0.6800018452607399, 0.6807872404479782, 0.6855348402912395, 0.6887885467956332, 0.6921651016324661, 0.6937480258510615, 0.6994974562648246, 0.7020538472284796, 0.7032186686726044, 0.7042528380594523, 0.7051868460734646, 0.7100363106859517, 0.713164450681057, 0.716823070507138, 0.71985339799103, 0.7239217104287197, 0.7259494558119213, 0.7269463132088416, 0.7309525759315089, 0.7309525759315089, 0.7333420705110943, 0.7343564957728098, 0.7371242675246015, 0.738501942219166, 0.7437256863020046, 0.7470345222108541, 0.7470345222108541, 0.7482276348180841, 0.7482276348180841, 0.7509033106719807, 0.7520406664328859, 0.7520406664328859, 0.7546739948423288, 0.7546739948423288, 0.7546739948423288, 0.7546739948423288, 0.7546739948423288, 0.7546739948423288, 0.7546739948423288, 0.7578074045614157, 0.7578074045614157, 0.7593729020941592, 0.7608275318946828, 0.7608275318946828, 0.7608275318946828, 0.7608275318946828, 0.7608275318946828, 0.7608275318946828, 0.7625019917607979, 0.7625019917607979, 0.7625019917607979, 0.768144030571111, 0.768144030571111, 0.768144030571111, 0.7699670825657055, 0.7699670825657055, 0.7699670825657055, 0.7699670825657055, 0.7699670825657055, 0.7719520748655712, 0.7719520748655712, 0.7719520748655712, 0.7719520748655712, 0.7719520748655712, 0.7719520748655712, 0.7719520748655712, 0.7719520748655712, 0.7719520748655712, 0.7719520748655712, 0.7719520748655712, 0.7719520748655712]
[0.04831514430217431, 0.05445859073031577, 0.06260527511312448, 0.07585173797845053, 0.08186599133025856, 0.08807219926837968, 0.09997597815679712, 0.10743535152292746, 0.11288141825454565, 0.11804077312933448, 0.12347589248962654, 0.13032547840200992, 0.14253449233236032, 0.15122108894910374, 0.15496132117384712, 0.1574051233543959, 0.1613538057590294, 0.16695215500601462, 0.1723465941009989, 0.18276544802094521, 0.1914187658675478, 0.20030803778078177, 0.20941021945383478, 0.21967030058337644, 0.22540396017928477, 0.22664717701784864, 0.23605511782516345, 0.2420247137942372, 0.24744030396684602, 0.25015318314000756, 0.2621297241750161, 0.2672330777951031, 0.2695373701329716, 0.270912609291828, 0.2730759132164846, 0.2837290880637203, 0.2919852085122191, 0.3005290756835717, 0.3075714031965109, 0.3177447099657904, 0.32291212794352064, 0.32565150357321365, 0.33633757624583227, 0.33633757624583227, 0.3439862131228822, 0.34664929023738456, 0.3556632932608106, 0.3603427280489767, 0.3767554411034148, 0.38545995074343486, 0.38545995074343486, 0.38870595824859555, 0.38870595824859555, 0.3976650831009299, 0.40114036415147114, 0.40114036415147114, 0.40997636241465596, 0.40997636241465596, 0.40997636241465596, 0.40997636241465596, 0.40997636241465596, 0.40997636241465596, 0.40997636241465596, 0.42265027589400794, 0.42265027589400794, 0.42856717224852403, 0.43333816113147194, 0.43333816113147194, 0.43333816113147194, 0.43333816113147194, 0.43333816113147194, 0.43333816113147194, 0.4398596039250224, 0.4398596039250224, 0.4398596039250224, 0.46475071009201246, 0.46475071009201246, 0.46475071009201246, 0.4720195032279694, 0.4720195032279694, 0.4720195032279694, 0.4720195032279694, 0.4720195032279694, 0.480854620681208, 0.480854620681208, 0.480854620681208, 0.480854620681208, 0.480854620681208, 0.480854620681208, 0.480854620681208, 0.480854620681208, 0.480854620681208, 0.480854620681208, 0.480854620681208, 0.480854620681208]
Training raw path: /home/anhnd/DTI Project/Codes/MPNN/data/KFold/ATCInchikeySideEffectByDrug.txt_train_8
('Number of substructures, proteins, pathways, drugs, se: ', 888, 1448, 330, 969, 598)
Train: 0.7678 0.4790
Test: 0.7628 0.4478
[0.4913750439720589, 0.5059370111890062, 0.5358685247703042, 0.5552955143251073, 0.5653720441655536, 0.5795258934872425, 0.5848754612776375, 0.5918999434928816, 0.6008483816450415, 0.6082061213640161, 0.6117877701558309, 0.6164483295465829, 0.6231613086755999, 0.6281275938907633, 0.6314455842085784, 0.6333895205613052, 0.6359082282231224, 0.6404153215866563, 0.6437506389821734, 0.6490954941835594, 0.6519410231785944, 0.6581618614205691, 0.6622275947084756, 0.6658432930079216, 0.670298540762753, 0.6709061859728835, 0.6750317302216313, 0.6777962169804772, 0.681954936896364, 0.6836839296460308, 0.689415849381515, 0.6918857066524597, 0.6929459713695967, 0.6954495064240309, 0.6966951986517831, 0.7017427468431646, 0.7043399985394442, 0.7076574350933355, 0.7104577860650694, 0.714020123060896, 0.7168110488210014, 0.7171553238087751, 0.7209560199220761, 0.7209560199220761, 0.7227929584733305, 0.7241314521011868, 0.7260343777171601, 0.7271663579180203, 0.731965663016484, 0.7359992036129155, 0.7359992036129155, 0.7370052989549313, 0.7370052989549313, 0.7397182402261524, 0.7410912088608212, 0.7410912088608212, 0.7438406805067459, 0.7438406805067459, 0.7438406805067459, 0.7438406805067459, 0.7438406805067459, 0.7438406805067459, 0.7438406805067459, 0.7471729678939992, 0.7471729678939992, 0.7486857372877858, 0.7503908732984808, 0.7503908732984808, 0.7503908732984808, 0.7503908732984808, 0.7503908732984808, 0.7503908732984808, 0.7521534448455731, 0.7521534448455731, 0.7521534448455731, 0.7584276830744, 0.7584276830744, 0.7584276830744, 0.7605046718954943, 0.7605046718954943, 0.7605046718954943, 0.7605046718954943, 0.7605046718954943, 0.7628349810478223, 0.7628349810478223, 0.7628349810478223, 0.7628349810478223, 0.7628349810478223, 0.7628349810478223, 0.7628349810478223, 0.7628349810478223, 0.7628349810478223, 0.7628349810478223, 0.7628349810478223, 0.7628349810478223]
[0.05501878603029051, 0.0557875046529348, 0.0663148575378702, 0.08059550446770937, 0.08759334801209306, 0.09588073005436226, 0.10252538026097271, 0.10829188263078396, 0.11649273065335836, 0.12267552116595302, 0.12580198983459528, 0.13176674763440524, 0.14006247455942739, 0.14559711448326595, 0.14955833739221575, 0.15162487837499944, 0.15534245127238805, 0.16151323011943114, 0.16646413969591367, 0.17396524187226337, 0.1774819034871644, 0.1874456763416261, 0.19366118061601706, 0.20063533458235433, 0.20722621360894153, 0.20805497443635296, 0.21487586089831584, 0.2191771593699234, 0.22697605011649324, 0.23018993552542602, 0.2414241276716274, 0.24549577231330733, 0.24781632254750335, 0.25366565151413933, 0.25596094061783914, 0.26610944015612126, 0.27066680693036016, 0.27669145635404213, 0.282502320661698, 0.29040111721176537, 0.2970836932178467, 0.29710880998970957, 0.3058594497841407, 0.3058594497841407, 0.31095291531029723, 0.31469376446848096, 0.31938327765769803, 0.32271979978083226, 0.3363188549359504, 0.34858558383768984, 0.34858558383768984, 0.3506781265334362, 0.3506781265334362, 0.3591141841498387, 0.3635357482242842, 0.3635357482242842, 0.3716286827548031, 0.3716286827548031, 0.3716286827548031, 0.3716286827548031, 0.3716286827548031, 0.3716286827548031, 0.3716286827548031, 0.3832701663101108, 0.3832701663101108, 0.38838430914004307, 0.39474408171351894, 0.39474408171351894, 0.39474408171351894, 0.39474408171351894, 0.39474408171351894, 0.39474408171351894, 0.4017109247273467, 0.4017109247273467, 0.4017109247273467, 0.4286377425270609, 0.4286377425270609, 0.4286377425270609, 0.43704892052088595, 0.43704892052088595, 0.43704892052088595, 0.43704892052088595, 0.43704892052088595, 0.44778180426196695, 0.44778180426196695, 0.44778180426196695, 0.44778180426196695, 0.44778180426196695, 0.44778180426196695, 0.44778180426196695, 0.44778180426196695, 0.44778180426196695, 0.44778180426196695, 0.44778180426196695, 0.44778180426196695]
Training raw path: /home/anhnd/DTI Project/Codes/MPNN/data/KFold/ATCInchikeySideEffectByDrug.txt_train_9
('Number of substructures, proteins, pathways, drugs, se: ', 888, 1448, 330, 969, 598)
Train: 0.7674 0.4760
Test: 0.7552 0.4593
[0.5256314653286649, 0.5391036194885552, 0.5555978964920485, 0.5670636991554193, 0.5805588384711453, 0.5860880730958427, 0.596714531408466, 0.6042530364660268, 0.6114059700970236, 0.618105082552226, 0.620990559084562, 0.6262333311385266, 0.6356685998146908, 0.6401198573546811, 0.6431421700225626, 0.6474675875439234, 0.6504085163210795, 0.6531119339465656, 0.6548305177274449, 0.6594684245218395, 0.6631556151535181, 0.6680090347621328, 0.6728996390321041, 0.6768916502412717, 0.6795488825267098, 0.6804058252834567, 0.6832484880942369, 0.6859357720343484, 0.6888877934314395, 0.6907940608822363, 0.6944949067733375, 0.6961091756272746, 0.6967981074594816, 0.6984704849013882, 0.6995640146038008, 0.7036380431087419, 0.705683386560916, 0.7093754180761724, 0.711708452577269, 0.7152461901756224, 0.7172663217938413, 0.7177921154955749, 0.7207844815074166, 0.7207844815074166, 0.7226281758310386, 0.7234515223931112, 0.7254788052488608, 0.7263059264388942, 0.7298845335379214, 0.7324733155131015, 0.7324733155131015, 0.7334489246197379, 0.7334489246197379, 0.7358034210330484, 0.7369071864117487, 0.7369071864117487, 0.7393148834948482, 0.7393148834948482, 0.7393148834948482, 0.7393148834948482, 0.7393148834948482, 0.7393148834948482, 0.7393148834948482, 0.7419044218270541, 0.7419044218270541, 0.7434596620053359, 0.7449061971827196, 0.7449061971827196, 0.7449061971827196, 0.7449061971827196, 0.7449061971827196, 0.7449061971827196, 0.7464535421614301, 0.7464535421614301, 0.7464535421614301, 0.7515020216998464, 0.7515020216998464, 0.7515020216998464, 0.7533023852907013, 0.7533023852907013, 0.7533023852907013, 0.7533023852907013, 0.7533023852907013, 0.7551506563360002, 0.7551506563360002, 0.7551506563360002, 0.7551506563360002, 0.7551506563360002, 0.7551506563360002, 0.7551506563360002, 0.7551506563360002, 0.7551506563360002, 0.7551506563360002, 0.7551506563360002, 0.7551506563360002]
[0.07355826760489373, 0.08284882540931526, 0.09299597602795104, 0.10228437794534495, 0.11159647489907398, 0.1165204703875646, 0.12680098663351919, 0.13501701062980268, 0.1435418190105596, 0.1518649097192931, 0.15563358340517885, 0.16196047709059874, 0.17560920084204892, 0.18299414117593, 0.18779179238064034, 0.19424671710220714, 0.19893191738063953, 0.20297764777917182, 0.20541955710724125, 0.2117595672300009, 0.21676110776385057, 0.2270025655217315, 0.2362840336130743, 0.24431980753944507, 0.24884732425643294, 0.25064841373952995, 0.25605061096585147, 0.2613140774577055, 0.26725675294369244, 0.2719617842922041, 0.2793248134256656, 0.28227285203826247, 0.2840770262087154, 0.28811484661748965, 0.291271391128428, 0.3011221368211353, 0.30582689379077643, 0.3154246720132908, 0.32039624791524146, 0.3294180311224529, 0.3349238714947045, 0.33571211918787164, 0.3425917950341453, 0.3425917950341453, 0.34826411592274853, 0.3504603404823209, 0.3566525008886014, 0.358739181557188, 0.36829219073033165, 0.3750488538270119, 0.3750488538270119, 0.37779851403075776, 0.37779851403075776, 0.38585484808292714, 0.3893132534393288, 0.3893132534393288, 0.3971023739006139, 0.3971023739006139, 0.3971023739006139, 0.3971023739006139, 0.3971023739006139, 0.3971023739006139, 0.3971023739006139, 0.4063252764214642, 0.4063252764214642, 0.4124096348901597, 0.4177635471853425, 0.4177635471853425, 0.4177635471853425, 0.4177635471853425, 0.4177635471853425, 0.4177635471853425, 0.4238184495515318, 0.4238184495515318, 0.4238184495515318, 0.44386178023136263, 0.44386178023136263, 0.44386178023136263, 0.45148858628997734, 0.45148858628997734, 0.45148858628997734, 0.45148858628997734, 0.45148858628997734, 0.4593250898327348, 0.4593250898327348, 0.4593250898327348, 0.4593250898327348, 0.4593250898327348, 0.4593250898327348, 0.4593250898327348, 0.4593250898327348, 0.4593250898327348, 0.4593250898327348, 0.4593250898327348, 0.4593250898327348]
AUC: 0.7573 0.0024
AUPR: 0.4598 0.0049
('RARE AUC', [(0.48956454137316835, 0.007463224952533216), (0.5160724231689563, 0.004536921694307647), (0.5335070092996734, 0.005105437264864033), (0.5488500758732309, 0.004123363001728662), (0.5586769634656659, 0.004029852167370858), (0.5682373943040001, 0.003936014328216694), (0.5803707859056263, 0.0032278863855171483), (0.5895311193168781, 0.0029584466380096408), (0.5969136297358503, 0.0030501016148906106), (0.602337798305927, 0.0032060853677743878), (0.6060537142408158, 0.003243493781184929), (0.6114769062272555, 0.0032284217383376232), (0.6214581623260111, 0.003118215202390591), (0.6276229169099637, 0.0028924833863251988), (0.6299787965297845, 0.0028748341884441146), (0.6336665171968203, 0.0027807734084051225), (0.636483379288882, 0.0029233837966398065), (0.6406010450941511, 0.0027725127381804096), (0.6432203109149441, 0.0027759684660507945), (0.6491638131010462, 0.002633579849280899), (0.653114724926083, 0.002483937080800967), (0.6578706928486346, 0.002557455177084578), (0.6625126959161965, 0.002588740408270392), (0.6664982126115484, 0.0026199979458848186), (0.6699479611945283, 0.0025150239389696515), (0.6706802064029488, 0.0025270406815003565), (0.6744279803509983, 0.002589936610333011), (0.6774534714318958, 0.0025375957302177796), (0.6812104989724483, 0.002455665666470171), (0.6828420424318502, 0.002486224897094889), (0.6876859405731459, 0.0024621566682644777), (0.6901200988689105, 0.0024060583852725435), (0.6909676084967933, 0.0024086564886434026), (0.6927646522590709, 0.0023925526244404417), (0.6937238008120851, 0.002383934770485046), (0.6992990361931288, 0.0022158759871564147), (0.7020703761555322, 0.0022321713183398382), (0.7057804004793862, 0.0021983822438545555), (0.7085285799231863, 0.002209667642266342), (0.7122437432879475, 0.002217044326996628), (0.714088418933942, 0.0022567433817292605), (0.7150227676545524, 0.0022295075809977243), (0.7187905384219975, 0.0022301152024930895), (0.7187905384219975, 0.0022301152024930895), (0.7208089995425054, 0.002214668125669569), (0.7218269827777394, 0.0022102268462690267), (0.7239601769329342, 0.002241596570632584), (0.7250723423295304, 0.0022539212202985913), (0.7294536662629972, 0.002325558070340019), (0.7326521523689573, 0.0023318540164420655), (0.7326521523689573, 0.0023318540164420655), (0.7337301083560748, 0.0023300322136964166), (0.7337301083560748, 0.0023300322136964166), (0.7361297140322108, 0.0023571963063281323), (0.7373182653901613, 0.0023545613136014575), (0.7373182653901613, 0.0023545613136014575), (0.7398525287051688, 0.002388162028625783), (0.7398525287051688, 0.002388162028625783), (0.7398525287051688, 0.002388162028625783), (0.7398525287051688, 0.002388162028625783), (0.7398525287051688, 0.002388162028625783), (0.7398525287051688, 0.002388162028625783), (0.7398525287051688, 0.002388162028625783), (0.7428402316339318, 0.00239867222769441), (0.7428402316339318, 0.00239867222769441), (0.7443553703236977, 0.0023862301245948367), (0.7459566375640467, 0.0023900552678223926), (0.7459566375640467, 0.0023900552678223926), (0.7459566375640467, 0.0023900552678223926), (0.7459566375640467, 0.0023900552678223926), (0.7459566375640467, 0.0023900552678223926), (0.7459566375640467, 0.0023900552678223926), (0.7477657301904655, 0.0023813581831304987), (0.7477657301904655, 0.0023813581831304987), (0.7477657301904655, 0.0023813581831304987), (0.7533168804563916, 0.002431783655778568), (0.7533168804563916, 0.002431783655778568), (0.7533168804563916, 0.002431783655778568), (0.7552138825969552, 0.002426450693903209), (0.7552138825969552, 0.002426450693903209), (0.7552138825969552, 0.002426450693903209), (0.7552138825969552, 0.002426450693903209), (0.7552138825969552, 0.002426450693903209), (0.7572704723709317, 0.00243928603462544), (0.7572704723709317, 0.00243928603462544), (0.7572704723709317, 0.00243928603462544), (0.7572704723709317, 0.00243928603462544), (0.7572704723709317, 0.00243928603462544), (0.7572704723709317, 0.00243928603462544), (0.7572704723709317, 0.00243928603462544), (0.7572704723709317, 0.00243928603462544), (0.7572704723709317, 0.00243928603462544), (0.7572704723709317, 0.00243928603462544), (0.7572704723709317, 0.00243928603462544), (0.7572704723709317, 0.00243928603462544)])
('RARE AUPR', [(0.06442584668117454, 0.00466530151771435), (0.07220995156318738, 0.0046426054394847534), (0.08006456948792821, 0.005122073768746881), (0.08881261404282106, 0.004357957401114874), (0.09480460123651317, 0.00451543902346762), (0.10112623616349434, 0.00436314537782056), (0.11061822171906337, 0.004459585874398346), (0.11944060153675858, 0.0049182123350147225), (0.1266146127426447, 0.005154595578295201), (0.1324104371720026, 0.005128634004555217), (0.13647865373223014, 0.005172634950131545), (0.14303717458297557, 0.005478344841789344), (0.15432058280664587, 0.00564003251319768), (0.16163167854044702, 0.005561225585601823), (0.16432690097045838, 0.005529507491519285), (0.169482135191051, 0.005715865234679241), (0.17341615558697954, 0.0058865557472191285), (0.17909682820686854, 0.005711317779405102), (0.18283177694743383, 0.005619960126720222), (0.1915276087017103, 0.005602742271876932), (0.1972603704802829, 0.005588517545782273), (0.20503896587842024, 0.005720899268574182), (0.21269373585588158, 0.005949998769277504), (0.21967913398367087, 0.006328485081263077), (0.22528990805662966, 0.006129389779844622), (0.2266108996162334, 0.006175800650000403), (0.233618322096025, 0.006321487715974671), (0.23938008834475782, 0.006288068810343029), (0.24639469172511058, 0.006141908301304343), (0.2496920026035291, 0.006076321070489955), (0.25922857023882384, 0.006081323350307391), (0.2639654599217194, 0.00602204975968911), (0.26580911421176256, 0.006079643289311612), (0.26988932982835323, 0.006010560835465977), (0.27212193019280606, 0.005995285888283686), (0.28482378834405236, 0.00598077240753351), (0.29115727002785585, 0.00623460829021943), (0.29939214349567445, 0.006187636558606372), (0.3056269168634866, 0.006407897265480364), (0.3142894519527015, 0.0064846505234390185), (0.31841157808441684, 0.006341989574851137), (0.3207385162943492, 0.006514679242307958), (0.3299946937511218, 0.006400527183951504), (0.3299946937511218, 0.006400527183951504), (0.33560415830217993, 0.006334685330656534), (0.3382791619149247, 0.0063190677763528035), (0.3441375491946833, 0.0064041209878553705), (0.3474132461790756, 0.006489048333554528), (0.3594695341291926, 0.006225863030836239), (0.3680557825859719, 0.006024158122636813), (0.3680557825859719, 0.006024158122636813), (0.37082656447252055, 0.0059550196645351185), (0.37082656447252055, 0.0059550196645351185), (0.3783648859861823, 0.005730755455945917), (0.38199473602533923, 0.005845417414706631), (0.38199473602533923, 0.005845417414706631), (0.39001296903165883, 0.005593987944121284), (0.39001296903165883, 0.005593987944121284), (0.39001296903165883, 0.005593987944121284), (0.39001296903165883, 0.005593987944121284), (0.39001296903165883, 0.005593987944121284), (0.39001296903165883, 0.005593987944121284), (0.39001296903165883, 0.005593987944121284), (0.4011269351000834, 0.005615881166318857), (0.4011269351000834, 0.005615881166318857), (0.40663516365325936, 0.00577257760081531), (0.4126487539314757, 0.005567483363598448), (0.4126487539314757, 0.005567483363598448), (0.4126487539314757, 0.005567483363598448), (0.4126487539314757, 0.005567483363598448), (0.4126487539314757, 0.005567483363598448), (0.4126487539314757, 0.005567483363598448), (0.42028427158315873, 0.005420319675282445), (0.42028427158315873, 0.005420319675282445), (0.42028427158315873, 0.005420319675282445), (0.44299362897013933, 0.0050246272524271315), (0.44299362897013933, 0.0050246272524271315), (0.44299362897013933, 0.0050246272524271315), (0.4507087834958064, 0.004995847586467558), (0.4507087834958064, 0.004995847586467558), (0.4507087834958064, 0.004995847586467558), (0.4507087834958064, 0.004995847586467558), (0.4507087834958064, 0.004995847586467558), (0.4598180661545541, 0.004857126078589665), (0.4598180661545541, 0.004857126078589665), (0.4598180661545541, 0.004857126078589665), (0.4598180661545541, 0.004857126078589665), (0.4598180661545541, 0.004857126078589665), (0.4598180661545541, 0.004857126078589665), (0.4598180661545541, 0.004857126078589665), (0.4598180661545541, 0.004857126078589665), (0.4598180661545541, 0.004857126078589665), (0.4598180661545541, 0.004857126078589665), (0.4598180661545541, 0.004857126078589665), (0.4598180661545541, 0.004857126078589665)])
