Default
<models.baselines.omodels.NeuSK object at 0x7f9cb0166610>
Training raw path: /home/anhnd/DTI Project/Codes/MPNN/data/KFold/ATCInchikeySideEffectByDrug.txt_train_0
('Number of substructures, proteins, pathways, drugs, se: ', 888, 1448, 330, 969, 331)
Train: 0.9211 0.8309
Test: 0.7431 0.5212
[0.6430442892015077, 0.6572254309210168, 0.6610303988411668, 0.6614152519865846, 0.6614722776824108, 0.6584982223628614, 0.658892050807684, 0.6598537755281924, 0.6629149774374503, 0.6634427847826695, 0.6648725996650884, 0.665839626609717, 0.6664087969333552, 0.6656423326053182, 0.6684647034246369, 0.6718235471321709, 0.6737136681881754, 0.6755459945905324, 0.6794764173176473, 0.6814122030417086, 0.6812208124309184, 0.6814420920972224, 0.6826206635388957, 0.6847479335113151, 0.6856846681313838, 0.6879120027042589, 0.6882155064678763, 0.6886093914327, 0.6898882625486705, 0.6906692356470416, 0.6940946343343519, 0.6960018517398401, 0.6983399899288945, 0.7000073434244224, 0.7026856601676434, 0.7036222297362401, 0.7042545645435921, 0.7064188490292245, 0.7064188490292245, 0.7087269009474869, 0.7095568053050415, 0.7114430991688981, 0.7125056754341854, 0.715965391398325, 0.7183518646845943, 0.7183518646845943, 0.7193314459296094, 0.7193314459296094, 0.7214813682390941, 0.7225528061870391, 0.7225528061870391, 0.7246752979789848, 0.7246752979789848, 0.7246752979789848, 0.7246752979789848, 0.7246752979789848, 0.7246752979789848, 0.7246752979789848, 0.7276736503605534, 0.7276736503605534, 0.7292231542933668, 0.7306867695683148, 0.7306867695683148, 0.7306867695683148, 0.7306867695683148, 0.7306867695683148, 0.7306867695683148, 0.7326958528973664, 0.7326958528973664, 0.7326958528973664, 0.7384711749900765, 0.7384711749900765, 0.7384711749900765, 0.7406216887733335, 0.7406216887733335, 0.7406216887733335, 0.7406216887733335, 0.7406216887733335, 0.743052322482161, 0.743052322482161, 0.743052322482161, 0.743052322482161, 0.743052322482161, 0.743052322482161, 0.743052322482161, 0.743052322482161, 0.743052322482161, 0.743052322482161, 0.743052322482161, 0.743052322482161]
[0.22513525296903736, 0.22474633442320135, 0.23092445339170908, 0.226818568671792, 0.2321310925865893, 0.23145806066725283, 0.23530960939287665, 0.24744869151042947, 0.2586554740004627, 0.26266622532048234, 0.2673028990186323, 0.2683749525154271, 0.2704099099287545, 0.2712036608301648, 0.2836521095677662, 0.29360537058774633, 0.29978188294973884, 0.3063360948204541, 0.31523155359572275, 0.32218798991094705, 0.3224978482988618, 0.32549056088019734, 0.3317157535249096, 0.33904850243925416, 0.34189743796267397, 0.34916816015046404, 0.3525597666151873, 0.35388293971231066, 0.35858176058781793, 0.3603812686582989, 0.3714760819868488, 0.3772913651064351, 0.38515204097895467, 0.3908220883102035, 0.3986591775184405, 0.4018007473078019, 0.4041826308622746, 0.41203057380711905, 0.41203057380711905, 0.41835600063688205, 0.42078914817235613, 0.4263468784831983, 0.42977220575851477, 0.43965299113731726, 0.4475079718558808, 0.4475079718558808, 0.4501433732021629, 0.4501433732021629, 0.4569680946885406, 0.4603872138191452, 0.4603872138191452, 0.4669442026571222, 0.4669442026571222, 0.4669442026571222, 0.4669442026571222, 0.4669442026571222, 0.4669442026571222, 0.4669442026571222, 0.4748735464137495, 0.4748735464137495, 0.47924132042894946, 0.4840066064146066, 0.4840066064146066, 0.4840066064146066, 0.4840066064146066, 0.4840066064146066, 0.4840066064146066, 0.4899550868133747, 0.4899550868133747, 0.4899550868133747, 0.5073059874126793, 0.5073059874126793, 0.5073059874126793, 0.5136565533065451, 0.5136565533065451, 0.5136565533065451, 0.5136565533065451, 0.5136565533065451, 0.5211625836033598, 0.5211625836033598, 0.5211625836033598, 0.5211625836033598, 0.5211625836033598, 0.5211625836033598, 0.5211625836033598, 0.5211625836033598, 0.5211625836033598, 0.5211625836033598, 0.5211625836033598, 0.5211625836033598]
Training raw path: /home/anhnd/DTI Project/Codes/MPNN/data/KFold/ATCInchikeySideEffectByDrug.txt_train_1
('Number of substructures, proteins, pathways, drugs, se: ', 888, 1448, 330, 969, 331)
Train: 0.9205 0.8287
Test: 0.7561 0.5490
[0.6233143448307673, 0.6302361775608759, 0.6352400582625664, 0.6462360095634505, 0.6529082624987704, 0.6532453038502704, 0.6577750428981018, 0.6603377165836235, 0.6632126757199923, 0.6636900064111652, 0.6640815619372005, 0.6654036836963237, 0.666884894731098, 0.6660190947355041, 0.6712332076152318, 0.6755318567336219, 0.6783748574753321, 0.6798029866708257, 0.6830495026957311, 0.6852597987014316, 0.6854858377642129, 0.686994439119194, 0.6886632602019981, 0.6917965362934342, 0.6923965662268986, 0.6965770219659391, 0.6986867796365078, 0.6994551525553956, 0.7007815439359044, 0.7014869341127424, 0.7063345366446101, 0.7083333053038647, 0.7107742772145896, 0.7120187310960767, 0.7156398587146033, 0.7167928160518221, 0.7177090539239057, 0.7200903291747922, 0.7200903291747922, 0.7216065481556297, 0.7224623498806639, 0.7241877240485266, 0.7249125291015377, 0.7287125207491392, 0.7316811944642521, 0.7316811944642521, 0.7322086723285454, 0.7322086723285454, 0.7347071517812849, 0.7358810491211307, 0.7358810491211307, 0.7382939488206197, 0.7382939488206197, 0.7382939488206197, 0.7382939488206197, 0.7382939488206197, 0.7382939488206197, 0.7382939488206197, 0.7414224722058551, 0.7414224722058551, 0.7428172464522043, 0.7442064799566579, 0.7442064799566579, 0.7442064799566579, 0.7442064799566579, 0.7442064799566579, 0.7442064799566579, 0.7463000379628715, 0.7463000379628715, 0.7463000379628715, 0.7515455112597127, 0.7515455112597127, 0.7515455112597127, 0.7537880415220506, 0.7537880415220506, 0.7537880415220506, 0.7537880415220506, 0.7537880415220506, 0.7561266325061332, 0.7561266325061332, 0.7561266325061332, 0.7561266325061332, 0.7561266325061332, 0.7561266325061332, 0.7561266325061332, 0.7561266325061332, 0.7561266325061332, 0.7561266325061332, 0.7561266325061332, 0.7561266325061332]
[0.14948083505378373, 0.17031208747751614, 0.1847072525070305, 0.20100332551343264, 0.21015266497325824, 0.21113142624340955, 0.2195310790515282, 0.22932531960497912, 0.24135696233334597, 0.24565629276903284, 0.24937913164106645, 0.2519114007687278, 0.2607148124344594, 0.2619063817410294, 0.275141457022088, 0.28694213035666355, 0.2958477888792304, 0.302887948550889, 0.31198750951495113, 0.31576324540503625, 0.3174358957542993, 0.32192274776087193, 0.3276246873406595, 0.3371043583435348, 0.341297626670135, 0.3533619260923936, 0.3596821767036068, 0.3617586994787092, 0.36702037123818143, 0.369536268340637, 0.3841063474563888, 0.3894662919469416, 0.3986037596052729, 0.4040273472076975, 0.415646421763538, 0.42038542415209035, 0.42320272435161255, 0.4308013892427849, 0.4308013892427849, 0.43645095817965096, 0.4386724302254156, 0.44535509357228364, 0.44759730362246614, 0.46054897219604723, 0.47121239547591254, 0.47121239547591254, 0.47258783591360676, 0.47258783591360676, 0.48058563339494076, 0.48412926137289775, 0.48412926137289775, 0.49141943865211657, 0.49141943865211657, 0.49141943865211657, 0.49141943865211657, 0.49141943865211657, 0.49141943865211657, 0.49141943865211657, 0.5012386654048724, 0.5012386654048724, 0.504955384012646, 0.5097779154741895, 0.5097779154741895, 0.5097779154741895, 0.5097779154741895, 0.5097779154741895, 0.5097779154741895, 0.5167479551432856, 0.5167479551432856, 0.5167479551432856, 0.5336465866015991, 0.5336465866015991, 0.5336465866015991, 0.5409414688779739, 0.5409414688779739, 0.5409414688779739, 0.5409414688779739, 0.5409414688779739, 0.5490023986166788, 0.5490023986166788, 0.5490023986166788, 0.5490023986166788, 0.5490023986166788, 0.5490023986166788, 0.5490023986166788, 0.5490023986166788, 0.5490023986166788, 0.5490023986166788, 0.5490023986166788, 0.5490023986166788]
Training raw path: /home/anhnd/DTI Project/Codes/MPNN/data/KFold/ATCInchikeySideEffectByDrug.txt_train_2
('Number of substructures, proteins, pathways, drugs, se: ', 888, 1448, 330, 969, 331)
Train: 0.9183 0.8231
Test: 0.7427 0.5821
[0.6506391254778351, 0.6610742012541057, 0.6618523385583199, 0.6607404278569023, 0.6657056156853856, 0.6661736744174684, 0.667779070949936, 0.666336862147592, 0.6667083096957942, 0.6649939925875221, 0.6670316960474849, 0.6700610161157416, 0.6695653882521571, 0.6691487442916858, 0.6721144858092245, 0.6758436496686067, 0.6778149944632716, 0.679708862553033, 0.6818786327816594, 0.6834144649996287, 0.6835374035210772, 0.6846864183559118, 0.6861538138466367, 0.6872269931790227, 0.6879340848880686, 0.6902084983640046, 0.691129299051585, 0.6917119141189587, 0.6922678507812074, 0.6927542771251332, 0.6968736566437898, 0.6995104215223451, 0.701531128214298, 0.7032015510390874, 0.7052909796738902, 0.706138535304482, 0.7068467997958496, 0.7089115501732812, 0.7089115501732812, 0.7109968114980513, 0.7116311886517082, 0.7126376679194603, 0.7135113814193972, 0.716893923919476, 0.7192565702694005, 0.7192565702694005, 0.7200877350529813, 0.7200877350529813, 0.7215278378459774, 0.7227733383172967, 0.7227733383172967, 0.7246344980433204, 0.7246344980433204, 0.7246344980433204, 0.7246344980433204, 0.7246344980433204, 0.7246344980433204, 0.7246344980433204, 0.7274258037889885, 0.7274258037889885, 0.7290975652302587, 0.7308094395923985, 0.7308094395923985, 0.7308094395923985, 0.7308094395923985, 0.7308094395923985, 0.7308094395923985, 0.7328018286424769, 0.7328018286424769, 0.7328018286424769, 0.7383798418073901, 0.7383798418073901, 0.7383798418073901, 0.7404696955330003, 0.7404696955330003, 0.7404696955330003, 0.7404696955330003, 0.7404696955330003, 0.7427481761084055, 0.7427481761084055, 0.7427481761084055, 0.7427481761084055, 0.7427481761084055, 0.7427481761084055, 0.7427481761084055, 0.7427481761084055, 0.7427481761084055, 0.7427481761084055, 0.7427481761084055, 0.7427481761084055]
[0.2440270585318701, 0.25940873871657705, 0.26592308401941533, 0.27185244246455376, 0.2810749061799406, 0.28490464330253834, 0.28976284097656146, 0.2987660232944863, 0.30402992824598285, 0.3061252522654281, 0.314542118502568, 0.3214079101528589, 0.3241100875173101, 0.3264996861539515, 0.34181362791095565, 0.3523858071957595, 0.35793760347107695, 0.36712425721210484, 0.3779630939925828, 0.3860857652850854, 0.3875419553612409, 0.39312031612952103, 0.39982290376913854, 0.4071393936413648, 0.40917056244004923, 0.41789321382303524, 0.4216871055526785, 0.423300978297411, 0.426101623293904, 0.4278488455228809, 0.4400466280528992, 0.4483302940162242, 0.4557793019291944, 0.46267030440634205, 0.4701073724396615, 0.47364254956040674, 0.47606810920437803, 0.4842420131841115, 0.4842420131841115, 0.490353084308516, 0.491749338962445, 0.49556181113970343, 0.4977281414140891, 0.5075799677684165, 0.5139802530002935, 0.5139802530002935, 0.5164582883805523, 0.5164582883805523, 0.5212916275638819, 0.524699316905181, 0.524699316905181, 0.5300915029319051, 0.5300915029319051, 0.5300915029319051, 0.5300915029319051, 0.5300915029319051, 0.5300915029319051, 0.5300915029319051, 0.5381445263101254, 0.5381445263101254, 0.542662820503585, 0.5476352256744698, 0.5476352256744698, 0.5476352256744698, 0.5476352256744698, 0.5476352256744698, 0.5476352256744698, 0.5533199626696884, 0.5533199626696884, 0.5533199626696884, 0.5692778435977588, 0.5692778435977588, 0.5692778435977588, 0.5752908285611731, 0.5752908285611731, 0.5752908285611731, 0.5752908285611731, 0.5752908285611731, 0.5820789330394482, 0.5820789330394482, 0.5820789330394482, 0.5820789330394482, 0.5820789330394482, 0.5820789330394482, 0.5820789330394482, 0.5820789330394482, 0.5820789330394482, 0.5820789330394482, 0.5820789330394482, 0.5820789330394482]
Training raw path: /home/anhnd/DTI Project/Codes/MPNN/data/KFold/ATCInchikeySideEffectByDrug.txt_train_3
('Number of substructures, proteins, pathways, drugs, se: ', 888, 1448, 330, 969, 331)
Train: 0.9210 0.8313
Test: 0.7685 0.5760
[0.6988566633593817, 0.7131825232496929, 0.7055229356429826, 0.7034312129280237, 0.7131240252332459, 0.712405655855568, 0.7132789637687801, 0.7129543681954373, 0.7147744269419887, 0.7136184670306925, 0.7157901866193528, 0.7161126282452877, 0.7154202506610035, 0.714403901731921, 0.7172140038445269, 0.7205486831979392, 0.7218308839443849, 0.7213320442817033, 0.722421013205774, 0.7210503071487747, 0.7211248420228598, 0.7214677378522868, 0.7217681634115775, 0.7225463502668525, 0.7225603519051956, 0.7238437366378846, 0.7243141845944252, 0.7245076269876759, 0.7256184608959714, 0.7257992245951016, 0.7280140807168949, 0.7299824494905556, 0.7309894336627413, 0.7323256910023396, 0.7348686420610527, 0.7348909685111765, 0.735259952327844, 0.736591574612081, 0.736591574612081, 0.7376887136605074, 0.738542085856579, 0.7397928110757661, 0.7408790158984611, 0.7436357989855602, 0.7462322632398417, 0.7462322632398417, 0.7467900418929945, 0.7467900418929945, 0.7485394137686027, 0.7496955522771334, 0.7496955522771334, 0.7518028560695447, 0.7518028560695447, 0.7518028560695447, 0.7518028560695447, 0.7518028560695447, 0.7518028560695447, 0.7518028560695447, 0.7541947294512423, 0.7541947294512423, 0.7556475754230492, 0.7570999042691979, 0.7570999042691979, 0.7570999042691979, 0.7570999042691979, 0.7570999042691979, 0.7570999042691979, 0.7588218691408984, 0.7588218691408984, 0.7588218691408984, 0.764392346382189, 0.764392346382189, 0.764392346382189, 0.76639766795026, 0.76639766795026, 0.76639766795026, 0.76639766795026, 0.76639766795026, 0.7684548697968646, 0.7684548697968646, 0.7684548697968646, 0.7684548697968646, 0.7684548697968646, 0.7684548697968646, 0.7684548697968646, 0.7684548697968646, 0.7684548697968646, 0.7684548697968646, 0.7684548697968646, 0.7684548697968646]
[0.25720482112370613, 0.26808290805215196, 0.27897823754711204, 0.2823536190734495, 0.30163735527356733, 0.30662298839210705, 0.31003549737452873, 0.31828937252658723, 0.327013722682907, 0.3293111629468852, 0.3376652171896407, 0.3430622157165437, 0.3452415461541498, 0.3464056029113235, 0.35552716823497765, 0.36847182876046125, 0.37856047622745753, 0.38518111843400193, 0.39086425723747187, 0.3926055689102617, 0.39391850651931565, 0.39869452347367995, 0.4023410602680725, 0.40906763539039837, 0.40884645382963924, 0.41821944225371377, 0.4208610200350023, 0.42193604063454265, 0.4289553376571543, 0.43023702642122735, 0.4396599542704935, 0.446554027149741, 0.452060828074857, 0.45720388384597704, 0.46744846763466574, 0.4687829303967139, 0.4699947509297445, 0.4763845987843034, 0.4763845987843034, 0.48048947382741547, 0.4833534689420925, 0.4879438153095573, 0.4916789859644779, 0.5012094817432614, 0.5101495378884852, 0.5101495378884852, 0.5114539187665027, 0.5114539187665027, 0.51694843551443, 0.5201096187886072, 0.5201096187886072, 0.5256767633906905, 0.5256767633906905, 0.5256767633906905, 0.5256767633906905, 0.5256767633906905, 0.5256767633906905, 0.5256767633906905, 0.5325833856159727, 0.5325833856159727, 0.5368184246206932, 0.5410326149649924, 0.5410326149649924, 0.5410326149649924, 0.5410326149649924, 0.5410326149649924, 0.5410326149649924, 0.5468459786404848, 0.5468459786404848, 0.5468459786404848, 0.5632002118982138, 0.5632002118982138, 0.5632002118982138, 0.569571259091133, 0.569571259091133, 0.569571259091133, 0.569571259091133, 0.569571259091133, 0.5760150630262449, 0.5760150630262449, 0.5760150630262449, 0.5760150630262449, 0.5760150630262449, 0.5760150630262449, 0.5760150630262449, 0.5760150630262449, 0.5760150630262449, 0.5760150630262449, 0.5760150630262449, 0.5760150630262449]
Training raw path: /home/anhnd/DTI Project/Codes/MPNN/data/KFold/ATCInchikeySideEffectByDrug.txt_train_4
('Number of substructures, proteins, pathways, drugs, se: ', 888, 1448, 330, 969, 331)
Train: 0.9239 0.8383
Test: 0.7650 0.5555
[0.700816873759753, 0.6859877234492224, 0.687128118966559, 0.6908799949211877, 0.6898480453993696, 0.688628967441982, 0.687315348845847, 0.6944877341356203, 0.695043050977798, 0.6957654271333599, 0.6980170185494481, 0.6988379320719816, 0.6992075581116476, 0.6995987415957975, 0.7002399459172199, 0.7025884767739368, 0.7038303073753932, 0.7043875574580767, 0.7066321637237751, 0.7098873608629925, 0.7097545827956364, 0.7119193907072688, 0.7131295262715852, 0.7144111764692511, 0.7154580543653987, 0.7158467850858942, 0.7167086281689496, 0.716553417008171, 0.7176640047638165, 0.718454724069195, 0.7213718757923084, 0.7227824753014334, 0.723960480874801, 0.7254725604098258, 0.7274011365555715, 0.7286088552480641, 0.7291716263837686, 0.7315413405549194, 0.7315413405549194, 0.732801484824565, 0.7335116340010084, 0.7341415656448874, 0.7350901104758065, 0.7380176556168377, 0.7404302126145537, 0.7404302126145537, 0.7413930195229914, 0.7413930195229914, 0.7430773926683679, 0.7437867371542316, 0.7437867371542316, 0.7461870176794166, 0.7461870176794166, 0.7461870176794166, 0.7461870176794166, 0.7461870176794166, 0.7461870176794166, 0.7461870176794166, 0.7490281251389719, 0.7490281251389719, 0.7505438563369227, 0.7522340212382288, 0.7522340212382288, 0.7522340212382288, 0.7522340212382288, 0.7522340212382288, 0.7522340212382288, 0.7541658434394098, 0.7541658434394098, 0.7541658434394098, 0.7606951813141947, 0.7606951813141947, 0.7606951813141947, 0.7627770510218652, 0.7627770510218652, 0.7627770510218652, 0.7627770510218652, 0.7627770510218652, 0.7650310111733889, 0.7650310111733889, 0.7650310111733889, 0.7650310111733889, 0.7650310111733889, 0.7650310111733889, 0.7650310111733889, 0.7650310111733889, 0.7650310111733889, 0.7650310111733889, 0.7650310111733889, 0.7650310111733889]
[0.2570155627299623, 0.27753607052850393, 0.2785184851148036, 0.29251589011415247, 0.30307927029034565, 0.30599329716696383, 0.30611439532185236, 0.32034628394774867, 0.3259220010185676, 0.3295203040869403, 0.3343777727604407, 0.33947302943786883, 0.34240013431739563, 0.34809412410768303, 0.35359557458223656, 0.3560029857701016, 0.3610305968330157, 0.36257428066515857, 0.3690947024070099, 0.3754247366036322, 0.37605433515461173, 0.38306004541424804, 0.3853098232386236, 0.39096202717213435, 0.39243569756675156, 0.39657165502165315, 0.39976503730817453, 0.4003693335418209, 0.40659905647589883, 0.4095593666569578, 0.41985872472564323, 0.42375065496100484, 0.4312501178512843, 0.4359381795768421, 0.44376774847079326, 0.4463035190402959, 0.44800503768535954, 0.45567388390768415, 0.45567388390768415, 0.45964499897994393, 0.46156739026551125, 0.46516032911745875, 0.46758403365018997, 0.4768298720028058, 0.48278872869905676, 0.48278872869905676, 0.4854250392773825, 0.4854250392773825, 0.49068343794311114, 0.4927169749376951, 0.4927169749376951, 0.4987556996705358, 0.4987556996705358, 0.4987556996705358, 0.4987556996705358, 0.4987556996705358, 0.4987556996705358, 0.4987556996705358, 0.5070091230635505, 0.5070091230635505, 0.5111042607738773, 0.5159637759994768, 0.5159637759994768, 0.5159637759994768, 0.5159637759994768, 0.5159637759994768, 0.5159637759994768, 0.5223101322567409, 0.5223101322567409, 0.5223101322567409, 0.5423607579333282, 0.5423607579333282, 0.5423607579333282, 0.5486253880652197, 0.5486253880652197, 0.5486253880652197, 0.5486253880652197, 0.5486253880652197, 0.5554744363179467, 0.5554744363179467, 0.5554744363179467, 0.5554744363179467, 0.5554744363179467, 0.5554744363179467, 0.5554744363179467, 0.5554744363179467, 0.5554744363179467, 0.5554744363179467, 0.5554744363179467, 0.5554744363179467]
Training raw path: /home/anhnd/DTI Project/Codes/MPNN/data/KFold/ATCInchikeySideEffectByDrug.txt_train_5
('Number of substructures, proteins, pathways, drugs, se: ', 888, 1448, 330, 969, 331)
Train: 0.9256 0.8405
Test: 0.7446 0.5154
[0.648381595609962, 0.6518991406661443, 0.6488336350235289, 0.6512660437075405, 0.6513271741523374, 0.6508038939878547, 0.6550058056264476, 0.663269410907111, 0.6650599412566811, 0.666902654601794, 0.6684894830806359, 0.6692137891099563, 0.672134739691252, 0.6709290034646779, 0.6733267697381972, 0.6779821719934735, 0.6795505803479023, 0.6819869772315453, 0.6838191567721403, 0.6869007107343026, 0.6870492688245442, 0.6882552826993387, 0.689495500309024, 0.6895633427654628, 0.6902186873986454, 0.6906937350741078, 0.6919068662629908, 0.691922198149826, 0.6918387113828316, 0.6919580153504382, 0.6957871974654865, 0.6975263390694877, 0.6997308266632246, 0.7011901839332401, 0.7030828789083521, 0.7038432608771369, 0.7041234189786969, 0.7061723977562177, 0.7061723977562177, 0.7085569064709293, 0.7091410034187414, 0.7105861799883832, 0.7113024437261262, 0.7152962730404719, 0.7176728646684135, 0.7176728646684135, 0.7183081532494596, 0.7183081532494596, 0.7210619259610379, 0.7221566684072578, 0.7221566684072578, 0.7252732124220661, 0.7252732124220661, 0.7252732124220661, 0.7252732124220661, 0.7252732124220661, 0.7252732124220661, 0.7252732124220661, 0.7280453577334773, 0.7280453577334773, 0.7294310004968304, 0.7314234722131177, 0.7314234722131177, 0.7314234722131177, 0.7314234722131177, 0.7314234722131177, 0.7314234722131177, 0.7337547451188511, 0.7337547451188511, 0.7337547451188511, 0.7401403167241822, 0.7401403167241822, 0.7401403167241822, 0.7422445180578354, 0.7422445180578354, 0.7422445180578354, 0.7422445180578354, 0.7422445180578354, 0.7446120127066795, 0.7446120127066795, 0.7446120127066795, 0.7446120127066795, 0.7446120127066795, 0.7446120127066795, 0.7446120127066795, 0.7446120127066795, 0.7446120127066795, 0.7446120127066795, 0.7446120127066795, 0.7446120127066795]
[0.1844799878790217, 0.2159451140170781, 0.21298968380295463, 0.22514520768766544, 0.23643425821198621, 0.23892108259725253, 0.24618592845578086, 0.26010231872513034, 0.2664853449617108, 0.2697344265836702, 0.275733821983486, 0.2804581509960815, 0.28809108790948823, 0.28744077771917675, 0.29449614766488874, 0.30470715214704075, 0.3075077950112738, 0.31617664879405855, 0.3216689317241202, 0.3259242982641188, 0.3265539576804018, 0.3320559032992063, 0.33765026781037194, 0.34122288645601145, 0.3435963685568818, 0.34883218612951894, 0.3523698762368225, 0.35230884728186607, 0.3545214363707755, 0.3547517423784979, 0.3676236647165396, 0.37371460399538875, 0.3812708772018816, 0.3858769122716932, 0.39201694033824386, 0.39426590225323704, 0.39657910565265564, 0.40412771071017717, 0.40412771071017717, 0.4104265298638476, 0.41279444975460766, 0.4173509993004151, 0.41984582483108435, 0.43174220798311685, 0.43861686022454266, 0.43861686022454266, 0.4403322870182851, 0.4403322870182851, 0.4481660921212631, 0.45125543592386574, 0.45125543592386574, 0.45995936139931015, 0.45995936139931015, 0.45995936139931015, 0.45995936139931015, 0.45995936139931015, 0.45995936139931015, 0.45995936139931015, 0.4679777770728559, 0.4679777770728559, 0.47112391847130713, 0.4770209298375625, 0.4770209298375625, 0.4770209298375625, 0.4770209298375625, 0.4770209298375625, 0.4770209298375625, 0.483884671317563, 0.483884671317563, 0.483884671317563, 0.502652487403138, 0.502652487403138, 0.502652487403138, 0.5083128414928678, 0.5083128414928678, 0.5083128414928678, 0.5083128414928678, 0.5083128414928678, 0.5153632036276263, 0.5153632036276263, 0.5153632036276263, 0.5153632036276263, 0.5153632036276263, 0.5153632036276263, 0.5153632036276263, 0.5153632036276263, 0.5153632036276263, 0.5153632036276263, 0.5153632036276263, 0.5153632036276263]
Training raw path: /home/anhnd/DTI Project/Codes/MPNN/data/KFold/ATCInchikeySideEffectByDrug.txt_train_6
('Number of substructures, proteins, pathways, drugs, se: ', 888, 1448, 330, 969, 331)
Train: 0.9283 0.8467
Test: 0.7482 0.5212
[0.6488877111305095, 0.659393708293613, 0.6703421130958722, 0.6710412126373917, 0.6771779717777057, 0.6754685579196218, 0.6768705137660531, 0.676466852296434, 0.6787666764306447, 0.6789170293782749, 0.6766783283999233, 0.6774128061295253, 0.6760429691889542, 0.6766106236979348, 0.6782830587206462, 0.6837919052566405, 0.6853966180499784, 0.6863145137047145, 0.6870863489155696, 0.6870482660529895, 0.6875949394307653, 0.6878787642791448, 0.6877570454225701, 0.6886007863131004, 0.6883960148571161, 0.6922649909937847, 0.693197915765599, 0.6937672175701225, 0.6953455562931776, 0.6958835860901964, 0.6987046132239293, 0.7015621663469764, 0.702658850601585, 0.7041325489910844, 0.7065972245205595, 0.7072017490478549, 0.707997760009828, 0.7104681524619046, 0.7104681524619046, 0.7127834493826827, 0.7138686782086429, 0.7146532319570537, 0.7157712305384661, 0.7189853051831955, 0.7214460598265733, 0.7214460598265733, 0.7226772886197512, 0.7226772886197512, 0.7243944919560917, 0.7256688883200837, 0.7256688883200837, 0.728042268943682, 0.728042268943682, 0.728042268943682, 0.728042268943682, 0.728042268943682, 0.728042268943682, 0.728042268943682, 0.7309005306815617, 0.7309005306815617, 0.7321830641844376, 0.734392988161505, 0.734392988161505, 0.734392988161505, 0.734392988161505, 0.734392988161505, 0.734392988161505, 0.7364276805629317, 0.7364276805629317, 0.7364276805629317, 0.7434378759125506, 0.7434378759125506, 0.7434378759125506, 0.7454048028649269, 0.7454048028649269, 0.7454048028649269, 0.7454048028649269, 0.7454048028649269, 0.748170437467205, 0.748170437467205, 0.748170437467205, 0.748170437467205, 0.748170437467205, 0.748170437467205, 0.748170437467205, 0.748170437467205, 0.748170437467205, 0.748170437467205, 0.748170437467205, 0.748170437467205]
[0.19676132026488488, 0.21745212590990062, 0.2444221878033584, 0.25660849989834433, 0.27598642185294564, 0.2785947374126743, 0.2831765453571001, 0.2926635812892164, 0.29963473329915397, 0.30140657890414546, 0.303369967076093, 0.3088882376506967, 0.3092741349576211, 0.31010633373318475, 0.3158378670532258, 0.3259651406124904, 0.33315669617945326, 0.3375563836120491, 0.3416551988554856, 0.34133133389142445, 0.3422239967575163, 0.3442259469054412, 0.34730583808014537, 0.35230607709441214, 0.3547456730562544, 0.36484880652804597, 0.36683766434476694, 0.36806568872538653, 0.3740939333871732, 0.37553515483270183, 0.3841608034946329, 0.39131756175026955, 0.3953000049948926, 0.4003992670447827, 0.4068857072531763, 0.40931300397599046, 0.4109804647561804, 0.41872241742495775, 0.41872241742495775, 0.42534445845842245, 0.4273994380530615, 0.4310799884489848, 0.43341001173972354, 0.44179851893794264, 0.4487506525459771, 0.4487506525459771, 0.4521898727370364, 0.4521898727370364, 0.4566176973362405, 0.4606438138483716, 0.4606438138483716, 0.4666923617590776, 0.4666923617590776, 0.4666923617590776, 0.4666923617590776, 0.4666923617590776, 0.4666923617590776, 0.4666923617590776, 0.4743225053176014, 0.4743225053176014, 0.4772241289685728, 0.48319165175822826, 0.48319165175822826, 0.48319165175822826, 0.48319165175822826, 0.48319165175822826, 0.48319165175822826, 0.48828029096460823, 0.48828029096460823, 0.48828029096460823, 0.5078619252653367, 0.5078619252653367, 0.5078619252653367, 0.5129086739842523, 0.5129086739842523, 0.5129086739842523, 0.5129086739842523, 0.5129086739842523, 0.5211857577038042, 0.5211857577038042, 0.5211857577038042, 0.5211857577038042, 0.5211857577038042, 0.5211857577038042, 0.5211857577038042, 0.5211857577038042, 0.5211857577038042, 0.5211857577038042, 0.5211857577038042, 0.5211857577038042]
Training raw path: /home/anhnd/DTI Project/Codes/MPNN/data/KFold/ATCInchikeySideEffectByDrug.txt_train_7
('Number of substructures, proteins, pathways, drugs, se: ', 888, 1448, 330, 969, 331)
Train: 0.9266 0.8431
Test: 0.7603 0.5585
[0.6774151036021046, 0.6746964645443612, 0.6846586911638816, 0.6843464210562676, 0.6835038472014162, 0.6840797550527371, 0.684631106147441, 0.6833548114640975, 0.6857937427605979, 0.6867580294194569, 0.6861025126178671, 0.6869896386610466, 0.6892751719637642, 0.689434643656881, 0.6924404700351938, 0.6949206991390086, 0.6971923188179493, 0.6993736995080284, 0.7012690312846374, 0.701636559423455, 0.7017798793362976, 0.7023668909212611, 0.7020058389759123, 0.7024947020511568, 0.7027623724594795, 0.7043078716478314, 0.7050038678803945, 0.7056313913695607, 0.7065092689301022, 0.7071271528508845, 0.7107816121533455, 0.7129969600760944, 0.7140116237108707, 0.7162469812600284, 0.7186662455875227, 0.7193098610752169, 0.7198802835604106, 0.7214529867437744, 0.7214529867437744, 0.7238109267002163, 0.7246680759890861, 0.7267236069784282, 0.7277072337250465, 0.7324934398800945, 0.7348237978075641, 0.7348237978075641, 0.7359665455633169, 0.7359665455633169, 0.7380295756641881, 0.7391700852323511, 0.7391700852323511, 0.7415024202975831, 0.7415024202975831, 0.7415024202975831, 0.7415024202975831, 0.7415024202975831, 0.7415024202975831, 0.7415024202975831, 0.7446677763724159, 0.7446677763724159, 0.7463300593811746, 0.7478668474327277, 0.7478668474327277, 0.7478668474327277, 0.7478668474327277, 0.7478668474327277, 0.7478668474327277, 0.7496227558211506, 0.7496227558211506, 0.7496227558211506, 0.7560118768092893, 0.7560118768092893, 0.7560118768092893, 0.7580043382111166, 0.7580043382111166, 0.7580043382111166, 0.7580043382111166, 0.7580043382111166, 0.760274133672081, 0.760274133672081, 0.760274133672081, 0.760274133672081, 0.760274133672081, 0.760274133672081, 0.760274133672081, 0.760274133672081, 0.760274133672081, 0.760274133672081, 0.760274133672081, 0.760274133672081]
[0.2136641069525782, 0.24238340342785467, 0.26409620615958396, 0.27661728759204596, 0.270195750327182, 0.27144635307281284, 0.27528823489126136, 0.28698943492512424, 0.29588295466711145, 0.29999041284984107, 0.3004183775261266, 0.30468145545489556, 0.3104725042860901, 0.3127117761538673, 0.3224627037089556, 0.3347532735492197, 0.34019251008822415, 0.3494333086296544, 0.35792798522881264, 0.36344312747410945, 0.362833491833242, 0.36518553499959705, 0.36886789013686494, 0.3728061177508759, 0.37366816888932003, 0.3849209911569291, 0.387841391614915, 0.3899033867798685, 0.393231042205772, 0.39410637885741767, 0.40598264218152114, 0.4130114449157877, 0.41605851251617215, 0.42109324647741897, 0.42883790561301216, 0.4324483793072389, 0.43445880004554305, 0.4408911664483887, 0.4408911664483887, 0.4493567635807456, 0.4517495650134615, 0.4577147979187952, 0.46037205183445706, 0.4741702797311456, 0.48157955588533796, 0.48157955588533796, 0.48416603801293384, 0.48416603801293384, 0.49102838498542, 0.4942664199681459, 0.4942664199681459, 0.5014341791489327, 0.5014341791489327, 0.5014341791489327, 0.5014341791489327, 0.5014341791489327, 0.5014341791489327, 0.5014341791489327, 0.5112182350324134, 0.5112182350324134, 0.5160734770993032, 0.5205522485875109, 0.5205522485875109, 0.5205522485875109, 0.5205522485875109, 0.5205522485875109, 0.5205522485875109, 0.5256957081879934, 0.5256957081879934, 0.5256957081879934, 0.5456263979655058, 0.5456263979655058, 0.5456263979655058, 0.5515832062993866, 0.5515832062993866, 0.5515832062993866, 0.5515832062993866, 0.5515832062993866, 0.5585289561900393, 0.5585289561900393, 0.5585289561900393, 0.5585289561900393, 0.5585289561900393, 0.5585289561900393, 0.5585289561900393, 0.5585289561900393, 0.5585289561900393, 0.5585289561900393, 0.5585289561900393, 0.5585289561900393]
Training raw path: /home/anhnd/DTI Project/Codes/MPNN/data/KFold/ATCInchikeySideEffectByDrug.txt_train_8
('Number of substructures, proteins, pathways, drugs, se: ', 888, 1448, 330, 969, 331)
Train: 0.9225 0.8358
Test: 0.7473 0.5011
[0.6577078396901832, 0.6740825396825396, 0.6710361117515014, 0.6636189636139922, 0.6644662757313912, 0.6664776663258606, 0.6652358880931292, 0.6629259942035519, 0.6655187541955827, 0.6663975901606325, 0.6649132403902027, 0.664540943724854, 0.6685810805027689, 0.6700267797839872, 0.6706406902892053, 0.6743330499494182, 0.6752838638830244, 0.6772782202029185, 0.6809012186036454, 0.6789326620524376, 0.6792796002209152, 0.6802434385746996, 0.681097933347694, 0.6812350646520067, 0.679887110716009, 0.683636543762333, 0.685370268403275, 0.685348465937336, 0.6874321331365374, 0.6883220496745603, 0.6926238441955823, 0.6952920216074714, 0.6972791271311839, 0.6990702918015104, 0.7020585850489013, 0.7027543914104113, 0.7032100149500119, 0.7057871034773047, 0.7057871034773047, 0.7078495949536792, 0.708781401652324, 0.7106534530352285, 0.7116607670960945, 0.7157465723450466, 0.7186433094707815, 0.7186433094707815, 0.7193532686764893, 0.7193532686764893, 0.7219210435550125, 0.7233197923443812, 0.7233197923443812, 0.7260522850879321, 0.7260522850879321, 0.7260522850879321, 0.7260522850879321, 0.7260522850879321, 0.7260522850879321, 0.7260522850879321, 0.7295585290265219, 0.7295585290265219, 0.7312349936871259, 0.7330150473975998, 0.7330150473975998, 0.7330150473975998, 0.7330150473975998, 0.7330150473975998, 0.7330150473975998, 0.7349411315893569, 0.7349411315893569, 0.7349411315893569, 0.7421385057479544, 0.7421385057479544, 0.7421385057479544, 0.7444704139563367, 0.7444704139563367, 0.7444704139563367, 0.7444704139563367, 0.7444704139563367, 0.7472647635166203, 0.7472647635166203, 0.7472647635166203, 0.7472647635166203, 0.7472647635166203, 0.7472647635166203, 0.7472647635166203, 0.7472647635166203, 0.7472647635166203, 0.7472647635166203, 0.7472647635166203, 0.7472647635166203]
[0.20545959833345373, 0.20214472886090748, 0.20177424497057883, 0.20122277962392746, 0.20857619653256826, 0.2116723549965601, 0.212805651431142, 0.21423491584167356, 0.21907428383213123, 0.22161606457264715, 0.2241790608435043, 0.2268711663124182, 0.23631084170716835, 0.2388581004362758, 0.24463534566288986, 0.25249733244145567, 0.25874513791910664, 0.26629626165490117, 0.275732299864044, 0.2809076867022786, 0.2817836212854802, 0.28723841170711917, 0.2943143875256482, 0.29924731475523897, 0.2987700243745759, 0.3091960457500229, 0.3137364367293186, 0.31443411682441047, 0.3202921098707562, 0.3230353618813345, 0.3348302754983466, 0.34155669851401427, 0.34930240772803417, 0.3550208520056878, 0.36465258713709886, 0.3703976789000466, 0.371638585109171, 0.3814172098507935, 0.3814172098507935, 0.38777052778785415, 0.391060429504278, 0.39701374790090466, 0.3996940614073007, 0.41119951280965017, 0.4209881596380378, 0.4209881596380378, 0.4230869297665053, 0.4230869297665053, 0.43018738661610756, 0.4339900809591776, 0.4339900809591776, 0.4400954826105962, 0.4400954826105962, 0.4400954826105962, 0.4400954826105962, 0.4400954826105962, 0.4400954826105962, 0.4400954826105962, 0.44945454431340315, 0.44945454431340315, 0.4541449910220725, 0.4588237656105243, 0.4588237656105243, 0.4588237656105243, 0.4588237656105243, 0.4588237656105243, 0.4588237656105243, 0.46430230368655057, 0.46430230368655057, 0.46430230368655057, 0.48566862761344365, 0.48566862761344365, 0.48566862761344365, 0.49237288114561467, 0.49237288114561467, 0.49237288114561467, 0.49237288114561467, 0.49237288114561467, 0.5011360021315119, 0.5011360021315119, 0.5011360021315119, 0.5011360021315119, 0.5011360021315119, 0.5011360021315119, 0.5011360021315119, 0.5011360021315119, 0.5011360021315119, 0.5011360021315119, 0.5011360021315119, 0.5011360021315119]
Training raw path: /home/anhnd/DTI Project/Codes/MPNN/data/KFold/ATCInchikeySideEffectByDrug.txt_train_9
('Number of substructures, proteins, pathways, drugs, se: ', 888, 1448, 330, 969, 331)
Train: 0.9249 0.8381
Test: 0.7409 0.5384
[0.639364394396324, 0.6517927243793705, 0.6582000265565271, 0.6549642764973356, 0.6595886358425052, 0.6582957204008419, 0.661635442104192, 0.6615933319415201, 0.6643494768626298, 0.665119091311421, 0.6673505627088885, 0.6688525271895418, 0.6693808838587738, 0.6682147511836843, 0.6715848083962075, 0.6753461165398766, 0.6784164336300759, 0.6798481189094361, 0.6829337186813136, 0.6834231233281509, 0.6836756263263639, 0.6852544646666402, 0.6864279376435659, 0.6879521005979788, 0.6887421771398231, 0.6910428652748634, 0.690893983857991, 0.691489932191612, 0.6930178846133863, 0.6937011594000764, 0.6962356448536353, 0.6983922161789498, 0.6998037732617263, 0.7010761046958941, 0.7035504959854868, 0.7045596571718913, 0.7049241044307912, 0.7067352638511235, 0.7067352638511235, 0.7085080632780996, 0.7088895764750652, 0.7108892974970725, 0.7116818333110545, 0.7147195140168301, 0.7173211146422536, 0.7173211146422536, 0.7178640128978042, 0.7178640128978042, 0.7197864883915877, 0.7206458701907812, 0.7206458701907812, 0.723058795243118, 0.723058795243118, 0.723058795243118, 0.723058795243118, 0.723058795243118, 0.723058795243118, 0.723058795243118, 0.7258439759569304, 0.7258439759569304, 0.7274885660477017, 0.7292200502205946, 0.7292200502205946, 0.7292200502205946, 0.7292200502205946, 0.7292200502205946, 0.7292200502205946, 0.7309211474923167, 0.7309211474923167, 0.7309211474923167, 0.7366825892273583, 0.7366825892273583, 0.7366825892273583, 0.7387369211128818, 0.7387369211128818, 0.7387369211128818, 0.7387369211128818, 0.7387369211128818, 0.7409345054588374, 0.7409345054588374, 0.7409345054588374, 0.7409345054588374, 0.7409345054588374, 0.7409345054588374, 0.7409345054588374, 0.7409345054588374, 0.7409345054588374, 0.7409345054588374, 0.7409345054588374, 0.7409345054588374]
[0.17090177398762885, 0.21902282335506415, 0.2417258749957652, 0.24829304877243358, 0.25811945074134435, 0.25784328629322784, 0.26308164638072257, 0.27087881871517944, 0.2822951694075635, 0.2867828830712311, 0.2953228006110701, 0.30099848864986, 0.30639470954949355, 0.30744912498524624, 0.31356993116863896, 0.32480928490338656, 0.33281584512600876, 0.3409893018612915, 0.3522912362252245, 0.3537167439972036, 0.3546718652062938, 0.35901027793742774, 0.3634221524037211, 0.36767282751725966, 0.37088404330325914, 0.37645539699086106, 0.37687396083502606, 0.37887469304823396, 0.38422903341574804, 0.3860705991629234, 0.39495568685688026, 0.40088627180417, 0.4087808747540978, 0.41185407951801833, 0.4214260815314634, 0.4257790964960811, 0.4271334180374383, 0.4343719276449909, 0.4343719276449909, 0.44098917549976757, 0.4422176867844375, 0.44921687687781614, 0.45184548693096044, 0.4620034577960922, 0.4696060602712028, 0.4696060602712028, 0.47094790071883585, 0.47094790071883585, 0.47676403229545994, 0.4791990182281347, 0.4791990182281347, 0.486325916103507, 0.486325916103507, 0.486325916103507, 0.486325916103507, 0.486325916103507, 0.486325916103507, 0.486325916103507, 0.49412791498892594, 0.49412791498892594, 0.49886081277176886, 0.5042948782120378, 0.5042948782120378, 0.5042948782120378, 0.5042948782120378, 0.5042948782120378, 0.5042948782120378, 0.5091820638252239, 0.5091820638252239, 0.5091820638252239, 0.5260542305254663, 0.5260542305254663, 0.5260542305254663, 0.5318144944709777, 0.5318144944709777, 0.5318144944709777, 0.5318144944709777, 0.5318144944709777, 0.5384233292900302, 0.5384233292900302, 0.5384233292900302, 0.5384233292900302, 0.5384233292900302, 0.5384233292900302, 0.5384233292900302, 0.5384233292900302, 0.5384233292900302, 0.5384233292900302, 0.5384233292900302, 0.5384233292900302]
AUC: 0.7517 0.0030
AUPR: 0.5418 0.0081
('RARE AUC', [(0.6588427941058328, 0.007665679322346131), (0.6659570634000943, 0.006775890091016193), (0.6683844427862906, 0.0060725324384319585), (0.6687939814768676, 0.005556883875894548), (0.6719122131204538, 0.0057636120140151645), (0.6714077417615066, 0.005743817821548645), (0.6728419233007612, 0.005430151977430279), (0.674158085740318, 0.005355128284140862), (0.6762142032279159, 0.005249335305955262), (0.6765605072816988, 0.005148434404749049), (0.6773327190016092, 0.00524709738483926), (0.6783264591553976, 0.005175397352729659), (0.6792901733894774, 0.004990791915416208), (0.6790028616747391, 0.004998294624702038), (0.6815542143790289, 0.004902183219277148), (0.6852710156384693, 0.0047702654638310145), (0.6871404526175487, 0.004695135763180825), (0.6885578975110813, 0.004491401821512929), (0.6909467203981894, 0.004301399062352666), (0.6918965456345871, 0.0042222245290138155), (0.6920502792673591, 0.004200429968141266), (0.6930508919272969, 0.004202735299437259), (0.6939119682969459, 0.004127496596243421), (0.6950574986099581, 0.004095330113357448), (0.6954040088088018, 0.0041403392996236955), (0.6976334051510901, 0.003911948716452283), (0.6985427300089595, 0.0038757761471894677), (0.6988996707321358, 0.0038524889005393994), (0.7000363677281605, 0.0038318348431200405), (0.700615635891537, 0.0038113330950754532), (0.7040821696023933, 0.0036931360175790364), (0.7062380206637019, 0.003628716931456564), (0.7079079511263914, 0.0035230483430967676), (0.7094741987653509, 0.0035147949413472067), (0.7119841707223584, 0.0035050726867917885), (0.7127722324434295, 0.0034716446031939348), (0.7133377578904698, 0.003470769612756794), (0.7154169547834623, 0.0034175706582286695), (0.7154169547834623, 0.0034175706582286695), (0.7173329399871846, 0.00330696353628939), (0.7181052799438861, 0.0033199914955089923), (0.7195708637313705, 0.0032674712772742857), (0.7205022220726176, 0.003279006882263171), (0.7240466395134977, 0.0032350945257204043), (0.7265859251688228, 0.0032369262055627532), (0.7265859251688228, 0.0032369262055627532), (0.7273980183733944, 0.0032365239250325833), (0.7273980183733944, 0.0032365239250325833), (0.7294526689831244, 0.0031993820902139944), (0.7305650787551686, 0.0031836450732313803), (0.7305650787551686, 0.0031836450732313803), (0.7329522600586268, 0.0031597500065767125), (0.7329522600586268, 0.0031597500065767125), (0.7329522600586268, 0.0031597500065767125), (0.7329522600586268, 0.0031597500065767125), (0.7329522600586268, 0.0031597500065767125), (0.7329522600586268, 0.0031597500065767125), (0.7329522600586268, 0.0031597500065767125), (0.7358760950716519, 0.0031335658358494036), (0.7358760950716519, 0.0031335658358494036), (0.7373997081533072, 0.0031266338354189603), (0.7390955020050343, 0.0030897791992627616), (0.7390955020050343, 0.0030897791992627616), (0.7390955020050343, 0.0030897791992627616), (0.7390955020050343, 0.0030897791992627616), (0.7390955020050343, 0.0030897791992627616), (0.7390955020050343, 0.0030897791992627616), (0.7410452892667629, 0.003067966937003399), (0.7410452892667629, 0.003067966937003399), (0.7410452892667629, 0.003067966937003399), (0.7471895220174899, 0.0030470365465187456), (0.7471895220174899, 0.0030470365465187456), (0.7471895220174899, 0.0030470365465187456), (0.7492915139003606, 0.00303811082690265), (0.7492915139003606, 0.00303811082690265), (0.7492915139003606, 0.00303811082690265), (0.7492915139003606, 0.00303811082690265), (0.7492915139003606, 0.00303811082690265), (0.7516668864888376, 0.0030078621107040536), (0.7516668864888376, 0.0030078621107040536), (0.7516668864888376, 0.0030078621107040536), (0.7516668864888376, 0.0030078621107040536), (0.7516668864888376, 0.0030078621107040536), (0.7516668864888376, 0.0030078621107040536), (0.7516668864888376, 0.0030078621107040536), (0.7516668864888376, 0.0030078621107040536), (0.7516668864888376, 0.0030078621107040536), (0.7516668864888376, 0.0030078621107040536), (0.7516668864888376, 0.0030078621107040536), (0.7516668864888376, 0.0030078621107040536)])
('RARE AUPR', [(0.21041303178259269, 0.01089760712647918), (0.2297034334768755, 0.009782116523592944), (0.24040597103123118, 0.009801487335635703), (0.24824306694117976, 0.009995556729423892), (0.2577387366969728, 0.0103955526398714), (0.25985882301447993, 0.010664532284150176), (0.2641291428633354, 0.010388108554632972), (0.27390447603805546, 0.010823769008582635), (0.28203505744489366, 0.01064972483514968), (0.2852809603370304, 0.010576093941885729), (0.2902291167152628, 0.0108903233665888), (0.2946127007655378, 0.011280436214454742), (0.29934197687619307, 0.010618446667709324), (0.3010675568771903, 0.010794904765864588), (0.3100731932576623, 0.010774846368095607), (0.3200140306324325, 0.010747522245264735), (0.32655763326845866, 0.010847798092782721), (0.3334555604234563, 0.010707312137247443), (0.3414416768645425, 0.010580101269392895), (0.34573904964440977, 0.010559832046976973), (0.34655154738512634, 0.010566510907423686), (0.35100042685073096, 0.010634215478814608), (0.35583747640981556, 0.0103729032619351), (0.36165771405604846, 0.010416156700722434), (0.363531205664954, 0.010372878267724988), (0.3719467823896638, 0.01021462625277181), (0.37522144359754983, 0.010066935455228446), (0.376483472432456, 0.01012282487376893), (0.38136257045031813, 0.010139110657977023), (0.38310620127128775, 0.010110958354649511), (0.3942700809240194, 0.009958088686691314), (0.4005879214159977, 0.01002116879658331), (0.40735587256346417, 0.00987808099459971), (0.4124906160664663, 0.009919622899933615), (0.42094484097000934, 0.009945342387860882), (0.4243119231389903, 0.009756952960401301), (0.4262243626634358, 0.009761695108961415), (0.43386628910053104, 0.009602871383256632), (0.43386628910053104, 0.009602871383256632), (0.43991819711230457, 0.009459158714430047), (0.44213533456776666, 0.009372758668627574), (0.4472744338069118, 0.009243269940903227), (0.4499528107153264, 0.009254944983255842), (0.46067352621057955, 0.009149415291660072), (0.4685180175484727, 0.009037718832422293), (0.4685180175484727, 0.009037718832422293), (0.4706791483793804, 0.00900604630708125), (0.4706791483793804, 0.00900604630708125), (0.4769240822459396, 0.00882838782098445), (0.48013971547512224, 0.008770430859859613), (0.48013971547512224, 0.008770430859859613), (0.4867394908323794, 0.008639724472482388), (0.4867394908323794, 0.008639724472482388), (0.4867394908323794, 0.008639724472482388), (0.4867394908323794, 0.008639724472482388), (0.4867394908323794, 0.008639724472482388), (0.4867394908323794, 0.008639724472482388), (0.4867394908323794, 0.008639724472482388), (0.49509502235334707, 0.008577892737120459), (0.49509502235334707, 0.008577892737120459), (0.4992209538672775, 0.008639057459782759), (0.5042299612533598, 0.00855978055964983), (0.5042299612533598, 0.00855978055964983), (0.5042299612533598, 0.00855978055964983), (0.5042299612533598, 0.00855978055964983), (0.5042299612533598, 0.00855978055964983), (0.5042299612533598, 0.00855978055964983), (0.5100524153505515, 0.008556956532366407), (0.5100524153505515, 0.008556956532366407), (0.5100524153505515, 0.008556956532366407), (0.528365505621647, 0.00822337903351263), (0.528365505621647, 0.00822337903351263), (0.528365505621647, 0.00822337903351263), (0.5345077595295143, 0.008243207710827472), (0.5345077595295143, 0.008243207710827472), (0.5345077595295143, 0.008243207710827472), (0.5345077595295143, 0.008243207710827472), (0.5345077595295143, 0.008243207710827472), (0.5418370663546691, 0.008078668668992473), (0.5418370663546691, 0.008078668668992473), (0.5418370663546691, 0.008078668668992473), (0.5418370663546691, 0.008078668668992473), (0.5418370663546691, 0.008078668668992473), (0.5418370663546691, 0.008078668668992473), (0.5418370663546691, 0.008078668668992473), (0.5418370663546691, 0.008078668668992473), (0.5418370663546691, 0.008078668668992473), (0.5418370663546691, 0.008078668668992473), (0.5418370663546691, 0.008078668668992473), (0.5418370663546691, 0.008078668668992473)])
