Default
<models.baselines.omodels.NeuSK object at 0x7efc11955b90>
('Manual torch seed: ', 443181909)
Training raw path: /home/anhnd/DTI Project/Codes/MPNN/data/KFold/ATCInchikeySideEffectByDrug.txt_train_0
('Number of substructures, proteins, pathways, drugs, se: ', 2936, 1448, 330, 969, 598)
((872, 4714), (97, 4714), (872, 598), (97, 598))
Train: 0.9322 0.7971
Test: 0.7704 0.4890
[0.6738061391038803, 0.6857334578561368, 0.6961764866421482, 0.6874578203979063, 0.6839050647032575, 0.6849091592587642, 0.6864752627908731, 0.6871848411037891, 0.6857763421165426, 0.687254365238263, 0.6865751483958678, 0.6875621206888792, 0.6908833264575716, 0.6915750919699125, 0.691568341431526, 0.6927109368401416, 0.6936111153476596, 0.6947729170659229, 0.6955802583580271, 0.6981267111656606, 0.7010322309248407, 0.7028891686598085, 0.7046350326022943, 0.7071332163260069, 0.708752564534946, 0.7089226284615462, 0.7100137183831038, 0.7114044887608045, 0.7137746730298158, 0.7144054531543438, 0.7165808228522688, 0.7179423828217442, 0.7186605748899481, 0.7203079634433798, 0.7208221766264035, 0.7243093612430778, 0.7263474795829521, 0.7287946692060778, 0.7304703629239967, 0.7334958784900688, 0.7346606648983702, 0.7355490524816876, 0.7381977486234328, 0.7381977486234328, 0.7399707514050242, 0.7407354048155611, 0.7425388822189325, 0.7434189622091323, 0.7468712134938101, 0.749586530819595, 0.749586530819595, 0.7505999610743066, 0.7505999610743066, 0.7525610305249798, 0.7534876495102931, 0.7534876495102931, 0.7553772731454045, 0.7553772731454045, 0.7553772731454045, 0.7553772731454045, 0.7553772731454045, 0.7553772731454045, 0.7553772731454045, 0.7579775168405488, 0.7579775168405488, 0.7592916123677713, 0.7606275519960582, 0.7606275519960582, 0.7606275519960582, 0.7606275519960582, 0.7606275519960582, 0.7606275519960582, 0.762213853893849, 0.762213853893849, 0.762213853893849, 0.7668526265478898, 0.7668526265478898, 0.7668526265478898, 0.7685597311026839, 0.7685597311026839, 0.7685597311026839, 0.7685597311026839, 0.7685597311026839, 0.770430956729336, 0.770430956729336, 0.770430956729336, 0.770430956729336, 0.770430956729336, 0.770430956729336, 0.770430956729336, 0.770430956729336, 0.770430956729336, 0.770430956729336, 0.770430956729336, 0.770430956729336]
[0.1675801152232641, 0.19134329550227702, 0.210913796269603, 0.20132216094615293, 0.202120813421936, 0.20812780346484144, 0.21397929558690848, 0.22191600076669832, 0.22551668021347693, 0.22948456458347027, 0.23111396328154346, 0.2342529096658998, 0.24134896907211492, 0.24602947795332616, 0.24895198380773537, 0.25333559733043687, 0.2552884478990508, 0.2569396530201191, 0.2590712549550367, 0.27017859030180297, 0.2796883827451101, 0.28540809375680054, 0.29222191735523806, 0.2993843036468386, 0.3041734851821369, 0.3045782983156754, 0.30768873327806306, 0.31297345973852153, 0.32004893123057193, 0.32151983383059357, 0.3277455998769909, 0.33122019188377744, 0.3330669612610659, 0.3375146282402579, 0.33887116717885596, 0.3491124708127029, 0.3551150891301111, 0.36214595864551946, 0.3661243732576063, 0.3732101004552005, 0.3764294366907039, 0.37907449051507536, 0.38658998375382725, 0.38658998375382725, 0.3920142739320655, 0.3942659206935144, 0.39880512599587703, 0.4014654246650542, 0.41096206646984923, 0.41878232300065243, 0.41878232300065243, 0.4211688201027831, 0.4211688201027831, 0.427486799768346, 0.43013130162525426, 0.43013130162525426, 0.4364119848041356, 0.4364119848041356, 0.4364119848041356, 0.4364119848041356, 0.4364119848041356, 0.4364119848041356, 0.4364119848041356, 0.444433728358113, 0.444433728358113, 0.44834506365884, 0.45313352125741824, 0.45313352125741824, 0.45313352125741824, 0.45313352125741824, 0.45313352125741824, 0.45313352125741824, 0.45889918726036905, 0.45889918726036905, 0.45889918726036905, 0.4754340020159182, 0.4754340020159182, 0.4754340020159182, 0.48159736559829835, 0.48159736559829835, 0.48159736559829835, 0.48159736559829835, 0.48159736559829835, 0.4889684182027064, 0.4889684182027064, 0.4889684182027064, 0.4889684182027064, 0.4889684182027064, 0.4889684182027064, 0.4889684182027064, 0.4889684182027064, 0.4889684182027064, 0.4889684182027064, 0.4889684182027064, 0.4889684182027064]
Training raw path: /home/anhnd/DTI Project/Codes/MPNN/data/KFold/ATCInchikeySideEffectByDrug.txt_train_1
('Number of substructures, proteins, pathways, drugs, se: ', 2936, 1448, 330, 969, 598)
((872, 4714), (97, 4714), (872, 598), (97, 598))
Train: 0.9336 0.8005
Test: 0.7781 0.5017
[0.6336660812082676, 0.6422390787406617, 0.6484409939769117, 0.6512540562993883, 0.6526778151526113, 0.6555095475603144, 0.6564785251080104, 0.6587486247635277, 0.663122358820309, 0.6652926097811561, 0.6652593450496651, 0.6682499444070354, 0.6736377042187286, 0.6789727170479545, 0.6799674445190877, 0.6832045716571042, 0.6848286809165143, 0.6871927529697244, 0.687639742358496, 0.6919516656623299, 0.6949756677572299, 0.6972081732927637, 0.6991527275893243, 0.7023258147034964, 0.7036618081151124, 0.7039435809386374, 0.7062259057932156, 0.7086635409310849, 0.7126255063678679, 0.7137416212366341, 0.7180106384653535, 0.7206193243506648, 0.7216495321632543, 0.7235953853353834, 0.7243998008116795, 0.7293497146483439, 0.7314481133766981, 0.7345423396914893, 0.7367827952120134, 0.7404788015212582, 0.7417896362071557, 0.7427577946723959, 0.7456798032129973, 0.7456798032129973, 0.7470778043365639, 0.7478498186014472, 0.7499636977128642, 0.7507965014612488, 0.7541447326095669, 0.7569750023749391, 0.7569750023749391, 0.7578169208050642, 0.7578169208050642, 0.7599573452305873, 0.7610285885042868, 0.7610285885042868, 0.7631890966333039, 0.7631890966333039, 0.7631890966333039, 0.7631890966333039, 0.7631890966333039, 0.7631890966333039, 0.7631890966333039, 0.7659406412271359, 0.7659406412271359, 0.7671609340721621, 0.7683543294212417, 0.7683543294212417, 0.7683543294212417, 0.7683543294212417, 0.7683543294212417, 0.7683543294212417, 0.7700753841902149, 0.7700753841902149, 0.7700753841902149, 0.7745087792607099, 0.7745087792607099, 0.7745087792607099, 0.7762900922444147, 0.7762900922444147, 0.7762900922444147, 0.7762900922444147, 0.7762900922444147, 0.7781143433010762, 0.7781143433010762, 0.7781143433010762, 0.7781143433010762, 0.7781143433010762, 0.7781143433010762, 0.7781143433010762, 0.7781143433010762, 0.7781143433010762, 0.7781143433010762, 0.7781143433010762, 0.7781143433010762]
[0.12195148617637988, 0.14608635873041767, 0.15091802062155682, 0.15466027158527468, 0.16485011195690694, 0.16926355926035055, 0.17432269915367588, 0.1780431731200634, 0.1922314388334811, 0.19599702576252884, 0.19691304575139204, 0.20199160585489262, 0.21127930724837252, 0.2207139513909684, 0.2251973413921764, 0.232221894236656, 0.2356572262471437, 0.2413165302461922, 0.24239555562802956, 0.25130135325202996, 0.25876422410197675, 0.26520964510985323, 0.2695453280240121, 0.2774892724061073, 0.27946260667933176, 0.28056238911459597, 0.28421067871981864, 0.29035696500852487, 0.3001786149624504, 0.30321091538051825, 0.3132024505242247, 0.31973707650365524, 0.3219874248325328, 0.3276704025123231, 0.33030831402149896, 0.3450321851833982, 0.3500398644384215, 0.3589933545899928, 0.365667330958246, 0.3766765303459067, 0.380841219334274, 0.3835759315535179, 0.391861896558917, 0.391861896558917, 0.3960790577922475, 0.39898851043195516, 0.40581168450708743, 0.40818628466526485, 0.41965352784797494, 0.42892298015347896, 0.42892298015347896, 0.4311535616389558, 0.4311535616389558, 0.4381768762866769, 0.4412164801816157, 0.4412164801816157, 0.44797291479076706, 0.44797291479076706, 0.44797291479076706, 0.44797291479076706, 0.44797291479076706, 0.44797291479076706, 0.44797291479076706, 0.4577604223109128, 0.4577604223109128, 0.4611209388162559, 0.4650856349598929, 0.4650856349598929, 0.4650856349598929, 0.4650856349598929, 0.4650856349598929, 0.4650856349598929, 0.47189416592154354, 0.47189416592154354, 0.47189416592154354, 0.48788411410252236, 0.48788411410252236, 0.48788411410252236, 0.4945341748619486, 0.4945341748619486, 0.4945341748619486, 0.4945341748619486, 0.4945341748619486, 0.5017087719200487, 0.5017087719200487, 0.5017087719200487, 0.5017087719200487, 0.5017087719200487, 0.5017087719200487, 0.5017087719200487, 0.5017087719200487, 0.5017087719200487, 0.5017087719200487, 0.5017087719200487, 0.5017087719200487]
Training raw path: /home/anhnd/DTI Project/Codes/MPNN/data/KFold/ATCInchikeySideEffectByDrug.txt_train_2
('Number of substructures, proteins, pathways, drugs, se: ', 2936, 1448, 330, 969, 598)
((872, 4714), (97, 4714), (872, 598), (97, 598))
Train: 0.9364 0.8066
Test: 0.7944 0.5661
[0.7325033206791366, 0.7312856799825423, 0.730940906387172, 0.7247041428753743, 0.7222345026905836, 0.7177848091704013, 0.7217050524456268, 0.7249409025582241, 0.7246824199510669, 0.7268692137770753, 0.7282996098746419, 0.7299744056087651, 0.73018161308327, 0.7306325542477782, 0.7308637393400113, 0.7327582781884564, 0.7350246287431998, 0.7356981091835333, 0.7353719548265906, 0.7367965024235025, 0.7385302055534543, 0.7407989771491074, 0.742465140167317, 0.7452654464685722, 0.7465292269963475, 0.7468511425044428, 0.7481727381311449, 0.7490622131860227, 0.7498846966106061, 0.7504448375725045, 0.7519288542002598, 0.7531868170595981, 0.7537758760778551, 0.7545477177903969, 0.7550215751307553, 0.7583337500980826, 0.7600233028278394, 0.7614352220085553, 0.7627876856496635, 0.764802090600231, 0.7652842145615706, 0.7660845332789985, 0.7680974277219552, 0.7680974277219552, 0.7696947692997537, 0.7702280564808645, 0.7715549977501414, 0.7723699055865272, 0.7753114301306713, 0.7772880747410716, 0.7772880747410716, 0.7779862488082647, 0.7779862488082647, 0.77934356898126, 0.7802935817333002, 0.7802935817333002, 0.7818105687238562, 0.7818105687238562, 0.7818105687238562, 0.7818105687238562, 0.7818105687238562, 0.7818105687238562, 0.7818105687238562, 0.7838935198236598, 0.7838935198236598, 0.7851106918761883, 0.786295464309197, 0.786295464309197, 0.786295464309197, 0.786295464309197, 0.786295464309197, 0.786295464309197, 0.7876408381282841, 0.7876408381282841, 0.7876408381282841, 0.7914900823509221, 0.7914900823509221, 0.7914900823509221, 0.7928888236225854, 0.7928888236225854, 0.7928888236225854, 0.7928888236225854, 0.7928888236225854, 0.7944038059587395, 0.7944038059587395, 0.7944038059587395, 0.7944038059587395, 0.7944038059587395, 0.7944038059587395, 0.7944038059587395, 0.7944038059587395, 0.7944038059587395, 0.7944038059587395, 0.7944038059587395, 0.7944038059587395]
[0.23186333911060192, 0.26038192655691356, 0.27160677163327684, 0.26800078866901794, 0.27617623905886796, 0.2743363491808465, 0.2849394844998017, 0.29344532114291544, 0.2977941534412668, 0.30545329321589476, 0.30973579046071575, 0.3142725740016048, 0.3247464939399638, 0.3285794415526569, 0.33181682027415804, 0.33830663328676697, 0.34459983228995017, 0.34805075394276264, 0.34960594004358103, 0.35728855041667407, 0.3658968650989762, 0.3719181864292176, 0.3784356460560752, 0.38772964827305983, 0.3926801938237276, 0.39376810923422834, 0.39905333971180557, 0.4033797384269784, 0.40879484226319096, 0.4106396877545346, 0.41704054034918847, 0.42128119847696543, 0.4229130387158739, 0.4264383501021709, 0.42773436047514113, 0.4385261083451636, 0.4453798606246535, 0.4516918549351243, 0.45756221948362596, 0.46438094860264356, 0.46666941388740046, 0.46918472873103145, 0.4765488832082494, 0.4765488832082494, 0.4815035868127235, 0.4829950592046921, 0.4877972226477817, 0.4902808554264311, 0.4988164740215752, 0.50454329587066, 0.50454329587066, 0.5069915202963806, 0.5069915202963806, 0.5121069877277111, 0.5151284961060038, 0.5151284961060038, 0.5204468210211286, 0.5204468210211286, 0.5204468210211286, 0.5204468210211286, 0.5204468210211286, 0.5204468210211286, 0.5204468210211286, 0.5274965538615313, 0.5274965538615313, 0.5316891296116426, 0.5361521142852937, 0.5361521142852937, 0.5361521142852937, 0.5361521142852937, 0.5361521142852937, 0.5361521142852937, 0.5411550124882646, 0.5411550124882646, 0.5411550124882646, 0.5550533417031781, 0.5550533417031781, 0.5550533417031781, 0.5602219435350222, 0.5602219435350222, 0.5602219435350222, 0.5602219435350222, 0.5602219435350222, 0.5660578777920052, 0.5660578777920052, 0.5660578777920052, 0.5660578777920052, 0.5660578777920052, 0.5660578777920052, 0.5660578777920052, 0.5660578777920052, 0.5660578777920052, 0.5660578777920052, 0.5660578777920052, 0.5660578777920052]
Training raw path: /home/anhnd/DTI Project/Codes/MPNN/data/KFold/ATCInchikeySideEffectByDrug.txt_train_3
('Number of substructures, proteins, pathways, drugs, se: ', 2936, 1448, 330, 969, 598)
((872, 4714), (97, 4714), (872, 598), (97, 598))
Train: 0.9332 0.7983
Test: 0.7935 0.5328
[0.7173859196775579, 0.744879484208776, 0.7354485590189999, 0.7242287071893128, 0.720385179383914, 0.7187127262271988, 0.7185413700005457, 0.7211833672952392, 0.7208708933850345, 0.7254704735248524, 0.7250771974140879, 0.7242291581738708, 0.725659693974815, 0.7287216722406709, 0.7294046757597747, 0.7311407198564724, 0.7316450784037725, 0.7323282239199399, 0.7325204183203287, 0.734210620118947, 0.736633911941446, 0.7384812830688741, 0.7404550621751345, 0.7420123680812793, 0.7423138906646074, 0.7427530875638918, 0.744043857545984, 0.7443910433851888, 0.7457490043200992, 0.7460646927899808, 0.7487206911949296, 0.7500440136907401, 0.7503418372199957, 0.7514072237651447, 0.7517668209644591, 0.7545470995425931, 0.7565020754728256, 0.7577832716360401, 0.759508891280474, 0.761829490828915, 0.7622587746280878, 0.7627084123756986, 0.764672600426562, 0.764672600426562, 0.7661361240397728, 0.7668606116822271, 0.7683510881866, 0.7692646903304485, 0.7721626558855812, 0.7744193557373904, 0.7744193557373904, 0.7752547915124468, 0.7752547915124468, 0.776917690606149, 0.7779041010753018, 0.7779041010753018, 0.779823619335265, 0.779823619335265, 0.779823619335265, 0.779823619335265, 0.779823619335265, 0.779823619335265, 0.779823619335265, 0.7820639022737954, 0.7820639022737954, 0.7832861210153496, 0.7845111354267502, 0.7845111354267502, 0.7845111354267502, 0.7845111354267502, 0.7845111354267502, 0.7845111354267502, 0.785907969179378, 0.785907969179378, 0.785907969179378, 0.7903355093456308, 0.7903355093456308, 0.7903355093456308, 0.7919051603669418, 0.7919051603669418, 0.7919051603669418, 0.7919051603669418, 0.7919051603669418, 0.7934800380538239, 0.7934800380538239, 0.7934800380538239, 0.7934800380538239, 0.7934800380538239, 0.7934800380538239, 0.7934800380538239, 0.7934800380538239, 0.7934800380538239, 0.7934800380538239, 0.7934800380538239, 0.7934800380538239]
[0.1703914234775756, 0.20806157027533775, 0.20930762995638028, 0.2145528397259004, 0.21983482368048782, 0.22564729315876508, 0.23081006175615518, 0.24090387081871217, 0.24865803213987872, 0.26022578084351927, 0.2624791670072493, 0.2654646092780698, 0.2745878592746656, 0.2863782411197725, 0.2889785376210936, 0.2965993193744402, 0.3020749522772777, 0.3035680197461186, 0.30453936817958327, 0.3122445538618286, 0.32153717840164525, 0.3302327071187916, 0.3385823067305726, 0.3452495800915632, 0.3487418015401701, 0.3501564839183332, 0.3569290631797234, 0.36252104820722897, 0.368719040737316, 0.36971239074770856, 0.37953476057273783, 0.3835395363994517, 0.38449345305715377, 0.3881492393078706, 0.3892835159241224, 0.3986185562619534, 0.4050291746313782, 0.4097226191835858, 0.41533193012272307, 0.4245496006355541, 0.426739218553092, 0.42826135014526895, 0.43306560206115563, 0.43306560206115563, 0.43722921814056637, 0.4397460735648857, 0.4453054348583605, 0.4486974879870329, 0.458704470704152, 0.46670541155846323, 0.46670541155846323, 0.4692284024770065, 0.4692284024770065, 0.47476901000129457, 0.47747192244042735, 0.47747192244042735, 0.4831590048649132, 0.4831590048649132, 0.4831590048649132, 0.4831590048649132, 0.4831590048649132, 0.4831590048649132, 0.4831590048649132, 0.4907439406890408, 0.4907439406890408, 0.4944251114781044, 0.4988681937056924, 0.4988681937056924, 0.4988681937056924, 0.4988681937056924, 0.4988681937056924, 0.4988681937056924, 0.5044426345021866, 0.5044426345021866, 0.5044426345021866, 0.5203936098366698, 0.5203936098366698, 0.5203936098366698, 0.5265895132912624, 0.5265895132912624, 0.5265895132912624, 0.5265895132912624, 0.5265895132912624, 0.532808645994003, 0.532808645994003, 0.532808645994003, 0.532808645994003, 0.532808645994003, 0.532808645994003, 0.532808645994003, 0.532808645994003, 0.532808645994003, 0.532808645994003, 0.532808645994003, 0.532808645994003]
Training raw path: /home/anhnd/DTI Project/Codes/MPNN/data/KFold/ATCInchikeySideEffectByDrug.txt_train_4
('Number of substructures, proteins, pathways, drugs, se: ', 2936, 1448, 330, 969, 598)
((872, 4714), (97, 4714), (872, 598), (97, 598))
Train: 0.9245 0.7789
Test: 0.7957 0.5173
[0.6934905260226473, 0.686168486107785, 0.6928347056929753, 0.6898297186798585, 0.6909526332618101, 0.6952666361301805, 0.695942001244345, 0.7001172301922561, 0.7023356237145708, 0.7026571001696249, 0.7032205234537765, 0.7048669959218817, 0.7114938079697256, 0.7146606728927439, 0.7150787038495894, 0.7171224660996998, 0.7184110350516922, 0.72073019365383, 0.7220159581595627, 0.7243597527788392, 0.726963740302455, 0.7290867860953586, 0.7310388495808189, 0.7331792401791857, 0.7346379447244552, 0.7347984756568663, 0.7372319310816227, 0.7391011081247523, 0.7411784449578808, 0.7423110608301708, 0.7442390763282083, 0.7455540554483147, 0.7458354857740302, 0.7473487131923708, 0.7480820099188377, 0.752023110445324, 0.7540051280077598, 0.7565838883226443, 0.7584788869347346, 0.7608871791638616, 0.762179531588425, 0.7628347668366837, 0.7658184620267103, 0.7658184620267103, 0.7672025193147491, 0.7679739313106879, 0.7691870281549607, 0.7700117956571996, 0.7731443590155043, 0.7754662820289534, 0.7754662820289534, 0.776357502798396, 0.776357502798396, 0.7779247671432927, 0.7786767435851876, 0.7786767435851876, 0.7807210785045473, 0.7807210785045473, 0.7807210785045473, 0.7807210785045473, 0.7807210785045473, 0.7807210785045473, 0.7807210785045473, 0.7831278232472181, 0.7831278232472181, 0.7843787440129135, 0.785728121423778, 0.785728121423778, 0.785728121423778, 0.785728121423778, 0.785728121423778, 0.785728121423778, 0.7872870838870962, 0.7872870838870962, 0.7872870838870962, 0.7923659360312287, 0.7923659360312287, 0.7923659360312287, 0.7939839499709455, 0.7939839499709455, 0.7939839499709455, 0.7939839499709455, 0.7939839499709455, 0.7957151480060056, 0.7957151480060056, 0.7957151480060056, 0.7957151480060056, 0.7957151480060056, 0.7957151480060056, 0.7957151480060056, 0.7957151480060056, 0.7957151480060056, 0.7957151480060056, 0.7957151480060056, 0.7957151480060056]
[0.14581373542311837, 0.15874896783053405, 0.17429804584584235, 0.18186963249164317, 0.18331340984358963, 0.19183824378696315, 0.19724388697218992, 0.2129223600314939, 0.2229637212501649, 0.23142304442428047, 0.23423278261575708, 0.24010459918892949, 0.2572953488882789, 0.2631053020416751, 0.26679308690273773, 0.27102553665170115, 0.2753568346003845, 0.2794460867379225, 0.28295902801603756, 0.29290450068153884, 0.29928693587976585, 0.3052785977690002, 0.30975479801305683, 0.3165297963347211, 0.32179595691053464, 0.32240293518452245, 0.32953329721852487, 0.3332615894768621, 0.34115594513815817, 0.3435179717508541, 0.34800785924004957, 0.3520058834351616, 0.35267794092505506, 0.3590818088437224, 0.36143243840665595, 0.3735511889699863, 0.3776379958530687, 0.38586448218081293, 0.3916649907908465, 0.3995595057372916, 0.40259030147480146, 0.4042706958308642, 0.41308307211294587, 0.41308307211294587, 0.41700143487137814, 0.4193189620606891, 0.42358590634475113, 0.42674185226999234, 0.43754026861414086, 0.4444344558317477, 0.4444344558317477, 0.44686174310707816, 0.44686174310707816, 0.4510842087230985, 0.4530897538889602, 0.4530897538889602, 0.45919413555669003, 0.45919413555669003, 0.45919413555669003, 0.45919413555669003, 0.45919413555669003, 0.45919413555669003, 0.45919413555669003, 0.4681882825317759, 0.4681882825317759, 0.47244453254594493, 0.47746870210809633, 0.47746870210809633, 0.47746870210809633, 0.47746870210809633, 0.47746870210809633, 0.47746870210809633, 0.48365864751677595, 0.48365864751677595, 0.48365864751677595, 0.5039595965887074, 0.5039595965887074, 0.5039595965887074, 0.510292573489915, 0.510292573489915, 0.510292573489915, 0.510292573489915, 0.510292573489915, 0.5173443687222219, 0.5173443687222219, 0.5173443687222219, 0.5173443687222219, 0.5173443687222219, 0.5173443687222219, 0.5173443687222219, 0.5173443687222219, 0.5173443687222219, 0.5173443687222219, 0.5173443687222219, 0.5173443687222219]
Training raw path: /home/anhnd/DTI Project/Codes/MPNN/data/KFold/ATCInchikeySideEffectByDrug.txt_train_5
('Number of substructures, proteins, pathways, drugs, se: ', 2936, 1448, 330, 969, 598)
((872, 4714), (97, 4714), (872, 598), (97, 598))
Train: 0.9327 0.7999
Test: 0.7633 0.4696
[0.6157988893957833, 0.6395338761392797, 0.6431642020110881, 0.6491855424138616, 0.6465221995357028, 0.650340651004352, 0.6542504661185881, 0.6535058653252594, 0.6581793340541284, 0.6609512232776479, 0.662613157070029, 0.6655689315777797, 0.6697300150465252, 0.673420388899681, 0.6738135869714171, 0.6755346938799305, 0.6769864799005254, 0.6794874127852312, 0.6800566699623669, 0.6829125477203641, 0.6870606469069072, 0.6893396804336009, 0.6929465956565887, 0.6950947130765932, 0.69804096441999, 0.6983116387787274, 0.6997177813941358, 0.7017764160423514, 0.7026605647648031, 0.7031419095217799, 0.7055990334028786, 0.7068962210786984, 0.7072343357987485, 0.7081293911817292, 0.708599626133436, 0.7135260226401425, 0.7161535890074465, 0.7185613444148142, 0.7206259178660274, 0.723064883086803, 0.7241570557556529, 0.7249720974187901, 0.7276776054516212, 0.7276776054516212, 0.7296966807309391, 0.7304978272930356, 0.7322598905302149, 0.732756640128015, 0.7367377672362062, 0.7392994719026938, 0.7392994719026938, 0.7402334165202533, 0.7402334165202533, 0.7424833801223412, 0.7436480331376938, 0.7436480331376938, 0.7465421049499348, 0.7465421049499348, 0.7465421049499348, 0.7465421049499348, 0.7465421049499348, 0.7465421049499348, 0.7465421049499348, 0.7492024342975692, 0.7492024342975692, 0.7505366062374275, 0.7522402135157242, 0.7522402135157242, 0.7522402135157242, 0.7522402135157242, 0.7522402135157242, 0.7522402135157242, 0.7542447788837776, 0.7542447788837776, 0.7542447788837776, 0.7595816511217193, 0.7595816511217193, 0.7595816511217193, 0.7614028502077388, 0.7614028502077388, 0.7614028502077388, 0.7614028502077388, 0.7614028502077388, 0.7633279539171098, 0.7633279539171098, 0.7633279539171098, 0.7633279539171098, 0.7633279539171098, 0.7633279539171098, 0.7633279539171098, 0.7633279539171098, 0.7633279539171098, 0.7633279539171098, 0.7633279539171098, 0.7633279539171098]
[0.11409560869314905, 0.14030290323138872, 0.14085571209043363, 0.14458351333952174, 0.1491731575004096, 0.15372876574243372, 0.16386325840421828, 0.1659642807492679, 0.17805217502466364, 0.18659365273720305, 0.1902015249180867, 0.1950790523192193, 0.20706558825164814, 0.21379378879348848, 0.21676064599260647, 0.22240029856173213, 0.22604505904738892, 0.23470053688913886, 0.2351859288479689, 0.24230552275286513, 0.25189087159054524, 0.25512894892170046, 0.2628255205699499, 0.26889270628344664, 0.2743240170530064, 0.27523968234334595, 0.2822526446962147, 0.28901496091312995, 0.29245453250088543, 0.2950398666198372, 0.30118588519851885, 0.3047024353829756, 0.3052785791065766, 0.30851984504929897, 0.30888846363571965, 0.3220140808158326, 0.3289293124252034, 0.33534151264877077, 0.34014891333047304, 0.3470946624591277, 0.34909070037345363, 0.35171351258422134, 0.3593277095733699, 0.3593277095733699, 0.36453587913902075, 0.36666559119974085, 0.37152601651688366, 0.37389297103306957, 0.38511139586699983, 0.3917971893578338, 0.3917971893578338, 0.39359497647763375, 0.39359497647763375, 0.40116045603973993, 0.40475078651583646, 0.40475078651583646, 0.41401544465849816, 0.41401544465849816, 0.41401544465849816, 0.41401544465849816, 0.41401544465849816, 0.41401544465849816, 0.41401544465849816, 0.42132247292870717, 0.42132247292870717, 0.4253161493731088, 0.4314737188698645, 0.4314737188698645, 0.4314737188698645, 0.4314737188698645, 0.4314737188698645, 0.4314737188698645, 0.4383297445206026, 0.4383297445206026, 0.4383297445206026, 0.4564747335885355, 0.4564747335885355, 0.4564747335885355, 0.4627021867388802, 0.4627021867388802, 0.4627021867388802, 0.4627021867388802, 0.4627021867388802, 0.46962795524131784, 0.46962795524131784, 0.46962795524131784, 0.46962795524131784, 0.46962795524131784, 0.46962795524131784, 0.46962795524131784, 0.46962795524131784, 0.46962795524131784, 0.46962795524131784, 0.46962795524131784, 0.46962795524131784]
Training raw path: /home/anhnd/DTI Project/Codes/MPNN/data/KFold/ATCInchikeySideEffectByDrug.txt_train_6
('Number of substructures, proteins, pathways, drugs, se: ', 2936, 1448, 330, 969, 598)
((872, 4714), (97, 4714), (872, 598), (97, 598))
Train: 0.9366 0.8083
Test: 0.7861 0.4770
[0.7370417785604226, 0.7319476873388755, 0.7205426726350859, 0.7086975995044643, 0.7050356491901473, 0.7010923523043415, 0.6997811989376985, 0.703025502987378, 0.7052490207588538, 0.7071188205991873, 0.7069574242513563, 0.7091382612105681, 0.7106525805603885, 0.7134125635774871, 0.7133936098481086, 0.7136523246529852, 0.7142015451116415, 0.7148695929734415, 0.715297854948661, 0.7180254852539889, 0.7214481244245954, 0.7234916473919495, 0.7254721737424976, 0.7271189658589633, 0.7278397634209305, 0.7279962441760125, 0.7298898974537296, 0.7312084425998868, 0.7329303946123915, 0.7338663102035009, 0.7372261367538928, 0.7382753145871516, 0.738839516532181, 0.7403559325439164, 0.7404424263952034, 0.7429953243694296, 0.7450139357941788, 0.7467560459213465, 0.7482607537579533, 0.7505111927647443, 0.7513677868641315, 0.7517343311576501, 0.7545951798638246, 0.7545951798638246, 0.7564747299734411, 0.7571894765063123, 0.7580937655175481, 0.7590573617564789, 0.7624877688532574, 0.7650670875057509, 0.7650670875057509, 0.7659601177202324, 0.7659601177202324, 0.7676849877129813, 0.7686552551742035, 0.7686552551742035, 0.770762736194969, 0.770762736194969, 0.770762736194969, 0.770762736194969, 0.770762736194969, 0.770762736194969, 0.770762736194969, 0.7731132531278805, 0.7731132531278805, 0.7742017572249958, 0.7759126448895223, 0.7759126448895223, 0.7759126448895223, 0.7759126448895223, 0.7759126448895223, 0.7759126448895223, 0.7774711563769191, 0.7774711563769191, 0.7774711563769191, 0.7826391466200094, 0.7826391466200094, 0.7826391466200094, 0.784129484539561, 0.784129484539561, 0.784129484539561, 0.784129484539561, 0.784129484539561, 0.7861229154287745, 0.7861229154287745, 0.7861229154287745, 0.7861229154287745, 0.7861229154287745, 0.7861229154287745, 0.7861229154287745, 0.7861229154287745, 0.7861229154287745, 0.7861229154287745, 0.7861229154287745, 0.7861229154287745]
[0.1610444629951367, 0.17445781947691755, 0.1747854035895838, 0.16605475799845973, 0.1686913093256694, 0.16837008152709465, 0.17450471758331965, 0.1804410437731679, 0.18813114881939844, 0.19704232153689222, 0.2021265379722471, 0.20913568493112777, 0.21817524974199082, 0.22596205441338216, 0.22693119806348214, 0.22971014465318462, 0.23432185987380683, 0.23750040746284606, 0.2400094965282966, 0.24830495571182368, 0.25824844677167025, 0.266707231052688, 0.2731504707214779, 0.27773086809718045, 0.27889278741872536, 0.27996696563766343, 0.283860034502774, 0.28899569893439153, 0.2958116388047188, 0.29849751762393095, 0.30935787375621393, 0.31210816822732956, 0.3139375640769322, 0.3198230775308356, 0.32088020504666526, 0.33135385414099616, 0.33913532403948615, 0.34381740265740357, 0.34947201474900946, 0.35762343862433044, 0.3608508717338166, 0.3629369469569258, 0.37285771034104054, 0.37285771034104054, 0.3785851341048092, 0.38064520418841374, 0.3843131570621509, 0.3870554988361893, 0.3964373840544785, 0.4048610979949085, 0.4048610979949085, 0.40741862827119507, 0.40741862827119507, 0.4126761550023861, 0.41637022543910945, 0.41637022543910945, 0.4229159611278861, 0.4229159611278861, 0.4229159611278861, 0.4229159611278861, 0.4229159611278861, 0.4229159611278861, 0.4229159611278861, 0.4305367860307743, 0.4305367860307743, 0.4339083630656597, 0.4400869041048407, 0.4400869041048407, 0.4400869041048407, 0.4400869041048407, 0.4400869041048407, 0.4400869041048407, 0.44543480134765046, 0.44543480134765046, 0.44543480134765046, 0.4641242256886609, 0.4641242256886609, 0.4641242256886609, 0.4693165360416578, 0.4693165360416578, 0.4693165360416578, 0.4693165360416578, 0.4693165360416578, 0.47700066834116284, 0.47700066834116284, 0.47700066834116284, 0.47700066834116284, 0.47700066834116284, 0.47700066834116284, 0.47700066834116284, 0.47700066834116284, 0.47700066834116284, 0.47700066834116284, 0.47700066834116284, 0.47700066834116284]
Training raw path: /home/anhnd/DTI Project/Codes/MPNN/data/KFold/ATCInchikeySideEffectByDrug.txt_train_7
('Number of substructures, proteins, pathways, drugs, se: ', 2936, 1448, 330, 969, 598)
((872, 4714), (97, 4714), (872, 598), (97, 598))
Train: 0.9403 0.8183
Test: 0.7853 0.5026
[0.6703515329960343, 0.678314629393186, 0.68303543924709, 0.6806842319338364, 0.6814749424601094, 0.6844476873224987, 0.6842090670949732, 0.6866516392958553, 0.6895005201215051, 0.6908569585538066, 0.6903072395714485, 0.690780099603745, 0.6945324301862026, 0.6981032636401289, 0.6989298372033004, 0.6996021336731202, 0.7010761526503467, 0.7031447407562323, 0.7042430121018295, 0.7065272511598029, 0.7087088755238098, 0.7115604340030491, 0.7137712527642011, 0.7166665545575809, 0.7184265707705163, 0.7185228819292013, 0.7203297665885564, 0.7222817775129863, 0.7237925393225543, 0.7248923259359852, 0.7280336070209472, 0.7296731250775369, 0.7304602674610625, 0.7314715228404721, 0.7322078841549715, 0.7358570345792357, 0.7380433334206646, 0.7399412774828593, 0.7422276642685761, 0.7455587733367711, 0.746937083860356, 0.7475474145544464, 0.7502980330375626, 0.7502980330375626, 0.7521417516087797, 0.7529565388673176, 0.7551979173335776, 0.7563406132205064, 0.7606978242518398, 0.7633683552089939, 0.7633683552089939, 0.764409915964769, 0.764409915964769, 0.7666221852918431, 0.7676298218958145, 0.7676298218958145, 0.769886141886378, 0.769886141886378, 0.769886141886378, 0.769886141886378, 0.769886141886378, 0.769886141886378, 0.769886141886378, 0.7726640886056433, 0.7726640886056433, 0.7740236270710363, 0.7753287100828414, 0.7753287100828414, 0.7753287100828414, 0.7753287100828414, 0.7753287100828414, 0.7753287100828414, 0.7768238489881631, 0.7768238489881631, 0.7768238489881631, 0.7818900016731626, 0.7818900016731626, 0.7818900016731626, 0.7835294902778641, 0.7835294902778641, 0.7835294902778641, 0.7835294902778641, 0.7835294902778641, 0.7852851579052337, 0.7852851579052337, 0.7852851579052337, 0.7852851579052337, 0.7852851579052337, 0.7852851579052337, 0.7852851579052337, 0.7852851579052337, 0.7852851579052337, 0.7852851579052337, 0.7852851579052337, 0.7852851579052337]
[0.15331518995185403, 0.17437663164036887, 0.18706628927538305, 0.1910538073848059, 0.19725004332683727, 0.2034945789771243, 0.20582516499060624, 0.20915747528716322, 0.21163568897709573, 0.21540138479453003, 0.2150703455013924, 0.21828826727580872, 0.22503643026822703, 0.23328553807295702, 0.23593210622995187, 0.2393131530456504, 0.24254683610378813, 0.24869348867119245, 0.25110882812969637, 0.2602207444061756, 0.27025986247569556, 0.27828468693153385, 0.2843065302080721, 0.29255097620447, 0.2977228366288256, 0.29772451082014645, 0.3010159101299329, 0.3066936605866233, 0.3116191591903036, 0.3129897731689456, 0.3233321600093312, 0.3274540054192075, 0.3294032065870596, 0.33276199674585527, 0.3347771993814331, 0.3475172548341213, 0.35445902787721784, 0.3592576093141636, 0.3659062897912546, 0.3756863209054395, 0.37922373531233583, 0.3814009125856342, 0.388504699675874, 0.388504699675874, 0.39547954942886343, 0.39760370220918273, 0.4042212156741148, 0.4078239809288939, 0.4219880713639724, 0.43016012023179323, 0.43016012023179323, 0.4327162300024703, 0.4327162300024703, 0.4391526783270343, 0.4421725333184538, 0.4421725333184538, 0.448943899357184, 0.448943899357184, 0.448943899357184, 0.448943899357184, 0.448943899357184, 0.448943899357184, 0.448943899357184, 0.4583023922858516, 0.4583023922858516, 0.46224181765555505, 0.4666158561913185, 0.4666158561913185, 0.4666158561913185, 0.4666158561913185, 0.4666158561913185, 0.4666158561913185, 0.47199219468849457, 0.47199219468849457, 0.47199219468849457, 0.49038727876074717, 0.49038727876074717, 0.49038727876074717, 0.49633721545570014, 0.49633721545570014, 0.49633721545570014, 0.49633721545570014, 0.49633721545570014, 0.5026459010439362, 0.5026459010439362, 0.5026459010439362, 0.5026459010439362, 0.5026459010439362, 0.5026459010439362, 0.5026459010439362, 0.5026459010439362, 0.5026459010439362, 0.5026459010439362, 0.5026459010439362, 0.5026459010439362]
Training raw path: /home/anhnd/DTI Project/Codes/MPNN/data/KFold/ATCInchikeySideEffectByDrug.txt_train_8
('Number of substructures, proteins, pathways, drugs, se: ', 2936, 1448, 330, 969, 598)
((872, 4714), (97, 4714), (872, 598), (97, 598))
Train: 0.9321 0.7988
Test: 0.7854 0.4945
[0.7255556560631187, 0.7201917881931584, 0.717619992822503, 0.7091343589196465, 0.7034973765493193, 0.7056877292320334, 0.7065125951466124, 0.7053786603634943, 0.706832732388704, 0.7102424385706119, 0.7114257573992977, 0.7100421898766035, 0.7109252611741593, 0.7121857009490425, 0.7133649038509309, 0.7127490702843369, 0.7133951084392111, 0.7149646476006339, 0.7159185664079695, 0.7173572683728895, 0.7205369080220737, 0.7225072724095575, 0.7247378417349719, 0.7266715163933236, 0.7275894820975483, 0.7281252892436642, 0.7296789742314916, 0.730740340354974, 0.7315743258358207, 0.7311721448425982, 0.733687957946833, 0.7350862457554181, 0.7353238769170733, 0.7364721702559642, 0.7373238295188915, 0.7407535312814173, 0.7426717583802853, 0.7445317246709705, 0.7461088226359298, 0.748462403503227, 0.7493718825550173, 0.7496632581984262, 0.7520077300355539, 0.7520077300355539, 0.7537369627865166, 0.7545924390330222, 0.7558976036538664, 0.7567280713520788, 0.7600128849351164, 0.762583810628803, 0.762583810628803, 0.763440478549761, 0.763440478549761, 0.765583751455126, 0.7667634126357006, 0.7667634126357006, 0.7690119607699671, 0.7690119607699671, 0.7690119607699671, 0.7690119607699671, 0.7690119607699671, 0.7690119607699671, 0.7690119607699671, 0.7717913330458559, 0.7717913330458559, 0.7731102908028884, 0.7745538175064821, 0.7745538175064821, 0.7745538175064821, 0.7745538175064821, 0.7745538175064821, 0.7745538175064821, 0.776029039993113, 0.776029039993113, 0.776029039993113, 0.7815283885902643, 0.7815283885902643, 0.7815283885902643, 0.7833343962362654, 0.7833343962362654, 0.7833343962362654, 0.7833343962362654, 0.7833343962362654, 0.7853991658432908, 0.7853991658432908, 0.7853991658432908, 0.7853991658432908, 0.7853991658432908, 0.7853991658432908, 0.7853991658432908, 0.7853991658432908, 0.7853991658432908, 0.7853991658432908, 0.7853991658432908, 0.7853991658432908]
[0.170071747139036, 0.18228139910927896, 0.19667104100323426, 0.20382439862992685, 0.2020088199565105, 0.20672838957865092, 0.2127059936670681, 0.21755214598057115, 0.22412979400979388, 0.23266961733200034, 0.23716327423180592, 0.24012592843627223, 0.2456016649555441, 0.2500746187045734, 0.25467236189569964, 0.2549999194126624, 0.2579027793202838, 0.2617297308020472, 0.2655782772752883, 0.2687837579617554, 0.2773714649699597, 0.2826111329661468, 0.2862161634356383, 0.2934649271650576, 0.29796155174458683, 0.2992143325243544, 0.30383094667691635, 0.30738283454988796, 0.3122917160079316, 0.31263655538820645, 0.3213926748019362, 0.32516664571769305, 0.32476433475479083, 0.3304182880457009, 0.3331246136676044, 0.3453599580478762, 0.3522422131125187, 0.3571456749563978, 0.3612378613756906, 0.3674579637366568, 0.3717863424586636, 0.3733258188794939, 0.3812604771028867, 0.3812604771028867, 0.3878048603388956, 0.3906062589969141, 0.39442514903227344, 0.39697037529733703, 0.40838190700053356, 0.41694135426522777, 0.41694135426522777, 0.4192202941229073, 0.4192202941229073, 0.4257102595450213, 0.4296729169546245, 0.4296729169546245, 0.4360281964252465, 0.4360281964252465, 0.4360281964252465, 0.4360281964252465, 0.4360281964252465, 0.4360281964252465, 0.4360281964252465, 0.44510089621103044, 0.44510089621103044, 0.44916088104001195, 0.4540837253716649, 0.4540837253716649, 0.4540837253716649, 0.4540837253716649, 0.4540837253716649, 0.4540837253716649, 0.45886718960644063, 0.45886718960644063, 0.45886718960644063, 0.4796635450321102, 0.4796635450321102, 0.4796635450321102, 0.48600663827825713, 0.48600663827825713, 0.48600663827825713, 0.48600663827825713, 0.48600663827825713, 0.49453010955280374, 0.49453010955280374, 0.49453010955280374, 0.49453010955280374, 0.49453010955280374, 0.49453010955280374, 0.49453010955280374, 0.49453010955280374, 0.49453010955280374, 0.49453010955280374, 0.49453010955280374, 0.49453010955280374]
Training raw path: /home/anhnd/DTI Project/Codes/MPNN/data/KFold/ATCInchikeySideEffectByDrug.txt_train_9
('Number of substructures, proteins, pathways, drugs, se: ', 2936, 1448, 330, 969, 598)
((873, 4714), (96, 4714), (873, 598), (96, 598))
Train: 0.9344 0.8032
Test: 0.7740 0.4878
[0.6460849214920878, 0.6749927523690018, 0.6818989045017719, 0.6730686771068075, 0.6738507614992203, 0.6719492739210369, 0.6746719590292355, 0.676469832840257, 0.680890529616627, 0.6819907057044148, 0.6840529568094403, 0.6862390761194705, 0.690974200225396, 0.6929982270983419, 0.6930828216752765, 0.6955946127117022, 0.697239178323716, 0.6990577996468994, 0.6997138694080793, 0.7019555415642708, 0.7057780881830111, 0.709384398439022, 0.7113189272052276, 0.7130695138400538, 0.7143768533729312, 0.7147183757717435, 0.716991587602724, 0.7178814137892665, 0.7196035808108951, 0.7209788593152628, 0.7236892019510159, 0.7248172056496089, 0.7253485592632861, 0.7265307696124753, 0.727435989981442, 0.7305779036507476, 0.7321177884568708, 0.7346564272471404, 0.7365464341281474, 0.7394044415417875, 0.740532542597295, 0.7408936414615692, 0.7433128337050472, 0.7433128337050472, 0.7449448099727971, 0.7455628816779519, 0.7473551627407719, 0.7481104452690487, 0.7514246592515613, 0.7537813332731358, 0.7537813332731358, 0.7545931659827647, 0.7545931659827647, 0.7566357467547866, 0.7576228643036323, 0.7576228643036323, 0.759795889713883, 0.759795889713883, 0.759795889713883, 0.759795889713883, 0.759795889713883, 0.759795889713883, 0.759795889713883, 0.7621030449902247, 0.7621030449902247, 0.763490229986133, 0.7648155861764975, 0.7648155861764975, 0.7648155861764975, 0.7648155861764975, 0.7648155861764975, 0.7648155861764975, 0.7661952352254879, 0.7661952352254879, 0.7661952352254879, 0.7707452341850237, 0.7707452341850237, 0.7707452341850237, 0.7723516056728261, 0.7723516056728261, 0.7723516056728261, 0.7723516056728261, 0.7723516056728261, 0.7740090229102636, 0.7740090229102636, 0.7740090229102636, 0.7740090229102636, 0.7740090229102636, 0.7740090229102636, 0.7740090229102636, 0.7740090229102636, 0.7740090229102636, 0.7740090229102636, 0.7740090229102636, 0.7740090229102636]
[0.11802206577129296, 0.14983768615462922, 0.1623958437460619, 0.1594408066176776, 0.17281472662136216, 0.17167028419471703, 0.18059173551284569, 0.18842302584123882, 0.2014717714632208, 0.20943184615412902, 0.2142144225905222, 0.21997872720192402, 0.23192854880186903, 0.23942882787121092, 0.2419002607665685, 0.2480416060389728, 0.2522584417772237, 0.2574075811468949, 0.2594519875189315, 0.265698723619719, 0.2775679534998776, 0.28368813182641095, 0.2916441736088808, 0.2998327510224009, 0.30217096114051134, 0.3034079732365568, 0.30766284114816067, 0.3116121335281094, 0.3163844600993411, 0.32019035722034667, 0.32773440429870515, 0.3294081374795068, 0.3311509995387899, 0.3352960079224034, 0.3378566627693362, 0.3473581815690233, 0.3517382667323316, 0.35821142664350325, 0.362400976994854, 0.3712481106067378, 0.37528367632612925, 0.37663710923547167, 0.3841438747068071, 0.3841438747068071, 0.3897644383340625, 0.3910224889424927, 0.396855335155075, 0.39903806976498, 0.4092848855337218, 0.41748691206805244, 0.41748691206805244, 0.4190401560982895, 0.4190401560982895, 0.4259029527642837, 0.428567071758015, 0.428567071758015, 0.4357061177597277, 0.4357061177597277, 0.4357061177597277, 0.4357061177597277, 0.4357061177597277, 0.4357061177597277, 0.4357061177597277, 0.4434999784355449, 0.4434999784355449, 0.4483909726763918, 0.45330066222514637, 0.45330066222514637, 0.45330066222514637, 0.45330066222514637, 0.45330066222514637, 0.45330066222514637, 0.4583346726725184, 0.4583346726725184, 0.4583346726725184, 0.4753875858995939, 0.4753875858995939, 0.4753875858995939, 0.48128758417353384, 0.48128758417353384, 0.48128758417353384, 0.48128758417353384, 0.48128758417353384, 0.48782201641448425, 0.48782201641448425, 0.48782201641448425, 0.48782201641448425, 0.48782201641448425, 0.48782201641448425, 0.48782201641448425, 0.48782201641448425, 0.48782201641448425, 0.48782201641448425, 0.48782201641448425, 0.48782201641448425]
AUC: 0.7826 0.0033
AUPR: 0.5039 0.0086
('RARE AUC', [(0.6845684765198936, 0.013041079901729265), (0.6935286920329403, 0.011173846936800234), (0.6950102862935746, 0.00962677456561858), (0.6898244855320457, 0.008147644320606872), (0.6880536124426675, 0.007737882679754311), (0.6885700572131122, 0.007153936195044555), (0.6898567497916508, 0.007004202983756613), (0.691720646672528, 0.0071992086157887875), (0.6937439774927341, 0.006722933405104143), (0.695870390919664, 0.006828322845054011), (0.6963788359289611, 0.006797870604147983), (0.69766511831886, 0.006528151615511453), (0.7008670632896783, 0.0061094139222452595), (0.7034682852563742, 0.0058809396964649326), (0.7039467664449023, 0.005877014067852251), (0.705406980784395, 0.0057844033496953625), (0.706641900288828, 0.005758867384044603), (0.7082246390555389, 0.005604194794756485), (0.708835830485191, 0.005557241086276566), (0.7112223346220595, 0.005377012821145921), (0.7141668399539822, 0.005226302435203476), (0.7164747820943091, 0.005183774435602258), (0.7185993603218376, 0.005093582432579499), (0.7208537349485055, 0.005041653934418381), (0.7222169069117385, 0.004894517763340775), (0.7224943345024734, 0.0049055113162515904), (0.7242296158205709, 0.0048901175821270135), (0.7256510784687319, 0.004764679242337663), (0.7273773730632735, 0.004658187421342644), (0.7281019215402761, 0.00463063097791703), (0.7307716020116587, 0.004535277013766564), (0.7322094705519475, 0.00449554084607609), (0.7327469862097435, 0.004471356291490869), (0.7340166789961233, 0.004446474877053848), (0.7346102139636079, 0.004429440589778714), (0.7382272852498394, 0.004285849444592916), (0.7402326504327521, 0.004237058582326806), (0.7423586210601938, 0.004128931171753487), (0.7441798214657516, 0.0040811793193952705), (0.7468495134837668, 0.004001836330266556), (0.7478539173516061, 0.00394716565663354), (0.7484745302436345, 0.0039260848010358226), (0.7510357424105267, 0.0038839392654131197), (0.7510357424105267, 0.0038839392654131197), (0.7527076903468337, 0.0038447992547162757), (0.7534446986268427, 0.0038338703288069553), (0.7550400033799478, 0.0037685427324179346), (0.7558854986970684, 0.003792066003683062), (0.7592995295663114, 0.0037124532704181264), (0.7617835304221326, 0.0036642370564786576), (0.7617835304221326, 0.0036642370564786576), (0.7626652519736259, 0.0036505225996913753), (0.7626652519736259, 0.0036505225996913753), (0.7645714453823347, 0.0035780986253867793), (0.7655710051555416, 0.003558403762597687), (0.7655710051555416, 0.003558403762597687), (0.767692046985751, 0.003484032559412879), (0.767692046985751, 0.003484032559412879), (0.767692046985751, 0.003484032559412879), (0.767692046985751, 0.003484032559412879), (0.767692046985751, 0.003484032559412879), (0.767692046985751, 0.003484032559412879), (0.767692046985751, 0.003484032559412879), (0.7701877557479533, 0.00344452111609296), (0.7701877557479533, 0.00344452111609296), (0.7714590614666866, 0.003431854611202225), (0.7728367574748092, 0.0034058009817922756), (0.7728367574748092, 0.0034058009817922756), (0.7728367574748092, 0.0034058009817922756), (0.7728367574748092, 0.0034058009817922756), (0.7728367574748092, 0.0034058009817922756), (0.7728367574748092, 0.0034058009817922756), (0.7743889188746284, 0.0033653309361075644), (0.7743889188746284, 0.0033653309361075644), (0.7743889188746284, 0.0033653309361075644), (0.7791937355726561, 0.0033221984656495915), (0.7791937355726561, 0.0033221984656495915), (0.7791937355726561, 0.0033221984656495915), (0.7808375584241827, 0.0032954721361429483), (0.7808375584241827, 0.0032954721361429483), (0.7808375584241827, 0.0032954721361429483), (0.7808375584241827, 0.0032954721361429483), (0.7808375584241827, 0.0032954721361429483), (0.7826288508053654, 0.0032719773225495527), (0.7826288508053654, 0.0032719773225495527), (0.7826288508053654, 0.0032719773225495527), (0.7826288508053654, 0.0032719773225495527), (0.7826288508053654, 0.0032719773225495527), (0.7826288508053654, 0.0032719773225495527), (0.7826288508053654, 0.0032719773225495527), (0.7826288508053654, 0.0032719773225495527), (0.7826288508053654, 0.0032719773225495527), (0.7826288508053654, 0.0032719773225495527), (0.7826288508053654, 0.0032719773225495527), (0.7826288508053654, 0.0032719773225495527)])
('RARE AUPR', [(0.15541491739614086, 0.010385117621349237), (0.17858785585080633, 0.010729558986527268), (0.1878818554031356, 0.011251963208104369), (0.1885362977388381, 0.010895343968867906), (0.19362334546925772, 0.010780684535695513), (0.19732053488717877, 0.010578667370923901), (0.2038786298126789, 0.010678861341200325), (0.21087686975112924, 0.011143804972754984), (0.21905846041724408, 0.010430826615036307), (0.2263722531384448, 0.01060532871981131), (0.2293250854330712, 0.01068001938998451), (0.23386939581537486, 0.010540142578321443), (0.24370654604426747, 0.010605734772407758), (0.25073512419140115, 0.010400831053131745), (0.253793434294621, 0.010435545827185883), (0.2585954102592204, 0.010637891082013677), (0.2626052269436298, 0.010904774536041923), (0.26693527886652346, 0.010578543869853674), (0.2689905665122449, 0.010568065921313027), (0.2769231252966214, 0.010560377475306642), (0.2860512185535223, 0.010455345444255325), (0.29244673618821426, 0.010549267530610423), (0.2986682854722974, 0.010637241254534658), (0.30588548295248463, 0.010835023653490006), (0.30979261981215567, 0.01097247378542236), (0.3107021680329422, 0.01099783861576104), (0.3156037489261934, 0.011157168966364206), (0.3206192089370258, 0.01104005653927199), (0.3267458880934868, 0.011013637208289956), (0.3287954869485476, 0.01092671587226106), (0.3368534208627897, 0.010747840260030193), (0.3406623278925724, 0.010790384742009912), (0.34196735028558306, 0.010796450680372277), (0.3465673644300439, 0.010698308336871626), (0.3483156940507033, 0.010677951331170285), (0.3598443838981054, 0.010477216218008657), (0.36597061288643906, 0.010466563301077831), (0.37221918957552746, 0.010460905246824585), (0.37755169008543293, 0.01054455997598719), (0.38574871821088885, 0.010511914217132948), (0.38895049161446704, 0.010407301056948424), (0.39103814970175044, 0.010400224147659348), (0.39872439090950734, 0.010237033392334947), (0.39872439090950734, 0.010237033392334947), (0.40399974328946325, 0.010113005120281307), (0.40618577714924803, 0.010076104479137619), (0.41126462477943554, 0.010099082490886866), (0.41401528008742455, 0.010130420774793782), (0.42468804514773983, 0.009952847845906608), (0.4324635140332818, 0.009796530670944534), (0.4324635140332818, 0.009796530670944534), (0.43473943325947006, 0.009840996156420641), (0.43473943325947006, 0.009840996156420641), (0.4408226384185593, 0.009665941287135474), (0.44385714882283, 0.009598346892625339), (0.44385714882283, 0.009598346892625339), (0.45047944803661766, 0.009360729645390488), (0.45047944803661766, 0.009360729645390488), (0.45047944803661766, 0.009360729645390488), (0.45047944803661766, 0.009360729645390488), (0.45047944803661766, 0.009360729645390488), (0.45047944803661766, 0.009360729645390488), (0.45047944803661766, 0.009360729645390488), (0.45873854536432823, 0.009306225035539387), (0.45873854536432823, 0.009306225035539387), (0.4627042959921515, 0.009318944492649502), (0.4676269033079229, 0.009187102539145649), (0.4676269033079229, 0.009187102539145649), (0.4676269033079229, 0.009187102539145649), (0.4676269033079229, 0.009187102539145649), (0.4676269033079229, 0.009187102539145649), (0.4676269033079229, 0.009187102539145649), (0.4733008250524846, 0.009123701665960049), (0.4733008250524846, 0.009123701665960049), (0.4733008250524846, 0.009123701665960049), (0.4908762033216644, 0.008759886521252766), (0.4908762033216644, 0.008759886521252766), (0.4908762033216644, 0.008759886521252766), (0.4968885731464476, 0.008719707964983473), (0.4968885731464476, 0.008719707964983473), (0.4968885731464476, 0.008719707964983473), (0.4968885731464476, 0.008719707964983473), (0.4968885731464476, 0.008719707964983473), (0.503851473322469, 0.008575435245646848), (0.503851473322469, 0.008575435245646848), (0.503851473322469, 0.008575435245646848), (0.503851473322469, 0.008575435245646848), (0.503851473322469, 0.008575435245646848), (0.503851473322469, 0.008575435245646848), (0.503851473322469, 0.008575435245646848), (0.503851473322469, 0.008575435245646848), (0.503851473322469, 0.008575435245646848), (0.503851473322469, 0.008575435245646848), (0.503851473322469, 0.008575435245646848), (0.503851473322469, 0.008575435245646848)])
