Default
<models.baselines.omodels.NeuSK object at 0x7fc0f5257410>
Training raw path: /home/anhnd/DTI Project/Codes/MPNN/data/KFold/ATCInchikeySideEffectByDrug.txt_train_0
('Number of substructures, proteins, pathways, drugs, se: ', 2936, 1448, 330, 969, 598)
Train: 0.9364 0.8078
Test: 0.7737 0.4878
[0.676890282886176, 0.6852438016345834, 0.6887151843221695, 0.6835856823306998, 0.6809907340305248, 0.6852091611985377, 0.6869699321151671, 0.6883330594238587, 0.6864987650167529, 0.6890694522113847, 0.689208930479191, 0.689398678593839, 0.6932345641745756, 0.694306806000441, 0.6953310610977402, 0.6967354924931506, 0.6978831579410741, 0.698510703632002, 0.6988308291492829, 0.7016385269375838, 0.7046352692749912, 0.7072152723051597, 0.7087896376120978, 0.7109636874098684, 0.7129762187914204, 0.7132012051947461, 0.7146117065864039, 0.716275937272064, 0.7184189349223224, 0.7189120826156157, 0.7215059722159443, 0.7228781237472321, 0.7234248702459727, 0.724896394975314, 0.7254421404154224, 0.7290250194358201, 0.7309024561164247, 0.7333639570935432, 0.7350930248878339, 0.7378118830206918, 0.7388819885591968, 0.73963013706057, 0.7419788034307372, 0.7419788034307372, 0.7439238002778982, 0.7447360851419664, 0.7465266640792878, 0.7473554514764345, 0.7505744191255981, 0.7532190251850425, 0.7532190251850425, 0.7542121530093202, 0.7542121530093202, 0.7561875151668653, 0.7571327013553828, 0.7571327013553828, 0.7590162828680675, 0.7590162828680675, 0.7590162828680675, 0.7590162828680675, 0.7590162828680675, 0.7590162828680675, 0.7590162828680675, 0.76156882590227, 0.76156882590227, 0.762883388038478, 0.7641026216165216, 0.7641026216165216, 0.7641026216165216, 0.7641026216165216, 0.7641026216165216, 0.7641026216165216, 0.7656567797172172, 0.7656567797172172, 0.7656567797172172, 0.7702206167652705, 0.7702206167652705, 0.7702206167652705, 0.7718929808247736, 0.7718929808247736, 0.7718929808247736, 0.7718929808247736, 0.7718929808247736, 0.773722196558981, 0.773722196558981, 0.773722196558981, 0.773722196558981, 0.773722196558981, 0.773722196558981, 0.773722196558981, 0.773722196558981, 0.773722196558981, 0.773722196558981, 0.773722196558981, 0.773722196558981]
[0.1614139516336388, 0.1776435257885447, 0.18902634561742265, 0.184523375467332, 0.18843962245551088, 0.19638244859914353, 0.20391591942761667, 0.20852678209426712, 0.21176665644675446, 0.2161974016812792, 0.21741845376376254, 0.21952620245225637, 0.22739224905640146, 0.23336100073622826, 0.23695609669212564, 0.24143373686204195, 0.24286120947044817, 0.24502019673526784, 0.24734847597378412, 0.25840032617221587, 0.2666811095752782, 0.2731071475767857, 0.27968130457243356, 0.28718782968739565, 0.2923311775700155, 0.2927513514674868, 0.29689952107501916, 0.3025011346013255, 0.3094732094578214, 0.31145778414704783, 0.31958288878683583, 0.3236126673596848, 0.3253683175956982, 0.3299846692927555, 0.3317211019989388, 0.34335524958570174, 0.3495490746180099, 0.35675558375910854, 0.361570996433957, 0.3691106017588591, 0.37221084976175456, 0.37472013146672956, 0.3825551658168427, 0.3825551658168427, 0.38829977119688164, 0.3909071443353995, 0.3960743585417602, 0.3988532120904388, 0.4084756868992776, 0.41673982373091273, 0.41673982373091273, 0.41924280600521324, 0.41924280600521324, 0.42590114137161184, 0.42872490230004234, 0.42872490230004234, 0.43516663823739077, 0.43516663823739077, 0.43516663823739077, 0.43516663823739077, 0.43516663823739077, 0.43516663823739077, 0.43516663823739077, 0.44333494526535333, 0.44333494526535333, 0.44746850772177627, 0.45201785609531375, 0.45201785609531375, 0.45201785609531375, 0.45201785609531375, 0.45201785609531375, 0.45201785609531375, 0.45772146613671916, 0.45772146613671916, 0.45772146613671916, 0.47439342237493776, 0.47439342237493776, 0.47439342237493776, 0.4805237516566091, 0.4805237516566091, 0.4805237516566091, 0.4805237516566091, 0.4805237516566091, 0.4878182157615735, 0.4878182157615735, 0.4878182157615735, 0.4878182157615735, 0.4878182157615735, 0.4878182157615735, 0.4878182157615735, 0.4878182157615735, 0.4878182157615735, 0.4878182157615735, 0.4878182157615735, 0.4878182157615735]
Training raw path: /home/anhnd/DTI Project/Codes/MPNN/data/KFold/ATCInchikeySideEffectByDrug.txt_train_1
('Number of substructures, proteins, pathways, drugs, se: ', 2936, 1448, 330, 969, 598)
Train: 0.9302 0.7928
Test: 0.7751 0.4965
[0.6485583771621605, 0.6568078249984751, 0.6606134550170355, 0.6550402259947617, 0.6541228126678099, 0.6569828757261835, 0.657224572584744, 0.6573649320471828, 0.663108082041548, 0.6639919931582396, 0.6632858506392184, 0.6664496849315582, 0.6721247282141054, 0.6771850956320362, 0.6783266297194501, 0.681406790604299, 0.68291972771919, 0.6854463639436765, 0.6861228747199697, 0.6908636040246929, 0.694059189271742, 0.6969594687474139, 0.6986876886413864, 0.701791610367709, 0.7031333068693317, 0.7030724517821652, 0.7051890356239736, 0.707839359111128, 0.7112942001522036, 0.7125286938526922, 0.7162567527805574, 0.718695026802344, 0.7197099530232457, 0.7215997918839044, 0.7221951598603695, 0.7265551678796439, 0.7287143207539696, 0.7315748592863698, 0.7335727334975765, 0.7369605762230521, 0.7381725018362942, 0.7391642049721171, 0.7422461113492449, 0.7422461113492449, 0.7436696694276518, 0.7444365222027822, 0.7464967884132355, 0.747234536211063, 0.7507320993759976, 0.7536552486283754, 0.7536552486283754, 0.754441846034287, 0.754441846034287, 0.7565939706987181, 0.7576346297825651, 0.7576346297825651, 0.7598792775386779, 0.7598792775386779, 0.7598792775386779, 0.7598792775386779, 0.7598792775386779, 0.7598792775386779, 0.7598792775386779, 0.7626551917327967, 0.7626551917327967, 0.7639224008905756, 0.7651588412697835, 0.7651588412697835, 0.7651588412697835, 0.7651588412697835, 0.7651588412697835, 0.7651588412697835, 0.7669020079168285, 0.7669020079168285, 0.7669020079168285, 0.7714005648844457, 0.7714005648844457, 0.7714005648844457, 0.7732208317598179, 0.7732208317598179, 0.7732208317598179, 0.7732208317598179, 0.7732208317598179, 0.77508951176376, 0.77508951176376, 0.77508951176376, 0.77508951176376, 0.77508951176376, 0.77508951176376, 0.77508951176376, 0.77508951176376, 0.77508951176376, 0.77508951176376, 0.77508951176376, 0.77508951176376]
[0.12589362675284502, 0.13964715798588292, 0.14472199413670633, 0.15068519504061328, 0.15722549483492154, 0.15967325860432846, 0.16392545046759066, 0.1711153292479269, 0.1834148455683819, 0.18863724968893772, 0.18934194398516968, 0.19678970781115707, 0.2080509197267336, 0.21775215985787946, 0.22244149067322594, 0.22924303449047925, 0.23168365119999643, 0.2375236948562607, 0.23823921015414334, 0.24651422054199917, 0.25423023963196306, 0.26028140539929645, 0.26536841369268793, 0.2732432937031044, 0.2756550981267396, 0.2767161978371418, 0.2804854103765562, 0.28642975299105305, 0.29484024939057196, 0.29826463629288913, 0.3080467051570058, 0.3140624609118988, 0.31631046549337954, 0.32193748590522325, 0.32420959647827574, 0.33883057050983856, 0.3443749790750469, 0.35336852678321823, 0.3599750921003399, 0.3704194812858818, 0.37454821083848594, 0.3771001390910831, 0.3844333342333157, 0.3844333342333157, 0.3884102999708309, 0.39093190618350215, 0.39798927537823836, 0.40028195632904334, 0.41287940410618285, 0.422631566127668, 0.422631566127668, 0.4245501483147244, 0.4245501483147244, 0.43120358829275585, 0.43419389552629395, 0.43419389552629395, 0.44089827823939987, 0.44089827823939987, 0.44089827823939987, 0.44089827823939987, 0.44089827823939987, 0.44089827823939987, 0.44089827823939987, 0.4506787762199419, 0.4506787762199419, 0.45434825943269874, 0.4589394599107369, 0.4589394599107369, 0.4589394599107369, 0.4589394599107369, 0.4589394599107369, 0.4589394599107369, 0.4658952714861078, 0.4658952714861078, 0.4658952714861078, 0.48209497458672174, 0.48209497458672174, 0.48209497458672174, 0.4890629381746555, 0.4890629381746555, 0.4890629381746555, 0.4890629381746555, 0.4890629381746555, 0.49652000152255005, 0.49652000152255005, 0.49652000152255005, 0.49652000152255005, 0.49652000152255005, 0.49652000152255005, 0.49652000152255005, 0.49652000152255005, 0.49652000152255005, 0.49652000152255005, 0.49652000152255005, 0.49652000152255005]
Training raw path: /home/anhnd/DTI Project/Codes/MPNN/data/KFold/ATCInchikeySideEffectByDrug.txt_train_2
('Number of substructures, proteins, pathways, drugs, se: ', 2936, 1448, 330, 969, 598)
Train: 0.9337 0.7978
Test: 0.7985 0.5775
[0.7261110133413784, 0.7332172551338596, 0.7294354800003046, 0.727390438607898, 0.7267951308392105, 0.7240450557711141, 0.726636786354399, 0.728230458625209, 0.7278313157531919, 0.7284877479873569, 0.7302060777806543, 0.7309913300977844, 0.7309019012523339, 0.7314595409939126, 0.731491894728601, 0.7334813486579405, 0.735152304867358, 0.736198774060254, 0.7368605446082537, 0.7389636371715751, 0.7409849377503246, 0.742761536802591, 0.7449999861707433, 0.7473322159507807, 0.7487295098469955, 0.7490672834454563, 0.7508761173258196, 0.7523327866250894, 0.7537240276540853, 0.7544234961041336, 0.7561973633761307, 0.7578200939672276, 0.7584025266380676, 0.7591135050363815, 0.7596007504234382, 0.762572330511317, 0.7642592068309582, 0.7659772916122491, 0.7675976784405791, 0.769499505788931, 0.7704000781756078, 0.7708206932347907, 0.772887814533316, 0.772887814533316, 0.7743874547175784, 0.7749516029842682, 0.7762464298872209, 0.7769435066167343, 0.7797426461991686, 0.7817413312148316, 0.7817413312148316, 0.7824185041828291, 0.7824185041828291, 0.7836657552529493, 0.784605131620079, 0.784605131620079, 0.7861240814321357, 0.7861240814321357, 0.7861240814321357, 0.7861240814321357, 0.7861240814321357, 0.7861240814321357, 0.7861240814321357, 0.7881751579601338, 0.7881751579601338, 0.7893536559083674, 0.7905094059216369, 0.7905094059216369, 0.7905094059216369, 0.7905094059216369, 0.7905094059216369, 0.7905094059216369, 0.7918382863347618, 0.7918382863347618, 0.7918382863347618, 0.7956363445663153, 0.7956363445663153, 0.7956363445663153, 0.7970098130811909, 0.7970098130811909, 0.7970098130811909, 0.7970098130811909, 0.7970098130811909, 0.7984933550084478, 0.7984933550084478, 0.7984933550084478, 0.7984933550084478, 0.7984933550084478, 0.7984933550084478, 0.7984933550084478, 0.7984933550084478, 0.7984933550084478, 0.7984933550084478, 0.7984933550084478, 0.7984933550084478]
[0.23428221704481267, 0.266917950012391, 0.2786687006199874, 0.27833846703276466, 0.28049662414736837, 0.28244464872363145, 0.295246746037058, 0.3025203640644345, 0.3086574252515779, 0.3147484278230058, 0.31862174154038014, 0.3233146326049082, 0.33130744748931806, 0.33564718725206255, 0.3379257059541962, 0.3436629714237251, 0.3487518777598738, 0.3524605169406132, 0.3559650711186296, 0.3662167739374076, 0.375010084181758, 0.38019188200864534, 0.3887188424782779, 0.3972709436534117, 0.402268809598181, 0.4034325805680253, 0.40896319275351756, 0.4139965932450144, 0.41988704178119163, 0.4221222801808575, 0.4283745341234099, 0.4325583563271217, 0.4343813966518963, 0.4376592649716178, 0.4390511980828047, 0.4492535198459456, 0.4555542125855782, 0.4624666924202428, 0.4688822845449601, 0.47615141862881977, 0.47906444979262186, 0.48105741983356687, 0.4881056908074065, 0.4881056908074065, 0.49282488783404155, 0.49442881799802557, 0.49951707758550634, 0.5020578423593404, 0.5110724124884657, 0.5171771099643802, 0.5171771099643802, 0.5196543084287265, 0.5196543084287265, 0.5245113401983437, 0.5276626681802057, 0.5276626681802057, 0.5325882354013538, 0.5325882354013538, 0.5325882354013538, 0.5325882354013538, 0.5325882354013538, 0.5325882354013538, 0.5325882354013538, 0.5399728133722574, 0.5399728133722574, 0.5442375211886397, 0.5485350160022062, 0.5485350160022062, 0.5485350160022062, 0.5485350160022062, 0.5485350160022062, 0.5485350160022062, 0.5534300535289195, 0.5534300535289195, 0.5534300535289195, 0.5669104502556751, 0.5669104502556751, 0.5669104502556751, 0.5719014637233018, 0.5719014637233018, 0.5719014637233018, 0.5719014637233018, 0.5719014637233018, 0.5774915763571685, 0.5774915763571685, 0.5774915763571685, 0.5774915763571685, 0.5774915763571685, 0.5774915763571685, 0.5774915763571685, 0.5774915763571685, 0.5774915763571685, 0.5774915763571685, 0.5774915763571685, 0.5774915763571685]
Training raw path: /home/anhnd/DTI Project/Codes/MPNN/data/KFold/ATCInchikeySideEffectByDrug.txt_train_3
('Number of substructures, proteins, pathways, drugs, se: ', 2936, 1448, 330, 969, 598)
Train: 0.9376 0.8105
Test: 0.7966 0.5334
[0.725897846072447, 0.7446150435588117, 0.738502625253665, 0.7323208834308171, 0.7313174800651486, 0.7292199880923428, 0.7295039449174126, 0.7307731922732787, 0.7316016820011961, 0.7351786591043588, 0.7349771952980086, 0.734703919541558, 0.735907402958504, 0.7386542324120374, 0.7384228431452224, 0.7389651207915899, 0.7397469154994536, 0.7406223207521068, 0.7406559494487222, 0.7415589261139984, 0.7434510684490627, 0.7454826905114678, 0.7474397446783826, 0.7487213778549979, 0.7491750451008599, 0.7495019354765204, 0.7509820537144729, 0.7508757927500661, 0.7518234919166484, 0.7519689075392868, 0.7542752283414389, 0.7554434023376776, 0.7557714254654968, 0.7568525849657647, 0.7572614152425423, 0.7600726664148872, 0.7617476889914826, 0.7628124530590374, 0.7643588847041805, 0.7665763569174646, 0.7668064455615257, 0.7672239585870566, 0.7687935681774555, 0.7687935681774555, 0.7700972642210371, 0.7708877854391657, 0.7722124298865253, 0.7731515505155264, 0.775931180108885, 0.7781381249909107, 0.7781381249909107, 0.7788770676697363, 0.7788770676697363, 0.7805103769788099, 0.7814641574082, 0.7814641574082, 0.7833425773779751, 0.7833425773779751, 0.7833425773779751, 0.7833425773779751, 0.7833425773779751, 0.7833425773779751, 0.7833425773779751, 0.7854630544294539, 0.7854630544294539, 0.7866501250500049, 0.7878555886028851, 0.7878555886028851, 0.7878555886028851, 0.7878555886028851, 0.7878555886028851, 0.7878555886028851, 0.7892301227743299, 0.7892301227743299, 0.7892301227743299, 0.7935442682910681, 0.7935442682910681, 0.7935442682910681, 0.7950666026774168, 0.7950666026774168, 0.7950666026774168, 0.7950666026774168, 0.7950666026774168, 0.7966156936586517, 0.7966156936586517, 0.7966156936586517, 0.7966156936586517, 0.7966156936586517, 0.7966156936586517, 0.7966156936586517, 0.7966156936586517, 0.7966156936586517, 0.7966156936586517, 0.7966156936586517, 0.7966156936586517]
[0.18418837330098242, 0.20898065213618677, 0.20348594854731722, 0.2090595691459482, 0.21637062238683918, 0.22220414528577104, 0.2316468208056725, 0.24377575351269445, 0.2520842571112577, 0.2649258310516709, 0.26809531303263423, 0.2720447855275606, 0.28256284688702815, 0.29288693133826926, 0.29508969756368925, 0.30199534974841313, 0.307930446361653, 0.3106727266314816, 0.31184850458921365, 0.31796625713590254, 0.32664580850532127, 0.33577150760549956, 0.3430507812608004, 0.3497525299429342, 0.3513284877571027, 0.3529170405184756, 0.3592484048306216, 0.3637438843133953, 0.36952624492079816, 0.3710072735092549, 0.381147028358059, 0.38462156998883007, 0.3854227488329062, 0.3893934233555186, 0.3909097309179782, 0.4015974998713445, 0.4077054557174006, 0.41277483172989005, 0.418786817756269, 0.42805153049677697, 0.42996598125423036, 0.4316117002873502, 0.4373261325373716, 0.4373261325373716, 0.4409337020045735, 0.44374587801607446, 0.44906786351223404, 0.45254902214541276, 0.46196444084942423, 0.4696783256853468, 0.4696783256853468, 0.471717389520353, 0.471717389520353, 0.4772232214692765, 0.47991809748351644, 0.47991809748351644, 0.4857539570477751, 0.4857539570477751, 0.4857539570477751, 0.4857539570477751, 0.4857539570477751, 0.4857539570477751, 0.4857539570477751, 0.49258739133003376, 0.49258739133003376, 0.4963501432214833, 0.5006402128850146, 0.5006402128850146, 0.5006402128850146, 0.5006402128850146, 0.5006402128850146, 0.5006402128850146, 0.5061216782545173, 0.5061216782545173, 0.5061216782545173, 0.521527781602123, 0.521527781602123, 0.521527781602123, 0.5272831014074055, 0.5272831014074055, 0.5272831014074055, 0.5272831014074055, 0.5272831014074055, 0.5333957822148329, 0.5333957822148329, 0.5333957822148329, 0.5333957822148329, 0.5333957822148329, 0.5333957822148329, 0.5333957822148329, 0.5333957822148329, 0.5333957822148329, 0.5333957822148329, 0.5333957822148329, 0.5333957822148329]
Training raw path: /home/anhnd/DTI Project/Codes/MPNN/data/KFold/ATCInchikeySideEffectByDrug.txt_train_4
('Number of substructures, proteins, pathways, drugs, se: ', 2936, 1448, 330, 969, 598)
Train: 0.9347 0.8044
Test: 0.7827 0.5067
[0.6666715855597946, 0.6719756544735047, 0.6801146655668033, 0.6795266562449556, 0.681217600485793, 0.6832478263603011, 0.6790721862654808, 0.684752419693859, 0.6854982648096618, 0.6875794685429103, 0.6878950691984025, 0.6904926253791452, 0.6973016336390585, 0.7003044970098463, 0.700899348831749, 0.7026331770500172, 0.7032709649405583, 0.7045419931461145, 0.7058740487366078, 0.7080659474910059, 0.7112554489432736, 0.7140914836143873, 0.7155085541162091, 0.7179264117135096, 0.7193398901876451, 0.7192281606295623, 0.7215196800401611, 0.7221270037282328, 0.7242055473425133, 0.7251184573175282, 0.7270214484929268, 0.7280076133749982, 0.7284192697286515, 0.7304382455936163, 0.7313642573400281, 0.7355535704973375, 0.7377382485449044, 0.7399242532301896, 0.7419780850101931, 0.7445633653425074, 0.7456603074226102, 0.7463698578399425, 0.7492967355727262, 0.7492967355727262, 0.7510503769026127, 0.7518474990711237, 0.7533997988163663, 0.7543342476255865, 0.7579039458101862, 0.7605042046654314, 0.7605042046654314, 0.7614964062784392, 0.7614964062784392, 0.7633221197754713, 0.7641738915138134, 0.7641738915138134, 0.7664597122977258, 0.7664597122977258, 0.7664597122977258, 0.7664597122977258, 0.7664597122977258, 0.7664597122977258, 0.7664597122977258, 0.7691034342945493, 0.7691034342945493, 0.7704729102892391, 0.7719503896163258, 0.7719503896163258, 0.7719503896163258, 0.7719503896163258, 0.7719503896163258, 0.7719503896163258, 0.7736314246146341, 0.7736314246146341, 0.7736314246146341, 0.7790835109536158, 0.7790835109536158, 0.7790835109536158, 0.7808157969122539, 0.7808157969122539, 0.7808157969122539, 0.7808157969122539, 0.7808157969122539, 0.7826577722193095, 0.7826577722193095, 0.7826577722193095, 0.7826577722193095, 0.7826577722193095, 0.7826577722193095, 0.7826577722193095, 0.7826577722193095, 0.7826577722193095, 0.7826577722193095, 0.7826577722193095, 0.7826577722193095]
[0.12595340561709095, 0.14950917484633275, 0.16698309816515472, 0.17607866767280672, 0.1789410045556236, 0.1842265820835629, 0.19155766058385812, 0.20781393695781125, 0.2184235957178848, 0.22690800525821347, 0.2291445559135095, 0.23584594788752938, 0.2522152919501466, 0.2587422545739336, 0.2622861555296795, 0.26448512145541103, 0.26752889883965686, 0.2705630195383394, 0.2746553312244075, 0.2827054195167812, 0.29008821201379853, 0.2976359725190466, 0.3012538608721984, 0.30805921243497264, 0.3117893552020823, 0.3127288468406093, 0.3201436768559339, 0.3221054278636311, 0.32876496913190706, 0.33082115777247034, 0.33522065145913227, 0.3394614222805565, 0.34035802549816574, 0.34686940635120805, 0.34937882413707416, 0.36084736893641456, 0.3659209423168165, 0.37395116029011577, 0.37995897872765394, 0.3883296371503622, 0.3904687766366459, 0.3922980994689408, 0.4006757055338621, 0.4006757055338621, 0.40537785952108785, 0.4072337384527839, 0.4121143592538325, 0.41531800866122925, 0.4263227558188777, 0.43280896375080713, 0.43280896375080713, 0.43570625008607, 0.43570625008607, 0.44049350651509, 0.44279196116356945, 0.44279196116356945, 0.4491050460987904, 0.4491050460987904, 0.4491050460987904, 0.4491050460987904, 0.4491050460987904, 0.4491050460987904, 0.4491050460987904, 0.45777665159599407, 0.45777665159599407, 0.46208885883524276, 0.4674414024316914, 0.4674414024316914, 0.4674414024316914, 0.4674414024316914, 0.4674414024316914, 0.4674414024316914, 0.4736295682765157, 0.4736295682765157, 0.4736295682765157, 0.49361987310946853, 0.49361987310946853, 0.49361987310946853, 0.4998095146709438, 0.4998095146709438, 0.4998095146709438, 0.4998095146709438, 0.4998095146709438, 0.5067330960109576, 0.5067330960109576, 0.5067330960109576, 0.5067330960109576, 0.5067330960109576, 0.5067330960109576, 0.5067330960109576, 0.5067330960109576, 0.5067330960109576, 0.5067330960109576, 0.5067330960109576, 0.5067330960109576]
Training raw path: /home/anhnd/DTI Project/Codes/MPNN/data/KFold/ATCInchikeySideEffectByDrug.txt_train_5
('Number of substructures, proteins, pathways, drugs, se: ', 2936, 1448, 330, 969, 598)
Train: 0.9292 0.7910
Test: 0.7755 0.4709
[0.6607619588423144, 0.6669266608380416, 0.6669637743176033, 0.6666129416008535, 0.6662147185802204, 0.6692530285256173, 0.6742993398011513, 0.6740092002541506, 0.6778333513754976, 0.6794641778302569, 0.681562622830267, 0.6844296957943203, 0.6892150551981735, 0.6915475532283217, 0.6926709152989684, 0.6953743395087955, 0.6967028610456917, 0.6988669842045425, 0.6999208089216474, 0.7022188238472469, 0.7055991387898269, 0.7079052709416931, 0.7111418592161827, 0.7133000616164785, 0.7155481338811576, 0.7156801804107438, 0.7179096379075951, 0.7200324686710774, 0.7206434993039954, 0.7214571905286884, 0.7231775079886618, 0.7244347174210313, 0.7246210914792632, 0.7254649578622752, 0.7256528688835215, 0.7298661346451716, 0.7320561041984316, 0.7343606660830365, 0.7362649369623675, 0.7382915340647296, 0.7393966907106746, 0.7399863036623424, 0.7424974155236603, 0.7424974155236603, 0.7441839085133115, 0.7449278724509436, 0.7463526515895971, 0.7468709487021419, 0.7506175386549708, 0.753052881431549, 0.753052881431549, 0.7538859886685023, 0.7538859886685023, 0.7560263089207955, 0.7570584302909941, 0.7570584302909941, 0.7597326983310846, 0.7597326983310846, 0.7597326983310846, 0.7597326983310846, 0.7597326983310846, 0.7597326983310846, 0.7597326983310846, 0.7622119943945309, 0.7622119943945309, 0.7634287513496607, 0.7650308984526141, 0.7650308984526141, 0.7650308984526141, 0.7650308984526141, 0.7650308984526141, 0.7650308984526141, 0.7669247647124454, 0.7669247647124454, 0.7669247647124454, 0.7719342587505421, 0.7719342587505421, 0.7719342587505421, 0.7736422521781866, 0.7736422521781866, 0.7736422521781866, 0.7736422521781866, 0.7736422521781866, 0.7754621665864581, 0.7754621665864581, 0.7754621665864581, 0.7754621665864581, 0.7754621665864581, 0.7754621665864581, 0.7754621665864581, 0.7754621665864581, 0.7754621665864581, 0.7754621665864581, 0.7754621665864581, 0.7754621665864581]
[0.13713877736719693, 0.15345502198572972, 0.15375251452818378, 0.1500868470326786, 0.1566400598154866, 0.16213443123437454, 0.17002568081091443, 0.171887398976259, 0.18258598339769472, 0.19155715951750987, 0.19525525279614098, 0.20122673742290173, 0.21156566209697727, 0.21767321927628097, 0.22061215927030497, 0.22687791649501943, 0.22968738718207563, 0.2382343000826644, 0.23973553221126448, 0.24617984336400067, 0.2563215347434124, 0.26043310009947207, 0.2685284013268963, 0.2741851931099131, 0.2764769253363371, 0.27695442294662376, 0.28471407014234795, 0.2921535202073908, 0.29472224072150466, 0.2979281547207661, 0.30400934540114843, 0.30757765414239485, 0.30801215621087263, 0.31158224066010254, 0.3118531312935272, 0.32524879792049866, 0.3323278935510912, 0.33767921037941295, 0.3421528034476142, 0.34908349852631815, 0.35157114607933526, 0.3542909890618273, 0.3618309041567661, 0.3618309041567661, 0.36697352740556544, 0.3694316355982557, 0.37365001110129026, 0.3760100444136068, 0.38727024342268324, 0.3940801776037607, 0.3940801776037607, 0.39604265351512624, 0.39604265351512624, 0.40313776719358524, 0.4064081212288131, 0.4064081212288131, 0.4153220577435502, 0.4153220577435502, 0.4153220577435502, 0.4153220577435502, 0.4153220577435502, 0.4153220577435502, 0.4153220577435502, 0.4232327107052134, 0.4232327107052134, 0.42713007624547383, 0.4329421574668107, 0.4329421574668107, 0.4329421574668107, 0.4329421574668107, 0.4329421574668107, 0.4329421574668107, 0.43973805152049744, 0.43973805152049744, 0.43973805152049744, 0.45805797309360813, 0.45805797309360813, 0.45805797309360813, 0.46396333885142793, 0.46396333885142793, 0.46396333885142793, 0.46396333885142793, 0.46396333885142793, 0.47092457698643897, 0.47092457698643897, 0.47092457698643897, 0.47092457698643897, 0.47092457698643897, 0.47092457698643897, 0.47092457698643897, 0.47092457698643897, 0.47092457698643897, 0.47092457698643897, 0.47092457698643897, 0.47092457698643897]
Training raw path: /home/anhnd/DTI Project/Codes/MPNN/data/KFold/ATCInchikeySideEffectByDrug.txt_train_6
('Number of substructures, proteins, pathways, drugs, se: ', 2936, 1448, 330, 969, 598)
Train: 0.9256 0.7834
Test: 0.7887 0.4678
[0.7209829627999121, 0.7280424883049332, 0.728913134421236, 0.7269012917776099, 0.7203059301811825, 0.7149682496217813, 0.7133145395275392, 0.71332385326935, 0.7134562163379545, 0.7160267414405777, 0.7163380803515459, 0.7178016524097337, 0.7199043564007981, 0.7225024791387609, 0.7226151760272361, 0.722402631636505, 0.7224454155179356, 0.7227544811871072, 0.7235648030598341, 0.7257319072305902, 0.7286303322491993, 0.7302127303067579, 0.7319208900050633, 0.7331355986483281, 0.7333539876222699, 0.733574051329873, 0.7351594793482314, 0.7362768706069578, 0.7381728426728771, 0.7391035737251215, 0.7420341543040534, 0.7434060359125597, 0.7438797878503123, 0.7449499886269703, 0.7451533203267591, 0.7473653330691856, 0.7493459627326136, 0.7509090212343783, 0.7521092375101334, 0.754093640649637, 0.7549433657769673, 0.755452114653477, 0.7582067863752336, 0.7582067863752336, 0.7600910887696866, 0.760840047335959, 0.7617273834747391, 0.7627171228985665, 0.765894370013336, 0.7681891173643609, 0.7681891173643609, 0.7690704172292258, 0.7690704172292258, 0.7706722221365654, 0.7715885657607522, 0.7715885657607522, 0.7736210819089601, 0.7736210819089601, 0.7736210819089601, 0.7736210819089601, 0.7736210819089601, 0.7736210819089601, 0.7736210819089601, 0.7759162439281923, 0.7759162439281923, 0.7769780215570083, 0.7786362834822338, 0.7786362834822338, 0.7786362834822338, 0.7786362834822338, 0.7786362834822338, 0.7786362834822338, 0.7801421417486258, 0.7801421417486258, 0.7801421417486258, 0.7852460642965469, 0.7852460642965469, 0.7852460642965469, 0.7867051176328831, 0.7867051176328831, 0.7867051176328831, 0.7867051176328831, 0.7867051176328831, 0.7886783142764573, 0.7886783142764573, 0.7886783142764573, 0.7886783142764573, 0.7886783142764573, 0.7886783142764573, 0.7886783142764573, 0.7886783142764573, 0.7886783142764573, 0.7886783142764573, 0.7886783142764573, 0.7886783142764573]
[0.157073048811543, 0.1617096423830999, 0.16971104317076902, 0.16380778823300357, 0.1632758859631186, 0.16372446803196372, 0.16963008520030182, 0.17249942785061095, 0.17917918910907615, 0.18684520280577116, 0.19114302375973455, 0.197449048416139, 0.20696781927129332, 0.21424537595600363, 0.21598336658875472, 0.21889614397819498, 0.2231228776612013, 0.22489300750978705, 0.22778618814169463, 0.23665603658067003, 0.24482423796361644, 0.2523847796313632, 0.2591389155987853, 0.26490723660585097, 0.26717105442358735, 0.2682367131136027, 0.2725481381275058, 0.27761234266083623, 0.284753513213846, 0.2876921380765315, 0.29799961628036686, 0.30126701527681043, 0.30299288357778364, 0.3083310046856098, 0.3097929429120631, 0.32046455509467253, 0.32740329322737827, 0.3334930453487642, 0.3391021275773458, 0.3470365524408445, 0.35056738214600225, 0.3524149973609644, 0.36188162296427195, 0.36188162296427195, 0.3686627421793455, 0.37072692180005806, 0.3747014453316679, 0.3774828244092624, 0.3877661887817996, 0.39587630526388373, 0.39587630526388373, 0.398404339371728, 0.398404339371728, 0.4035837376647822, 0.4070011264336958, 0.4070011264336958, 0.4135731588487058, 0.4135731588487058, 0.4135731588487058, 0.4135731588487058, 0.4135731588487058, 0.4135731588487058, 0.4135731588487058, 0.42133143407333745, 0.42133143407333745, 0.42429595671396236, 0.43033297307594154, 0.43033297307594154, 0.43033297307594154, 0.43033297307594154, 0.43033297307594154, 0.43033297307594154, 0.435533454091602, 0.435533454091602, 0.435533454091602, 0.4546742104794319, 0.4546742104794319, 0.4546742104794319, 0.4599055438091019, 0.4599055438091019, 0.4599055438091019, 0.4599055438091019, 0.4599055438091019, 0.4678367718701271, 0.4678367718701271, 0.4678367718701271, 0.4678367718701271, 0.4678367718701271, 0.4678367718701271, 0.4678367718701271, 0.4678367718701271, 0.4678367718701271, 0.4678367718701271, 0.4678367718701271, 0.4678367718701271]
Training raw path: /home/anhnd/DTI Project/Codes/MPNN/data/KFold/ATCInchikeySideEffectByDrug.txt_train_7
('Number of substructures, proteins, pathways, drugs, se: ', 2936, 1448, 330, 969, 598)
Train: 0.9387 0.8160
Test: 0.7783 0.4918
[0.6583136378484401, 0.6732613807591122, 0.6733171501597899, 0.677433622170379, 0.6762056217660459, 0.677364821278885, 0.6772353685478218, 0.682147657862992, 0.6823453674631406, 0.6843956710221178, 0.6846899754235136, 0.6857964668790337, 0.68914750590654, 0.6923447997573704, 0.6931757110697156, 0.69366995703251, 0.6946802163572925, 0.6961445833602892, 0.6969246844994103, 0.699294088140158, 0.7014882104140123, 0.7042385605479905, 0.7064413031138412, 0.7094734317773408, 0.7109303958422586, 0.7111744206035286, 0.7128509982209428, 0.7143199343854221, 0.7159253384975994, 0.7168197238887566, 0.7198396221989172, 0.7211886697180814, 0.7220287982114943, 0.723273271085481, 0.7240631109376859, 0.7279704943382338, 0.7303469707871877, 0.7320958588068185, 0.7347020163649192, 0.7381180214262743, 0.7394072135159674, 0.7402263109296814, 0.7430290548458753, 0.7430290548458753, 0.7449228824882841, 0.7457705571282792, 0.7480649885474395, 0.7491613358473679, 0.7535026872453974, 0.7559778811659629, 0.7559778811659629, 0.7570731916269682, 0.7570731916269682, 0.7590623752270189, 0.7601360739202865, 0.7601360739202865, 0.7623427255734222, 0.7623427255734222, 0.7623427255734222, 0.7623427255734222, 0.7623427255734222, 0.7623427255734222, 0.7623427255734222, 0.7651866804170109, 0.7651866804170109, 0.7665513663816376, 0.7679448938525043, 0.7679448938525043, 0.7679448938525043, 0.7679448938525043, 0.7679448938525043, 0.7679448938525043, 0.7694363466799126, 0.7694363466799126, 0.7694363466799126, 0.7747261366835299, 0.7747261366835299, 0.7747261366835299, 0.7764365076900784, 0.7764365076900784, 0.7764365076900784, 0.7764365076900784, 0.7764365076900784, 0.7783092977108705, 0.7783092977108705, 0.7783092977108705, 0.7783092977108705, 0.7783092977108705, 0.7783092977108705, 0.7783092977108705, 0.7783092977108705, 0.7783092977108705, 0.7783092977108705, 0.7783092977108705, 0.7783092977108705]
[0.12155944676009217, 0.13708725446201173, 0.1485043623752318, 0.16207380642920288, 0.17183745480217083, 0.17491595454465655, 0.1798543853732036, 0.18835936495619596, 0.1920196578800778, 0.1955961032498657, 0.19777216298700445, 0.20190566657635323, 0.21004592476272896, 0.21844723448648837, 0.2209353083674478, 0.2242589228367144, 0.22646688780447652, 0.2323540360315749, 0.23439336872156918, 0.2458056190977062, 0.2576152949991144, 0.2652032686225839, 0.2706865944181679, 0.2787600185445546, 0.2833912853339011, 0.28363952496341727, 0.2871154660872605, 0.2919058779774053, 0.29769949026176146, 0.2988917662952311, 0.31075692570106955, 0.3144716723667318, 0.31662495216321096, 0.3196407606865048, 0.3218865883499592, 0.33508675743742367, 0.342523226861781, 0.34659241601553137, 0.35354766482578537, 0.36335840864307184, 0.3675670411066337, 0.37002573594866084, 0.3771370302595469, 0.3771370302595469, 0.3843474689820788, 0.38653894181123977, 0.39328290780127817, 0.39666721323058174, 0.41058540146428796, 0.41829364962630056, 0.41829364962630056, 0.42119016369848583, 0.42119016369848583, 0.42735017152704746, 0.4306056264769392, 0.4306056264769392, 0.43691604459049205, 0.43691604459049205, 0.43691604459049205, 0.43691604459049205, 0.43691604459049205, 0.43691604459049205, 0.43691604459049205, 0.44596455539098856, 0.44596455539098856, 0.45018628695373086, 0.45471675968188563, 0.45471675968188563, 0.45471675968188563, 0.45471675968188563, 0.45471675968188563, 0.45471675968188563, 0.4598009606978927, 0.4598009606978927, 0.4598009606978927, 0.4785403481571163, 0.4785403481571163, 0.4785403481571163, 0.484629843928898, 0.484629843928898, 0.484629843928898, 0.484629843928898, 0.484629843928898, 0.4918141234198668, 0.4918141234198668, 0.4918141234198668, 0.4918141234198668, 0.4918141234198668, 0.4918141234198668, 0.4918141234198668, 0.4918141234198668, 0.4918141234198668, 0.4918141234198668, 0.4918141234198668, 0.4918141234198668]
Training raw path: /home/anhnd/DTI Project/Codes/MPNN/data/KFold/ATCInchikeySideEffectByDrug.txt_train_8
('Number of substructures, proteins, pathways, drugs, se: ', 2936, 1448, 330, 969, 598)
Train: 0.9247 0.7802
Test: 0.7930 0.4981
[0.7137890346248555, 0.7090831158419422, 0.7079963032714778, 0.7124271126558283, 0.7082824239913824, 0.7118394928484576, 0.7151246043197512, 0.7165121033338677, 0.7176222871125139, 0.7201913122965755, 0.7213673575306027, 0.7217293365212707, 0.7218262896217883, 0.7238139821060958, 0.7250394664992574, 0.7250462742743482, 0.7251818940923082, 0.7271299537804617, 0.7278725490833271, 0.729000078806787, 0.7314997832654729, 0.7333170746846217, 0.7351368455413971, 0.7374554169328722, 0.7383274404585529, 0.7385086298368381, 0.7398949375360632, 0.7411308164954594, 0.7423109030397286, 0.7420158418064084, 0.7448578029197147, 0.7461287265596565, 0.7462870264162254, 0.7476948076196256, 0.7481294905269983, 0.7512899546242002, 0.7532388504062729, 0.7547159620068575, 0.7561728324460285, 0.758103875687171, 0.7589387748916712, 0.7593308186225567, 0.7615656511872113, 0.7615656511872113, 0.7629624268903986, 0.7638271549086167, 0.7649752579508347, 0.7657886222407958, 0.7689080229131608, 0.7715096679869669, 0.7715096679869669, 0.7722801359766698, 0.7722801359766698, 0.774148128847945, 0.7752253542914944, 0.7752253542914944, 0.7773839902494293, 0.7773839902494293, 0.7773839902494293, 0.7773839902494293, 0.7773839902494293, 0.7773839902494293, 0.7773839902494293, 0.7800283083587326, 0.7800283083587326, 0.7812711400889316, 0.7826534674607633, 0.7826534674607633, 0.7826534674607633, 0.7826534674607633, 0.7826534674607633, 0.7826534674607633, 0.7840853925888371, 0.7840853925888371, 0.7840853925888371, 0.7893397376962448, 0.7893397376962448, 0.7893397376962448, 0.7910649786712622, 0.7910649786712622, 0.7910649786712622, 0.7910649786712622, 0.7910649786712622, 0.7930367984118805, 0.7930367984118805, 0.7930367984118805, 0.7930367984118805, 0.7930367984118805, 0.7930367984118805, 0.7930367984118805, 0.7930367984118805, 0.7930367984118805, 0.7930367984118805, 0.7930367984118805, 0.7930367984118805]
[0.15171878206471506, 0.15715638187853154, 0.16944677335396413, 0.17666864687353917, 0.1807776071801297, 0.19028359861113467, 0.20055440719988188, 0.2074417969080809, 0.2170820380235915, 0.22117901639622645, 0.22578193349481, 0.23042091368791606, 0.23524428083507948, 0.24028837892509175, 0.24468215777812857, 0.24757470943735127, 0.2517370227772395, 0.2569431408857161, 0.26025742563533805, 0.2668033780340236, 0.2741049077133941, 0.2807011738248919, 0.2855446915271915, 0.29335264273147604, 0.29855274598365017, 0.2998519085404206, 0.3044447158444222, 0.30873000464525685, 0.3143032600641398, 0.31566258431288674, 0.3245131732672345, 0.3286045589905949, 0.3289035027125284, 0.3345124846397033, 0.3366922811822086, 0.3487085942455154, 0.3559326474999699, 0.36196021042727694, 0.365783669190168, 0.37199841604507594, 0.3766356630271858, 0.3779490654221019, 0.38628533935581066, 0.38628533935581066, 0.39245939648548045, 0.39532240528609286, 0.3986666794916061, 0.40167549977095723, 0.41272639761763197, 0.42157202333753785, 0.42157202333753785, 0.42396856041578024, 0.42396856041578024, 0.43042994959186326, 0.4341977884540629, 0.4341977884540629, 0.44046468103890396, 0.44046468103890396, 0.44046468103890396, 0.44046468103890396, 0.44046468103890396, 0.44046468103890396, 0.44046468103890396, 0.4494985312889567, 0.4494985312889567, 0.4533763409530066, 0.45842555480459574, 0.45842555480459574, 0.45842555480459574, 0.45842555480459574, 0.45842555480459574, 0.45842555480459574, 0.46340810061176146, 0.46340810061176146, 0.46340810061176146, 0.4836939449348408, 0.4836939449348408, 0.4836939449348408, 0.4899148547989899, 0.4899148547989899, 0.4899148547989899, 0.4899148547989899, 0.4899148547989899, 0.4981207568743485, 0.4981207568743485, 0.4981207568743485, 0.4981207568743485, 0.4981207568743485, 0.4981207568743485, 0.4981207568743485, 0.4981207568743485, 0.4981207568743485, 0.4981207568743485, 0.4981207568743485, 0.4981207568743485]
Training raw path: /home/anhnd/DTI Project/Codes/MPNN/data/KFold/ATCInchikeySideEffectByDrug.txt_train_9
('Number of substructures, proteins, pathways, drugs, se: ', 2936, 1448, 330, 969, 598)
Train: 0.9328 0.7977
Test: 0.7675 0.4858
[0.6636886377378646, 0.6828116481329237, 0.6820979651380551, 0.6707147729989608, 0.6698716987588815, 0.6678946709308481, 0.672403033814483, 0.6720161674008637, 0.6727330426942155, 0.6736545151485615, 0.6755511501225001, 0.6772879369850149, 0.6802419659134895, 0.6834491200006528, 0.6832882823611972, 0.6853388058735674, 0.6862596984011015, 0.6882277688043845, 0.6885804052391082, 0.6914746162808088, 0.6946344984289615, 0.698048240585157, 0.7008307069135205, 0.7033281997280731, 0.7043297725351232, 0.70472855489878, 0.7069085396489905, 0.7078416745175417, 0.7097016723053047, 0.7111942041247705, 0.7139915992655941, 0.7150144956763088, 0.7157187464744464, 0.7170561469805671, 0.7179196947500412, 0.7214920384303303, 0.723305498055266, 0.7259345781994466, 0.7277732069380591, 0.7306821442311617, 0.7320058143773547, 0.7325357087536211, 0.7351806900455318, 0.7351806900455318, 0.7370210586197188, 0.7377158297531392, 0.7395817557941314, 0.7403496051701955, 0.7438873570258295, 0.7464139123026343, 0.7464139123026343, 0.7472912312861026, 0.7472912312861026, 0.7494555668723745, 0.7504812504145166, 0.7504812504145166, 0.7527383850929995, 0.7527383850929995, 0.7527383850929995, 0.7527383850929995, 0.7527383850929995, 0.7527383850929995, 0.7527383850929995, 0.7551445571979863, 0.7551445571979863, 0.7565758018303572, 0.7579502940366031, 0.7579502940366031, 0.7579502940366031, 0.7579502940366031, 0.7579502940366031, 0.7579502940366031, 0.7593794210737719, 0.7593794210737719, 0.7593794210737719, 0.7640775778195734, 0.7640775778195734, 0.7640775778195734, 0.7657325463565832, 0.7657325463565832, 0.7657325463565832, 0.7657325463565832, 0.7657325463565832, 0.7674563702051515, 0.7674563702051515, 0.7674563702051515, 0.7674563702051515, 0.7674563702051515, 0.7674563702051515, 0.7674563702051515, 0.7674563702051515, 0.7674563702051515, 0.7674563702051515, 0.7674563702051515, 0.7674563702051515]
[0.11626172008073507, 0.14096957967509177, 0.15654508045538307, 0.15842478072609956, 0.1699185494334926, 0.17011907482944766, 0.17695740436047752, 0.18557666753814833, 0.1961310529294538, 0.2035215835357449, 0.20700809777307336, 0.21269643618137257, 0.22196340498621192, 0.23162214005447684, 0.2335604186075057, 0.2399330312672281, 0.2447104124538469, 0.24901630438653, 0.2507281579575887, 0.2563489021857261, 0.26634642374461437, 0.27414199155467334, 0.2814464226018873, 0.289333882137096, 0.2914280243270314, 0.29236989400108415, 0.29640218131110935, 0.30025137179194294, 0.3059568037881191, 0.309214285289897, 0.3177496448455857, 0.3193110023553068, 0.3213450216138921, 0.3254618273992939, 0.3276824134163644, 0.3390947512368825, 0.3438247341071965, 0.3515913902207054, 0.3559921909137644, 0.3646983294844176, 0.36916841760862085, 0.37091176007378357, 0.3787044686059532, 0.3787044686059532, 0.38410530081728234, 0.38540847715137655, 0.39144520467804444, 0.3937165043334317, 0.40429173906341875, 0.4131540100382193, 0.4131540100382193, 0.41534978893992747, 0.41534978893992747, 0.42276887411073083, 0.42575253151646436, 0.42575253151646436, 0.43320057510687693, 0.43320057510687693, 0.43320057510687693, 0.43320057510687693, 0.43320057510687693, 0.43320057510687693, 0.43320057510687693, 0.4410666243899446, 0.4410666243899446, 0.4458592392386662, 0.4510447984676541, 0.4510447984676541, 0.4510447984676541, 0.4510447984676541, 0.4510447984676541, 0.4510447984676541, 0.45602586630001457, 0.45602586630001457, 0.45602586630001457, 0.47322061316213687, 0.47322061316213687, 0.47322061316213687, 0.47919953271714133, 0.47919953271714133, 0.47919953271714133, 0.47919953271714133, 0.47919953271714133, 0.4857573543797128, 0.4857573543797128, 0.4857573543797128, 0.4857573543797128, 0.4857573543797128, 0.4857573543797128, 0.4857573543797128, 0.4857573543797128, 0.4857573543797128, 0.4857573543797128, 0.4857573543797128, 0.4857573543797128]
AUC: 0.7830 0.0032
AUPR: 0.5016 0.0097
('RARE AUC', [(0.6861665336875343, 0.009463737230871004), (0.6951984873676187, 0.009330133618770782), (0.6956669737468141, 0.008519965803020519), (0.6931953627812765, 0.008603190041737133), (0.69153241513662, 0.008304740972109965), (0.6920025170354069, 0.00774270889368055), (0.693178430824795, 0.007680190024550599), (0.6947463044184612, 0.00766928126474535), (0.6958528374605673, 0.007343707669841864), (0.6978039738742339, 0.0074799951525579365), (0.6985082309653904, 0.007496692403225743), (0.6999081327133259, 0.007240315899508063), (0.7029805403279366, 0.006695190704981457), (0.7055568106279475, 0.006485014174312298), (0.7061261328779137, 0.006405537482835769), (0.7075053937922724, 0.006200710124000537), (0.7084243156381963, 0.006147046772058221), (0.7098443926870939, 0.006028759189627854), (0.7105207497466164, 0.006004365207055605), (0.7128810156044447, 0.005760695288886485), (0.7156237876836868, 0.0056431224895384414), (0.718023232904724, 0.005491661337715292), (0.7200897216008824, 0.00545794535665765), (0.7223428011999958, 0.005334287989974937), (0.7235843701135616, 0.005238513535027968), (0.7237736873608214, 0.005256251718346172), (0.7255902185952654, 0.0051999107310114765), (0.7269052644163039, 0.005079082474075242), (0.7286220457807278, 0.004953510277605899), (0.7293542171503001, 0.004852422440723062), (0.7319157451883939, 0.004775362425645296), (0.7333016905517117, 0.004762185172138771), (0.7338263495533177, 0.004722731354318271), (0.7351339694629899, 0.004660311799580663), (0.7356782208706807, 0.004624821720986167), (0.7391762709846127, 0.004470213946619967), (0.7411655307417512, 0.004428025386096678), (0.7431668900611926, 0.0042867720654256695), (0.7449622636761871, 0.0042163437106687365), (0.7474700903351621, 0.004090251221736258), (0.748461318082787, 0.00401253507873623), (0.7490740108316155, 0.003971533975233588), (0.7515682631040992, 0.0038768842637704206), (0.7515682631040992, 0.0038768842637704206), (0.7532309930828177, 0.003834400786073717), (0.7539940956416243, 0.0038270625189418084), (0.7555584148439378, 0.0037370839692013715), (0.7563906927304412, 0.003743787762023377), (0.759769426647253, 0.0036416086081166176), (0.7622401394936066, 0.003586840251588361), (0.7622401394936066, 0.003586840251588361), (0.7631046941962081, 0.0035632956451620698), (0.7631046941962081, 0.0035632956451620698), (0.7649644339877513, 0.0034833609482017697), (0.7659500186358084, 0.003476661182228474), (0.7659500186358084, 0.003476661182228474), (0.7680640812670478, 0.003414363033563969), (0.7680640812670478, 0.003414363033563969), (0.7680640812670478, 0.003414363033563969), (0.7680640812670478, 0.003414363033563969), (0.7680640812670478, 0.003414363033563969), (0.7680640812670478, 0.003414363033563969), (0.7680640812670478, 0.003414363033563969), (0.7705453448615657, 0.0033650814440582405), (0.7705453448615657, 0.0033650814440582405), (0.771808756138426, 0.003343496010638097), (0.7731792684311871, 0.0033304754672256512), (0.7731792684311871, 0.0033304754672256512), (0.7731792684311871, 0.0033304754672256512), (0.7731792684311871, 0.0033304754672256512), (0.7731792684311871, 0.0033304754672256512), (0.7731792684311871, 0.0033304754672256512), (0.7747226688161364, 0.003300232604056728), (0.7747226688161364, 0.003300232604056728), (0.7747226688161364, 0.003300232604056728), (0.7795209080707153, 0.0032514904155084073), (0.7795209080707153, 0.0032514904155084073), (0.7795209080707153, 0.0032514904155084073), (0.7811587427784445, 0.003223860789969726), (0.7811587427784445, 0.003223860789969726), (0.7811587427784445, 0.003223860789969726), (0.7811587427784445, 0.003223860789969726), (0.7811587427784445, 0.003223860789969726), (0.7829521476399968, 0.003205597399141098), (0.7829521476399968, 0.003205597399141098), (0.7829521476399968, 0.003205597399141098), (0.7829521476399968, 0.003205597399141098), (0.7829521476399968, 0.003205597399141098), (0.7829521476399968, 0.003205597399141098), (0.7829521476399968, 0.003205597399141098), (0.7829521476399968, 0.003205597399141098), (0.7829521476399968, 0.003205597399141098), (0.7829521476399968, 0.003205597399141098), (0.7829521476399968, 0.003205597399141098), (0.7829521476399968, 0.003205597399141098)])
('RARE AUPR', [(0.1515483349433652, 0.010818284370370293), (0.16930763411538027, 0.012141177029895098), (0.17808458609701203, 0.011913915671341991), (0.1809747143653989, 0.011556612132311161), (0.1863922925574662, 0.01122455194597042), (0.19061086105480146, 0.011252964645426428), (0.19833145602665753, 0.011912812454337937), (0.20595168221064294, 0.01224178145119248), (0.2141344701435751, 0.011992301132216625), (0.22101159810082255, 0.012168762541137808), (0.2239582479046219, 0.012269579481977627), (0.22912200785680942, 0.012120570177709549), (0.23873158470619185, 0.012085647845118841), (0.24606658824567146, 0.011901374295852082), (0.2490472557025058, 0.011831977838816588), (0.2538360937994578, 0.011964561518180143), (0.25744806715104684, 0.01223381890125293), (0.2617680943598235, 0.012052841538985965), (0.2640957265727633, 0.012152487616533973), (0.2723596776566433, 0.012170237987945021), (0.28118678530722707, 0.012104610524195359), (0.2879852228842258, 0.012106945727566444), (0.2943418228349326, 0.012284371402829128), (0.30160527825507094, 0.012394838448238799), (0.3050392963658628, 0.012495018766480206), (0.3059598480796887, 0.012556244067025962), (0.31109647774042937, 0.01270205020729757), (0.3159429910297252, 0.012609654664095318), (0.3219927022731662, 0.012577547204134818), (0.3243062060597832, 0.012497770817017693), (0.3327400513379848, 0.012282596746949774), (0.3365548379999931, 0.012305312641588595), (0.33797194703503336, 0.0122945657356269), (0.3425372567947537, 0.012187239152618273), (0.34431778087691944, 0.012172846711009766), (0.35624876646842374, 0.011932153259296918), (0.3625116459560269, 0.011892714585939526), (0.3690633067374266, 0.01190271184332167), (0.3745752625517858, 0.012014190782528763), (0.3828237874460428, 0.011988153856019226), (0.38617679182515163, 0.011868666399329755), (0.38823800380150086, 0.011829381257775527), (0.3958935394271147, 0.011665556199273149), (0.3958935394271147, 0.011665556199273149), (0.40123949563971684, 0.011490899725922774), (0.4034675866632808, 0.011460728506182155), (0.40865091826754585, 0.011481964920711508), (0.4114612127743304, 0.011504600468799728), (0.4223354670512049, 0.01127948998775709), (0.4302011955128817, 0.011116810061915174), (0.4302011955128817, 0.011116810061915174), (0.4325826408296135, 0.011121835272026337), (0.4325826408296135, 0.011121835272026337), (0.43866032979350866, 0.010963425556293704), (0.44172567187636036, 0.010935859562145444), (0.44172567187636036, 0.010935859562145444), (0.448298867235324, 0.010699393326781168), (0.448298867235324, 0.010699393326781168), (0.448298867235324, 0.010699393326781168), (0.448298867235324, 0.010699393326781168), (0.448298867235324, 0.010699393326781168), (0.448298867235324, 0.010699393326781168), (0.448298867235324, 0.010699393326781168), (0.4565444433632021, 0.010592719948731795), (0.4565444433632021, 0.010592719948731795), (0.460534119050468, 0.010631621414655049), (0.46550361908218507, 0.01050249400764391), (0.46550361908218507, 0.01050249400764391), (0.46550361908218507, 0.01050249400764391), (0.46550361908218507, 0.01050249400764391), (0.46550361908218507, 0.01050249400764391), (0.46550361908218507, 0.01050249400764391), (0.47113044709045476, 0.010430644077392285), (0.47113044709045476, 0.010430644077392285), (0.47113044709045476, 0.010430644077392285), (0.48867335917560595, 0.00996575087358318), (0.48867335917560595, 0.00996575087358318), (0.48867335917560595, 0.00996575087358318), (0.49461938837384745, 0.00989973525067828), (0.49461938837384745, 0.00989973525067828), (0.49461938837384745, 0.00989973525067828), (0.49461938837384745, 0.00989973525067828), (0.49461938837384745, 0.00989973525067828), (0.5016412255397575, 0.009722331949378517), (0.5016412255397575, 0.009722331949378517), (0.5016412255397575, 0.009722331949378517), (0.5016412255397575, 0.009722331949378517), (0.5016412255397575, 0.009722331949378517), (0.5016412255397575, 0.009722331949378517), (0.5016412255397575, 0.009722331949378517), (0.5016412255397575, 0.009722331949378517), (0.5016412255397575, 0.009722331949378517), (0.5016412255397575, 0.009722331949378517), (0.5016412255397575, 0.009722331949378517), (0.5016412255397575, 0.009722331949378517)])
