PSLR
<models.baselines.omodels.PSLRModel object at 0x7f50e82783d0>
('Manual torch seed: ', 1772727637)
('Config: ', 'Protein Test: ', True, 'KNN: ', 2)
('EXT MODE: ', True)
Training raw path: /home/anhnd/DTI Project/Codes/MPNN/data/KFold/ATCInchikeySideEffectByDrug.txt_train_0
('Number of substructures, proteins, pathways, drugs, se: ', 2936, 1448, 330, 969, 598)
((872, 4714), (97, 4714), (872, 598), (97, 598))
('VALIDATE SUM PROTEIN TRAIN: ', 0.0)
('VALIDATE SUM PROTEIN TEST: ', 0.0)
Train: 1.0000 1.0000
Test: 0.7495 0.4508
[0.6678731261893479, 0.6667344419932641, 0.673714845529251, 0.668631767088522, 0.6698201221762573, 0.6687569431820684, 0.6701343823939058, 0.6701726752131866, 0.6710456953399656, 0.6721457045865982, 0.6721897467186049, 0.6720896444750881, 0.674141184483212, 0.6754252246943185, 0.6757889834118193, 0.6770538971165655, 0.6777020013687651, 0.6771627529435591, 0.6775425057905614, 0.680506344749511, 0.6827681259692657, 0.6846187948723889, 0.6860186773371127, 0.6881471322292406, 0.6904734085863048, 0.6907053550034108, 0.6923742819281644, 0.6940620766559757, 0.696184514162473, 0.6967256492191367, 0.6994727432757364, 0.7007185266061806, 0.7009985856686914, 0.7024595985804171, 0.7031549736671369, 0.7065664184298103, 0.7083621458919039, 0.7103812440662076, 0.7115401925253126, 0.7144612016057564, 0.7155230110166428, 0.7163828258164613, 0.7186650858320782, 0.7186650858320782, 0.7205051643819157, 0.7211036486962031, 0.7228676371851521, 0.7237817734982196, 0.7269776275627485, 0.7292226121116041, 0.7292226121116041, 0.7302329123492934, 0.7302329123492934, 0.7320647765515264, 0.7327710669472522, 0.7327710669472522, 0.7342599611686993, 0.7342599611686993, 0.7342599611686993, 0.7342599611686993, 0.7342599611686993, 0.7342599611686993, 0.7342599611686993, 0.7368106221247844, 0.7368106221247844, 0.7380308896961202, 0.7393341161663398, 0.7393341161663398, 0.7393341161663398, 0.7393341161663398, 0.7393341161663398, 0.7393341161663398, 0.7409002668885039, 0.7409002668885039, 0.7409002668885039, 0.7456994861033908, 0.7456994861033908, 0.7456994861033908, 0.7475323428516671, 0.7475323428516671, 0.7475323428516671, 0.7475323428516671, 0.7475323428516671, 0.7495231360813576, 0.7495231360813576, 0.7495231360813576, 0.7495231360813576, 0.7495231360813576, 0.7495231360813576, 0.7495231360813576, 0.7495231360813576, 0.7495231360813576, 0.7495231360813576, 0.7495231360813576, 0.7495231360813576]
[0.13418501282527998, 0.1431574931979414, 0.15822600403252607, 0.16020544772087236, 0.16317568285460696, 0.16841721213614796, 0.17620754991391807, 0.18288001263092063, 0.18896262627075544, 0.19190221489140158, 0.19210695806855127, 0.1943280007701741, 0.2025241628024281, 0.2091094237498505, 0.2115756997274692, 0.2169656445321062, 0.21879821161924076, 0.22138644770729132, 0.22380625658864362, 0.232772084129061, 0.23874791581913785, 0.24498710088302086, 0.2503471329202584, 0.2574091824760584, 0.2634032821727271, 0.2641293098579812, 0.26681466886118166, 0.2710883950214311, 0.2786332540069929, 0.28049767959509986, 0.287938186629213, 0.2912541693503218, 0.2930744530832, 0.29733392843738193, 0.29941613513050036, 0.30956956851119694, 0.31516102079037256, 0.32185935659125514, 0.3264149732656091, 0.33377816740019156, 0.3368991487879124, 0.33929008926559767, 0.34617306085493404, 0.34617306085493404, 0.3512265361481479, 0.35299644011586195, 0.3584217570360472, 0.3605762663703319, 0.3705520698125674, 0.3780305711504999, 0.3780305711504999, 0.38116060415657194, 0.38116060415657194, 0.3870087800749362, 0.3889267345338958, 0.3889267345338958, 0.3937552010636134, 0.3937552010636134, 0.3937552010636134, 0.3937552010636134, 0.3937552010636134, 0.3937552010636134, 0.3937552010636134, 0.40277832619504805, 0.40277832619504805, 0.4077916798303237, 0.4121028946631702, 0.4121028946631702, 0.4121028946631702, 0.4121028946631702, 0.4121028946631702, 0.4121028946631702, 0.4179101873474461, 0.4179101873474461, 0.4179101873474461, 0.43516452587158655, 0.43516452587158655, 0.43516452587158655, 0.44229519048248117, 0.44229519048248117, 0.44229519048248117, 0.44229519048248117, 0.44229519048248117, 0.4508209440680048, 0.4508209440680048, 0.4508209440680048, 0.4508209440680048, 0.4508209440680048, 0.4508209440680048, 0.4508209440680048, 0.4508209440680048, 0.4508209440680048, 0.4508209440680048, 0.4508209440680048, 0.4508209440680048]
Training raw path: /home/anhnd/DTI Project/Codes/MPNN/data/KFold/ATCInchikeySideEffectByDrug.txt_train_1
('Number of substructures, proteins, pathways, drugs, se: ', 2936, 1448, 330, 969, 598)
((872, 4714), (97, 4714), (872, 598), (97, 598))
('VALIDATE SUM PROTEIN TRAIN: ', 0.0)
('VALIDATE SUM PROTEIN TEST: ', 0.0)
Train: 1.0000 1.0000
Test: 0.7277 0.4476
[0.5812538604972175, 0.5957434941267173, 0.6018283369380484, 0.6063940821655949, 0.6069112050768432, 0.6094880004363226, 0.6037960059920701, 0.6042152159928892, 0.6085448763820146, 0.609843341998748, 0.6090018165870889, 0.6115458779378383, 0.6149450043048778, 0.6204322200743653, 0.6209280929729611, 0.6232567803517937, 0.6234479153927955, 0.6254989373843326, 0.6270611642625387, 0.6296579888353528, 0.6324673430391448, 0.63601291707597, 0.6394842265639786, 0.643342676241328, 0.6449690602841177, 0.645451691405703, 0.6478733231623754, 0.6502505894600523, 0.6538373814146432, 0.6550463358960213, 0.6590177524923626, 0.6620163698445427, 0.6629528626712575, 0.6647574596378362, 0.6654826776540628, 0.670205862452131, 0.6726596655268808, 0.6767657118121357, 0.6792337765406499, 0.6824043931342734, 0.6839825838427669, 0.6850270010502146, 0.6883666668718152, 0.6883666668718152, 0.6897061421213773, 0.6907470383555321, 0.6932778658764149, 0.694240407099342, 0.6981460184691084, 0.7020711235697008, 0.7020711235697008, 0.7029121000106109, 0.7029121000106109, 0.7053769466054843, 0.706656879803945, 0.706656879803945, 0.7093121691632298, 0.7093121691632298, 0.7093121691632298, 0.7093121691632298, 0.7093121691632298, 0.7093121691632298, 0.7093121691632298, 0.7125439117034023, 0.7125439117034023, 0.7140732754474497, 0.7156552324290077, 0.7156552324290077, 0.7156552324290077, 0.7156552324290077, 0.7156552324290077, 0.7156552324290077, 0.7177023255461845, 0.7177023255461845, 0.7177023255461845, 0.723259791850638, 0.723259791850638, 0.723259791850638, 0.7254379879732197, 0.7254379879732197, 0.7254379879732197, 0.7254379879732197, 0.7254379879732197, 0.7277014711962897, 0.7277014711962897, 0.7277014711962897, 0.7277014711962897, 0.7277014711962897, 0.7277014711962897, 0.7277014711962897, 0.7277014711962897, 0.7277014711962897, 0.7277014711962897, 0.7277014711962897, 0.7277014711962897]
[0.10959506338521398, 0.1257406318375378, 0.13123831766277644, 0.1362675052222454, 0.1439381348257956, 0.14894985044909004, 0.14720487361901566, 0.15222192558473144, 0.16300780536462814, 0.16723175495408615, 0.1670320269542293, 0.17391380258709768, 0.18169982026229498, 0.19241252524854174, 0.19423917677696936, 0.1984607550008371, 0.2002551379323993, 0.20543549270071265, 0.20897657437198847, 0.21744883018426728, 0.22332660102980878, 0.22940587769506868, 0.23585632367857823, 0.24281622125800534, 0.24476053565244177, 0.2459148705299964, 0.24880468986866044, 0.25443944742216673, 0.26103048587093924, 0.263269102430581, 0.27298644893280244, 0.2798474452327878, 0.28236872200784413, 0.28659820351973575, 0.288657190124452, 0.29838609230910207, 0.3026292291996082, 0.31191895556206006, 0.31728541237103747, 0.32560378250615957, 0.32978449619145456, 0.33171189159714626, 0.33951304482406763, 0.33951304482406763, 0.34225991294988367, 0.34460532551510914, 0.3506567389205301, 0.35292858174400077, 0.3624569937247023, 0.3728692111122702, 0.3728692111122702, 0.37513685889237636, 0.37513685889237636, 0.38167758339477814, 0.3844314347770684, 0.3844314347770684, 0.39086531185618634, 0.39086531185618634, 0.39086531185618634, 0.39086531185618634, 0.39086531185618634, 0.39086531185618634, 0.39086531185618634, 0.3997764612704411, 0.3997764612704411, 0.4037919451245011, 0.40824197295156567, 0.40824197295156567, 0.40824197295156567, 0.40824197295156567, 0.40824197295156567, 0.40824197295156567, 0.415286744101315, 0.415286744101315, 0.415286744101315, 0.43211732103019285, 0.43211732103019285, 0.43211732103019285, 0.439465421627084, 0.439465421627084, 0.439465421627084, 0.439465421627084, 0.439465421627084, 0.4475763953449614, 0.4475763953449614, 0.4475763953449614, 0.4475763953449614, 0.4475763953449614, 0.4475763953449614, 0.4475763953449614, 0.4475763953449614, 0.4475763953449614, 0.4475763953449614, 0.4475763953449614, 0.4475763953449614]
Training raw path: /home/anhnd/DTI Project/Codes/MPNN/data/KFold/ATCInchikeySideEffectByDrug.txt_train_2
('Number of substructures, proteins, pathways, drugs, se: ', 2936, 1448, 330, 969, 598)
((872, 4714), (97, 4714), (872, 598), (97, 598))
('VALIDATE SUM PROTEIN TRAIN: ', 0.0)
('VALIDATE SUM PROTEIN TEST: ', 0.0)
Train: 1.0000 1.0000
Test: 0.7462 0.4983
[0.6355491795722714, 0.6479373555701154, 0.653984340321694, 0.6584938763296989, 0.657512794579727, 0.6538295909535976, 0.652640913769232, 0.654099536186816, 0.6558051461350914, 0.6569975270685372, 0.6579593196424656, 0.660629498124519, 0.6616736742003959, 0.6628578277949536, 0.6627249195498005, 0.6654818658199181, 0.6675354460431671, 0.668176019516757, 0.6685469824920338, 0.6720994632792081, 0.6755126222950631, 0.6789760817521073, 0.6815959791897346, 0.6847604992156016, 0.6864443922435894, 0.6867755896185136, 0.6887957401047814, 0.6909358811961857, 0.6924643107031302, 0.6934585838623226, 0.6952351358643032, 0.6968169949071744, 0.6974944302418761, 0.6985264753805603, 0.6991244605700572, 0.702990762336974, 0.7046445866189454, 0.7065224141855095, 0.7085019928853136, 0.7108596706662246, 0.7119123258694519, 0.7128204275784034, 0.7154702839671645, 0.7154702839671645, 0.7168862225811304, 0.7175424934809878, 0.719345722128609, 0.7203391664676911, 0.7234029320688479, 0.7255873117895982, 0.7255873117895982, 0.7263716571115694, 0.7263716571115694, 0.7280934812927554, 0.7291322675511014, 0.7291322675511014, 0.7310685057120495, 0.7310685057120495, 0.7310685057120495, 0.7310685057120495, 0.7310685057120495, 0.7310685057120495, 0.7310685057120495, 0.7336511433822867, 0.7336511433822867, 0.7351834025031647, 0.7364280194799666, 0.7364280194799666, 0.7364280194799666, 0.7364280194799666, 0.7364280194799666, 0.7364280194799666, 0.7379803575444277, 0.7379803575444277, 0.7379803575444277, 0.7427195776074021, 0.7427195776074021, 0.7427195776074021, 0.7443979543018935, 0.7443979543018935, 0.7443979543018935, 0.7443979543018935, 0.7443979543018935, 0.746188286076088, 0.746188286076088, 0.746188286076088, 0.746188286076088, 0.746188286076088, 0.746188286076088, 0.746188286076088, 0.746188286076088, 0.746188286076088, 0.746188286076088, 0.746188286076088, 0.746188286076088]
[0.1774370303815798, 0.20086534441479614, 0.2232407572491742, 0.22226177925235274, 0.22412312560776898, 0.22699569096422578, 0.23042774623826692, 0.23396011310886078, 0.24018655892364732, 0.24482200670052232, 0.2476278483398045, 0.25281837981710675, 0.2592251892884659, 0.2632180999584398, 0.26482004599577785, 0.2700321626857713, 0.27508691564251125, 0.2782487756241436, 0.28023967411915135, 0.2902156162651437, 0.29885090040435874, 0.3048509633150576, 0.31027704580603754, 0.3186743736397981, 0.32287354747174135, 0.32390179467885444, 0.32773787996082265, 0.3329502882430908, 0.33720864774593196, 0.33849214200664096, 0.3446303737403965, 0.34905225958883557, 0.3501427187648791, 0.3525864590080489, 0.3540451297123942, 0.3647664207101694, 0.36987718289174853, 0.37515240745720135, 0.38111525798290413, 0.3875664765966493, 0.3904033985028925, 0.392927945151002, 0.4005336784741842, 0.4005336784741842, 0.40447218584407885, 0.40638578616867604, 0.41160229270828974, 0.414340122768148, 0.4228441678644573, 0.42997407236762974, 0.42997407236762974, 0.4324805165393453, 0.4324805165393453, 0.4376991792355245, 0.44134796191143116, 0.44134796191143116, 0.4464898368001891, 0.4464898368001891, 0.4464898368001891, 0.4464898368001891, 0.4464898368001891, 0.4464898368001891, 0.4464898368001891, 0.45458401852705366, 0.45458401852705366, 0.4594245272951563, 0.4636446004088598, 0.4636446004088598, 0.4636446004088598, 0.4636446004088598, 0.4636446004088598, 0.4636446004088598, 0.46909435650238385, 0.46909435650238385, 0.46909435650238385, 0.48562104124688216, 0.48562104124688216, 0.48562104124688216, 0.4911964609871899, 0.4911964609871899, 0.4911964609871899, 0.4911964609871899, 0.4911964609871899, 0.49831714315688375, 0.49831714315688375, 0.49831714315688375, 0.49831714315688375, 0.49831714315688375, 0.49831714315688375, 0.49831714315688375, 0.49831714315688375, 0.49831714315688375, 0.49831714315688375, 0.49831714315688375, 0.49831714315688375]
Training raw path: /home/anhnd/DTI Project/Codes/MPNN/data/KFold/ATCInchikeySideEffectByDrug.txt_train_3
('Number of substructures, proteins, pathways, drugs, se: ', 2936, 1448, 330, 969, 598)
((872, 4714), (97, 4714), (872, 598), (97, 598))
('VALIDATE SUM PROTEIN TRAIN: ', 0.0)
('VALIDATE SUM PROTEIN TEST: ', 0.0)
Train: 1.0000 1.0000
Test: 0.7354 0.4365
[0.6246523448815087, 0.6393203716948217, 0.6339766903319142, 0.6372298133490726, 0.6378702069150025, 0.6366256508914792, 0.6398704145524651, 0.6407069981529802, 0.6425751139143911, 0.647408442327812, 0.6477848479565465, 0.648997343278745, 0.6493274858987502, 0.6500431395582968, 0.6505388541691004, 0.6515178280027729, 0.6530692573667924, 0.653775491161468, 0.6537830433709527, 0.6564324577228026, 0.6606742716545262, 0.6633099157174046, 0.6663375910273375, 0.6683117047918079, 0.6687733236664952, 0.6693163250799457, 0.671734281086368, 0.6730860828290657, 0.675198437164841, 0.675662947361618, 0.6785483986668084, 0.6796890803835152, 0.680182845137429, 0.6817426732707002, 0.6825129993047313, 0.6858630130898014, 0.687951800242295, 0.6903602092875017, 0.6926360988384563, 0.6954402529683604, 0.6964157532272135, 0.697091267358777, 0.6997183469856966, 0.6997183469856966, 0.7015453138452032, 0.7024068393464059, 0.704138120048264, 0.7053974452368249, 0.7085593221774915, 0.7115083732973311, 0.7115083732973311, 0.7125145279041603, 0.7125145279041603, 0.7145269082233985, 0.7157518490530341, 0.7157518490530341, 0.7180548478243031, 0.7180548478243031, 0.7180548478243031, 0.7180548478243031, 0.7180548478243031, 0.7180548478243031, 0.7180548478243031, 0.7208388376413462, 0.7208388376413462, 0.7223563535598774, 0.7237568523341874, 0.7237568523341874, 0.7237568523341874, 0.7237568523341874, 0.7237568523341874, 0.7237568523341874, 0.7255948200280551, 0.7255948200280551, 0.7255948200280551, 0.7312629125652162, 0.7312629125652162, 0.7312629125652162, 0.7332899924274554, 0.7332899924274554, 0.7332899924274554, 0.7332899924274554, 0.7332899924274554, 0.7353782122172073, 0.7353782122172073, 0.7353782122172073, 0.7353782122172073, 0.7353782122172073, 0.7353782122172073, 0.7353782122172073, 0.7353782122172073, 0.7353782122172073, 0.7353782122172073, 0.7353782122172073, 0.7353782122172073]
[0.11263693012378465, 0.13484102425997194, 0.13899251339965585, 0.13991496954609198, 0.14507332882091073, 0.15161123163367307, 0.1589365070335622, 0.16453995931689885, 0.16916739582846474, 0.1761274613175155, 0.1771070747262088, 0.18122095555983458, 0.1898989468022538, 0.19553884156016732, 0.1979240190167676, 0.20250097809941325, 0.2069594815059844, 0.20992083035773268, 0.21069681091258927, 0.21925518925804005, 0.2286436498636707, 0.23444634864184266, 0.2408634949839234, 0.24685264016769462, 0.25005234220881944, 0.2512217536479334, 0.25682835307482815, 0.26136063353081607, 0.2657300049946977, 0.2668739311106634, 0.2741985284425983, 0.2780890963508365, 0.27917751008746744, 0.28228812206543774, 0.2843122827806299, 0.29285304439169, 0.29795539693050604, 0.3050833467988843, 0.3109104236268283, 0.3178802822175686, 0.3203987726946762, 0.3222185745696025, 0.32798414699545014, 0.32798414699545014, 0.33136650314749805, 0.33381663508785026, 0.3389000152375624, 0.3424247033825581, 0.3515342766132275, 0.359402543943506, 0.359402543943506, 0.3621360670498024, 0.3621360670498024, 0.367914345685039, 0.3710672257436937, 0.3710672257436937, 0.37716921046631635, 0.37716921046631635, 0.37716921046631635, 0.37716921046631635, 0.37716921046631635, 0.37716921046631635, 0.37716921046631635, 0.3864225043981184, 0.3864225043981184, 0.39096655707109074, 0.3957862306719083, 0.3957862306719083, 0.3957862306719083, 0.3957862306719083, 0.3957862306719083, 0.3957862306719083, 0.40222737570461653, 0.40222737570461653, 0.40222737570461653, 0.42143961960113896, 0.42143961960113896, 0.42143961960113896, 0.4286314166020891, 0.4286314166020891, 0.4286314166020891, 0.4286314166020891, 0.4286314166020891, 0.4364634013635656, 0.4364634013635656, 0.4364634013635656, 0.4364634013635656, 0.4364634013635656, 0.4364634013635656, 0.4364634013635656, 0.4364634013635656, 0.4364634013635656, 0.4364634013635656, 0.4364634013635656, 0.4364634013635656]
Training raw path: /home/anhnd/DTI Project/Codes/MPNN/data/KFold/ATCInchikeySideEffectByDrug.txt_train_4
('Number of substructures, proteins, pathways, drugs, se: ', 2936, 1448, 330, 969, 598)
((872, 4714), (97, 4714), (872, 598), (97, 598))
('VALIDATE SUM PROTEIN TRAIN: ', 0.0)
('VALIDATE SUM PROTEIN TEST: ', 0.0)
Train: 1.0000 1.0000
Test: 0.7402 0.4365
[0.5797078253157267, 0.5964679342442506, 0.612653658969117, 0.6088382524792499, 0.6083548007485615, 0.6110879862181653, 0.6143017671872966, 0.6196508532586389, 0.6234826106651074, 0.6275741361736455, 0.6300578211820688, 0.6325140701717402, 0.6409768205289433, 0.6429157289031806, 0.6446899029164148, 0.6455786834221693, 0.6469431110655586, 0.6499609878941603, 0.6513425258597393, 0.6548136439047141, 0.6584446122604694, 0.6617121959603329, 0.663539430339784, 0.6662329511370613, 0.6685069400268737, 0.6689277243184089, 0.6714128737597913, 0.6733260082180643, 0.67587465247721, 0.6763483012326361, 0.6784048186132152, 0.6799702021713088, 0.6803163590597732, 0.6821928570358249, 0.6830883462485886, 0.6887188558635988, 0.6910027551065935, 0.6937488023564569, 0.6959444787461457, 0.6989731178714411, 0.7000888912470679, 0.7010385889962067, 0.7039261650283718, 0.7039261650283718, 0.7054149192656884, 0.7064902582481867, 0.7083939980877539, 0.7090948092437466, 0.7129241540309966, 0.7155912676362957, 0.7155912676362957, 0.7166115003521853, 0.7166115003521853, 0.7185743372874843, 0.7195144577522973, 0.7195144577522973, 0.72193477479806, 0.72193477479806, 0.72193477479806, 0.72193477479806, 0.72193477479806, 0.72193477479806, 0.72193477479806, 0.7247292194248165, 0.7247292194248165, 0.726232611364666, 0.7278873521089759, 0.7278873521089759, 0.7278873521089759, 0.7278873521089759, 0.7278873521089759, 0.7278873521089759, 0.7298535369480962, 0.7298535369480962, 0.7298535369480962, 0.7361257831583413, 0.7361257831583413, 0.7361257831583413, 0.7380970819633108, 0.7380970819633108, 0.7380970819633108, 0.7380970819633108, 0.7380970819633108, 0.7402470842459454, 0.7402470842459454, 0.7402470842459454, 0.7402470842459454, 0.7402470842459454, 0.7402470842459454, 0.7402470842459454, 0.7402470842459454, 0.7402470842459454, 0.7402470842459454, 0.7402470842459454, 0.7402470842459454]
[0.10014213803444347, 0.12727231922026555, 0.1404175943451761, 0.13480622664851555, 0.13906838329048585, 0.14164628293165385, 0.14675499835093533, 0.15863188059879374, 0.16509707508124644, 0.17215009511654736, 0.17491889119556503, 0.18074380638872378, 0.19117496540839762, 0.19578757251285805, 0.19890753567856606, 0.2006409267048329, 0.20475764523248735, 0.2095878909241662, 0.21318722569971904, 0.21975325472016127, 0.22757082537877701, 0.23396934330825858, 0.23748412740340194, 0.24384170863505455, 0.2491103765019721, 0.24976741398393157, 0.2546627048710182, 0.25904866291973916, 0.2647527078477625, 0.2656919887431751, 0.2710751062593295, 0.27488955430366224, 0.2761559606695527, 0.28074278984479345, 0.28270082499906835, 0.29521273297175576, 0.3000044772256351, 0.3065796298351714, 0.31141556285797, 0.31844165206595904, 0.3207844523155251, 0.32278051514803496, 0.3297209903428582, 0.3297209903428582, 0.3336706376163125, 0.3366777256878591, 0.34135751265477315, 0.34395623397984304, 0.35360946941541216, 0.3609812752992173, 0.3609812752992173, 0.36369529588044797, 0.36369529588044797, 0.36754856439043293, 0.369942257523829, 0.369942257523829, 0.37544491749903036, 0.37544491749903036, 0.37544491749903036, 0.37544491749903036, 0.37544491749903036, 0.37544491749903036, 0.37544491749903036, 0.3843962486954682, 0.3843962486954682, 0.3887681497603195, 0.3934482474243577, 0.3934482474243577, 0.3934482474243577, 0.3934482474243577, 0.3934482474243577, 0.3934482474243577, 0.4001209863809844, 0.4001209863809844, 0.4001209863809844, 0.4220378102067218, 0.4220378102067218, 0.4220378102067218, 0.42796073279909513, 0.42796073279909513, 0.42796073279909513, 0.42796073279909513, 0.42796073279909513, 0.4364830172301466, 0.4364830172301466, 0.4364830172301466, 0.4364830172301466, 0.4364830172301466, 0.4364830172301466, 0.4364830172301466, 0.4364830172301466, 0.4364830172301466, 0.4364830172301466, 0.4364830172301466, 0.4364830172301466]
Training raw path: /home/anhnd/DTI Project/Codes/MPNN/data/KFold/ATCInchikeySideEffectByDrug.txt_train_5
('Number of substructures, proteins, pathways, drugs, se: ', 2936, 1448, 330, 969, 598)
((872, 4714), (97, 4714), (872, 598), (97, 598))
('VALIDATE SUM PROTEIN TRAIN: ', 0.0)
('VALIDATE SUM PROTEIN TEST: ', 0.0)
Train: 1.0000 1.0000
Test: 0.7502 0.4393
[0.6355318234004226, 0.646387216563294, 0.643258603074351, 0.639758100461315, 0.6407821463244372, 0.6432184598851337, 0.645126916558246, 0.6439555418568486, 0.6477671652948662, 0.64946094878217, 0.6514743150692632, 0.6540783631146255, 0.6570224789932524, 0.6590456738404136, 0.658654985368237, 0.6618397823700662, 0.6633525957014403, 0.665710140657945, 0.6665894490200048, 0.6712700327504423, 0.67514234172534, 0.6767293436143432, 0.679322334614974, 0.6813487358494563, 0.6839234349806228, 0.6843949368675917, 0.6871414269360268, 0.688793414540797, 0.6901104366799777, 0.6907218221717435, 0.6928354253347596, 0.6944880672540883, 0.6945683485065471, 0.6954594924034652, 0.6960865524823902, 0.700842656890128, 0.7031814475100862, 0.7059818401467961, 0.7083243402945018, 0.7105598450133885, 0.7117977101279339, 0.7127282958371528, 0.7155014830516802, 0.7155014830516802, 0.7172964475208933, 0.7180387264489468, 0.7196555454496877, 0.720439393502184, 0.7240522063836149, 0.7266125341201846, 0.7266125341201846, 0.7272992906822434, 0.7272992906822434, 0.7295922020244153, 0.7304588317419323, 0.7304588317419323, 0.7331705268455876, 0.7331705268455876, 0.7331705268455876, 0.7331705268455876, 0.7331705268455876, 0.7331705268455876, 0.7331705268455876, 0.7359395160985834, 0.7359395160985834, 0.7372856557812255, 0.7390699829465284, 0.7390699829465284, 0.7390699829465284, 0.7390699829465284, 0.7390699829465284, 0.7390699829465284, 0.7408142251357189, 0.7408142251357189, 0.7408142251357189, 0.7463273092149011, 0.7463273092149011, 0.7463273092149011, 0.748183780487581, 0.748183780487581, 0.748183780487581, 0.748183780487581, 0.748183780487581, 0.7502087952166518, 0.7502087952166518, 0.7502087952166518, 0.7502087952166518, 0.7502087952166518, 0.7502087952166518, 0.7502087952166518, 0.7502087952166518, 0.7502087952166518, 0.7502087952166518, 0.7502087952166518, 0.7502087952166518]
[0.10811523235175216, 0.1278546724869314, 0.13258995822273706, 0.13472164626441196, 0.14502221514318828, 0.14936150344047255, 0.1565910601257695, 0.15728202744129585, 0.16624679934794434, 0.17209715662205166, 0.17762254463815383, 0.18500635027473694, 0.19062975737296256, 0.19550603863173133, 0.19655502491263266, 0.20259910390307312, 0.20521405434945406, 0.21131643803809813, 0.21292308943663762, 0.22251508980544105, 0.23030683456635428, 0.23454451785919156, 0.24145817230799266, 0.24559594123795686, 0.2519449714329112, 0.2527034531194228, 0.2584246418593248, 0.2634782570369286, 0.26665819575023086, 0.2683379592465636, 0.2744397734034464, 0.27807473228684304, 0.27924305014793616, 0.28186766884376624, 0.28213722698921084, 0.29417404239574835, 0.3003922830705313, 0.30773019511962274, 0.3125290578227162, 0.3180451141508295, 0.320040411891818, 0.32263419621592776, 0.3299129279104654, 0.3299129279104654, 0.33442459396496055, 0.336744512287127, 0.34088817631419216, 0.3428660990602471, 0.35361060137273415, 0.36014047296185214, 0.36014047296185214, 0.36174413905824304, 0.36174413905824304, 0.368279209322887, 0.3708014447810646, 0.3708014447810646, 0.37924760074808167, 0.37924760074808167, 0.37924760074808167, 0.37924760074808167, 0.37924760074808167, 0.37924760074808167, 0.37924760074808167, 0.38726897967388785, 0.38726897967388785, 0.3916056054915297, 0.3980467808649436, 0.3980467808649436, 0.3980467808649436, 0.3980467808649436, 0.3980467808649436, 0.3980467808649436, 0.40515751871854466, 0.40515751871854466, 0.40515751871854466, 0.4250762689496145, 0.4250762689496145, 0.4250762689496145, 0.4312526305090289, 0.4312526305090289, 0.4312526305090289, 0.4312526305090289, 0.4312526305090289, 0.4393192516653713, 0.4393192516653713, 0.4393192516653713, 0.4393192516653713, 0.4393192516653713, 0.4393192516653713, 0.4393192516653713, 0.4393192516653713, 0.4393192516653713, 0.4393192516653713, 0.4393192516653713, 0.4393192516653713]
Training raw path: /home/anhnd/DTI Project/Codes/MPNN/data/KFold/ATCInchikeySideEffectByDrug.txt_train_6
('Number of substructures, proteins, pathways, drugs, se: ', 2936, 1448, 330, 969, 598)
((872, 4714), (97, 4714), (872, 598), (97, 598))
('VALIDATE SUM PROTEIN TRAIN: ', 0.0)
('VALIDATE SUM PROTEIN TEST: ', 0.0)
Train: 1.0000 1.0000
Test: 0.7391 0.4219
[0.661684701738939, 0.6546262469900841, 0.6623298262859222, 0.6586427256691985, 0.6562814049891481, 0.6563420063707, 0.6492837595678436, 0.6500917674468784, 0.6544086224317437, 0.6569194637979479, 0.6567220456453653, 0.6590534500583769, 0.6594071035529097, 0.661842621866321, 0.6618366378738375, 0.6616275517350658, 0.662884770639275, 0.6626220508115624, 0.6635015193182731, 0.666874662936728, 0.6690197440189165, 0.6707045269062761, 0.6727805343538179, 0.6751636182048025, 0.67509143212622, 0.6755103938894926, 0.6772715174627656, 0.6785940884310804, 0.6809143456981588, 0.6814536073583717, 0.684801833923639, 0.6857847372295162, 0.6862171324432571, 0.6877899703454708, 0.6880411352809717, 0.6911695884075004, 0.6934079940074498, 0.6955391265837585, 0.6974759996550668, 0.6998056950002598, 0.7005243590332895, 0.7012539373515576, 0.7042542284068755, 0.7042542284068755, 0.7063749669580024, 0.7071248189047044, 0.7081517699355792, 0.7090157107807331, 0.7127959642287713, 0.7155555372650485, 0.7155555372650485, 0.7165878780523571, 0.7165878780523571, 0.7180064238031018, 0.7189597354146866, 0.7189597354146866, 0.720879602683839, 0.720879602683839, 0.720879602683839, 0.720879602683839, 0.720879602683839, 0.720879602683839, 0.720879602683839, 0.7235996966162509, 0.7235996966162509, 0.7249147694849385, 0.7267892823689164, 0.7267892823689164, 0.7267892823689164, 0.7267892823689164, 0.7267892823689164, 0.7267892823689164, 0.7285879321723042, 0.7285879321723042, 0.7285879321723042, 0.73468952770196, 0.73468952770196, 0.73468952770196, 0.7365909580075911, 0.7365909580075911, 0.7365909580075911, 0.7365909580075911, 0.7365909580075911, 0.7390513395387306, 0.7390513395387306, 0.7390513395387306, 0.7390513395387306, 0.7390513395387306, 0.7390513395387306, 0.7390513395387306, 0.7390513395387306, 0.7390513395387306, 0.7390513395387306, 0.7390513395387306, 0.7390513395387306]
[0.11817034890577308, 0.13277691340148418, 0.14572036429228444, 0.141911650740608, 0.14351647754348587, 0.14745739104042901, 0.1482567681332676, 0.15424353207079775, 0.16310571168666038, 0.16929683581896648, 0.1718428164215472, 0.17721489443100533, 0.18291716925070414, 0.18878164114480392, 0.18933347735247752, 0.1904385875967704, 0.19584197427314043, 0.19776013460784797, 0.1991037906386363, 0.2063554625391471, 0.2121072493363877, 0.21832875511015995, 0.2242954466506135, 0.22949299618606456, 0.23128199654147275, 0.23282935365380694, 0.23695281742493143, 0.24021389435716933, 0.24624385927345252, 0.24834788154920612, 0.2575994318011512, 0.26053247056541995, 0.2623306201170603, 0.26604127646130715, 0.2671265610838218, 0.2759170913171649, 0.28003306960357394, 0.2856298347327788, 0.28974504557357295, 0.2970474537991754, 0.2996653179578539, 0.30161947023434016, 0.31006016433523675, 0.31006016433523675, 0.31604031574535346, 0.31822178692664316, 0.3212422492738585, 0.32401376915892427, 0.3343684474481151, 0.34304061889260934, 0.34304061889260934, 0.3460836033553485, 0.3460836033553485, 0.35067349711927087, 0.35348492775974605, 0.35348492775974605, 0.35973529394155423, 0.35973529394155423, 0.35973529394155423, 0.35973529394155423, 0.35973529394155423, 0.35973529394155423, 0.35973529394155423, 0.36793848610089713, 0.36793848610089713, 0.3720521473283699, 0.3789859841540951, 0.3789859841540951, 0.3789859841540951, 0.3789859841540951, 0.3789859841540951, 0.3789859841540951, 0.38528627917206876, 0.38528627917206876, 0.38528627917206876, 0.4057356909658175, 0.4057356909658175, 0.4057356909658175, 0.41229350441287027, 0.41229350441287027, 0.41229350441287027, 0.41229350441287027, 0.41229350441287027, 0.42187213202900675, 0.42187213202900675, 0.42187213202900675, 0.42187213202900675, 0.42187213202900675, 0.42187213202900675, 0.42187213202900675, 0.42187213202900675, 0.42187213202900675, 0.42187213202900675, 0.42187213202900675, 0.42187213202900675]
Training raw path: /home/anhnd/DTI Project/Codes/MPNN/data/KFold/ATCInchikeySideEffectByDrug.txt_train_7
('Number of substructures, proteins, pathways, drugs, se: ', 2936, 1448, 330, 969, 598)
((872, 4714), (97, 4714), (872, 598), (97, 598))
('VALIDATE SUM PROTEIN TRAIN: ', 0.0)
('VALIDATE SUM PROTEIN TEST: ', 0.0)
Train: 1.0000 1.0000
Test: 0.7277 0.4125
[0.598998819009949, 0.6112862852246694, 0.607821682201641, 0.6092486779452437, 0.6121068633529481, 0.6143983185076757, 0.6144588412112648, 0.6147368269383524, 0.6168767980866482, 0.6191026875155438, 0.6179767406208676, 0.6206271010875744, 0.6250530451784762, 0.6268521114259497, 0.6275865823680774, 0.6286777042904387, 0.6296636217145861, 0.6299102478174259, 0.6315575081517557, 0.6343868030526464, 0.638164317800951, 0.640240150311164, 0.6428688178095416, 0.6461660382782544, 0.6489534429438717, 0.6490637206437805, 0.6517874167704634, 0.6539272222968786, 0.6562142227400913, 0.6571822080605971, 0.660980928061617, 0.6627960717115129, 0.6637627072840241, 0.6652220657687906, 0.6658915655877568, 0.6697094828124559, 0.6723974748908856, 0.6752919139335697, 0.6777224476679613, 0.6813468577289266, 0.6826942755353872, 0.6835525465879511, 0.68690266878561, 0.68690266878561, 0.688982918263308, 0.6900794604328612, 0.6927729829388277, 0.6939419756541044, 0.6984834566848124, 0.7016508628853717, 0.7016508628853717, 0.7028873369963032, 0.7028873369963032, 0.7055658349005707, 0.7065738336622774, 0.7065738336622774, 0.7088850200648724, 0.7088850200648724, 0.7088850200648724, 0.7088850200648724, 0.7088850200648724, 0.7088850200648724, 0.7088850200648724, 0.712140811865447, 0.712140811865447, 0.7137351458853022, 0.7153474707398391, 0.7153474707398391, 0.7153474707398391, 0.7153474707398391, 0.7153474707398391, 0.7153474707398391, 0.7171728296360766, 0.7171728296360766, 0.7171728296360766, 0.7234170457741225, 0.7234170457741225, 0.7234170457741225, 0.7254190159097338, 0.7254190159097338, 0.7254190159097338, 0.7254190159097338, 0.7254190159097338, 0.7277437533869562, 0.7277437533869562, 0.7277437533869562, 0.7277437533869562, 0.7277437533869562, 0.7277437533869562, 0.7277437533869562, 0.7277437533869562, 0.7277437533869562, 0.7277437533869562, 0.7277437533869562, 0.7277437533869562]
[0.091168445271507, 0.09366372889185023, 0.10494826938241573, 0.10983306544936217, 0.11680260857713647, 0.12402225336810227, 0.12978433637072292, 0.13514422662029074, 0.13914826811608694, 0.1430601866048323, 0.14338293735517593, 0.14880424313461174, 0.15827873545340188, 0.16361605122373274, 0.16567005254610823, 0.16867311194818624, 0.17067065752164226, 0.17404611036021206, 0.17627214283814993, 0.18257664279196967, 0.1904564108524604, 0.19554692801270596, 0.2008669267842897, 0.20693345784878212, 0.2125678548512573, 0.21283423803255047, 0.2176783159530395, 0.2218199624496102, 0.22670323637624165, 0.22848315076062076, 0.23675391052252684, 0.24052327006023327, 0.24210500996705162, 0.245419043440883, 0.24588582827763042, 0.2543140436577609, 0.26124896020503535, 0.26597165239730725, 0.27204576422321036, 0.2804517584849064, 0.28282460238603624, 0.28481430240819927, 0.2908164265522165, 0.2908164265522165, 0.29590676906896607, 0.29838796044281, 0.30539114051025806, 0.3085900852507202, 0.32005907564538205, 0.32824334405916145, 0.32824334405916145, 0.33176687418736495, 0.33176687418736495, 0.3386018882393434, 0.34158419389992656, 0.34158419389992656, 0.34789392902886257, 0.34789392902886257, 0.34789392902886257, 0.34789392902886257, 0.34789392902886257, 0.34789392902886257, 0.34789392902886257, 0.3575965424373414, 0.3575965424373414, 0.36253392790364775, 0.36737814127691537, 0.36737814127691537, 0.36737814127691537, 0.36737814127691537, 0.36737814127691537, 0.36737814127691537, 0.3739781325620125, 0.3739781325620125, 0.3739781325620125, 0.39653237134368263, 0.39653237134368263, 0.39653237134368263, 0.4039899218992158, 0.4039899218992158, 0.4039899218992158, 0.4039899218992158, 0.4039899218992158, 0.41248196939159565, 0.41248196939159565, 0.41248196939159565, 0.41248196939159565, 0.41248196939159565, 0.41248196939159565, 0.41248196939159565, 0.41248196939159565, 0.41248196939159565, 0.41248196939159565, 0.41248196939159565, 0.41248196939159565]
Training raw path: /home/anhnd/DTI Project/Codes/MPNN/data/KFold/ATCInchikeySideEffectByDrug.txt_train_8
('Number of substructures, proteins, pathways, drugs, se: ', 2936, 1448, 330, 969, 598)
((872, 4714), (97, 4714), (872, 598), (97, 598))
('VALIDATE SUM PROTEIN TRAIN: ', 0.0)
('VALIDATE SUM PROTEIN TEST: ', 0.0)
Train: 1.0000 1.0000
Test: 0.7233 0.4012
[0.5895954570581436, 0.5971976833354392, 0.6133774569429579, 0.6156843130197446, 0.6170875613329803, 0.615035302147285, 0.6161275851930886, 0.6146538573419824, 0.6175225764216932, 0.6190300056399127, 0.6202362178066307, 0.6220700348386631, 0.6227069421993805, 0.6243979779596021, 0.6248192980685442, 0.6262021574701139, 0.6283986577362215, 0.630597003710324, 0.6312888208158396, 0.6341943513813133, 0.6380442161738377, 0.6410132913711941, 0.6427126440951092, 0.6450863894735254, 0.6479572329073542, 0.6483440859389571, 0.6503752293986836, 0.6520335990119546, 0.6544983030465874, 0.6553464949145422, 0.658722766547426, 0.6605924437373518, 0.6606588825184196, 0.662660436417565, 0.6639124503936848, 0.6686975596821483, 0.6710334407423177, 0.6733335202316557, 0.6755485117907658, 0.6782702452868283, 0.680241178916406, 0.6806634460303289, 0.6835094514250393, 0.6835094514250393, 0.6856209658075869, 0.6865839670440744, 0.6878724339646206, 0.6884516076721122, 0.6928619807106768, 0.6959961715497837, 0.6959961715497837, 0.6967469673215982, 0.6967469673215982, 0.699341690365607, 0.700794237025193, 0.700794237025193, 0.7033256240430104, 0.7033256240430104, 0.7033256240430104, 0.7033256240430104, 0.7033256240430104, 0.7033256240430104, 0.7033256240430104, 0.7068198668130189, 0.7068198668130189, 0.7083808373951197, 0.7100964117017025, 0.7100964117017025, 0.7100964117017025, 0.7100964117017025, 0.7100964117017025, 0.7100964117017025, 0.7119241291991509, 0.7119241291991509, 0.7119241291991509, 0.7186218140218229, 0.7186218140218229, 0.7186218140218229, 0.7207127066807945, 0.7207127066807945, 0.7207127066807945, 0.7207127066807945, 0.7207127066807945, 0.7233486103426028, 0.7233486103426028, 0.7233486103426028, 0.7233486103426028, 0.7233486103426028, 0.7233486103426028, 0.7233486103426028, 0.7233486103426028, 0.7233486103426028, 0.7233486103426028, 0.7233486103426028, 0.7233486103426028]
[0.10234321654216513, 0.10772927557471376, 0.12003474836938376, 0.12104797531416404, 0.12814047950500335, 0.13034779712732508, 0.13618887524057455, 0.13869351880094663, 0.1442975389376833, 0.15046731194541174, 0.1539602108713598, 0.15606202421636775, 0.16112422499498794, 0.16504604670081166, 0.16740346332330125, 0.16932009717193736, 0.17316978566035623, 0.17619422727521414, 0.17759913865288, 0.18196688845820064, 0.18879639896051542, 0.19390632817868736, 0.19736728707342818, 0.20367445145987798, 0.20745250156543749, 0.2088332383302342, 0.21380429071537854, 0.2165713305148711, 0.220682417461336, 0.22161570313736542, 0.228071423875204, 0.23159338336007732, 0.2325053462946426, 0.2372177958262575, 0.24002868869584446, 0.2513518096989533, 0.25793396109236993, 0.2624922967223165, 0.2668890607075372, 0.2728933509280867, 0.27758461755680236, 0.2786533550342291, 0.28541261189493317, 0.28541261189493317, 0.29113842029219755, 0.29349957066045596, 0.297545367635918, 0.29966674777938007, 0.3111134896015246, 0.3185294224647005, 0.3185294224647005, 0.3210333186648865, 0.3210333186648865, 0.3278526924808277, 0.33135627616072405, 0.33135627616072405, 0.33826947973546034, 0.33826947973546034, 0.33826947973546034, 0.33826947973546034, 0.33826947973546034, 0.33826947973546034, 0.33826947973546034, 0.3483363341672815, 0.3483363341672815, 0.3531603902253228, 0.3586548524928011, 0.3586548524928011, 0.3586548524928011, 0.3586548524928011, 0.3586548524928011, 0.3586548524928011, 0.36382546079932326, 0.36382546079932326, 0.36382546079932326, 0.3858447786344534, 0.3858447786344534, 0.3858447786344534, 0.3922984230482406, 0.3922984230482406, 0.3922984230482406, 0.3922984230482406, 0.3922984230482406, 0.401215939890578, 0.401215939890578, 0.401215939890578, 0.401215939890578, 0.401215939890578, 0.401215939890578, 0.401215939890578, 0.401215939890578, 0.401215939890578, 0.401215939890578, 0.401215939890578, 0.401215939890578]
Training raw path: /home/anhnd/DTI Project/Codes/MPNN/data/KFold/ATCInchikeySideEffectByDrug.txt_train_9
('Number of substructures, proteins, pathways, drugs, se: ', 2936, 1448, 330, 969, 598)
((873, 4714), (96, 4714), (873, 598), (96, 598))
('VALIDATE SUM PROTEIN TRAIN: ', 0.0)
('VALIDATE SUM PROTEIN TEST: ', 0.0)
Train: 1.0000 1.0000
Test: 0.7251 0.4162
[0.6098989968905042, 0.6250990870148415, 0.626375815538848, 0.6225381157327432, 0.6285763849689896, 0.6236303123804031, 0.6241267949143791, 0.6249058659328409, 0.628318415402417, 0.6307680357879185, 0.6313501321727839, 0.6333923721430768, 0.636871541580292, 0.6391884224448742, 0.640880541728114, 0.6425334851625585, 0.6430519423123799, 0.6445093137603551, 0.6449664314347073, 0.6471581792702088, 0.6508732563760503, 0.653509128957914, 0.65638170578622, 0.6589737732051337, 0.6597474639959995, 0.6600379099580347, 0.6617791775108401, 0.6636016853620309, 0.6655773904705262, 0.6670684142765685, 0.6697818866174281, 0.6708184229904336, 0.6715659878217103, 0.6728031855789437, 0.673722431213009, 0.6772526867505753, 0.6789975119366012, 0.6814015343648376, 0.6830113454704286, 0.6853738722848767, 0.6865333292270821, 0.6871958575685806, 0.6898524664999099, 0.6898524664999099, 0.6918521369676484, 0.6925219580460624, 0.6942756940657728, 0.6950809569589804, 0.698762658722563, 0.7016403022440204, 0.7016403022440204, 0.7024337760461833, 0.7024337760461833, 0.7045429402773452, 0.7054677911930424, 0.7054677911930424, 0.7078024913706938, 0.7078024913706938, 0.7078024913706938, 0.7078024913706938, 0.7078024913706938, 0.7078024913706938, 0.7078024913706938, 0.7105671501493648, 0.7105671501493648, 0.712147197539042, 0.7137631680461092, 0.7137631680461092, 0.7137631680461092, 0.7137631680461092, 0.7137631680461092, 0.7137631680461092, 0.7154650606599917, 0.7154650606599917, 0.7154650606599917, 0.7210901436323599, 0.7210901436323599, 0.7210901436323599, 0.7230668890730483, 0.7230668890730483, 0.7230668890730483, 0.7230668890730483, 0.7230668890730483, 0.7251474686698456, 0.7251474686698456, 0.7251474686698456, 0.7251474686698456, 0.7251474686698456, 0.7251474686698456, 0.7251474686698456, 0.7251474686698456, 0.7251474686698456, 0.7251474686698456, 0.7251474686698456, 0.7251474686698456]
[0.09696724231105877, 0.11773617161737776, 0.12816229171425703, 0.12697131835857528, 0.1371491296561474, 0.14103985554243936, 0.14449895429469212, 0.15047745961550713, 0.157552215902673, 0.16469834116397158, 0.16618509004878546, 0.17192843232055444, 0.1817216113268828, 0.18671129538472553, 0.18890481966008874, 0.19377227424624718, 0.19619287116566103, 0.20129719661419085, 0.20371998877115216, 0.21051619618848375, 0.21913325569618855, 0.22472601335325226, 0.2305157120363004, 0.23703294433826078, 0.24061740002509469, 0.24161116428070048, 0.2453621049275752, 0.24914364768673608, 0.25291355674002647, 0.25475307638789535, 0.2603185648052871, 0.26223869937243427, 0.26395493483418236, 0.26716371672344225, 0.26925996203704894, 0.2780339991108942, 0.2826074925048012, 0.2877543098231115, 0.2921834562561473, 0.29857115430205766, 0.30202419883158366, 0.3038118276010482, 0.31123317014919466, 0.31123317014919466, 0.31632273219660684, 0.3182134128870363, 0.3231290526280647, 0.3243408337829662, 0.3333892534375654, 0.34033073661580615, 0.34033073661580615, 0.3416144410922966, 0.3416144410922966, 0.3480023331498515, 0.35100441476884015, 0.35100441476884015, 0.3580572172523445, 0.3580572172523445, 0.3580572172523445, 0.3580572172523445, 0.3580572172523445, 0.3580572172523445, 0.3580572172523445, 0.3658802767050622, 0.3658802767050622, 0.3709205739348779, 0.3759428649887706, 0.3759428649887706, 0.3759428649887706, 0.3759428649887706, 0.3759428649887706, 0.3759428649887706, 0.382152447024249, 0.382152447024249, 0.382152447024249, 0.40165311425727734, 0.40165311425727734, 0.40165311425727734, 0.40824633609445543, 0.40824633609445543, 0.40824633609445543, 0.40824633609445543, 0.40824633609445543, 0.41621925697016526, 0.41621925697016526, 0.41621925697016526, 0.41621925697016526, 0.41621925697016526, 0.41621925697016526, 0.41621925697016526, 0.41621925697016526, 0.41621925697016526, 0.41621925697016526, 0.41621925697016526, 0.41621925697016526]
AUC: 0.7365 0.0030
AUPR: 0.4361 0.0081
('RARE AUC', [(0.6184746134554031, 0.009541006304874502), (0.6280800116757497, 0.007965104088226354), (0.6329321256133745, 0.007424920579532539), (0.6325459724240383, 0.007002632371303178), (0.6335303490464894, 0.006765647514511952), (0.633241257097283, 0.0064527162995117555), (0.6329867381339792, 0.006429491047636176), (0.6337189138321414, 0.006352781302116677), (0.6366347020073938, 0.006175418540383719), (0.6389250293678834, 0.006137477548140299), (0.6394753003401685, 0.006195191668804807), (0.6414997755230247, 0.0060672435907731335), (0.644212528092049, 0.005807127259517833), (0.6463000948562276, 0.005594252021921784), (0.6468448798426907, 0.005509735938039193), (0.6483769735741463, 0.005508555040200839), (0.6496049319340982, 0.005540650655940957), (0.6507922945657889, 0.005378485084340087), (0.6516179950516408, 0.005283726402793062), (0.6547393927882927, 0.0053959104329808156), (0.6581110851313564, 0.0053264127649013705), (0.6606826346539095, 0.005232896089557813), (0.663104194111761, 0.005160139598231917), (0.6657533518626211, 0.005059925498985879), (0.6674840131761448, 0.005010288281807446), (0.667852773272384, 0.005012375925035059), (0.6700545268120259, 0.004979525672430358), (0.6718610648002085, 0.004942063790513128), (0.6740873994557639, 0.004816049800433959), (0.6749014364353558, 0.004762878221400681), (0.6777801689397296, 0.004597377960457829), (0.6793690916835625, 0.004507653208142372), (0.6798718141352985, 0.004469139017246462), (0.6813614214419574, 0.004404351519046172), (0.6821017592402389, 0.004364666821059747), (0.6862016886715123, 0.004308622169854403), (0.688363882247396, 0.004250588584156057), (0.6909326316968429, 0.004151085409547934), (0.6929939184414603, 0.004092630796411109), (0.6957495151560337, 0.004029190235274747), (0.6969713418043242, 0.003963916332542596), (0.6977754194175635, 0.003986165862011763), (0.7006166846854243, 0.003923755604736871), (0.7006166846854243, 0.003923755604736871), (0.7024185197712753, 0.0038975818695184366), (0.7032639209003965, 0.003860818241916637), (0.7050751769680682, 0.003817393146015322), (0.7059783246113939, 0.0038212374026847687), (0.7096966321039632, 0.0037094520440514415), (0.7125436096468938, 0.0035870855616841443), (0.7125436096468938, 0.0035870855616841443), (0.7134597946826504, 0.0035834611905797035), (0.7134597946826504, 0.0035834611905797035), (0.7155685541331688, 0.003507881620550364), (0.7166080950144762, 0.0034620042463751463), (0.7166080950144762, 0.0034620042463751463), (0.7188693523674344, 0.0034050325352168783), (0.7188693523674344, 0.0034050325352168783), (0.7188693523674344, 0.0034050325352168783), (0.7188693523674344, 0.0034050325352168783), (0.7188693523674344, 0.0034050325352168783), (0.7188693523674344, 0.0034050325352168783), (0.7188693523674344, 0.0034050325352168783), (0.7217640775819302, 0.0033286346252031883), (0.7217640775819302, 0.0033286346252031883), (0.7232340138656905, 0.0033006860597471336), (0.7248127888321573, 0.003279700510293238), (0.7248127888321573, 0.003279700510293238), (0.7248127888321573, 0.003279700510293238), (0.7248127888321573, 0.003279700510293238), (0.7248127888321573, 0.003279700510293238), (0.7248127888321573, 0.003279700510293238), (0.726599548375851, 0.0032542439037146777), (0.726599548375851, 0.0032542439037146777), (0.726599548375851, 0.0032542439037146777), (0.7323213391630155, 0.003129988140430123), (0.7323213391630155, 0.003129988140430123), (0.7323213391630155, 0.003129988140430123), (0.7342728709676295, 0.0030962985498002166), (0.7342728709676295, 0.0030962985498002166), (0.7342728709676295, 0.0030962985498002166), (0.7342728709676295, 0.0030962985498002166), (0.7342728709676295, 0.0030962985498002166), (0.7364538156971675, 0.0030481273921511417), (0.7364538156971675, 0.0030481273921511417), (0.7364538156971675, 0.0030481273921511417), (0.7364538156971675, 0.0030481273921511417), (0.7364538156971675, 0.0030481273921511417), (0.7364538156971675, 0.0030481273921511417), (0.7364538156971675, 0.0030481273921511417), (0.7364538156971675, 0.0030481273921511417), (0.7364538156971675, 0.0030481273921511417), (0.7364538156971675, 0.0030481273921511417), (0.7364538156971675, 0.0030481273921511417), (0.7364538156971675, 0.0030481273921511417)])
('RARE AUPR', [(0.11507606601325579, 0.007505139423573993), (0.13116375749028703, 0.008490887030241782), (0.1423570818670387, 0.00955960603215053), (0.14279415845171994, 0.009278246822434638), (0.14860095658245295, 0.008741079105901411), (0.1529849068633559, 0.00860239852315037), (0.15748516693207248, 0.008584606793827974), (0.16280746557890435, 0.008485714340476545), (0.16967719954597899, 0.008477809773693078), (0.1751853365135307, 0.008366166367386872), (0.1771786398619381, 0.008440842465172673), (0.1822040889500213, 0.008451323112722729), (0.189919458296278, 0.00835364840460364), (0.19557275361156626, 0.008274616864221394), (0.19753333149901584, 0.00824821556016897), (0.2013403641889175, 0.00851057986612355), (0.2046946734902877, 0.008649389133186068), (0.20851935442096098, 0.008631009692576132), (0.21065246920295477, 0.00865202477456814), (0.21833752543399157, 0.009056661432132048), (0.22579400419076592, 0.00916084402544925), (0.23147121763572454, 0.009228199511561078), (0.23693316696448238, 0.009307939396842775), (0.24323239172475528, 0.00949808319479188), (0.24740648084238753, 0.009541917782786785), (0.24837465901154115, 0.009540146136189594), (0.25270704675167605, 0.009455136329980619), (0.2570114519182559, 0.009619912789636052), (0.2620556366067612, 0.00962337130855112), (0.2636362614967812, 0.009611853937773454), (0.27080117484119554, 0.009509615456499348), (0.2746095080471452, 0.009609295617982816), (0.27610583259738164, 0.009603310558567208), (0.27972590041710543, 0.009490571741584767), (0.2813569829830601, 0.009481146930898842), (0.2914578845074436, 0.009583045765559807), (0.29678430735141825, 0.009483084911111907), (0.3030171985039709, 0.009605646846646328), (0.30805340146875326, 0.009684014855942145), (0.3150279192451584, 0.009653554264546647), (0.3180409417116555, 0.009601071095269191), (0.32004621672251277, 0.009692683459752612), (0.32713602223335403, 0.009758263000295359), (0.32713602223335403, 0.009758263000295359), (0.3316828606974006, 0.009595877615095373), (0.3339549155779429, 0.009557419130383184), (0.3389134302919494, 0.009596093948386423), (0.34137034432771196, 0.009613571095622263), (0.3513537844935688, 0.009392981650538777), (0.35915422688672527, 0.009372336788479282), (0.35915422688672527, 0.009372336788479282), (0.36168517188766836, 0.00936503573660204), (0.36168517188766836, 0.00936503573660204), (0.36752580730928913, 0.009263150518456808), (0.370394687186022, 0.00926909995392497), (0.370394687186022, 0.00926909995392497), (0.3766927998391639, 0.009117286667873219), (0.3766927998391639, 0.009117286667873219), (0.3766927998391639, 0.009117286667873219), (0.3766927998391639, 0.009117286667873219), (0.3766927998391639, 0.009117286667873219), (0.3766927998391639, 0.009117286667873219), (0.3766927998391639, 0.009117286667873219), (0.38549781781705994, 0.009018447402854193), (0.38549781781705994, 0.009018447402854193), (0.3901015503965139, 0.009016177140371744), (0.39522325698973876, 0.008885555961963502), (0.39522325698973876, 0.008885555961963502), (0.39522325698973876, 0.008885555961963502), (0.39522325698973876, 0.008885555961963502), (0.39522325698973876, 0.008885555961963502), (0.39522325698973876, 0.008885555961963502), (0.4015039488312945, 0.008864654688355756), (0.4015039488312945, 0.008864654688355756), (0.4015039488312945, 0.008864654688355756), (0.42112225421073674, 0.008342481629881793), (0.42112225421073674, 0.008342481629881793), (0.42112225421073674, 0.008342481629881793), (0.42776300384617494, 0.008263175476891425), (0.42776300384617494, 0.008263175476891425), (0.42776300384617494, 0.008263175476891425), (0.42776300384617494, 0.008263175476891425), (0.42776300384617494, 0.008263175476891425), (0.4360769451110279, 0.008125520885261783), (0.4360769451110279, 0.008125520885261783), (0.4360769451110279, 0.008125520885261783), (0.4360769451110279, 0.008125520885261783), (0.4360769451110279, 0.008125520885261783), (0.4360769451110279, 0.008125520885261783), (0.4360769451110279, 0.008125520885261783), (0.4360769451110279, 0.008125520885261783), (0.4360769451110279, 0.008125520885261783), (0.4360769451110279, 0.008125520885261783), (0.4360769451110279, 0.008125520885261783), (0.4360769451110279, 0.008125520885261783)])
