PSLR
<models.baselines.omodels.PSLRModel object at 0x7fdf34c3d050>
('Manual torch seed: ', 443181909)
Training raw path: /home/anhnd/DTI Project/Codes/MPNN/data/KFold/ATCInchikeySideEffectByDrug.txt_train_0
('Number of substructures, proteins, pathways, drugs, se: ', 2936, 1448, 330, 969, 598)
((872, 1448), (97, 1448), (872, 598), (97, 598))
Train: 0.9920 0.9729
Test: 0.7089 0.4196
[0.5717166474866681, 0.5851508526152497, 0.5937150855075684, 0.5926796406308515, 0.594933839367495, 0.5986745371818986, 0.6015160394877488, 0.6048330643797579, 0.6073838056144807, 0.6099033103747753, 0.6094818293046984, 0.6086316077098761, 0.6124928571144004, 0.6143055902866339, 0.6162504250654813, 0.6180438161657112, 0.6186590213600089, 0.6197362393743274, 0.6202137911569385, 0.623289105592638, 0.6270437534190737, 0.6293961634256446, 0.6309647897889823, 0.6337727401062945, 0.6369407079962619, 0.6374600074698409, 0.6396026575061697, 0.6417980347690011, 0.6441501072048825, 0.6450205859849678, 0.6484252896490459, 0.6497909891763943, 0.6501762631852572, 0.6516385895828027, 0.6526829269680527, 0.6571602908027343, 0.6591871982079824, 0.662375545437, 0.6642301773863339, 0.6670298828665442, 0.6686470535669429, 0.6696858675615057, 0.6724753350124231, 0.6724753350124231, 0.6743817510798493, 0.6753456043905846, 0.677286834294734, 0.6781824279366813, 0.6817706237378853, 0.6844983220157598, 0.6844983220157598, 0.6855794265010293, 0.6855794265010293, 0.6875994875129593, 0.688712741437505, 0.688712741437505, 0.6910895403248023, 0.6910895403248023, 0.6910895403248023, 0.6910895403248023, 0.6910895403248023, 0.6910895403248023, 0.6910895403248023, 0.6940552681053014, 0.6940552681053014, 0.695582844117599, 0.6972699433416476, 0.6972699433416476, 0.6972699433416476, 0.6972699433416476, 0.6972699433416476, 0.6972699433416476, 0.699138896754605, 0.699138896754605, 0.699138896754605, 0.7045145484294884, 0.7045145484294884, 0.7045145484294884, 0.7065863609564798, 0.7065863609564798, 0.7065863609564798, 0.7065863609564798, 0.7065863609564798, 0.7088615915801207, 0.7088615915801207, 0.7088615915801207, 0.7088615915801207, 0.7088615915801207, 0.7088615915801207, 0.7088615915801207, 0.7088615915801207, 0.7088615915801207, 0.7088615915801207, 0.7088615915801207, 0.7088615915801207]
[0.103968706130322, 0.12001371501724294, 0.12768387505448797, 0.1304605184866668, 0.13316036411506837, 0.14084543255289728, 0.1510741445918793, 0.15761901737104728, 0.16094834484823223, 0.16687720747187224, 0.16724470118998486, 0.1692618050593207, 0.17900574181682943, 0.18475571875412186, 0.1886397191941252, 0.19299578183901261, 0.19514220913183417, 0.1979315623258983, 0.19869237826789554, 0.2080410888445447, 0.216873737860483, 0.22266972133333057, 0.2279081622570791, 0.23433485961481398, 0.24180903519802732, 0.2424632665588001, 0.24718751924951898, 0.25198304957490797, 0.25653230784490116, 0.25842744677537266, 0.2669937225931413, 0.27025062248794907, 0.2718392364803807, 0.27504577999338853, 0.276854212354135, 0.2872307642251899, 0.29202750279914724, 0.29872839231713133, 0.3030786876372802, 0.3109216752894912, 0.3140114528624516, 0.3161330905260109, 0.32326914779931915, 0.32326914779931915, 0.3291930963737113, 0.33089158397256546, 0.33576569935864076, 0.3382842204557012, 0.34707778440528164, 0.355022270382759, 0.355022270382759, 0.35743382342109353, 0.35743382342109353, 0.3628783995086941, 0.36557424510178205, 0.36557424510178205, 0.37138741772910633, 0.37138741772910633, 0.37138741772910633, 0.37138741772910633, 0.37138741772910633, 0.37138741772910633, 0.37138741772910633, 0.37943086141184923, 0.37943086141184923, 0.3834395285896381, 0.3877069331540316, 0.3877069331540316, 0.3877069331540316, 0.3877069331540316, 0.3877069331540316, 0.3877069331540316, 0.39261962940351974, 0.39261962940351974, 0.39261962940351974, 0.40680179913259296, 0.40680179913259296, 0.40680179913259296, 0.4124330087826026, 0.4124330087826026, 0.4124330087826026, 0.4124330087826026, 0.4124330087826026, 0.4196059726957925, 0.4196059726957925, 0.4196059726957925, 0.4196059726957925, 0.4196059726957925, 0.4196059726957925, 0.4196059726957925, 0.4196059726957925, 0.4196059726957925, 0.4196059726957925, 0.4196059726957925, 0.4196059726957925]
Training raw path: /home/anhnd/DTI Project/Codes/MPNN/data/KFold/ATCInchikeySideEffectByDrug.txt_train_1
('Number of substructures, proteins, pathways, drugs, se: ', 2936, 1448, 330, 969, 598)
((872, 1448), (97, 1448), (872, 598), (97, 598))
Train: 0.9923 0.9732
Test: 0.6870 0.4047
[0.5456767103231106, 0.5533100472878654, 0.5508063457859367, 0.5470770752852396, 0.5538471021263315, 0.552172179167724, 0.5524241925633896, 0.554782445014026, 0.5596449441186985, 0.5608959953957335, 0.5622878223444533, 0.5640449807985648, 0.5690831651655088, 0.5728176667953829, 0.5744706358152887, 0.577057160965464, 0.5783560858689696, 0.5809388011187814, 0.5828444738654297, 0.5871497250610238, 0.5916019813881357, 0.5938258896006507, 0.5976025079987906, 0.6018780780495482, 0.6034663944278689, 0.6036764157349267, 0.6057134328144774, 0.6077690928177056, 0.6117829888756552, 0.6132318294588648, 0.6188611691673, 0.621044235098035, 0.6219452240417144, 0.6235025048912883, 0.6237085066433289, 0.6281738784369852, 0.6302167512072284, 0.6337643554092934, 0.6363123442736205, 0.6406863301230352, 0.642295448407691, 0.6430191741640416, 0.6457703086402868, 0.6457703086402868, 0.6474462025484973, 0.648293536843341, 0.6503936232739752, 0.6517699520258845, 0.656327330288297, 0.6605207078491935, 0.6605207078491935, 0.661346936015619, 0.661346936015619, 0.6641094534140546, 0.6652445944969229, 0.6652445944969229, 0.6677371988516864, 0.6677371988516864, 0.6677371988516864, 0.6677371988516864, 0.6677371988516864, 0.6677371988516864, 0.6677371988516864, 0.6706250154145722, 0.6706250154145722, 0.6721299802355418, 0.6738661145906643, 0.6738661145906643, 0.6738661145906643, 0.6738661145906643, 0.6738661145906643, 0.6738661145906643, 0.6761086291761651, 0.6761086291761651, 0.6761086291761651, 0.6820193250572844, 0.6820193250572844, 0.6820193250572844, 0.6844795565668882, 0.6844795565668882, 0.6844795565668882, 0.6844795565668882, 0.6844795565668882, 0.6870360485553324, 0.6870360485553324, 0.6870360485553324, 0.6870360485553324, 0.6870360485553324, 0.6870360485553324, 0.6870360485553324, 0.6870360485553324, 0.6870360485553324, 0.6870360485553324, 0.6870360485553324, 0.6870360485553324]
[0.09213023625086444, 0.10726821622558304, 0.11057911963476293, 0.11006802447399103, 0.11683517280960894, 0.11952371408911959, 0.1250387296378454, 0.1306375290537815, 0.13906544333785575, 0.14235987645168668, 0.14374634357777577, 0.1473522965855155, 0.15504981767521248, 0.16092308995150448, 0.16391431740426932, 0.16898091424790762, 0.1717176633216867, 0.17676156556574296, 0.17911117240167948, 0.18631957640383046, 0.19586037955540916, 0.1985995711477838, 0.20497632848226022, 0.21257796249783753, 0.21712020325103962, 0.21761302092582313, 0.2201711632687483, 0.2238440417310018, 0.23225916072597408, 0.23497167597698848, 0.2449756901823132, 0.24931169345435242, 0.25138702970569055, 0.2554801899240199, 0.25641412966601634, 0.2657751397754844, 0.27005698814144175, 0.27646412941294274, 0.2820613585668519, 0.2918518343820375, 0.2951592567679467, 0.2974311567276446, 0.3036523686580097, 0.3036523686580097, 0.30693080778908965, 0.3083579297679033, 0.3134994419357454, 0.3162358159731311, 0.3269244815106915, 0.33675076406761795, 0.33675076406761795, 0.33874433684771826, 0.33874433684771826, 0.34515262014560366, 0.3478873318888776, 0.3478873318888776, 0.35366383010363306, 0.35366383010363306, 0.35366383010363306, 0.35366383010363306, 0.35366383010363306, 0.35366383010363306, 0.35366383010363306, 0.36138731011727543, 0.36138731011727543, 0.36481941130973633, 0.368755118953476, 0.368755118953476, 0.368755118953476, 0.368755118953476, 0.368755118953476, 0.368755118953476, 0.3749980517044862, 0.3749980517044862, 0.3749980517044862, 0.39070183295099076, 0.39070183295099076, 0.39070183295099076, 0.39703495031036157, 0.39703495031036157, 0.39703495031036157, 0.39703495031036157, 0.39703495031036157, 0.4047010643648812, 0.4047010643648812, 0.4047010643648812, 0.4047010643648812, 0.4047010643648812, 0.4047010643648812, 0.4047010643648812, 0.4047010643648812, 0.4047010643648812, 0.4047010643648812, 0.4047010643648812, 0.4047010643648812]
Training raw path: /home/anhnd/DTI Project/Codes/MPNN/data/KFold/ATCInchikeySideEffectByDrug.txt_train_2
('Number of substructures, proteins, pathways, drugs, se: ', 2936, 1448, 330, 969, 598)
((872, 1448), (97, 1448), (872, 598), (97, 598))
Train: 0.9920 0.9717
Test: 0.6991 0.4743
[0.5582438740278896, 0.569817893051743, 0.5703811454613281, 0.5770821264070964, 0.5798519012773045, 0.5789919318401725, 0.5820503123612403, 0.5859483978821138, 0.5868305305456354, 0.5897764160013343, 0.5907987364718404, 0.5921322142718741, 0.5947443917315024, 0.5957175822385564, 0.5962844566750981, 0.5990753861731255, 0.6013260451174165, 0.6037574285324985, 0.6049918800283416, 0.609462947582978, 0.6131764746209908, 0.6166937536728586, 0.6203848437446478, 0.6242452312438689, 0.6271451370566373, 0.627535272751149, 0.6306366498843546, 0.6328644042036035, 0.635951049873344, 0.6371897366442988, 0.6406469479335002, 0.6424168675323936, 0.6431288119865266, 0.6446164181807907, 0.6449005435034829, 0.6492470491834903, 0.6514490094315477, 0.6547858882304224, 0.6575364228769818, 0.6599633351452989, 0.6608723958529397, 0.661751485074053, 0.6646485031000702, 0.6646485031000702, 0.6664056955451985, 0.6671862658886539, 0.6684891020203476, 0.6693296406126613, 0.6731596599959287, 0.6761893696722772, 0.6761893696722772, 0.6770823936691184, 0.6770823936691184, 0.6788900744617075, 0.6802530674003624, 0.6802530674003624, 0.6820635516320344, 0.6820635516320344, 0.6820635516320344, 0.6820635516320344, 0.6820635516320344, 0.6820635516320344, 0.6820635516320344, 0.6848394306528827, 0.6848394306528827, 0.686152557485353, 0.6877620001127602, 0.6877620001127602, 0.6877620001127602, 0.6877620001127602, 0.6877620001127602, 0.6877620001127602, 0.6895002899659769, 0.6895002899659769, 0.6895002899659769, 0.6950118166879009, 0.6950118166879009, 0.6950118166879009, 0.6969070008179585, 0.6969070008179585, 0.6969070008179585, 0.6969070008179585, 0.6969070008179585, 0.699061511510057, 0.699061511510057, 0.699061511510057, 0.699061511510057, 0.699061511510057, 0.699061511510057, 0.699061511510057, 0.699061511510057, 0.699061511510057, 0.699061511510057, 0.699061511510057, 0.699061511510057]
[0.1404636698834592, 0.16394019574279628, 0.17482343443224543, 0.1771742991816855, 0.18148906607942655, 0.18160511654391723, 0.1892120824093873, 0.20032112494969023, 0.20549931918425585, 0.21060039450524226, 0.21373421090454078, 0.21746920058141347, 0.2258865331160709, 0.2297757829473994, 0.23282352768212222, 0.240365455415066, 0.24486475613893227, 0.24864676823187357, 0.2509353397831827, 0.2622243528432697, 0.2703642006210435, 0.2767253558999382, 0.2848707782209944, 0.2944488224614233, 0.3007455825592993, 0.3018452919783369, 0.3071114661675367, 0.3120656258621457, 0.3182518372627173, 0.32096435823387, 0.32780611238259094, 0.3311541115410539, 0.33249724765694977, 0.33623585664581557, 0.3371568055736017, 0.34718191127235726, 0.35287433538412366, 0.3595294122662668, 0.3660750369151087, 0.37309408668750865, 0.37551603145018897, 0.37751046439494385, 0.38514452036781716, 0.38514452036781716, 0.38966608041454953, 0.39172409063547314, 0.39548609238367827, 0.39780678563119376, 0.40772795939789214, 0.4148804592460351, 0.4148804592460351, 0.4167719117083603, 0.4167719117083603, 0.421575852111098, 0.4249591502265188, 0.4249591502265188, 0.4290977846745544, 0.4290977846745544, 0.4290977846745544, 0.4290977846745544, 0.4290977846745544, 0.4290977846745544, 0.4290977846745544, 0.4361481737418915, 0.4361481737418915, 0.43942632869957055, 0.44359495908465363, 0.44359495908465363, 0.44359495908465363, 0.44359495908465363, 0.44359495908465363, 0.44359495908465363, 0.44856065571583037, 0.44856065571583037, 0.44856065571583037, 0.4631279162762411, 0.4631279162762411, 0.4631279162762411, 0.46808412776395825, 0.46808412776395825, 0.46808412776395825, 0.46808412776395825, 0.46808412776395825, 0.4743151069293791, 0.4743151069293791, 0.4743151069293791, 0.4743151069293791, 0.4743151069293791, 0.4743151069293791, 0.4743151069293791, 0.4743151069293791, 0.4743151069293791, 0.4743151069293791, 0.4743151069293791, 0.4743151069293791]
Training raw path: /home/anhnd/DTI Project/Codes/MPNN/data/KFold/ATCInchikeySideEffectByDrug.txt_train_3
('Number of substructures, proteins, pathways, drugs, se: ', 2936, 1448, 330, 969, 598)
((872, 1448), (97, 1448), (872, 598), (97, 598))
Train: 0.9916 0.9716
Test: 0.7114 0.4381
[0.5552694929314763, 0.5731212177993366, 0.5858051055858579, 0.590317747967045, 0.5931503801507492, 0.5917073332012762, 0.5949601712231984, 0.5977128406009748, 0.6000126936853412, 0.604616332854669, 0.6062851067814656, 0.6094033873012994, 0.6137822210181666, 0.619342597297005, 0.6202004036199253, 0.6226708664577285, 0.6241023378778043, 0.625608403072849, 0.626199764488456, 0.6288221869634203, 0.6335545321359878, 0.6360622080003402, 0.6383142492226233, 0.6403848005740036, 0.6418569877703326, 0.642289799992526, 0.6438552638231168, 0.6453736434963597, 0.6480968015338273, 0.6479599395484639, 0.6515336515679839, 0.6532391408220115, 0.6535978759559742, 0.6552050224937229, 0.6558114810436564, 0.6607764211670293, 0.6629747640982294, 0.6651751019316001, 0.6673774353124597, 0.6708443004604099, 0.6719760014681795, 0.6728201854204946, 0.6757852912036718, 0.6757852912036718, 0.6776331657534793, 0.6785328683665754, 0.6803823537801428, 0.6815551877868711, 0.685418425450595, 0.6881056594931314, 0.6881056594931314, 0.6887996674416041, 0.6887996674416041, 0.6907085195510962, 0.6919832732998022, 0.6919832732998022, 0.6943561038084674, 0.6943561038084674, 0.6943561038084674, 0.6943561038084674, 0.6943561038084674, 0.6943561038084674, 0.6943561038084674, 0.6968773843053242, 0.6968773843053242, 0.6983961223818294, 0.6999386517949437, 0.6999386517949437, 0.6999386517949437, 0.6999386517949437, 0.6999386517949437, 0.6999386517949437, 0.701581058074253, 0.701581058074253, 0.701581058074253, 0.7072785598800657, 0.7072785598800657, 0.7072785598800657, 0.7092109024817081, 0.7092109024817081, 0.7092109024817081, 0.7092109024817081, 0.7092109024817081, 0.7114167833566548, 0.7114167833566548, 0.7114167833566548, 0.7114167833566548, 0.7114167833566548, 0.7114167833566548, 0.7114167833566548, 0.7114167833566548, 0.7114167833566548, 0.7114167833566548, 0.7114167833566548, 0.7114167833566548]
[0.11172872539812786, 0.1349563260464991, 0.14656056401979695, 0.1525834280881438, 0.16173573301425176, 0.16322573067248228, 0.1716594117592811, 0.17968222336382897, 0.18643500268720958, 0.19530517770822617, 0.1987174352881611, 0.20224593062692545, 0.2096090857798138, 0.2188976108777398, 0.22056536750056033, 0.2263794572324213, 0.22986404967981933, 0.2313584527158353, 0.23288052299975245, 0.23871991418686397, 0.24661720771138776, 0.2520835871822222, 0.25612224898684677, 0.2605811350752985, 0.2632106658246066, 0.26468249743144867, 0.2686368914777812, 0.2721293323489534, 0.27790614428963323, 0.2783303319810927, 0.28541178343929946, 0.2896237630484869, 0.2901299266079236, 0.2952088710358073, 0.2960911745621978, 0.3059192733968818, 0.31167255733909527, 0.3161857611042691, 0.32135691449533077, 0.32995420426769273, 0.33158596546159996, 0.3339524771657254, 0.34193530322725624, 0.34193530322725624, 0.34622674181026725, 0.34934960484324973, 0.3544313132014122, 0.3578069022101461, 0.36750184523552054, 0.3761353258139739, 0.3761353258139739, 0.3778686921719175, 0.3778686921719175, 0.38314879799249524, 0.38635015412469575, 0.38635015412469575, 0.3916556327982091, 0.3916556327982091, 0.3916556327982091, 0.3916556327982091, 0.3916556327982091, 0.3916556327982091, 0.3916556327982091, 0.3978708624239371, 0.3978708624239371, 0.40177535112393653, 0.40588334415311567, 0.40588334415311567, 0.40588334415311567, 0.40588334415311567, 0.40588334415311567, 0.40588334415311567, 0.41122816278854646, 0.41122816278854646, 0.41122816278854646, 0.4263128899375297, 0.4263128899375297, 0.4263128899375297, 0.4316983323702047, 0.4316983323702047, 0.4316983323702047, 0.4316983323702047, 0.4316983323702047, 0.4381433672347349, 0.4381433672347349, 0.4381433672347349, 0.4381433672347349, 0.4381433672347349, 0.4381433672347349, 0.4381433672347349, 0.4381433672347349, 0.4381433672347349, 0.4381433672347349, 0.4381433672347349, 0.4381433672347349]
Training raw path: /home/anhnd/DTI Project/Codes/MPNN/data/KFold/ATCInchikeySideEffectByDrug.txt_train_4
('Number of substructures, proteins, pathways, drugs, se: ', 2936, 1448, 330, 969, 598)
((872, 1448), (97, 1448), (872, 598), (97, 598))
Train: 0.9921 0.9736
Test: 0.7290 0.4089
[0.5787291547714588, 0.5662930742853854, 0.5787000905181934, 0.590452497509613, 0.5928790776542346, 0.5968893620921598, 0.6014223942519891, 0.607950406914471, 0.6135406818025759, 0.61938708015698, 0.6210104668651029, 0.6229439872762847, 0.6260187807675897, 0.6301536517667824, 0.6316392101930388, 0.633524596938611, 0.6345276784979323, 0.636403164307884, 0.6390402073203363, 0.6431511773390706, 0.647017092359139, 0.6498278060452353, 0.6517304345408621, 0.6551566585116032, 0.6593859511559438, 0.6598903820014166, 0.662610513605804, 0.6638645563975535, 0.6656453228631309, 0.6668365009058249, 0.6695944379980581, 0.6713959512437564, 0.6717098442853338, 0.673550756351802, 0.6741718922869991, 0.677482063839842, 0.6791628809214438, 0.6822724856829554, 0.684523962272493, 0.6876915923257463, 0.6891438320735097, 0.6896840212988814, 0.692845434265543, 0.692845434265543, 0.6946243166051906, 0.6954266395261948, 0.697369574578611, 0.6982629906439307, 0.7019668344323104, 0.7047534072670272, 0.7047534072670272, 0.7053068495405272, 0.7053068495405272, 0.707554651647271, 0.7081971478362412, 0.7081971478362412, 0.7107538115233715, 0.7107538115233715, 0.7107538115233715, 0.7107538115233715, 0.7107538115233715, 0.7107538115233715, 0.7107538115233715, 0.7137333583670737, 0.7137333583670737, 0.715124245115532, 0.7168046060109137, 0.7168046060109137, 0.7168046060109137, 0.7168046060109137, 0.7168046060109137, 0.7168046060109137, 0.7187305558096637, 0.7187305558096637, 0.7187305558096637, 0.7248879196035034, 0.7248879196035034, 0.7248879196035034, 0.7268132170390305, 0.7268132170390305, 0.7268132170390305, 0.7268132170390305, 0.7268132170390305, 0.7289904880333602, 0.7289904880333602, 0.7289904880333602, 0.7289904880333602, 0.7289904880333602, 0.7289904880333602, 0.7289904880333602, 0.7289904880333602, 0.7289904880333602, 0.7289904880333602, 0.7289904880333602, 0.7289904880333602]
[0.08884978945319258, 0.09253824669879321, 0.09643452093587308, 0.1068184152751642, 0.11060451465260976, 0.11666434927072325, 0.12752846943668222, 0.13755167996203552, 0.14752870657198208, 0.15533124270810778, 0.1578110142528654, 0.16140343643312516, 0.17053150768850125, 0.17926473308363616, 0.18143154518013305, 0.18470631929669948, 0.18854390017421974, 0.19287504534565503, 0.19727440354697134, 0.20433981750312397, 0.21080181548359467, 0.21566752762772556, 0.21911460825394272, 0.2255534446640607, 0.23240174768301924, 0.23315242814638515, 0.2380434412179811, 0.24110655518568233, 0.24694304987570198, 0.24909825328994428, 0.25453413585646545, 0.25773942975824893, 0.2590132309146957, 0.2652812491714696, 0.26679093142581306, 0.27558658571212535, 0.2791769703731366, 0.2853053294844589, 0.2897346363306639, 0.29662582606023025, 0.29992830620587707, 0.30100991484435935, 0.31029280624833155, 0.31029280624833155, 0.31435698652330707, 0.3166332528281985, 0.3209843419570972, 0.3230074460708013, 0.33217091089020184, 0.33986260576330474, 0.33986260576330474, 0.341567666052452, 0.341567666052452, 0.34675942014224714, 0.348635101944356, 0.348635101944356, 0.35518758342361073, 0.35518758342361073, 0.35518758342361073, 0.35518758342361073, 0.35518758342361073, 0.35518758342361073, 0.35518758342361073, 0.362831852035982, 0.362831852035982, 0.3669876074807068, 0.3722513696694799, 0.3722513696694799, 0.3722513696694799, 0.3722513696694799, 0.3722513696694799, 0.3722513696694799, 0.3783562727496876, 0.3783562727496876, 0.3783562727496876, 0.3965840038912149, 0.3965840038912149, 0.3965840038912149, 0.4019201768433063, 0.4019201768433063, 0.4019201768433063, 0.4019201768433063, 0.4019201768433063, 0.40891661438265603, 0.40891661438265603, 0.40891661438265603, 0.40891661438265603, 0.40891661438265603, 0.40891661438265603, 0.40891661438265603, 0.40891661438265603, 0.40891661438265603, 0.40891661438265603, 0.40891661438265603, 0.40891661438265603]
Training raw path: /home/anhnd/DTI Project/Codes/MPNN/data/KFold/ATCInchikeySideEffectByDrug.txt_train_5
('Number of substructures, proteins, pathways, drugs, se: ', 2936, 1448, 330, 969, 598)
((872, 1448), (97, 1448), (872, 598), (97, 598))
Train: 0.9916 0.9719
Test: 0.6854 0.4019
[0.5187808989306059, 0.5267930795442698, 0.5316417436802428, 0.5329189364501513, 0.5342720991651888, 0.5402264713413867, 0.5441400843991389, 0.5483218980990403, 0.5519586549682124, 0.5563260313113988, 0.5586324182404308, 0.5629150200028281, 0.5691394229829276, 0.570573298833339, 0.571969464212033, 0.5754114370290854, 0.5766821064817877, 0.5807812130539324, 0.5814126553481588, 0.5874646054160205, 0.5926479137456944, 0.5952805881954357, 0.5984724544951491, 0.6019659061955998, 0.6057208878046771, 0.6062341988195268, 0.6086066725715129, 0.6113618759873807, 0.613528351487055, 0.6151511856950092, 0.6186453771975596, 0.6196918507607965, 0.62017317805854, 0.6207859235840993, 0.6212070191556562, 0.6267594853629304, 0.6291061838138448, 0.6319094356611803, 0.633944861450974, 0.6368057415777048, 0.6382792983156881, 0.6390102404640485, 0.6428994137934398, 0.6428994137934398, 0.6457491205877798, 0.6465041732957826, 0.648001872658716, 0.6492363649479939, 0.6543230443357535, 0.6575116451779628, 0.6575116451779628, 0.6585310969111058, 0.6585310969111058, 0.6611282772104902, 0.6625022941985562, 0.6625022941985562, 0.6653793720556523, 0.6653793720556523, 0.6653793720556523, 0.6653793720556523, 0.6653793720556523, 0.6653793720556523, 0.6653793720556523, 0.6682217354427076, 0.6682217354427076, 0.6696242336527085, 0.6719127614332555, 0.6719127614332555, 0.6719127614332555, 0.6719127614332555, 0.6719127614332555, 0.6719127614332555, 0.6741189094373004, 0.6741189094373004, 0.6741189094373004, 0.6808842297689477, 0.6808842297689477, 0.6808842297689477, 0.682892519306515, 0.682892519306515, 0.682892519306515, 0.682892519306515, 0.682892519306515, 0.6854348982771099, 0.6854348982771099, 0.6854348982771099, 0.6854348982771099, 0.6854348982771099, 0.6854348982771099, 0.6854348982771099, 0.6854348982771099, 0.6854348982771099, 0.6854348982771099, 0.6854348982771099, 0.6854348982771099]
[0.09802937271690362, 0.10702693797202127, 0.10663308423781186, 0.11067425487287297, 0.11760197419892612, 0.12113150219420918, 0.12981904663753807, 0.136200630372886, 0.14381566523605113, 0.14847471648059804, 0.15085749205725227, 0.15620978281349476, 0.16703391051911098, 0.1704142035116717, 0.17176414638123302, 0.1782446362624619, 0.18098806843360132, 0.18767874060384881, 0.18841015664612604, 0.19779472758800576, 0.20669510377550737, 0.20987635928964296, 0.2149289214606459, 0.22091278370446882, 0.22593303471949072, 0.2268833895975444, 0.23097000637878445, 0.23586589899121696, 0.2398176469454277, 0.24244989722398372, 0.2486623251382928, 0.2515902483888484, 0.25250904066905433, 0.2537387168821638, 0.25428953574777546, 0.26541777678652756, 0.27041413492920663, 0.2757702349371943, 0.28057729853596947, 0.28625641061274154, 0.28831075935377526, 0.290394401375942, 0.2981998315411337, 0.2981998315411337, 0.30376060338418576, 0.3055993682484307, 0.30876131294386366, 0.3119247526755802, 0.32315619438564125, 0.3308331875239713, 0.3308331875239713, 0.3330940913859932, 0.3330940913859932, 0.3385197804859398, 0.3416368652504983, 0.3416368652504983, 0.3485392756311759, 0.3485392756311759, 0.3485392756311759, 0.3485392756311759, 0.3485392756311759, 0.3485392756311759, 0.3485392756311759, 0.3556250101922596, 0.3556250101922596, 0.3582045284376276, 0.3638941938998241, 0.3638941938998241, 0.3638941938998241, 0.3638941938998241, 0.3638941938998241, 0.3638941938998241, 0.3704513546463258, 0.3704513546463258, 0.3704513546463258, 0.38948385603316804, 0.38948385603316804, 0.38948385603316804, 0.39442857862104114, 0.39442857862104114, 0.39442857862104114, 0.39442857862104114, 0.39442857862104114, 0.4019263857865631, 0.4019263857865631, 0.4019263857865631, 0.4019263857865631, 0.4019263857865631, 0.4019263857865631, 0.4019263857865631, 0.4019263857865631, 0.4019263857865631, 0.4019263857865631, 0.4019263857865631, 0.4019263857865631]
Training raw path: /home/anhnd/DTI Project/Codes/MPNN/data/KFold/ATCInchikeySideEffectByDrug.txt_train_6
('Number of substructures, proteins, pathways, drugs, se: ', 2936, 1448, 330, 969, 598)
((872, 1448), (97, 1448), (872, 598), (97, 598))
Train: 0.9918 0.9725
Test: 0.7301 0.4291
[0.5954650231124807, 0.6185409307268895, 0.6245166446823077, 0.6142195813113148, 0.6160167368046839, 0.6164627825058635, 0.6210100366758262, 0.6268925012421078, 0.6305069149773022, 0.6349965161275972, 0.6374167408274963, 0.6404755660809454, 0.6440276791956486, 0.646742489636777, 0.6471068045788854, 0.6496336318395726, 0.6514497953921963, 0.6518195388852271, 0.6540113161118616, 0.6575920514773045, 0.661100174236696, 0.6642893808659154, 0.666511890982449, 0.6692987235591575, 0.6700588056451384, 0.6699417411179934, 0.6712674630975648, 0.6721380236910702, 0.673694513946913, 0.6737039071850185, 0.6762286211893669, 0.6778710529903967, 0.6785101255301462, 0.6800840160586741, 0.6808775657610053, 0.6844920814715052, 0.6863365356786604, 0.6882139622308039, 0.6899732533726789, 0.6927857293432347, 0.6939210243987576, 0.6941566995707024, 0.6971992350710479, 0.6971992350710479, 0.6989997558804543, 0.6999464578146437, 0.7011804568515164, 0.7021440052895438, 0.7050608851724953, 0.7076517792458061, 0.7076517792458061, 0.7085905037495512, 0.7085905037495512, 0.7100527666553439, 0.7107545847777413, 0.7107545847777413, 0.7126375974154817, 0.7126375974154817, 0.7126375974154817, 0.7126375974154817, 0.7126375974154817, 0.7126375974154817, 0.7126375974154817, 0.7150975868362879, 0.7150975868362879, 0.7164193834537069, 0.7182775616217849, 0.7182775616217849, 0.7182775616217849, 0.7182775616217849, 0.7182775616217849, 0.7182775616217849, 0.7201084746782922, 0.7201084746782922, 0.7201084746782922, 0.725828973115221, 0.725828973115221, 0.725828973115221, 0.7276504813273021, 0.7276504813273021, 0.7276504813273021, 0.7276504813273021, 0.7276504813273021, 0.7301238988312309, 0.7301238988312309, 0.7301238988312309, 0.7301238988312309, 0.7301238988312309, 0.7301238988312309, 0.7301238988312309, 0.7301238988312309, 0.7301238988312309, 0.7301238988312309, 0.7301238988312309, 0.7301238988312309]
[0.13768165339338626, 0.16448426945828054, 0.16754271259006126, 0.16161926944801663, 0.17081664477849615, 0.17442021269678293, 0.18259627854793567, 0.19447851693936274, 0.20201298490109987, 0.21122561043319454, 0.2143761087897855, 0.21968778716660728, 0.22662195419594797, 0.2320932423638379, 0.2326633565021519, 0.2356412411079306, 0.24115567256310813, 0.24237812996270983, 0.24603981156639643, 0.2524066974363878, 0.25892181961450383, 0.2661561988749125, 0.271333091732487, 0.27694862642960444, 0.27885036195169327, 0.27907271953324775, 0.2814734467655724, 0.2832994267569942, 0.2854676015231171, 0.28706967026390523, 0.29287135976707035, 0.29519740670576855, 0.29653128804025414, 0.30098238904057006, 0.30238458142934965, 0.30908511659437865, 0.31353967051560666, 0.3174018030035304, 0.32159454294652323, 0.3286803491796456, 0.33130678133356767, 0.3318268523754242, 0.3395149418462799, 0.3395149418462799, 0.34424286342906424, 0.3469339170448218, 0.3506043940746312, 0.35304578614887117, 0.36109849629851, 0.3683131305263863, 0.3683131305263863, 0.37016775357844905, 0.37016775357844905, 0.373901697289305, 0.37625317913372947, 0.37625317913372947, 0.38125338873137704, 0.38125338873137704, 0.38125338873137704, 0.38125338873137704, 0.38125338873137704, 0.38125338873137704, 0.38125338873137704, 0.3875553193676283, 0.3875553193676283, 0.3907618669039023, 0.3958054336146031, 0.3958054336146031, 0.3958054336146031, 0.3958054336146031, 0.3958054336146031, 0.3958054336146031, 0.40101699573297533, 0.40101699573297533, 0.40101699573297533, 0.4164621669494746, 0.4164621669494746, 0.4164621669494746, 0.42121835770210087, 0.42121835770210087, 0.42121835770210087, 0.42121835770210087, 0.42121835770210087, 0.4290714322905926, 0.4290714322905926, 0.4290714322905926, 0.4290714322905926, 0.4290714322905926, 0.4290714322905926, 0.4290714322905926, 0.4290714322905926, 0.4290714322905926, 0.4290714322905926, 0.4290714322905926, 0.4290714322905926]
Training raw path: /home/anhnd/DTI Project/Codes/MPNN/data/KFold/ATCInchikeySideEffectByDrug.txt_train_7
('Number of substructures, proteins, pathways, drugs, se: ', 2936, 1448, 330, 969, 598)
((872, 1448), (97, 1448), (872, 598), (97, 598))
Train: 0.9917 0.9714
Test: 0.7169 0.4519
[0.5404259989269102, 0.5453042930150891, 0.5634719864984282, 0.5657223988174421, 0.5668981948019096, 0.571798341027662, 0.5764079452185343, 0.5804581948467179, 0.5792932230298398, 0.5840121906131815, 0.5852789066048378, 0.5880668292639367, 0.5938281744588327, 0.5965036858546516, 0.596506339003493, 0.5990309344608189, 0.6009294041857819, 0.6044042287587804, 0.6059441161949655, 0.610741120289541, 0.6153182706968215, 0.6193936637541257, 0.6235968867412615, 0.6286972472395346, 0.631210256287239, 0.6317447247586327, 0.6349439309792284, 0.637964957755194, 0.6401876961368683, 0.6414522369107917, 0.6458722374424039, 0.6478823447113888, 0.6482824608281372, 0.6496632290417277, 0.6504128202669277, 0.6550015089167152, 0.6582780938365451, 0.6617553407835759, 0.6651644790605904, 0.6687308967455095, 0.6703109010395317, 0.670940303019111, 0.674400943028501, 0.674400943028501, 0.6770773898691629, 0.6782476570969997, 0.6806624664244624, 0.6819808101885274, 0.6870521209667815, 0.6907543671104275, 0.6907543671104275, 0.6920614377209424, 0.6920614377209424, 0.6941356086387928, 0.6951540204421608, 0.6951540204421608, 0.6973593766631249, 0.6973593766631249, 0.6973593766631249, 0.6973593766631249, 0.6973593766631249, 0.6973593766631249, 0.6973593766631249, 0.700756319639181, 0.700756319639181, 0.702493776485217, 0.7041192719726617, 0.7041192719726617, 0.7041192719726617, 0.7041192719726617, 0.7041192719726617, 0.7041192719726617, 0.7060254040869993, 0.7060254040869993, 0.7060254040869993, 0.7122438135108125, 0.7122438135108125, 0.7122438135108125, 0.7144546974511305, 0.7144546974511305, 0.7144546974511305, 0.7144546974511305, 0.7144546974511305, 0.7168582792811826, 0.7168582792811826, 0.7168582792811826, 0.7168582792811826, 0.7168582792811826, 0.7168582792811826, 0.7168582792811826, 0.7168582792811826, 0.7168582792811826, 0.7168582792811826, 0.7168582792811826, 0.7168582792811826]
[0.10675442677486098, 0.11880311342791382, 0.1377632961200967, 0.1444462747136115, 0.14820621303962297, 0.15464467629463752, 0.1560138980681252, 0.16314898571542036, 0.16379780119160894, 0.17013353066563336, 0.17297735250877905, 0.17668595337266638, 0.1871294176858832, 0.193064256230081, 0.19396546316042906, 0.19773669928016668, 0.20180802513250662, 0.20467417924667433, 0.20606285477552125, 0.21333715361183883, 0.2229371591471092, 0.22949655828732213, 0.23624794307737731, 0.24545174639804376, 0.25040185971628337, 0.2513144838376068, 0.2580827512943771, 0.2636761334528637, 0.2678830158794513, 0.2691690037852218, 0.27823608658891574, 0.28257787004500423, 0.2836948001594442, 0.28636133658058227, 0.2875057954993945, 0.2980635551687558, 0.30472047152654047, 0.3111799699444523, 0.3179117967879089, 0.3270446871108366, 0.3301397789605719, 0.3320045907689422, 0.33966338549283126, 0.33966338549283126, 0.3470541363239563, 0.34975540401394917, 0.3559627043795177, 0.3590741666019883, 0.37285028023378003, 0.3824652672988243, 0.3824652672988243, 0.38551951888045766, 0.38551951888045766, 0.3911805275381517, 0.39357125926351033, 0.39357125926351033, 0.3992985727427746, 0.3992985727427746, 0.3992985727427746, 0.3992985727427746, 0.3992985727427746, 0.3992985727427746, 0.3992985727427746, 0.4079108820648461, 0.4079108820648461, 0.41191193436526896, 0.416596138246877, 0.416596138246877, 0.416596138246877, 0.416596138246877, 0.416596138246877, 0.416596138246877, 0.421327628410396, 0.421327628410396, 0.421327628410396, 0.43892535626193196, 0.43892535626193196, 0.43892535626193196, 0.44459535901035896, 0.44459535901035896, 0.44459535901035896, 0.44459535901035896, 0.44459535901035896, 0.45185650044939285, 0.45185650044939285, 0.45185650044939285, 0.45185650044939285, 0.45185650044939285, 0.45185650044939285, 0.45185650044939285, 0.45185650044939285, 0.45185650044939285, 0.45185650044939285, 0.45185650044939285, 0.45185650044939285]
Training raw path: /home/anhnd/DTI Project/Codes/MPNN/data/KFold/ATCInchikeySideEffectByDrug.txt_train_8
('Number of substructures, proteins, pathways, drugs, se: ', 2936, 1448, 330, 969, 598)
((872, 1448), (97, 1448), (872, 598), (97, 598))
Train: 0.9918 0.9725
Test: 0.6873 0.3894
[0.48018272274988694, 0.49238401155064465, 0.5152298545762894, 0.5203698583903027, 0.5265313310712011, 0.5355309133995753, 0.5442314152358223, 0.5452398627952849, 0.5472863480486378, 0.5526655832383387, 0.5534755861626385, 0.5567105764748658, 0.5630688803398953, 0.5665559333086363, 0.5700075141591777, 0.5723777747989062, 0.5739230697097095, 0.5780329968586164, 0.5790051652602206, 0.5819930699349339, 0.5854744990166868, 0.588882420022274, 0.5909776048764701, 0.5951748202786757, 0.5969986622814942, 0.5976237585981085, 0.60036692060604, 0.6030485564632628, 0.6058261038062915, 0.6065355615619561, 0.6119764916753413, 0.6143132276226336, 0.6149453604813533, 0.6176303225351337, 0.6184835669891727, 0.6234835978591986, 0.6267409963127071, 0.6298594801296048, 0.6329211944274349, 0.6362020070055467, 0.6378629191937655, 0.638420192413599, 0.641786251062725, 0.641786251062725, 0.6440633515089198, 0.6449755743224183, 0.6474945194450694, 0.6483238508275299, 0.652816358381519, 0.6568151672072591, 0.6568151672072591, 0.6577935068022813, 0.6577935068022813, 0.6603148736978159, 0.662056866725336, 0.662056866725336, 0.6648700186887335, 0.6648700186887335, 0.6648700186887335, 0.6648700186887335, 0.6648700186887335, 0.6648700186887335, 0.6648700186887335, 0.6681409255956173, 0.6681409255956173, 0.6699461867399723, 0.6720487123826488, 0.6720487123826488, 0.6720487123826488, 0.6720487123826488, 0.6720487123826488, 0.6720487123826488, 0.6742616130958323, 0.6742616130958323, 0.6742616130958323, 0.6817980896947009, 0.6817980896947009, 0.6817980896947009, 0.6843821058592672, 0.6843821058592672, 0.6843821058592672, 0.6843821058592672, 0.6843821058592672, 0.6873258047862479, 0.6873258047862479, 0.6873258047862479, 0.6873258047862479, 0.6873258047862479, 0.6873258047862479, 0.6873258047862479, 0.6873258047862479, 0.6873258047862479, 0.6873258047862479, 0.6873258047862479, 0.6873258047862479]
[0.07047646649555411, 0.0723693071310547, 0.08496482793131022, 0.09109168385450074, 0.09933045542400379, 0.10774280490951027, 0.115269773809138, 0.12164893504560248, 0.12800965614937074, 0.13537502882100796, 0.13589954387061298, 0.1394987492522563, 0.14577249724322014, 0.14982286450409676, 0.15268753476519203, 0.15651583082948708, 0.1583088759001649, 0.16352183564970157, 0.16547244721390764, 0.16982327777771666, 0.17614028426978307, 0.18240648839769585, 0.1867917369795043, 0.19443688225750558, 0.19913221149564533, 0.19975767689408164, 0.20341401307524276, 0.2075924651025035, 0.21248644058999927, 0.21344908685964967, 0.2217659165280894, 0.22538516253482796, 0.22684449523223255, 0.23293652899054845, 0.23449058065043674, 0.24410147877171856, 0.2508198920084448, 0.25643551980467916, 0.26223053448077954, 0.26923475624977217, 0.27216899955838947, 0.2738438782874, 0.282566656876942, 0.282566656876942, 0.2876452513845129, 0.29086930287997137, 0.2957065495876221, 0.2981855872477871, 0.30787011117636737, 0.31722882443150857, 0.31722882443150857, 0.318717560898174, 0.318717560898174, 0.32390364870103544, 0.327486414371415, 0.327486414371415, 0.33292728613971306, 0.33292728613971306, 0.33292728613971306, 0.33292728613971306, 0.33292728613971306, 0.33292728613971306, 0.33292728613971306, 0.3404382534919027, 0.3404382534919027, 0.3445048819346341, 0.34944709391438494, 0.34944709391438494, 0.34944709391438494, 0.34944709391438494, 0.34944709391438494, 0.34944709391438494, 0.3547409516554113, 0.3547409516554113, 0.3547409516554113, 0.37486107519950584, 0.37486107519950584, 0.37486107519950584, 0.38087715418924645, 0.38087715418924645, 0.38087715418924645, 0.38087715418924645, 0.38087715418924645, 0.3893616506900698, 0.3893616506900698, 0.3893616506900698, 0.3893616506900698, 0.3893616506900698, 0.3893616506900698, 0.3893616506900698, 0.3893616506900698, 0.3893616506900698, 0.3893616506900698, 0.3893616506900698, 0.3893616506900698]
Training raw path: /home/anhnd/DTI Project/Codes/MPNN/data/KFold/ATCInchikeySideEffectByDrug.txt_train_9
('Number of substructures, proteins, pathways, drugs, se: ', 2936, 1448, 330, 969, 598)
((873, 1448), (96, 1448), (873, 598), (96, 598))
Train: 0.9925 0.9740
Test: 0.6880 0.4106
[0.4865345511865319, 0.5145082428280906, 0.5298079369101013, 0.5306679838105878, 0.5365136075871216, 0.5382545936592226, 0.5433154956106372, 0.546777203650507, 0.5527465488867594, 0.5578848569214307, 0.5600152601751449, 0.5634468976953935, 0.5696329759436914, 0.5727003179232734, 0.5740137915556627, 0.5789466098349378, 0.5809578267361806, 0.5824399892990346, 0.5831883947202661, 0.5875661895987312, 0.5932525667331099, 0.5952821823183865, 0.5999663311642336, 0.6032173508966289, 0.6053041249328035, 0.6058375452570175, 0.6084889275329614, 0.6113824288756121, 0.6148823023030541, 0.6165958286314266, 0.6205291914276352, 0.6223743105988426, 0.6232253471320872, 0.625359090139161, 0.6261005768789951, 0.6305689136134622, 0.6328810586563958, 0.6363790466002928, 0.6384777516385827, 0.6422772486896547, 0.6437453421705992, 0.6443155743782505, 0.6474772246171763, 0.6474772246171763, 0.6495644081852302, 0.6507493406314564, 0.6526708967769554, 0.6538306549163545, 0.6581668746545662, 0.6615319642009837, 0.6615319642009837, 0.6627182182902113, 0.6627182182902113, 0.665245006461429, 0.6663408398703949, 0.6663408398703949, 0.669020497954864, 0.669020497954864, 0.669020497954864, 0.669020497954864, 0.669020497954864, 0.669020497954864, 0.669020497954864, 0.6719711254021543, 0.6719711254021543, 0.6736860145037177, 0.6755815979673663, 0.6755815979673663, 0.6755815979673663, 0.6755815979673663, 0.6755815979673663, 0.6755815979673663, 0.6776283384634845, 0.6776283384634845, 0.6776283384634845, 0.683489963918837, 0.683489963918837, 0.683489963918837, 0.685653545431306, 0.685653545431306, 0.685653545431306, 0.685653545431306, 0.685653545431306, 0.6880152027404864, 0.6880152027404864, 0.6880152027404864, 0.6880152027404864, 0.6880152027404864, 0.6880152027404864, 0.6880152027404864, 0.6880152027404864, 0.6880152027404864, 0.6880152027404864, 0.6880152027404864, 0.6880152027404864]
[0.09043157805328035, 0.10165859587906377, 0.10970621323413665, 0.10886504541948475, 0.121230214307562, 0.12315651763422036, 0.1308260013871338, 0.1351992010955968, 0.14187948742303724, 0.14805400141450928, 0.15045084197620107, 0.15521664567298035, 0.16453073505700028, 0.16910353590541294, 0.17202177582932168, 0.1794820635348624, 0.1837575459258834, 0.1860730244039746, 0.1870852798079944, 0.1945419939952076, 0.2033715465602247, 0.20817031141067788, 0.21509412479587087, 0.22167035554787545, 0.22502308897136153, 0.2261460328687634, 0.230601575535368, 0.23562779801051875, 0.2412105177493522, 0.24386455960977219, 0.2502407854891368, 0.25309002561367766, 0.25517790658634826, 0.26031048127220846, 0.26179663626661337, 0.27004750202934913, 0.2758778699800983, 0.28280290170186323, 0.2870981828569501, 0.2949729545491382, 0.298197639627777, 0.2994833063718306, 0.30650245732864556, 0.30650245732864556, 0.31224516188223395, 0.31437378225627516, 0.31914716774222435, 0.32178834818310365, 0.3321669769123386, 0.3412678296911103, 0.3412678296911103, 0.3436407780736189, 0.3436407780736189, 0.3495124060890249, 0.35148335942851744, 0.35148335942851744, 0.3576614826029737, 0.3576614826029737, 0.3576614826029737, 0.3576614826029737, 0.3576614826029737, 0.3576614826029737, 0.3576614826029737, 0.3652495539285901, 0.3652495539285901, 0.36985072834166355, 0.37499231969503, 0.37499231969503, 0.37499231969503, 0.37499231969503, 0.37499231969503, 0.37499231969503, 0.3804542311063655, 0.3804542311063655, 0.3804542311063655, 0.397769540013447, 0.397769540013447, 0.397769540013447, 0.4033879350533528, 0.4033879350533528, 0.4033879350533528, 0.4033879350533528, 0.4033879350533528, 0.410571983544402, 0.410571983544402, 0.410571983544402, 0.410571983544402, 0.410571983544402, 0.410571983544402, 0.410571983544402, 0.410571983544402, 0.410571983544402, 0.410571983544402, 0.410571983544402, 0.410571983544402]
AUC: 0.7043 0.0052
AUPR: 0.4228 0.0078
('RARE AUC', [(0.5431025074447018, 0.01138917047693671), (0.5545223642704562, 0.01098752105438925), (0.5644075939206254, 0.010022422808564952), (0.5661507846579644, 0.009556027946455794), (0.569489427000622, 0.009192913399258195), (0.5720708445416941, 0.008727343929255258), (0.5761478087027525, 0.008583533563363693), (0.5798916815425, 0.008886778006880895), (0.5829204345677483, 0.008832752554020613), (0.5870464312995439, 0.008861689683845646), (0.5884682873778109, 0.008853934387290907), (0.5908771066875869, 0.008705067353376093), (0.5955818548718164, 0.008382265211446183), (0.5985412813941038, 0.008456217812402819), (0.5998449044878085, 0.008324833495108843), (0.6025772214663961, 0.00818505995431297), (0.6040913371227787, 0.008159870969524174), (0.6063922003261932, 0.007876720105361478), (0.6076851764494975, 0.00798074664231809), (0.6117232179255663, 0.007863628241052243), (0.6160187258352335, 0.007761752728383823), (0.6188934055900867, 0.007792297960317482), (0.621852199355547, 0.007624515894249007), (0.6253791556654915, 0.007501648913080293), (0.6278087915358398, 0.0074907187165837025), (0.6282233846501138, 0.0074584270860177495), (0.630609243242123, 0.007389263776198782), (0.6327565574456743, 0.007216793053337303), (0.6353745238031023, 0.0070526343848864295), (0.6363677312526622, 0.006945799648135072), (0.6402313415248195, 0.00670374551452768), (0.642001997055665, 0.006679199475342469), (0.642569449148507, 0.0066464819505336805), (0.6442035872859202, 0.006628065865789415), (0.6448356899497277, 0.006650485765224084), (0.6493145290653893, 0.006504183008472517), (0.6516333472164585, 0.006426105111617279), (0.654649064209673, 0.0063342311715049926), (0.6570461882072149, 0.006288145016870206), (0.6603017064282685, 0.006225349730536319), (0.6617054216487606, 0.006193295077769465), (0.6623803743364688, 0.006174705090096579), (0.6655287939794885, 0.006143459835438607), (0.6655287939794885, 0.006143459835438607), (0.6675945157563762, 0.006096765354082743), (0.6685208118176651, 0.006098184003828675), (0.6703931700104531, 0.0060594991467070435), (0.6714615885175977, 0.006041441339240651), (0.6756062157416132, 0.005900754664662638), (0.6788332389239828, 0.005782409902555254), (0.6788332389239828, 0.005782409902555254), (0.679781003664199, 0.005762436735601781), (0.679781003664199, 0.005762436735601781), (0.6819738719250961, 0.005666395060973158), (0.6831199430485022, 0.005590369086857264), (0.6831199430485022, 0.005590369086857264), (0.6855267068918218, 0.005526166370426038), (0.6855267068918218, 0.005526166370426038), (0.6855267068918218, 0.005526166370426038), (0.6855267068918218, 0.005526166370426038), (0.6855267068918218, 0.005526166370426038), (0.6855267068918218, 0.005526166370426038), (0.6855267068918218, 0.005526166370426038), (0.6884318149761103, 0.005501985925139427), (0.6884318149761103, 0.005501985925139427), (0.6899555344171178, 0.0054813894559129625), (0.6917581221228647, 0.005441303449154161), (0.6917581221228647, 0.005441303449154161), (0.6917581221228647, 0.005441303449154161), (0.6917581221228647, 0.005441303449154161), (0.6917581221228647, 0.005441303449154161), (0.6917581221228647, 0.005441303449154161), (0.6937202169542572, 0.005398335503971327), (0.6937202169542572, 0.005398335503971327), (0.6937202169542572, 0.005398335503971327), (0.6997957239666762, 0.005316847565971169), (0.6997957239666762, 0.005316847565971169), (0.6997957239666762, 0.005316847565971169), (0.7019030387237586, 0.005270007016517078), (0.7019030387237586, 0.005270007016517078), (0.7019030387237586, 0.005270007016517078), (0.7019030387237586, 0.005270007016517078), (0.7019030387237586, 0.005270007016517078), (0.7043124506951783, 0.005234840275178157), (0.7043124506951783, 0.005234840275178157), (0.7043124506951783, 0.005234840275178157), (0.7043124506951783, 0.005234840275178157), (0.7043124506951783, 0.005234840275178157), (0.7043124506951783, 0.005234840275178157), (0.7043124506951783, 0.005234840275178157), (0.7043124506951783, 0.005234840275178157), (0.7043124506951783, 0.005234840275178157), (0.7043124506951783, 0.005234840275178157), (0.7043124506951783, 0.005234840275178157), (0.7043124506951783, 0.005234840275178157)])
('RARE AUPR', [(0.10405146245499515, 0.006515631580482313), (0.11830589235992486, 0.00882929895162), (0.1262691648190583, 0.00900506465788601), (0.1293801213814138, 0.008490562806506468), (0.13610103524195766, 0.008375109328942105), (0.14029600568584996, 0.007945789487982517), (0.1479037836284946, 0.00785604916117056), (0.1556487843869252, 0.00839439167359149), (0.16189924115307033, 0.008198046343955236), (0.16837367866600783, 0.008422955327626781), (0.17058150444159587, 0.008642313519378601), (0.17450315875643055, 0.008677745722974637), (0.18311712007775904, 0.008603275416503983), (0.1888115038129502, 0.00872179643336879), (0.1910476753599538, 0.00860041943447227), (0.19610483990460156, 0.008648258547189537), (0.19961507664017564, 0.008898559486805912), (0.20318993040519145, 0.008565837210643168), (0.20519643670094273, 0.008660645923860271), (0.21275486001907895, 0.008879478384776297), (0.22085832545990464, 0.00884053049901789), (0.22618516794512517, 0.009069022377909918), (0.23173879442470086, 0.00920637257071609), (0.23869166186509322, 0.00923857280265309), (0.24346277913704664, 0.009166927720669984), (0.24429308077720377, 0.009188041982468642), (0.24856922744309112, 0.009270282338614547), (0.25271903270167884, 0.009238884316189914), (0.25787577226862757, 0.009137558276084843), (0.25977942839998003, 0.00913897656869654), (0.26714979179653153, 0.009019679331219376), (0.27059203335782184, 0.009004590413417573), (0.2719624202052974, 0.008956911313604134), (0.27615813995365734, 0.008866577213237409), (0.27737743831753336, 0.008842296591363217), (0.28684091037327686, 0.008811344688732153), (0.29211803929968416, 0.008823787874719083), (0.29798034539767876, 0.008800526908890499), (0.3031718989553366, 0.008896885538302503), (0.3108636784389095, 0.008928326047924694), (0.31363249715821456, 0.008868272350031382), (0.3153590132838223, 0.008878887859548993), (0.32307414193865663, 0.00884804635389437), (0.32307414193865663, 0.00884804635389437), (0.3281321729314878, 0.008864181170101492), (0.3304488236490838, 0.008875761772229427), (0.33503490175644324, 0.008866858750359377), (0.33771598111983037, 0.008868661283231619), (0.3478545040446225, 0.008894122633185045), (0.3562759664745491, 0.00878015699596434), (0.3562759664745491, 0.00878015699596434), (0.35835261330182344, 0.008811221026597042), (0.35835261330182344, 0.008811221026597042), (0.36365331500035947, 0.008739477474438309), (0.3663837060733901, 0.00875872196649879), (0.3663837060733901, 0.00875872196649879), (0.3720672254577128, 0.008590236534422327), (0.3720672254577128, 0.008590236534422327), (0.3720672254577128, 0.008590236534422327), (0.3720672254577128, 0.008590236534422327), (0.3720672254577128, 0.008590236534422327), (0.3720672254577128, 0.008590236534422327), (0.3720672254577128, 0.008590236534422327), (0.3794448078776162, 0.008557658538352265), (0.3794448078776162, 0.008557658538352265), (0.38316821671866846, 0.008537578411340875), (0.38789269043854757, 0.008452366018524076), (0.38789269043854757, 0.008452366018524076), (0.38789269043854757, 0.008452366018524076), (0.38789269043854757, 0.008452366018524076), (0.38789269043854757, 0.008452366018524076), (0.38789269043854757, 0.008452366018524076), (0.39337539339135447, 0.008338354759084357), (0.39337539339135447, 0.008338354759084357), (0.39337539339135447, 0.008338354759084357), (0.4101030436646097, 0.007959203832846326), (0.4101030436646097, 0.007959203832846326), (0.4101030436646097, 0.007959203832846326), (0.4155677980646534, 0.007893601516177006), (0.4155677980646534, 0.007893601516177006), (0.4155677980646534, 0.007893601516177006), (0.4155677980646534, 0.007893601516177006), (0.4155677980646534, 0.007893601516177006), (0.4228470078368464, 0.007750284629035154), (0.4228470078368464, 0.007750284629035154), (0.4228470078368464, 0.007750284629035154), (0.4228470078368464, 0.007750284629035154), (0.4228470078368464, 0.007750284629035154), (0.4228470078368464, 0.007750284629035154), (0.4228470078368464, 0.007750284629035154), (0.4228470078368464, 0.007750284629035154), (0.4228470078368464, 0.007750284629035154), (0.4228470078368464, 0.007750284629035154), (0.4228470078368464, 0.007750284629035154), (0.4228470078368464, 0.007750284629035154)])
