PSLR
<models.baselines.omodels.PSLRModel object at 0x7f504dd70690>
Training raw path: /home/anhnd/DTI Project/Codes/MPNN/data/KFold/ATCInchikeySideEffectByDrug.txt_train_0
('Number of substructures, proteins, pathways, drugs, se: ', 888, 1448, 330, 969, 598)
Train: 0.9999 0.9996
Test: 0.7574 0.4586
[0.6524319486126469, 0.6641793285910296, 0.677150535104593, 0.6755308165733204, 0.6765896816170278, 0.6776476947264596, 0.6779110260118786, 0.6787912477721578, 0.6787987124406231, 0.6812796835303345, 0.6810825201370221, 0.6799424093571907, 0.682502859655854, 0.6833474183299008, 0.6850395459279965, 0.6856485931680989, 0.686002334256062, 0.6865417249721742, 0.687097874770459, 0.6900405893594723, 0.6934647620776708, 0.6955533467945365, 0.696690041373207, 0.699209283039538, 0.7016841806183712, 0.7020620663832984, 0.703430005561537, 0.7051591002801478, 0.7067428195829654, 0.7074062460875008, 0.7099333182360212, 0.7111096237269532, 0.7114707807573958, 0.7125551208173746, 0.7132531945157877, 0.716318262681592, 0.718106771357055, 0.7200934675314781, 0.7214153583291394, 0.7238328412312736, 0.724803962173942, 0.7256510729788282, 0.7276970988761515, 0.7276970988761515, 0.7292826817485906, 0.7300871396618847, 0.7315382771058212, 0.7324585339897248, 0.7353593784221926, 0.7376132149697684, 0.7376132149697684, 0.7385236252189278, 0.7385236252189278, 0.7401987809894579, 0.7411744605850434, 0.7411744605850434, 0.742922653823844, 0.742922653823844, 0.742922653823844, 0.742922653823844, 0.742922653823844, 0.742922653823844, 0.742922653823844, 0.7452057971963224, 0.7452057971963224, 0.7464429285166205, 0.747723941308607, 0.747723941308607, 0.747723941308607, 0.747723941308607, 0.747723941308607, 0.747723941308607, 0.7492269701488706, 0.7492269701488706, 0.7492269701488706, 0.7537575130432532, 0.7537575130432532, 0.7537575130432532, 0.7554804533420224, 0.7554804533420224, 0.7554804533420224, 0.7554804533420224, 0.7554804533420224, 0.757363587225335, 0.757363587225335, 0.757363587225335, 0.757363587225335, 0.757363587225335, 0.757363587225335, 0.757363587225335, 0.757363587225335, 0.757363587225335, 0.757363587225335, 0.757363587225335, 0.757363587225335]
[0.13529872092103562, 0.15023490643261628, 0.16184828812247432, 0.1719243683520306, 0.17503216294177887, 0.18190076519932852, 0.18855174982165732, 0.19178558184148242, 0.196000302470602, 0.2014646180574947, 0.2022522745559514, 0.20388562781889474, 0.21432276829816668, 0.21991772259955786, 0.22479977214836122, 0.22944390461684666, 0.2303539202684845, 0.23254868122094668, 0.23411497548638735, 0.24299217383440014, 0.25271758457338783, 0.25823526911662836, 0.2627934934990037, 0.26978460039147234, 0.2764471998389426, 0.27728205277813195, 0.28108363547732257, 0.28672434590019014, 0.29152479252562624, 0.2931370389409653, 0.300783422871287, 0.3034849766697399, 0.305139696648976, 0.3086877209789437, 0.3105094529654834, 0.3201866459347579, 0.3247234430553084, 0.3311536098387039, 0.33492969894801494, 0.34274324447934335, 0.3455210887031667, 0.34746794548274706, 0.35488428748305767, 0.35488428748305767, 0.36037541034466536, 0.36219226207784816, 0.36691904822120003, 0.36979843501328635, 0.37936400936972414, 0.38752553450891136, 0.38752553450891136, 0.390616692973789, 0.390616692973789, 0.3967312649000312, 0.399809815318169, 0.399809815318169, 0.4055590472620111, 0.4055590472620111, 0.4055590472620111, 0.4055590472620111, 0.4055590472620111, 0.4055590472620111, 0.4055590472620111, 0.41378375965652153, 0.41378375965652153, 0.41829752570107936, 0.42283628614626134, 0.42283628614626134, 0.42283628614626134, 0.42283628614626134, 0.42283628614626134, 0.42283628614626134, 0.4285991064683671, 0.4285991064683671, 0.4285991064683671, 0.4437441494647731, 0.4437441494647731, 0.4437441494647731, 0.4502321774771038, 0.4502321774771038, 0.4502321774771038, 0.4502321774771038, 0.4502321774771038, 0.4585561811543949, 0.4585561811543949, 0.4585561811543949, 0.4585561811543949, 0.4585561811543949, 0.4585561811543949, 0.4585561811543949, 0.4585561811543949, 0.4585561811543949, 0.4585561811543949, 0.4585561811543949, 0.4585561811543949]
Training raw path: /home/anhnd/DTI Project/Codes/MPNN/data/KFold/ATCInchikeySideEffectByDrug.txt_train_1
('Number of substructures, proteins, pathways, drugs, se: ', 888, 1448, 330, 969, 598)
Train: 0.9999 0.9996
Test: 0.7541 0.4603
[0.653486764032555, 0.6590983394721411, 0.655915371811607, 0.6560498775799433, 0.658924997082373, 0.6568794524891417, 0.6549732727838855, 0.6544959627212747, 0.6568714262950569, 0.658500383563744, 0.6583935103968993, 0.6588250864189511, 0.6629948828921297, 0.6661049823251738, 0.6669779432779553, 0.6690028096948595, 0.6698169537784147, 0.671361953538071, 0.6720422940706028, 0.6752766136637568, 0.6777498632449444, 0.6797428259458239, 0.6827274982561975, 0.6861244461270155, 0.687018895003444, 0.6872639210630529, 0.6888367108421101, 0.6907691849883334, 0.6939780965786161, 0.69520744703066, 0.6991776332523646, 0.7008488076495314, 0.7014954302498713, 0.7026575348088588, 0.7030666318345964, 0.7069009254202043, 0.7088669399644822, 0.7118192046433763, 0.7136635815357429, 0.7170899686667496, 0.7183742651216689, 0.7191915853093176, 0.7214258067257808, 0.7214258067257808, 0.722515287980105, 0.7232779466521746, 0.725128281872432, 0.7260009414568824, 0.7296105439392069, 0.7327490088160338, 0.7327490088160338, 0.7335135234019824, 0.7335135234019824, 0.7357571436696513, 0.7367259525567618, 0.7367259525567618, 0.7389166949950641, 0.7389166949950641, 0.7389166949950641, 0.7389166949950641, 0.7389166949950641, 0.7389166949950641, 0.7389166949950641, 0.7412270140096284, 0.7412270140096284, 0.7424207135701367, 0.7436855722051641, 0.7436855722051641, 0.7436855722051641, 0.7436855722051641, 0.7436855722051641, 0.7436855722051641, 0.745454850248309, 0.745454850248309, 0.745454850248309, 0.7501035368067575, 0.7501035368067575, 0.7501035368067575, 0.75205194852017, 0.75205194852017, 0.75205194852017, 0.75205194852017, 0.75205194852017, 0.7540721309867002, 0.7540721309867002, 0.7540721309867002, 0.7540721309867002, 0.7540721309867002, 0.7540721309867002, 0.7540721309867002, 0.7540721309867002, 0.7540721309867002, 0.7540721309867002, 0.7540721309867002, 0.7540721309867002]
[0.12406789502273363, 0.1346764319028706, 0.14025898578740742, 0.1454953103791694, 0.15392830392616957, 0.15676644074845658, 0.16014713766884514, 0.16452492808669467, 0.17325444917009453, 0.17834887367428526, 0.17816930793653124, 0.1822761001841736, 0.18916196528956425, 0.1970972143889502, 0.200153682552999, 0.20565122474958117, 0.2077180940233353, 0.21341812834067175, 0.21552853041868822, 0.22433127093280192, 0.2320661768201049, 0.23609847064728035, 0.24338821937452254, 0.2517026425794384, 0.25546998516225755, 0.2561899237094707, 0.2596512269114302, 0.2646812220810256, 0.2742259618809797, 0.27704682540891973, 0.2871146771928696, 0.2919229317299298, 0.29368904064024814, 0.29796415090019734, 0.29908950686551783, 0.30961963007969895, 0.3147899505007083, 0.32126706584443737, 0.32592831521685117, 0.33606739048178624, 0.33992845272752803, 0.3423022521059248, 0.3497234645952931, 0.3497234645952931, 0.35339911935946755, 0.3552899695848385, 0.3609778441934872, 0.36347293234418854, 0.3746446651934868, 0.3849884201978584, 0.3849884201978584, 0.38715309608777454, 0.38715309608777454, 0.39395604667369644, 0.3972495324418307, 0.3972495324418307, 0.4035798732803127, 0.4035798732803127, 0.4035798732803127, 0.4035798732803127, 0.4035798732803127, 0.4035798732803127, 0.4035798732803127, 0.41167272628873225, 0.41167272628873225, 0.4153392431538135, 0.4197351811737668, 0.4197351811737668, 0.4197351811737668, 0.4197351811737668, 0.4197351811737668, 0.4197351811737668, 0.4264223807456387, 0.4264223807456387, 0.4264223807456387, 0.44394300753609517, 0.44394300753609517, 0.44394300753609517, 0.4512591612757138, 0.4512591612757138, 0.4512591612757138, 0.4512591612757138, 0.4512591612757138, 0.46025713618361985, 0.46025713618361985, 0.46025713618361985, 0.46025713618361985, 0.46025713618361985, 0.46025713618361985, 0.46025713618361985, 0.46025713618361985, 0.46025713618361985, 0.46025713618361985, 0.46025713618361985, 0.46025713618361985]
Training raw path: /home/anhnd/DTI Project/Codes/MPNN/data/KFold/ATCInchikeySideEffectByDrug.txt_train_2
('Number of substructures, proteins, pathways, drugs, se: ', 888, 1448, 330, 969, 598)
Train: 0.9999 0.9996
Test: 0.7489 0.5047
[0.6305283546192008, 0.6430639964088528, 0.6493869020291148, 0.6522955762186248, 0.6554474280290454, 0.65241225608981, 0.6555266433544584, 0.6573618617749436, 0.657066982599223, 0.6594321248263146, 0.6604943632435738, 0.6631970750112642, 0.6646622682554518, 0.666335064410388, 0.6666863900076829, 0.6691039008537256, 0.6712390283057568, 0.6726481734532004, 0.6724879067327536, 0.6764047990724735, 0.679799716920789, 0.682743612609386, 0.6853649090485252, 0.688334829250085, 0.6903369178334354, 0.6906964098853505, 0.6927043503551391, 0.6943496570159756, 0.6970751156018562, 0.6979793136925168, 0.7001762075232113, 0.7010732920507854, 0.7016901810760756, 0.7027251418719822, 0.7032686879541203, 0.7068659224090436, 0.7090430801815926, 0.7114028344481179, 0.7131964396222511, 0.7156478405518999, 0.7169100456691309, 0.7178580157801876, 0.7202328658554068, 0.7202328658554068, 0.7219022661599779, 0.7226066942643907, 0.7239334711262266, 0.7247269727422012, 0.727878679294289, 0.7301557181870268, 0.7301557181870268, 0.7308225626642558, 0.7308225626642558, 0.7322363254031543, 0.7332658287841733, 0.7332658287841733, 0.7347968239871624, 0.7347968239871624, 0.7347968239871624, 0.7347968239871624, 0.7347968239871624, 0.7347968239871624, 0.7347968239871624, 0.737167630989892, 0.737167630989892, 0.7383022204218509, 0.7394785717853252, 0.7394785717853252, 0.7394785717853252, 0.7394785717853252, 0.7394785717853252, 0.7394785717853252, 0.741040782132985, 0.741040782132985, 0.741040782132985, 0.7455938382381333, 0.7455938382381333, 0.7455938382381333, 0.7471349859579928, 0.7471349859579928, 0.7471349859579928, 0.7471349859579928, 0.7471349859579928, 0.7488559595640303, 0.7488559595640303, 0.7488559595640303, 0.7488559595640303, 0.7488559595640303, 0.7488559595640303, 0.7488559595640303, 0.7488559595640303, 0.7488559595640303, 0.7488559595640303, 0.7488559595640303, 0.7488559595640303]
[0.17923757576626678, 0.21455654834208285, 0.2376297695320428, 0.23468785036281992, 0.23827509432572974, 0.23931421444472303, 0.2416425298575066, 0.24791341693702224, 0.25134607452686997, 0.2550332361385569, 0.25745171104681874, 0.26174710030939097, 0.2672334362961869, 0.2687911101129529, 0.2713828356381063, 0.2788538151361971, 0.2833833198345854, 0.28642808760059885, 0.28795990788399234, 0.29941469350689043, 0.30853493490039696, 0.31492608739373174, 0.32120451493283175, 0.32982034171737357, 0.33503112462056, 0.33610155583060164, 0.3404993342202738, 0.34434640795191607, 0.35054138375834754, 0.3530076322529389, 0.36016799611064854, 0.36282360135086367, 0.3641006208763428, 0.36716870502260385, 0.3677270202217882, 0.3757645096753094, 0.3821950472129221, 0.3882949121917297, 0.39422427618118333, 0.40144090719394154, 0.40408891290526383, 0.40632812981005206, 0.4137419188494562, 0.4137419188494562, 0.4189864055205168, 0.42100540887512, 0.42433307262118986, 0.4265847009648058, 0.4360434091311771, 0.442555064227616, 0.442555064227616, 0.44450975988777475, 0.44450975988777475, 0.4488733844808559, 0.4521881305819335, 0.4521881305819335, 0.4568125114316257, 0.4568125114316257, 0.4568125114316257, 0.4568125114316257, 0.4568125114316257, 0.4568125114316257, 0.4568125114316257, 0.4635111748337188, 0.4635111748337188, 0.4671085849313205, 0.470859456039264, 0.470859456039264, 0.470859456039264, 0.470859456039264, 0.470859456039264, 0.470859456039264, 0.4761740045097285, 0.4761740045097285, 0.4761740045097285, 0.4928333245982717, 0.4928333245982717, 0.4928333245982717, 0.49813414441829584, 0.49813414441829584, 0.49813414441829584, 0.49813414441829584, 0.49813414441829584, 0.5047470055159404, 0.5047470055159404, 0.5047470055159404, 0.5047470055159404, 0.5047470055159404, 0.5047470055159404, 0.5047470055159404, 0.5047470055159404, 0.5047470055159404, 0.5047470055159404, 0.5047470055159404, 0.5047470055159404]
Training raw path: /home/anhnd/DTI Project/Codes/MPNN/data/KFold/ATCInchikeySideEffectByDrug.txt_train_3
('Number of substructures, proteins, pathways, drugs, se: ', 888, 1448, 330, 969, 598)
Train: 0.9999 0.9995
Test: 0.7534 0.4715
[0.6423350214101817, 0.6547856631997319, 0.6605992450941455, 0.6580542221899419, 0.6627790021614368, 0.6589648106853192, 0.6643742743819774, 0.6642748731877253, 0.6636816351565001, 0.6693901797238139, 0.6707779362731675, 0.6725459470382175, 0.6772663277206507, 0.6811907816391826, 0.681491861470165, 0.6830624667068168, 0.6848528947585424, 0.6855005178003729, 0.6858771134895241, 0.6887550627966381, 0.6927992521838056, 0.6949905386737066, 0.6963321681434074, 0.6982155529515022, 0.6993553850686598, 0.6994376703067056, 0.7007593660202005, 0.7016846515590495, 0.7037566071871335, 0.7035049947512652, 0.7066370864127934, 0.7080593188122175, 0.7085002933414772, 0.7099274556789048, 0.7103351898863938, 0.7135843951134611, 0.7155409872785705, 0.7168551376207443, 0.7187561888454714, 0.7212250698937616, 0.7220171874899303, 0.7225583635282011, 0.7242776743035122, 0.7242776743035122, 0.7256729166275961, 0.7263297903403753, 0.7277857049603016, 0.7287842663755657, 0.7314739367224157, 0.7337622592486835, 0.7337622592486835, 0.7342958022433157, 0.7342958022433157, 0.7360765366199502, 0.737154018893654, 0.737154018893654, 0.7391239369031906, 0.7391239369031906, 0.7391239369031906, 0.7391239369031906, 0.7391239369031906, 0.7391239369031906, 0.7391239369031906, 0.7411849611085185, 0.7411849611085185, 0.7423724753057428, 0.7435620690915776, 0.7435620690915776, 0.7435620690915776, 0.7435620690915776, 0.7435620690915776, 0.7435620690915776, 0.7450798306892771, 0.7450798306892771, 0.7450798306892771, 0.7498475493311194, 0.7498475493311194, 0.7498475493311194, 0.7514954580091053, 0.7514954580091053, 0.7514954580091053, 0.7514954580091053, 0.7514954580091053, 0.753415496779376, 0.753415496779376, 0.753415496779376, 0.753415496779376, 0.753415496779376, 0.753415496779376, 0.753415496779376, 0.753415496779376, 0.753415496779376, 0.753415496779376, 0.753415496779376, 0.753415496779376]
[0.1373261130428058, 0.16557351370584694, 0.17441433138318785, 0.18187809117233966, 0.18663900041335027, 0.1873671712010015, 0.19475814075573722, 0.20056778389420094, 0.20606807922404172, 0.21627615243393988, 0.21990764234651364, 0.2246583624196934, 0.23635994328315157, 0.24443604726343127, 0.24703733200795885, 0.2522824291662774, 0.2561224395155153, 0.2578489688096437, 0.2589380685567893, 0.26549409706894705, 0.2747570690196261, 0.28082728627001996, 0.28417761323205126, 0.2891532895754098, 0.29178779513601977, 0.29315864485050297, 0.29794627425678566, 0.3014170506524517, 0.3066596836115444, 0.30717799384731254, 0.3139658156618631, 0.3182517826044311, 0.31906973379570325, 0.3245746248952893, 0.3259133837328996, 0.33567991185288365, 0.3413905532467987, 0.34581509531750576, 0.3518463243385044, 0.3600972737832401, 0.3623207464893159, 0.36418216139560106, 0.3704838177718841, 0.3704838177718841, 0.3745587964736329, 0.3775915252334098, 0.3822513344006504, 0.3855276015454523, 0.39502598414741263, 0.40321109832758706, 0.40321109832758706, 0.40497213908598173, 0.40497213908598173, 0.41023635187883234, 0.4134011403021779, 0.4134011403021779, 0.41922282654371124, 0.41922282654371124, 0.41922282654371124, 0.41922282654371124, 0.41922282654371124, 0.41922282654371124, 0.41922282654371124, 0.42595784744774184, 0.42595784744774184, 0.429927170222521, 0.4338212300634145, 0.4338212300634145, 0.4338212300634145, 0.4338212300634145, 0.4338212300634145, 0.4338212300634145, 0.43968097875813367, 0.43968097875813367, 0.43968097875813367, 0.4578206252891439, 0.4578206252891439, 0.4578206252891439, 0.4637603051927478, 0.4637603051927478, 0.4637603051927478, 0.4637603051927478, 0.4637603051927478, 0.47150657561670406, 0.47150657561670406, 0.47150657561670406, 0.47150657561670406, 0.47150657561670406, 0.47150657561670406, 0.47150657561670406, 0.47150657561670406, 0.47150657561670406, 0.47150657561670406, 0.47150657561670406, 0.47150657561670406]
Training raw path: /home/anhnd/DTI Project/Codes/MPNN/data/KFold/ATCInchikeySideEffectByDrug.txt_train_4
('Number of substructures, proteins, pathways, drugs, se: ', 888, 1448, 330, 969, 598)
Train: 0.9999 0.9996
Test: 0.7742 0.4623
[0.6378328719033203, 0.6388275844748099, 0.658125067406249, 0.6619000860646569, 0.6637478993188639, 0.66437893614346, 0.6690156698756478, 0.6746003267060363, 0.678973929679542, 0.6848541490181148, 0.6859968212815561, 0.6884531376159374, 0.6938303705269971, 0.6966842535075827, 0.6975248156592243, 0.6986131275235499, 0.6994574505294815, 0.7006949371662742, 0.7023429697386953, 0.7049907403237637, 0.7082802116281703, 0.7112317840713667, 0.7128634309530222, 0.7154030163720857, 0.7182238542492463, 0.7184669201446634, 0.7204816770656344, 0.7215707168453315, 0.7234187630393671, 0.7244941729206568, 0.7267835699828575, 0.7276035687131898, 0.7278735756268147, 0.7294773380415007, 0.7303243671136135, 0.7341818959410862, 0.7358995124644603, 0.7379418058271952, 0.7394741856170397, 0.7418748382061275, 0.7429841760720937, 0.7436143864542281, 0.7456546628265223, 0.7456546628265223, 0.746957706485553, 0.7476381576053629, 0.7489039813285014, 0.7495105993715754, 0.752179557800729, 0.754266268696273, 0.754266268696273, 0.7548711113678483, 0.7548711113678483, 0.7567177554845634, 0.7572454943184914, 0.7572454943184914, 0.7592388364519045, 0.7592388364519045, 0.7592388364519045, 0.7592388364519045, 0.7592388364519045, 0.7592388364519045, 0.7592388364519045, 0.7615800388982583, 0.7615800388982583, 0.7626880567679968, 0.7640984573523528, 0.7640984573523528, 0.7640984573523528, 0.7640984573523528, 0.7640984573523528, 0.7640984573523528, 0.7657207731530569, 0.7657207731530569, 0.7657207731530569, 0.7708636647089034, 0.7708636647089034, 0.7708636647089034, 0.7723905929187768, 0.7723905929187768, 0.7723905929187768, 0.7723905929187768, 0.7723905929187768, 0.7742135020294655, 0.7742135020294655, 0.7742135020294655, 0.7742135020294655, 0.7742135020294655, 0.7742135020294655, 0.7742135020294655, 0.7742135020294655, 0.7742135020294655, 0.7742135020294655, 0.7742135020294655, 0.7742135020294655]
[0.1158649372434695, 0.13688493066376461, 0.1424389979738162, 0.15055367800648306, 0.15173008590097423, 0.15708584822600058, 0.16718421438607817, 0.1777709881207329, 0.18773704998829172, 0.1964771389925462, 0.1984104651704479, 0.20432949881412074, 0.2188025339426357, 0.22762191571209592, 0.22995589674380343, 0.23155731751126735, 0.23460855867258787, 0.23786966792315276, 0.2421014754184293, 0.25045045296304613, 0.2572513177549503, 0.26403177310144943, 0.2685123112090857, 0.27512698622867604, 0.28133596626066076, 0.2818650600095545, 0.2859847982165559, 0.2898322048775299, 0.29629667783310176, 0.2986365340545448, 0.3036038486459313, 0.3064036862917119, 0.307530602728123, 0.31409673726354337, 0.31591161731096856, 0.3266885983789709, 0.3307378186131167, 0.3375381725311597, 0.34154627944540794, 0.348327706590476, 0.35173490937331164, 0.35343899739275536, 0.36185504430129106, 0.36185504430129106, 0.3651858591912746, 0.36750079923058865, 0.3718836385672297, 0.373503992102996, 0.38269684073368254, 0.3894690315200767, 0.3894690315200767, 0.39170836395504877, 0.39170836395504877, 0.39704719334606314, 0.3995173938148007, 0.3995173938148007, 0.4055033425465532, 0.4055033425465532, 0.4055033425465532, 0.4055033425465532, 0.4055033425465532, 0.4055033425465532, 0.4055033425465532, 0.413167740289607, 0.413167740289607, 0.41689963891299153, 0.4222439065568232, 0.4222439065568232, 0.4222439065568232, 0.4222439065568232, 0.4222439065568232, 0.4222439065568232, 0.428833036629172, 0.428833036629172, 0.428833036629172, 0.44925625842427724, 0.44925625842427724, 0.44925625842427724, 0.4543797998922395, 0.4543797998922395, 0.4543797998922395, 0.4543797998922395, 0.4543797998922395, 0.46225511689962645, 0.46225511689962645, 0.46225511689962645, 0.46225511689962645, 0.46225511689962645, 0.46225511689962645, 0.46225511689962645, 0.46225511689962645, 0.46225511689962645, 0.46225511689962645, 0.46225511689962645, 0.46225511689962645]
Training raw path: /home/anhnd/DTI Project/Codes/MPNN/data/KFold/ATCInchikeySideEffectByDrug.txt_train_5
('Number of substructures, proteins, pathways, drugs, se: ', 888, 1448, 330, 969, 598)
Train: 0.9999 0.9996
Test: 0.7426 0.4410
[0.6341694105583205, 0.6359152396900098, 0.6346374501595557, 0.6382972512372769, 0.6359475762681622, 0.6383271480396893, 0.6402551384402811, 0.6407929613068344, 0.6447786655600668, 0.6469607221078955, 0.648530260055731, 0.652365540569919, 0.6557123315290632, 0.6560158098341227, 0.6565080684007858, 0.6593233034520752, 0.6603854698489181, 0.6631213756498167, 0.663336438035674, 0.667721014919421, 0.6719402793775067, 0.6739811514819414, 0.6763022421062762, 0.6786948387569929, 0.6817487153808349, 0.6819486562858526, 0.6836535637973308, 0.6849960097449925, 0.6865517228002772, 0.6875678237648949, 0.6896097200146618, 0.6904809864112371, 0.6907629994146418, 0.6911642842841963, 0.6915442499027967, 0.6960347848595918, 0.6982460933696037, 0.700622593574443, 0.7022713757319885, 0.7045464679372222, 0.7056366403674681, 0.7061842749033118, 0.7093187287416551, 0.7093187287416551, 0.7111218514828332, 0.7118068628125954, 0.7130524565015233, 0.7138345588331737, 0.7174968987909076, 0.7201012315133577, 0.7201012315133577, 0.7207452978964429, 0.7207452978964429, 0.7228717855540947, 0.7237940038150348, 0.7237940038150348, 0.7262417794918937, 0.7262417794918937, 0.7262417794918937, 0.7262417794918937, 0.7262417794918937, 0.7262417794918937, 0.7262417794918937, 0.7284410686043045, 0.7284410686043045, 0.7295436099502853, 0.7313756387883774, 0.7313756387883774, 0.7313756387883774, 0.7313756387883774, 0.7313756387883774, 0.7313756387883774, 0.7332199296043693, 0.7332199296043693, 0.7332199296043693, 0.7387185075439917, 0.7387185075439917, 0.7387185075439917, 0.7404744836279298, 0.7404744836279298, 0.7404744836279298, 0.7404744836279298, 0.7404744836279298, 0.7426313467300556, 0.7426313467300556, 0.7426313467300556, 0.7426313467300556, 0.7426313467300556, 0.7426313467300556, 0.7426313467300556, 0.7426313467300556, 0.7426313467300556, 0.7426313467300556, 0.7426313467300556, 0.7426313467300556]
[0.1458218695677958, 0.1473021003504787, 0.14335528290956756, 0.1459449058575081, 0.1542652329743205, 0.1589379592724109, 0.16950187626227634, 0.17098411304034083, 0.18038626275931335, 0.18700953670295414, 0.19011845350328332, 0.19607121989384907, 0.2045235305029264, 0.20956490671042846, 0.2109021029192041, 0.21804074915155736, 0.2203037986370967, 0.2283035681590112, 0.22873219311708287, 0.23770242480515846, 0.24711371502456825, 0.2500408499942122, 0.2560775534084647, 0.2622759446777332, 0.2667477701968766, 0.2675624124708963, 0.2718829084170381, 0.2765029547670616, 0.2797532395536481, 0.2822364990317785, 0.28833003011765634, 0.29103766375252654, 0.2917810237401183, 0.2931557191985048, 0.2934230860540744, 0.304714327798076, 0.3101317760920799, 0.3154252413983967, 0.3200556908240925, 0.32585642794197917, 0.3275560273344246, 0.32973611126223334, 0.33719705800071187, 0.33719705800071187, 0.3418106655432208, 0.3438818036443618, 0.34718819991581795, 0.34956373094359716, 0.36007249727212703, 0.3673193111011307, 0.3673193111011307, 0.3692583129510205, 0.3692583129510205, 0.37524744144718347, 0.3773731820194467, 0.3773731820194467, 0.3843782908665287, 0.3843782908665287, 0.3843782908665287, 0.3843782908665287, 0.3843782908665287, 0.3843782908665287, 0.3843782908665287, 0.39150641592231256, 0.39150641592231256, 0.39398364998987695, 0.4003158230539199, 0.4003158230539199, 0.4003158230539199, 0.4003158230539199, 0.4003158230539199, 0.4003158230539199, 0.407283251276125, 0.407283251276125, 0.407283251276125, 0.4268352701788913, 0.4268352701788913, 0.4268352701788913, 0.43220553360753966, 0.43220553360753966, 0.43220553360753966, 0.43220553360753966, 0.43220553360753966, 0.440964461274546, 0.440964461274546, 0.440964461274546, 0.440964461274546, 0.440964461274546, 0.440964461274546, 0.440964461274546, 0.440964461274546, 0.440964461274546, 0.440964461274546, 0.440964461274546, 0.440964461274546]
Training raw path: /home/anhnd/DTI Project/Codes/MPNN/data/KFold/ATCInchikeySideEffectByDrug.txt_train_6
('Number of substructures, proteins, pathways, drugs, se: ', 888, 1448, 330, 969, 598)
Train: 0.9999 0.9996
Test: 0.7716 0.4727
[0.6852469293418446, 0.6961827735043883, 0.7005741833622506, 0.6929611958217915, 0.6905703825461149, 0.6870444400586873, 0.6866108512690465, 0.6878134300252117, 0.6907555546373476, 0.6942493766020131, 0.6958584657152183, 0.6984192346199737, 0.7012909322563702, 0.7041294146113779, 0.7044141649835356, 0.7049825644872353, 0.7058389392592646, 0.706199900975652, 0.7070138833629778, 0.7098134638450527, 0.7122954429661553, 0.7149105988625892, 0.716512643234563, 0.7181625159683601, 0.7185397367263554, 0.7188491594217621, 0.7202130711118826, 0.7209564526811665, 0.7221708405190167, 0.7222510972154654, 0.7249458042353527, 0.7259201560415869, 0.7261967796920843, 0.7274652093302598, 0.7280753549799954, 0.7313011212882545, 0.7332072467548421, 0.7347080291705421, 0.7364329566010814, 0.7389470141114398, 0.7397039362852886, 0.7400564714439045, 0.7422952085126132, 0.7422952085126132, 0.7440504074339663, 0.7448608782304116, 0.746063791843396, 0.7467676362662203, 0.7495641016056116, 0.7517971597438959, 0.7517971597438959, 0.752545746800366, 0.752545746800366, 0.7539768192393003, 0.7549262537015976, 0.7549262537015976, 0.7565977366648806, 0.7565977366648806, 0.7565977366648806, 0.7565977366648806, 0.7565977366648806, 0.7565977366648806, 0.7565977366648806, 0.758831140145501, 0.758831140145501, 0.7597459570675574, 0.7611786023777054, 0.7611786023777054, 0.7611786023777054, 0.7611786023777054, 0.7611786023777054, 0.7611786023777054, 0.7627749674651927, 0.7627749674651927, 0.7627749674651927, 0.7679996919143383, 0.7679996919143383, 0.7679996919143383, 0.7695256717092543, 0.7695256717092543, 0.7695256717092543, 0.7695256717092543, 0.7695256717092543, 0.771598654466798, 0.771598654466798, 0.771598654466798, 0.771598654466798, 0.771598654466798, 0.771598654466798, 0.771598654466798, 0.771598654466798, 0.771598654466798, 0.771598654466798, 0.771598654466798, 0.771598654466798]
[0.18615943810525465, 0.19754327184029513, 0.20095480666694843, 0.19674564808726033, 0.20553776135837362, 0.207831301387144, 0.21637598502345337, 0.22638656687708777, 0.2342911628814563, 0.24296287528542454, 0.2455855979013735, 0.2531879844350866, 0.2625316755906849, 0.2686059956152079, 0.26871072432569737, 0.27139689793776656, 0.27723736629536316, 0.2780289746733752, 0.2808610787539628, 0.28565559048522265, 0.2928203801685928, 0.3010938502475472, 0.30569229940781356, 0.31135785011551453, 0.3112335716880987, 0.3119619689798022, 0.314417424140496, 0.31650286696555874, 0.3191341541529987, 0.3211428196971736, 0.32816429744162207, 0.32992818782743716, 0.33099803031585906, 0.3353725558361292, 0.3366770592140704, 0.34416616142924195, 0.34986755231288924, 0.3535309747552673, 0.3572650271144302, 0.3642308021974499, 0.36611497013272076, 0.36728941333477083, 0.37529134641880046, 0.37529134641880046, 0.3802082879280301, 0.38306040781084466, 0.38669712482913365, 0.3892231498485541, 0.39769540057430963, 0.4044217621998991, 0.4044217621998991, 0.40639047676283613, 0.40639047676283613, 0.41035851056005285, 0.41345407828807074, 0.41345407828807074, 0.4193465013224513, 0.4193465013224513, 0.4193465013224513, 0.4193465013224513, 0.4193465013224513, 0.4193465013224513, 0.4193465013224513, 0.4258722712557673, 0.4258722712557673, 0.4288091467761529, 0.43442625570252325, 0.43442625570252325, 0.43442625570252325, 0.43442625570252325, 0.43442625570252325, 0.43442625570252325, 0.4402255181262006, 0.4402255181262006, 0.4402255181262006, 0.45859192610695637, 0.45859192610695637, 0.45859192610695637, 0.46378401340736314, 0.46378401340736314, 0.46378401340736314, 0.46378401340736314, 0.46378401340736314, 0.4726970034974214, 0.4726970034974214, 0.4726970034974214, 0.4726970034974214, 0.4726970034974214, 0.4726970034974214, 0.4726970034974214, 0.4726970034974214, 0.4726970034974214, 0.4726970034974214, 0.4726970034974214, 0.4726970034974214]
Training raw path: /home/anhnd/DTI Project/Codes/MPNN/data/KFold/ATCInchikeySideEffectByDrug.txt_train_7
('Number of substructures, proteins, pathways, drugs, se: ', 888, 1448, 330, 969, 598)
Train: 0.9999 0.9996
Test: 0.7627 0.4743
[0.6239363329593778, 0.6323415921493633, 0.6464330017804663, 0.649329765467388, 0.6521875441784841, 0.6558506874851431, 0.6589849968298886, 0.6639354417124995, 0.666143450083493, 0.6681921617335735, 0.6688933540387232, 0.6714913259085148, 0.6762830834144499, 0.6788506702103707, 0.6791330264445619, 0.6805517689661919, 0.6818675344604077, 0.6834800699773566, 0.6844692570027151, 0.6877216475584105, 0.6908963059306072, 0.6933174131964043, 0.6955947287980606, 0.6988552808781037, 0.7006412937164054, 0.7008055419360141, 0.7025039215990866, 0.7047356320263263, 0.7065757665447727, 0.7073248862907286, 0.7102015311869279, 0.7112886823824324, 0.7116750729051327, 0.7127688202641752, 0.7133281950635575, 0.7166687255771844, 0.7192037647691234, 0.721706932464126, 0.7239823501538803, 0.7266657117896623, 0.7277912415228089, 0.7283988447434042, 0.7312229325641424, 0.7312229325641424, 0.7329089626137726, 0.7339087171097562, 0.7356521104401619, 0.7363330548640292, 0.7399759255964238, 0.7425007057443871, 0.7425007057443871, 0.7435424338153915, 0.7435424338153915, 0.7453985308024419, 0.7462846233310619, 0.7462846233310619, 0.7480536396875519, 0.7480536396875519, 0.7480536396875519, 0.7480536396875519, 0.7480536396875519, 0.7480536396875519, 0.7480536396875519, 0.7505464678252797, 0.7505464678252797, 0.7518158475302412, 0.7530715578567906, 0.7530715578567906, 0.7530715578567906, 0.7530715578567906, 0.7530715578567906, 0.7530715578567906, 0.7544632116300758, 0.7544632116300758, 0.7544632116300758, 0.7591853181129149, 0.7591853181129149, 0.7591853181129149, 0.7608331371138574, 0.7608331371138574, 0.7608331371138574, 0.7608331371138574, 0.7608331371138574, 0.7627241302228897, 0.7627241302228897, 0.7627241302228897, 0.7627241302228897, 0.7627241302228897, 0.7627241302228897, 0.7627241302228897, 0.7627241302228897, 0.7627241302228897, 0.7627241302228897, 0.7627241302228897, 0.7627241302228897]
[0.12926914812836013, 0.14512920150445108, 0.15948679686212144, 0.1683488189722207, 0.17352860105696094, 0.17803503253964548, 0.18255440789462102, 0.1912107858002849, 0.19418684885469584, 0.19996673323943448, 0.20251727859147334, 0.20639463577869444, 0.21809693869346625, 0.22665986716055708, 0.22826243919776473, 0.2313718309251284, 0.2343499651248485, 0.23784471479889865, 0.23959544014629658, 0.24903357461672254, 0.25893315531369315, 0.263620078914074, 0.26984124310422425, 0.2787446664254299, 0.2839963977774653, 0.28400344043366904, 0.28953036047583597, 0.2953832039386177, 0.30037538213510573, 0.30177765299245596, 0.3107472819852763, 0.3140049785803931, 0.3148452691657751, 0.31671874508647935, 0.3180239985509683, 0.3288029190455146, 0.3357961581959546, 0.34118693989003634, 0.34697932488186956, 0.3541951740537341, 0.3577356032240677, 0.35942085921556993, 0.36644913149237157, 0.36644913149237157, 0.3732021429051164, 0.37563397366874984, 0.38089709419262474, 0.3833021986119339, 0.39623016545548356, 0.4040936170361461, 0.4040936170361461, 0.40680308013114996, 0.40680308013114996, 0.4125991842238022, 0.41511930598260355, 0.41511930598260355, 0.42041503913097206, 0.42041503913097206, 0.42041503913097206, 0.42041503913097206, 0.42041503913097206, 0.42041503913097206, 0.42041503913097206, 0.4286631615751536, 0.4286631615751536, 0.43213743561619866, 0.43668074360505005, 0.43668074360505005, 0.43668074360505005, 0.43668074360505005, 0.43668074360505005, 0.43668074360505005, 0.44154964024131843, 0.44154964024131843, 0.44154964024131843, 0.4604886267910291, 0.4604886267910291, 0.4604886267910291, 0.46646436436027927, 0.46646436436027927, 0.46646436436027927, 0.46646436436027927, 0.46646436436027927, 0.4743056015659425, 0.4743056015659425, 0.4743056015659425, 0.4743056015659425, 0.4743056015659425, 0.4743056015659425, 0.4743056015659425, 0.4743056015659425, 0.4743056015659425, 0.4743056015659425, 0.4743056015659425, 0.4743056015659425]
Training raw path: /home/anhnd/DTI Project/Codes/MPNN/data/KFold/ATCInchikeySideEffectByDrug.txt_train_8
('Number of substructures, proteins, pathways, drugs, se: ', 888, 1448, 330, 969, 598)
Train: 0.9999 0.9996
Test: 0.7431 0.4174
[0.6109372330267854, 0.6184454394342754, 0.6275134419273802, 0.6325665042974735, 0.6323926398771856, 0.6385749160103769, 0.6430594010913613, 0.6443773132275227, 0.6442093794645257, 0.6480906240968161, 0.6496303633271079, 0.652046356857391, 0.6546028737229903, 0.6566296207653834, 0.6590561031786121, 0.6602083686851377, 0.6610590259620372, 0.6638966857853336, 0.6640745116239603, 0.6659854213284913, 0.6687993069488657, 0.670615946798934, 0.6729175659404589, 0.67607419613931, 0.6762175351398731, 0.6767551976407982, 0.6785166080493713, 0.680484455324485, 0.6821707922964891, 0.6827779667764653, 0.686441426377567, 0.6879904758157844, 0.6882915696543247, 0.690344531202346, 0.6909190140587456, 0.6945688901240081, 0.6969676182299085, 0.6996144049843236, 0.7015727732895498, 0.7045579192366556, 0.7060226943639576, 0.7064167033471827, 0.709172632221432, 0.709172632221432, 0.7109102533891324, 0.7116974542274056, 0.7135249800405667, 0.7139156472248436, 0.7174917929850682, 0.7204803247754923, 0.7204803247754923, 0.7211437679409742, 0.7211437679409742, 0.7230190329670867, 0.7242892476938844, 0.7242892476938844, 0.7260775429452487, 0.7260775429452487, 0.7260775429452487, 0.7260775429452487, 0.7260775429452487, 0.7260775429452487, 0.7260775429452487, 0.7283580649666297, 0.7283580649666297, 0.7298499836418176, 0.731453184390251, 0.731453184390251, 0.731453184390251, 0.731453184390251, 0.731453184390251, 0.731453184390251, 0.7330852331065714, 0.7330852331065714, 0.7330852331065714, 0.738913448824986, 0.738913448824986, 0.738913448824986, 0.7407733333117953, 0.7407733333117953, 0.7407733333117953, 0.7407733333117953, 0.7407733333117953, 0.7431356857172424, 0.7431356857172424, 0.7431356857172424, 0.7431356857172424, 0.7431356857172424, 0.7431356857172424, 0.7431356857172424, 0.7431356857172424, 0.7431356857172424, 0.7431356857172424, 0.7431356857172424, 0.7431356857172424]
[0.09574634791404038, 0.09989731323443578, 0.11859527345431721, 0.12640867000189504, 0.133339995744609, 0.13984196035767088, 0.14821380781918103, 0.15154281530747915, 0.15701028941584255, 0.16364977537577347, 0.16563114216389155, 0.16980216282674113, 0.17650738770198016, 0.17998210873266168, 0.18377883209988496, 0.18583842823456265, 0.18917514421456916, 0.19523055558130653, 0.19715726135858042, 0.20217393214439894, 0.208882575663357, 0.21247744912143107, 0.21756549047523305, 0.22479257262283403, 0.22665198821028051, 0.22755034352902756, 0.23160461351947156, 0.23615064993560875, 0.24024500963222922, 0.24152396751597488, 0.2480659775747343, 0.25119950728810175, 0.2523977772895577, 0.257265722196205, 0.2589636434284978, 0.26827841476275854, 0.2746910670617876, 0.2807647991709864, 0.2849672809429051, 0.2926034238430043, 0.2960253447284745, 0.29735312021644117, 0.30558998920012004, 0.30558998920012004, 0.31089715388590056, 0.3142344517409904, 0.31927751981578484, 0.3207883154787663, 0.3315665706277342, 0.33988806400611926, 0.33988806400611926, 0.3416603467677016, 0.3416603467677016, 0.34751418055767147, 0.3514679078540843, 0.3514679078540843, 0.35612766050649136, 0.35612766050649136, 0.35612766050649136, 0.35612766050649136, 0.35612766050649136, 0.35612766050649136, 0.35612766050649136, 0.36475524513266355, 0.36475524513266355, 0.3701156412183274, 0.37435115123752705, 0.37435115123752705, 0.37435115123752705, 0.37435115123752705, 0.37435115123752705, 0.37435115123752705, 0.38006560092933805, 0.38006560092933805, 0.38006560092933805, 0.40066707843259913, 0.40066707843259913, 0.40066707843259913, 0.4072555994899801, 0.4072555994899801, 0.4072555994899801, 0.4072555994899801, 0.4072555994899801, 0.41744089125997597, 0.41744089125997597, 0.41744089125997597, 0.41744089125997597, 0.41744089125997597, 0.41744089125997597, 0.41744089125997597, 0.41744089125997597, 0.41744089125997597, 0.41744089125997597, 0.41744089125997597, 0.41744089125997597]
Training raw path: /home/anhnd/DTI Project/Codes/MPNN/data/KFold/ATCInchikeySideEffectByDrug.txt_train_9
('Number of substructures, proteins, pathways, drugs, se: ', 888, 1448, 330, 969, 598)
Train: 0.9999 0.9995
Test: 0.7543 0.4627
[0.6269542090505785, 0.6511733590065337, 0.6593904797064762, 0.6554218171425112, 0.6568984076781418, 0.655040168757189, 0.6573776447215388, 0.6592839254688393, 0.6633631157343698, 0.6678667015511347, 0.6675873297213464, 0.6693178876048442, 0.6718868966215326, 0.6744141091019997, 0.6755839139149915, 0.6780964709476776, 0.6801083187222935, 0.6807988469376931, 0.6810580852261116, 0.6846150968322049, 0.6887226008285164, 0.691353789122535, 0.6942280694239582, 0.696867885616375, 0.6977344767698588, 0.6982572459990568, 0.7001062692351343, 0.7018686380600785, 0.7039972960669711, 0.7048462309643639, 0.7076968093653493, 0.7085471286361652, 0.7091155287284507, 0.7103325859436677, 0.7111470324746977, 0.7140508968709915, 0.7155951923245405, 0.7179242192975793, 0.7190629209369545, 0.7216356613640965, 0.7229443727585779, 0.7233290307409338, 0.7254274480393104, 0.7254274480393104, 0.7269242564751911, 0.7275152660210004, 0.7290125713940467, 0.7295987675601117, 0.7326677969779858, 0.7353555538492793, 0.7353555538492793, 0.7360685571385651, 0.7360685571385651, 0.7377694455646621, 0.7385358265698534, 0.7385358265698534, 0.74011145626518, 0.74011145626518, 0.74011145626518, 0.74011145626518, 0.74011145626518, 0.74011145626518, 0.74011145626518, 0.742355539351853, 0.742355539351853, 0.7437171598591769, 0.7450149599700238, 0.7450149599700238, 0.7450149599700238, 0.7450149599700238, 0.7450149599700238, 0.7450149599700238, 0.7465154597126679, 0.7465154597126679, 0.7465154597126679, 0.7510002627957932, 0.7510002627957932, 0.7510002627957932, 0.7526269546637057, 0.7526269546637057, 0.7526269546637057, 0.7526269546637057, 0.7526269546637057, 0.7543412859435422, 0.7543412859435422, 0.7543412859435422, 0.7543412859435422, 0.7543412859435422, 0.7543412859435422, 0.7543412859435422, 0.7543412859435422, 0.7543412859435422, 0.7543412859435422, 0.7543412859435422, 0.7543412859435422]
[0.13340731188115984, 0.14645082114258878, 0.16232947226874178, 0.15952656910726373, 0.17099621052385852, 0.173784621136919, 0.1809029774927769, 0.18502118962326905, 0.19335939882855796, 0.20016594306147334, 0.2007894634807278, 0.20697164599310863, 0.21681257422403055, 0.2224059005080303, 0.2255347502008001, 0.23295150059087344, 0.23787971535698071, 0.2404319648630672, 0.24113711781239083, 0.2486748691474241, 0.25869245983887595, 0.2653765322706867, 0.2717187029973855, 0.27871247590250364, 0.28204333985105234, 0.2836253675786106, 0.2876292361813805, 0.29074330987374025, 0.29611654746898103, 0.29940922365648726, 0.30571866139093296, 0.3075538081740711, 0.30920081337240907, 0.3133569679393485, 0.31552194003904904, 0.3241759651451107, 0.32944980026541726, 0.33607625258213636, 0.33986708263632115, 0.34791481525814466, 0.3514722126512667, 0.35276019856524615, 0.35903110576634933, 0.35903110576634933, 0.3648337550686925, 0.3661948224466715, 0.37115381477197096, 0.37281837576769294, 0.3832222120451895, 0.39186298403722, 0.39186298403722, 0.3940674057219393, 0.3940674057219393, 0.4004409195194165, 0.40295949468391634, 0.40295949468391634, 0.4087348674646073, 0.4087348674646073, 0.4087348674646073, 0.4087348674646073, 0.4087348674646073, 0.4087348674646073, 0.4087348674646073, 0.4162289524768264, 0.4162289524768264, 0.42121839713167186, 0.42641141862934506, 0.42641141862934506, 0.42641141862934506, 0.42641141862934506, 0.42641141862934506, 0.42641141862934506, 0.4321959925396343, 0.4321959925396343, 0.4321959925396343, 0.4496359706313605, 0.4496359706313605, 0.4496359706313605, 0.45561130230748925, 0.45561130230748925, 0.45561130230748925, 0.45561130230748925, 0.45561130230748925, 0.46274734608000756, 0.46274734608000756, 0.46274734608000756, 0.46274734608000756, 0.46274734608000756, 0.46274734608000756, 0.46274734608000756, 0.46274734608000756, 0.46274734608000756, 0.46274734608000756, 0.46274734608000756, 0.46274734608000756]
AUC: 0.7562 0.0032
AUPR: 0.4625 0.0068
('RARE AUC', [(0.6397859075514811, 0.0061563036820285934), (0.6494013315931135, 0.006415760408396637), (0.6569725678381839, 0.006216927378799094), (0.6572407112592928, 0.005188725850092984), (0.6585485558756835, 0.005141682439700112), (0.6585120510485277, 0.004559413093659426), (0.6608088918759963, 0.0043044687375883494), (0.6625727343903045, 0.004425139186606455), (0.6644642851650748, 0.004496707200757147), (0.6678816106753754, 0.0046410935136444575), (0.6687244924190346, 0.004625691286143139), (0.6706604001002204, 0.004534642792101843), (0.674103282659549, 0.004636345827323124), (0.6763702124735482, 0.004769909517520448), (0.677241583326551, 0.004703511411890951), (0.6788593374485368, 0.004540569055095581), (0.6800627949881178, 0.0045091253020336465), (0.6814244186255944, 0.0043047582339837635), (0.6819800334053474, 0.00441227726489019), (0.6851324449699685, 0.004348292851059772), (0.6884747742107031, 0.004312771497977722), (0.6908441007557223, 0.004385196056908487), (0.6929533297277677, 0.004273496465685481), (0.6955941845099367, 0.004174816157836148), (0.6971500990506485, 0.004200007693128117), (0.6974542789066553, 0.004188916036125754), (0.6991205543637427, 0.004177969864837045), (0.7006574498525887, 0.0040971078161896385), (0.7026437820217465, 0.004040347348122825), (0.7033360179494517, 0.004007832620289914), (0.7061603106587107, 0.0039480280002271795), (0.7072922040239883, 0.0039084855604975925), (0.7077072211446269, 0.0038986298116490733), (0.7089418022243266, 0.003918507737636171), (0.7095261917784306, 0.003948065980612414), (0.7130475820285419, 0.003888248174540611), (0.7150677206694178, 0.0038408041881820075), (0.7172688629561925, 0.0037585340686829747), (0.7189828130663098, 0.0037410322723390858), (0.721602333298889, 0.003714567035234132), (0.7227188521824865, 0.0036782846011833483), (0.72332587492295, 0.0036742503744666218), (0.7256725058666527, 0.003605313655479714), (0.7256725058666527, 0.003605313655479714), (0.7272246590396718, 0.003588189189580278), (0.7279728906925358, 0.0035938961895027963), (0.7294595626612977, 0.0035663116567817028), (0.7301930978684328, 0.0035679971874132167), (0.7333698612134831, 0.00348725297157698), (0.7358781445544198, 0.0034230081870209286), (0.7358781445544198, 0.0034230081870209286), (0.736607242848807, 0.00343330906756664), (0.736607242848807, 0.00343330906756664), (0.7384022156294362, 0.0034042087286112813), (0.7393395710249556, 0.003365246230083375), (0.7393395710249556, 0.003365246230083375), (0.741208110121592, 0.0033415196374491905), (0.741208110121592, 0.0033415196374491905), (0.741208110121592, 0.0033415196374491905), (0.741208110121592, 0.0033415196374491905), (0.741208110121592, 0.0033415196374491905), (0.741208110121592, 0.0033415196374491905), (0.741208110121592, 0.0033415196374491905), (0.7434897723096188, 0.003350339148096213), (0.7434897723096188, 0.003350339148096213), (0.7446898952631427, 0.003326217516158828), (0.7460642555126175, 0.0033032755611778295), (0.7460642555126175, 0.0033032755611778295), (0.7460642555126175, 0.0033032755611778295), (0.7460642555126175, 0.0033032755611778295), (0.7460642555126175, 0.0033032755611778295), (0.7460642555126175, 0.0033032755611778295), (0.7476582007891375, 0.003287820341332134), (0.7476582007891375, 0.003287820341332134), (0.7476582007891375, 0.003287820341332134), (0.7525983331320191, 0.003257129831236655), (0.7525983331320191, 0.003257129831236655), (0.7525983331320191, 0.003257129831236655), (0.7542787019174609, 0.0032316137741245023), (0.7542787019174609, 0.0032316137741245023), (0.7542787019174609, 0.0032316137741245023), (0.7542787019174609, 0.0032316137741245023), (0.7542787019174609, 0.0032316137741245023), (0.7562351779665435, 0.0032093088696589695), (0.7562351779665435, 0.0032093088696589695), (0.7562351779665435, 0.0032093088696589695), (0.7562351779665435, 0.0032093088696589695), (0.7562351779665435, 0.0032093088696589695), (0.7562351779665435, 0.0032093088696589695), (0.7562351779665435, 0.0032093088696589695), (0.7562351779665435, 0.0032093088696589695), (0.7562351779665435, 0.0032093088696589695), (0.7562351779665435, 0.0032093088696589695), (0.7562351779665435, 0.0032093088696589695), (0.7562351779665435, 0.0032093088696589695)])
('RARE AUPR', [(0.1382199357592922, 0.008157863885623073), (0.1538249039119431, 0.009739043719514296), (0.1641312004960625, 0.010217329636312437), (0.16815139102989904, 0.009263032105918409), (0.17432724491661253, 0.009075472958781096), (0.17808653145133005, 0.008647345395640925), (0.18498328269821332, 0.00827762728068268), (0.19077081695285947, 0.008632619804272228), (0.19736399181197659, 0.00834987762916406), (0.20413548829618827, 0.00833174818020307), (0.20608333366970127, 0.00847053265650986), (0.21093243384737534, 0.008613558503721907), (0.22043527538227936, 0.008622791345098928), (0.22650827888038738, 0.008520423487449203), (0.22905183678345803, 0.008327226668340055), (0.23373880980200581, 0.008459655305036012), (0.2371132321943367, 0.008727596131142821), (0.24079533119706728, 0.00826234124804982), (0.24261260489526, 0.008283717092117648), (0.2505923079505013, 0.008425640084582972), (0.25917693690775534, 0.008524433443826255), (0.26467276470770607, 0.008894520961842884), (0.2700971441640616, 0.008834748557533134), (0.2771471370236385, 0.008810137624269358), (0.28107451387422144, 0.008825686490747562), (0.28193007701702666, 0.008841643671184172), (0.28602298118165903, 0.008838626888688106), (0.2902284216943701, 0.008688506202133834), (0.2954872832552562, 0.008664242416092038), (0.29750961873985515, 0.008695192013713392), (0.30466620089928215, 0.00869016465087267), (0.3076611124269206, 0.008615163806128267), (0.3088752608573112, 0.008606529209017616), (0.31283616493172445, 0.008560619379307265), (0.31417607083833177, 0.008515597584408579), (0.32380770841023226, 0.008337137150897731), (0.32937731665569825, 0.008362035957305334), (0.3351053063520359, 0.008291257642265919), (0.339760930052958, 0.008413877030384648), (0.34734771658230995, 0.00838396845749756), (0.350249826826954, 0.008330659236035907), (0.35202791887813417, 0.008359410817416075), (0.3594247163879335, 0.008298670023323044), (0.3594247163879335, 0.008298670023323044), (0.36434575962205173, 0.008319304098656947), (0.3666585424313423, 0.008270352601319834), (0.3711578691529089, 0.008170208789171253), (0.37345834326212735, 0.008229281146899416), (0.38365617545503267, 0.008123518529779397), (0.3915334887162565, 0.00798766587388623), (0.3915334887162565, 0.00798766587388623), (0.39371396743250164, 0.008002138268249763), (0.39371396743250164, 0.008002138268249763), (0.3993004477587606, 0.0078600972873829), (0.4022539981287033, 0.007839592919834137), (0.4022539981287033, 0.007839592919834137), (0.4079679960355265, 0.007792607394366197), (0.4079679960355265, 0.007792607394366197), (0.4079679960355265, 0.007792607394366197), (0.4079679960355265, 0.007792607394366197), (0.4079679960355265, 0.007792607394366197), (0.4079679960355265, 0.007792607394366197), (0.4079679960355265, 0.007792607394366197), (0.4155119294879045, 0.007661316745945838), (0.4155119294879045, 0.007661316745945838), (0.41938364336539535, 0.007576215718005418), (0.4241681452207895, 0.007493917969290927), (0.4241681452207895, 0.007493917969290927), (0.4241681452207895, 0.007493917969290927), (0.4241681452207895, 0.007493917969290927), (0.4241681452207895, 0.007493917969290927), (0.4241681452207895, 0.007493917969290927), (0.4301029510223656, 0.007412186179389906), (0.4301029510223656, 0.007412186179389906), (0.4301029510223656, 0.007412186179389906), (0.44838162374533985, 0.007141671580117918), (0.44838162374533985, 0.007141671580117918), (0.44838162374533985, 0.007141671580117918), (0.4543086401428753, 0.007055287337740387), (0.4543086401428753, 0.007055287337740387), (0.4543086401428753, 0.007055287337740387), (0.4543086401428753, 0.007055287337740387), (0.4543086401428753, 0.007055287337740387), (0.4625477319048179, 0.00680004721039413), (0.4625477319048179, 0.00680004721039413), (0.4625477319048179, 0.00680004721039413), (0.4625477319048179, 0.00680004721039413), (0.4625477319048179, 0.00680004721039413), (0.4625477319048179, 0.00680004721039413), (0.4625477319048179, 0.00680004721039413), (0.4625477319048179, 0.00680004721039413), (0.4625477319048179, 0.00680004721039413), (0.4625477319048179, 0.00680004721039413), (0.4625477319048179, 0.00680004721039413), (0.4625477319048179, 0.00680004721039413)])
