PSLR
<models.baselines.omodels.PSLRModel object at 0x7fe83dbd5410>
('Manual torch seed: ', 1772727637)
('Config: ', 'Protein Test: ', True, 'KNN: ', 1)
Training raw path: /home/anhnd/DTI Project/Codes/MPNN/data/KFold/ATCInchikeySideEffectByDrug.txt_train_0
('Number of substructures, proteins, pathways, drugs, se: ', 2936, 1448, 330, 969, 598)
((872, 4714), (97, 4714), (872, 598), (97, 598))
('VALIDATE SUM PROTEIN TRAIN: ', 22497.0)
('VALIDATE SUM PROTEIN TEST: ', 2685.0)
Train: 1.0000 1.0000
Test: 0.7698 0.4854
[0.6678613925431173, 0.6757413398148207, 0.6888979442798581, 0.6871251812610154, 0.6884003851663966, 0.6877781416330977, 0.6887845009862511, 0.6903371961890281, 0.6912142237784198, 0.6934065824553356, 0.6937542191826469, 0.6929285533377149, 0.6953613931086425, 0.6962783500148405, 0.6974642454963209, 0.6985436580564602, 0.6992349116400783, 0.6989355849824146, 0.6993393671565953, 0.7024124642018483, 0.7052212476558329, 0.7074123769143486, 0.7087900125045272, 0.7110429976049844, 0.7130510941372061, 0.7133868562977481, 0.7149631699195618, 0.7168309532789612, 0.7186904497438507, 0.7191145088765143, 0.7218156986511153, 0.7227107122212569, 0.7229891262123054, 0.7243675401109171, 0.7250643751772934, 0.7284756494911522, 0.7302145723680131, 0.7323505634956992, 0.7333261331074172, 0.7360602293028056, 0.7370671478005837, 0.7378136157117788, 0.7400095624779721, 0.7400095624779721, 0.7417986967129107, 0.7424090121521668, 0.7440528044839917, 0.7449391692113809, 0.7478430909955005, 0.7500946522087854, 0.7500946522087854, 0.7510384605954726, 0.7510384605954726, 0.7529093164298758, 0.7537413082656803, 0.7537413082656803, 0.7553524684322948, 0.7553524684322948, 0.7553524684322948, 0.7553524684322948, 0.7553524684322948, 0.7553524684322948, 0.7553524684322948, 0.7576879821976232, 0.7576879821976232, 0.7588674011424463, 0.7601822434565157, 0.7601822434565157, 0.7601822434565157, 0.7601822434565157, 0.7601822434565157, 0.7601822434565157, 0.761663143751783, 0.761663143751783, 0.761663143751783, 0.7661819560875731, 0.7661819560875731, 0.7661819560875731, 0.7678894772671515, 0.7678894772671515, 0.7678894772671515, 0.7678894772671515, 0.7678894772671515, 0.7697666425968757, 0.7697666425968757, 0.7697666425968757, 0.7697666425968757, 0.7697666425968757, 0.7697666425968757, 0.7697666425968757, 0.7697666425968757, 0.7697666425968757, 0.7697666425968757, 0.7697666425968757, 0.7697666425968757]
[0.15934892787768662, 0.16921080579571568, 0.18600891114011608, 0.18795366160479596, 0.18901126482525543, 0.19387609047348842, 0.20178386849122862, 0.20645927122460736, 0.211796260669244, 0.21636825352499617, 0.2164246382054566, 0.2188112524651552, 0.22879191134814436, 0.23586826809502823, 0.2401661598166192, 0.24532908540663867, 0.24677814496308736, 0.24882135117674248, 0.25101965090921724, 0.2604901874659352, 0.2689934433535605, 0.2753375186024337, 0.28114099592646424, 0.2896767507375875, 0.2954456817683131, 0.2958035079884051, 0.2995268953108964, 0.30479350761269275, 0.31184718084452034, 0.3135845792486625, 0.32171236606516246, 0.3242980938072702, 0.3260344192283935, 0.3309149323771747, 0.333001339268883, 0.3442933840679177, 0.3505472969332038, 0.357368722006554, 0.3612817886329987, 0.36848776844168674, 0.3715051332115569, 0.3738942319206342, 0.3815697836501942, 0.3815697836501942, 0.38744412104130466, 0.38927523683832255, 0.39426249948665093, 0.39659063289600005, 0.40638229814337434, 0.4145085668975995, 0.4145085668975995, 0.41768052242753906, 0.41768052242753906, 0.42355256261559837, 0.42616853698555335, 0.42616853698555335, 0.43104367880901073, 0.43104367880901073, 0.43104367880901073, 0.43104367880901073, 0.43104367880901073, 0.43104367880901073, 0.43104367880901073, 0.439781680454739, 0.439781680454739, 0.4443855990853368, 0.44861305094483644, 0.44861305094483644, 0.44861305094483644, 0.44861305094483644, 0.44861305094483644, 0.44861305094483644, 0.4539933952402007, 0.4539933952402007, 0.4539933952402007, 0.4705010926452809, 0.4705010926452809, 0.4705010926452809, 0.47719967444619044, 0.47719967444619044, 0.47719967444619044, 0.47719967444619044, 0.47719967444619044, 0.4854385342405004, 0.4854385342405004, 0.4854385342405004, 0.4854385342405004, 0.4854385342405004, 0.4854385342405004, 0.4854385342405004, 0.4854385342405004, 0.4854385342405004, 0.4854385342405004, 0.4854385342405004, 0.4854385342405004]
Training raw path: /home/anhnd/DTI Project/Codes/MPNN/data/KFold/ATCInchikeySideEffectByDrug.txt_train_1
('Number of substructures, proteins, pathways, drugs, se: ', 2936, 1448, 330, 969, 598)
((872, 4714), (97, 4714), (872, 598), (97, 598))
('VALIDATE SUM PROTEIN TRAIN: ', 22668.0)
('VALIDATE SUM PROTEIN TEST: ', 2514.0)
Train: 1.0000 1.0000
Test: 0.7541 0.4880
[0.6282619489739333, 0.6343881927876682, 0.6391841549798992, 0.6415030575644531, 0.6415205209848795, 0.6423390217038119, 0.6370341838173519, 0.6365788820408382, 0.6399190582709067, 0.6419685529212678, 0.6416550429331244, 0.6435598829924256, 0.6475750998113354, 0.6522252203904608, 0.6529918000309838, 0.6555058241573881, 0.6562781103179938, 0.6577136089057154, 0.6592270044944664, 0.6619341708864511, 0.6649888710941082, 0.6675419486783509, 0.6715883337215387, 0.6756723646969709, 0.6767841471587257, 0.6771694769843223, 0.6795299380387867, 0.6816629841581892, 0.6854327644380512, 0.6865119034621576, 0.6905870564458443, 0.6930470302160849, 0.6936966101443849, 0.6953281443399545, 0.695994829949868, 0.7006919302825518, 0.7028981890928847, 0.7065970457436856, 0.7087967394303847, 0.7121982949803972, 0.7136705583753697, 0.7145823848517774, 0.7175901913266798, 0.7175901913266798, 0.7189925897738964, 0.7198568158159171, 0.7221638345779123, 0.7232203146221791, 0.7269764736807263, 0.7305761907089762, 0.7305761907089762, 0.7313845438369708, 0.7313845438369708, 0.7338196341142914, 0.7350502808493409, 0.7350502808493409, 0.7375700344518766, 0.7375700344518766, 0.7375700344518766, 0.7375700344518766, 0.7375700344518766, 0.7375700344518766, 0.7375700344518766, 0.7403762198888477, 0.7403762198888477, 0.7417108851227541, 0.7431339318332387, 0.7431339318332387, 0.7431339318332387, 0.7431339318332387, 0.7431339318332387, 0.7431339318332387, 0.7450344000724862, 0.7450344000724862, 0.7450344000724862, 0.7500196443116627, 0.7500196443116627, 0.7500196443116627, 0.7519993402865407, 0.7519993402865407, 0.7519993402865407, 0.7519993402865407, 0.7519993402865407, 0.7540582039434801, 0.7540582039434801, 0.7540582039434801, 0.7540582039434801, 0.7540582039434801, 0.7540582039434801, 0.7540582039434801, 0.7540582039434801, 0.7540582039434801, 0.7540582039434801, 0.7540582039434801, 0.7540582039434801]
[0.12690582674998435, 0.14385505235945567, 0.15154725307000205, 0.15856594776095076, 0.16957141567674394, 0.17324381353845963, 0.17072226957750689, 0.17676689787902153, 0.1878041560451316, 0.19329487610129165, 0.19335855264244203, 0.19926572791715527, 0.2060347353872969, 0.21751698167962172, 0.22001040073628167, 0.22504933131154783, 0.2274479811938237, 0.2328130483420507, 0.23587699189631683, 0.24486177544439325, 0.25292854433115175, 0.25827252257872446, 0.26596979518716174, 0.27436080900725457, 0.27736162621974597, 0.27831163091247496, 0.281228271352622, 0.2865457053627285, 0.2953967486281971, 0.2980604003729267, 0.3084489792280818, 0.3147807704011468, 0.31681117920440643, 0.3215039891325001, 0.3234702823891192, 0.33440231027913886, 0.33863224690846283, 0.34705409589288483, 0.35252501566575883, 0.3620863915835004, 0.3664527226138017, 0.368446446603203, 0.3753998697791501, 0.3753998697791501, 0.37895742870457527, 0.3812840960820167, 0.3878916800854428, 0.3902424159699257, 0.4013405764972193, 0.4126065695207872, 0.4126065695207872, 0.4147144326494314, 0.4147144326494314, 0.42219705084844006, 0.4255168285731877, 0.4255168285731877, 0.43257335308183703, 0.43257335308183703, 0.43257335308183703, 0.43257335308183703, 0.43257335308183703, 0.43257335308183703, 0.43257335308183703, 0.4414691968131945, 0.4414691968131945, 0.44537423627136774, 0.449871038632811, 0.449871038632811, 0.449871038632811, 0.449871038632811, 0.449871038632811, 0.449871038632811, 0.45666082806823055, 0.45666082806823055, 0.45666082806823055, 0.47319977135178626, 0.47319977135178626, 0.47319977135178626, 0.48015201171018895, 0.48015201171018895, 0.48015201171018895, 0.48015201171018895, 0.48015201171018895, 0.48800340887172533, 0.48800340887172533, 0.48800340887172533, 0.48800340887172533, 0.48800340887172533, 0.48800340887172533, 0.48800340887172533, 0.48800340887172533, 0.48800340887172533, 0.48800340887172533, 0.48800340887172533, 0.48800340887172533]
Training raw path: /home/anhnd/DTI Project/Codes/MPNN/data/KFold/ATCInchikeySideEffectByDrug.txt_train_2
('Number of substructures, proteins, pathways, drugs, se: ', 2936, 1448, 330, 969, 598)
((872, 4714), (97, 4714), (872, 598), (97, 598))
('VALIDATE SUM PROTEIN TRAIN: ', 22376.0)
('VALIDATE SUM PROTEIN TEST: ', 2806.0)
Train: 1.0000 1.0000
Test: 0.7682 0.5434
[0.6429780206657281, 0.6569853438909388, 0.6646711753878012, 0.6702187956811936, 0.6708153516477032, 0.6677184193903822, 0.6703102653764903, 0.6735836202410923, 0.6752559825284986, 0.6768773274680515, 0.6785376966482771, 0.6811422872145382, 0.6824758140619152, 0.6846947257018624, 0.6848237062463647, 0.6874841116873478, 0.6897884483262391, 0.6907545409852023, 0.691142752128958, 0.6952901902732769, 0.6986529687606273, 0.7020467028945523, 0.7048074538416648, 0.7079124783977531, 0.7100267279741079, 0.7102611626007377, 0.7120757940029193, 0.7139155696243722, 0.716069364215147, 0.7170317298443518, 0.7191910488138773, 0.7205997520622464, 0.7211542507858639, 0.7222034237659016, 0.7228028399401052, 0.7263882313235857, 0.7281163435101475, 0.7300746372618421, 0.7321069565465109, 0.7346597853440308, 0.7358074116966098, 0.7366310422497463, 0.7390279487226848, 0.7390279487226848, 0.7405967566306808, 0.7412370206354619, 0.7428657943087719, 0.7438849988901468, 0.7470373426292523, 0.7491732989297849, 0.7491732989297849, 0.7498903488302819, 0.7498903488302819, 0.7515041090049996, 0.7525542391688387, 0.7525542391688387, 0.7542904935858403, 0.7542904935858403, 0.7542904935858403, 0.7542904935858403, 0.7542904935858403, 0.7542904935858403, 0.7542904935858403, 0.7566430062950831, 0.7566430062950831, 0.757973374553187, 0.7591898262317042, 0.7591898262317042, 0.7591898262317042, 0.7591898262317042, 0.7591898262317042, 0.7591898262317042, 0.7606786940403223, 0.7606786940403223, 0.7606786940403223, 0.7650118772553953, 0.7650118772553953, 0.7650118772553953, 0.766602200338444, 0.766602200338444, 0.766602200338444, 0.766602200338444, 0.766602200338444, 0.7682311853820382, 0.7682311853820382, 0.7682311853820382, 0.7682311853820382, 0.7682311853820382, 0.7682311853820382, 0.7682311853820382, 0.7682311853820382, 0.7682311853820382, 0.7682311853820382, 0.7682311853820382, 0.7682311853820382]
[0.20003287273080111, 0.23004708568548798, 0.2563531194653854, 0.2544577128123145, 0.25627781010865647, 0.2575646895296424, 0.2620420591994214, 0.2687404472844297, 0.2752839820346022, 0.2803641998333262, 0.2835341678488392, 0.289476498811602, 0.29548352513231985, 0.2992984936483776, 0.3017748554439284, 0.3090172072171715, 0.31359056866456897, 0.3172195496659146, 0.31938814055803144, 0.33053882117308775, 0.34063261928659816, 0.3477753778720824, 0.3541699822942236, 0.3631508884093957, 0.36831064280789155, 0.369231166282086, 0.3729704404913965, 0.3772596780396385, 0.38250961678015444, 0.3842099262004087, 0.3909923656751825, 0.39467842177006707, 0.39595447064221684, 0.39901996751877966, 0.40028603790237915, 0.4105744828481408, 0.4161717476627451, 0.42206749173957137, 0.42874097385076915, 0.43611734086276754, 0.43864410716124586, 0.4411711612828143, 0.4492338492004157, 0.4492338492004157, 0.45398609023379, 0.4559460996656454, 0.4603338106660462, 0.46317573624989045, 0.47275522371323114, 0.4796334210179088, 0.4796334210179088, 0.48198542223424634, 0.48198542223424634, 0.4872363465892856, 0.49073683523529044, 0.49073683523529044, 0.49556208857054707, 0.49556208857054707, 0.49556208857054707, 0.49556208857054707, 0.49556208857054707, 0.49556208857054707, 0.49556208857054707, 0.5030278533123613, 0.5030278533123613, 0.5074004780148489, 0.5113748884871845, 0.5113748884871845, 0.5113748884871845, 0.5113748884871845, 0.5113748884871845, 0.5113748884871845, 0.5166282051371854, 0.5166282051371854, 0.5166282051371854, 0.5320948125861077, 0.5320948125861077, 0.5320948125861077, 0.5371786571380667, 0.5371786571380667, 0.5371786571380667, 0.5371786571380667, 0.5371786571380667, 0.5434176675474083, 0.5434176675474083, 0.5434176675474083, 0.5434176675474083, 0.5434176675474083, 0.5434176675474083, 0.5434176675474083, 0.5434176675474083, 0.5434176675474083, 0.5434176675474083, 0.5434176675474083, 0.5434176675474083]
Training raw path: /home/anhnd/DTI Project/Codes/MPNN/data/KFold/ATCInchikeySideEffectByDrug.txt_train_3
('Number of substructures, proteins, pathways, drugs, se: ', 2936, 1448, 330, 969, 598)
((872, 4714), (97, 4714), (872, 598), (97, 598))
('VALIDATE SUM PROTEIN TRAIN: ', 22809.0)
('VALIDATE SUM PROTEIN TEST: ', 2373.0)
Train: 1.0000 1.0000
Test: 0.7666 0.4939
[0.6594774751915661, 0.6725878499813942, 0.6736558089073778, 0.6754791097379633, 0.6775990581541969, 0.6743164108042492, 0.6776551652939153, 0.6781642498703268, 0.6790835720566164, 0.6847086874840136, 0.6854656227131737, 0.6869327920178251, 0.6886547452535419, 0.6907916053885557, 0.6913881710727772, 0.6927960648114523, 0.6943147530481977, 0.69456348208414, 0.6943470716292239, 0.696178166514332, 0.6997358305742769, 0.7023896062362823, 0.7046742499027341, 0.7066336606378378, 0.7074192303471574, 0.7078020671044414, 0.7097110321533706, 0.7107114507193397, 0.7126041062306427, 0.7127781547234253, 0.7156901690038378, 0.7170230036741918, 0.7174659191306798, 0.7189958296092698, 0.7194968121879775, 0.722669563088988, 0.7246780076066479, 0.7266834144817572, 0.7286173281857087, 0.7314251717666714, 0.7322620103319506, 0.7328562688435911, 0.7349245412338461, 0.7349245412338461, 0.7365940080646005, 0.7374452772032697, 0.7389901596471493, 0.7401666184656743, 0.7431077776745494, 0.7456942802213942, 0.7456942802213942, 0.7465211501237802, 0.7465211501237802, 0.7483484513509793, 0.7493963756826569, 0.7493963756826569, 0.7514980304885779, 0.7514980304885779, 0.7514980304885779, 0.7514980304885779, 0.7514980304885779, 0.7514980304885779, 0.7514980304885779, 0.7538418430368355, 0.7538418430368355, 0.7551805348125886, 0.7564239846390182, 0.7564239846390182, 0.7564239846390182, 0.7564239846390182, 0.7564239846390182, 0.7564239846390182, 0.7580282396095283, 0.7580282396095283, 0.7580282396095283, 0.7630590557060299, 0.7630590557060299, 0.7630590557060299, 0.7647982646690592, 0.7647982646690592, 0.7647982646690592, 0.7647982646690592, 0.7647982646690592, 0.766646213822606, 0.766646213822606, 0.766646213822606, 0.766646213822606, 0.766646213822606, 0.766646213822606, 0.766646213822606, 0.766646213822606, 0.766646213822606, 0.766646213822606, 0.766646213822606, 0.766646213822606]
[0.15155407555512698, 0.18148623194979607, 0.18735375294355028, 0.19150596156009492, 0.19503510731506885, 0.19901893044076954, 0.20553725779737825, 0.21072635770438342, 0.21544291450199088, 0.2246892779278004, 0.22661792493127209, 0.23122911769317814, 0.23903472645487517, 0.24729765804316667, 0.24962525183057077, 0.25529290482092115, 0.2598239231091468, 0.26170925372666487, 0.2621203689919849, 0.2703428919577432, 0.28148014901837193, 0.28770085526484535, 0.2932908528165923, 0.2995421379058237, 0.30201006915057527, 0.3037550602445479, 0.3090791987399405, 0.3133081656780719, 0.31833293233044047, 0.31922968671470847, 0.32687321451220797, 0.33106519279794777, 0.33163031754465544, 0.3366092216072525, 0.33852096069749016, 0.34835945981099303, 0.3540215468332571, 0.3598848841212181, 0.36635250677701736, 0.3752897940149112, 0.3776778704574285, 0.37950978681049835, 0.386131586751886, 0.386131586751886, 0.3897263287675288, 0.39286272644594067, 0.3983528330027124, 0.4022326145093773, 0.4124844379719562, 0.4214098590980183, 0.4214098590980183, 0.42388989169047797, 0.42388989169047797, 0.4297069679151836, 0.4328511161498404, 0.4328511161498404, 0.43856686470898376, 0.43856686470898376, 0.43856686470898376, 0.43856686470898376, 0.43856686470898376, 0.43856686470898376, 0.43856686470898376, 0.44648603040754253, 0.44648603040754253, 0.45104513283639225, 0.45565533399289615, 0.45565533399289615, 0.45565533399289615, 0.45565533399289615, 0.45565533399289615, 0.45565533399289615, 0.4619567381468093, 0.4619567381468093, 0.4619567381468093, 0.48007708325970333, 0.48007708325970333, 0.48007708325970333, 0.4865356190451901, 0.4865356190451901, 0.4865356190451901, 0.4865356190451901, 0.4865356190451901, 0.4939397024634637, 0.4939397024634637, 0.4939397024634637, 0.4939397024634637, 0.4939397024634637, 0.4939397024634637, 0.4939397024634637, 0.4939397024634637, 0.4939397024634637, 0.4939397024634637, 0.4939397024634637, 0.4939397024634637]
Training raw path: /home/anhnd/DTI Project/Codes/MPNN/data/KFold/ATCInchikeySideEffectByDrug.txt_train_4
('Number of substructures, proteins, pathways, drugs, se: ', 2936, 1448, 330, 969, 598)
((872, 4714), (97, 4714), (872, 598), (97, 598))
('VALIDATE SUM PROTEIN TRAIN: ', 22764.0)
('VALIDATE SUM PROTEIN TEST: ', 2418.0)
Train: 1.0000 1.0000
Test: 0.7715 0.4810
[0.6009994434083238, 0.6136587963943926, 0.6327795712577803, 0.6358885045160654, 0.6349675978405748, 0.6383130219189102, 0.6440981082735339, 0.6510659310159846, 0.6562316507469852, 0.6618677514522644, 0.6642526628469423, 0.6669522811926281, 0.6750246275308692, 0.6780367384135337, 0.6795961182942073, 0.6804385822456674, 0.6819109398592844, 0.6847035587927781, 0.6864189110688591, 0.6900859685556907, 0.6937388389409104, 0.6973848964019113, 0.6991013261097895, 0.7019691365811085, 0.7050182469146222, 0.7053300555150768, 0.7078858102038756, 0.7098977774653068, 0.7126519230706005, 0.7134453109407196, 0.7154519260906638, 0.7166581486451884, 0.717064426758702, 0.7188872731819148, 0.7197111799701299, 0.7247327706800819, 0.7268951302070719, 0.7293617619936426, 0.7312575110889843, 0.7341371879277343, 0.735295540805867, 0.7360402164832703, 0.738687311871028, 0.738687311871028, 0.7402050767663791, 0.7410971017013943, 0.7428091894511768, 0.7435740578863181, 0.747083778800371, 0.7495617431879775, 0.7495617431879775, 0.7503837980001831, 0.7503837980001831, 0.7522214039151061, 0.7529454816001901, 0.7529454816001901, 0.7551910662489901, 0.7551910662489901, 0.7551910662489901, 0.7551910662489901, 0.7551910662489901, 0.7551910662489901, 0.7551910662489901, 0.757709512537064, 0.757709512537064, 0.7590933680927114, 0.760548855676032, 0.760548855676032, 0.760548855676032, 0.760548855676032, 0.760548855676032, 0.760548855676032, 0.7622925823130877, 0.7622925823130877, 0.7622925823130877, 0.7678542004481635, 0.7678542004481635, 0.7678542004481635, 0.769567273023508, 0.769567273023508, 0.769567273023508, 0.769567273023508, 0.769567273023508, 0.7714500726624134, 0.7714500726624134, 0.7714500726624134, 0.7714500726624134, 0.7714500726624134, 0.7714500726624134, 0.7714500726624134, 0.7714500726624134, 0.7714500726624134, 0.7714500726624134, 0.7714500726624134, 0.7714500726624134]
[0.11090401428705798, 0.140938647026285, 0.15459760805833692, 0.15333493509877652, 0.15779322410408336, 0.16411367445565095, 0.17292017053795267, 0.18724994926900473, 0.19563675254880952, 0.20404366146125344, 0.20594747199244162, 0.21183220191433677, 0.22417899896795887, 0.2308244765072836, 0.2337202987282606, 0.23552185784108273, 0.24034099061687192, 0.24582517473321774, 0.25023163785161084, 0.2578494879268829, 0.2664953246426016, 0.2743492349635943, 0.2789345673791942, 0.2862270347243907, 0.2930230301094887, 0.29356569022563256, 0.2994050226457785, 0.30370659728601235, 0.31083685760418517, 0.3119841207991678, 0.3171396865751648, 0.32041763352463626, 0.32142036203019086, 0.3276053117507097, 0.32949373734038667, 0.3416877976368435, 0.34620150877643996, 0.3531759310769109, 0.358286861842011, 0.36512847412130056, 0.3678228136143216, 0.3693954562587546, 0.3765824885210487, 0.3765824885210487, 0.38009090599091805, 0.3826699780753148, 0.3871208794024142, 0.3892236484726461, 0.3989488959174734, 0.40615882525341496, 0.40615882525341496, 0.4088677861459584, 0.4088677861459584, 0.4132564798866468, 0.4159700788762435, 0.4159700788762435, 0.4218110265032369, 0.4218110265032369, 0.4218110265032369, 0.4218110265032369, 0.4218110265032369, 0.4218110265032369, 0.4218110265032369, 0.4305244652720851, 0.4305244652720851, 0.4350761126892451, 0.44018263709185795, 0.44018263709185795, 0.44018263709185795, 0.44018263709185795, 0.44018263709185795, 0.44018263709185795, 0.446710091214163, 0.446710091214163, 0.446710091214163, 0.4679410803586449, 0.4679410803586449, 0.4679410803586449, 0.4732331928690903, 0.4732331928690903, 0.4732331928690903, 0.4732331928690903, 0.4732331928690903, 0.48097409341814407, 0.48097409341814407, 0.48097409341814407, 0.48097409341814407, 0.48097409341814407, 0.48097409341814407, 0.48097409341814407, 0.48097409341814407, 0.48097409341814407, 0.48097409341814407, 0.48097409341814407, 0.48097409341814407]
Training raw path: /home/anhnd/DTI Project/Codes/MPNN/data/KFold/ATCInchikeySideEffectByDrug.txt_train_5
('Number of substructures, proteins, pathways, drugs, se: ', 2936, 1448, 330, 969, 598)
((872, 4714), (97, 4714), (872, 598), (97, 598))
('VALIDATE SUM PROTEIN TRAIN: ', 22673.0)
('VALIDATE SUM PROTEIN TEST: ', 2509.0)
Train: 1.0000 1.0000
Test: 0.7643 0.4737
[0.6479985555805174, 0.6557993066009178, 0.6563129847211258, 0.6584937535980795, 0.6582970939867442, 0.6618233908264413, 0.663003812577923, 0.6634945219769696, 0.6678952079586707, 0.6699764927938315, 0.6717006137325587, 0.6742330821081528, 0.6766424292324469, 0.6782289777061331, 0.677986004743387, 0.6810107816088641, 0.6820098237501949, 0.6845128997895601, 0.6850729083031768, 0.6892872362419612, 0.6929344152887835, 0.6940687336769912, 0.6965432378009079, 0.6983263311155283, 0.7003971920956604, 0.7007800618689399, 0.7030981258843845, 0.7046915076495333, 0.7061500478074291, 0.7068561176067888, 0.7092368882515236, 0.7106697778584528, 0.7109614481650309, 0.7115814551043818, 0.7121031636792245, 0.7166938877808171, 0.7188661867140714, 0.7212381761910923, 0.723400453751369, 0.7257674093243629, 0.7269273903580538, 0.7276948633556702, 0.7305775320842522, 0.7305775320842522, 0.7324375728976968, 0.733150934085849, 0.734738785104787, 0.7355280413425846, 0.7392936980041412, 0.7417989876724184, 0.7417989876724184, 0.7424939329091326, 0.7424939329091326, 0.7445821846788981, 0.7454959557384861, 0.7454959557384861, 0.7479422566734244, 0.7479422566734244, 0.7479422566734244, 0.7479422566734244, 0.7479422566734244, 0.7479422566734244, 0.7479422566734244, 0.7504570029839661, 0.7504570029839661, 0.7517187906493316, 0.7534762970493109, 0.7534762970493109, 0.7534762970493109, 0.7534762970493109, 0.7534762970493109, 0.7534762970493109, 0.7552839025786222, 0.7552839025786222, 0.7552839025786222, 0.7605440039017022, 0.7605440039017022, 0.7605440039017022, 0.7623332418793677, 0.7623332418793677, 0.7623332418793677, 0.7623332418793677, 0.7623332418793677, 0.7642710046360992, 0.7642710046360992, 0.7642710046360992, 0.7642710046360992, 0.7642710046360992, 0.7642710046360992, 0.7642710046360992, 0.7642710046360992, 0.7642710046360992, 0.7642710046360992, 0.7642710046360992, 0.7642710046360992]
[0.1254941934280925, 0.1449242370599927, 0.1496167776783028, 0.15563843650546194, 0.16590647104135287, 0.16976137952104506, 0.17747705345201076, 0.17955432388607734, 0.1901773252007034, 0.19728380613610494, 0.2019966424590257, 0.20854742939112478, 0.21408046338894454, 0.21911343999756208, 0.21984298123079374, 0.2261629261113758, 0.22873876313552052, 0.2364995361127649, 0.23732244776298336, 0.24857022235784282, 0.25813299827684233, 0.2617848945987069, 0.2687239644835241, 0.27477051797596674, 0.27955963181135746, 0.2802784915025887, 0.2861148698579129, 0.2916746575146823, 0.2957381105645591, 0.2980529016326651, 0.30559030104591034, 0.3092307485910637, 0.3103103613070905, 0.31279716321201445, 0.3128207768581597, 0.3248463074412551, 0.33143465301102715, 0.33811872648010827, 0.3429412638238083, 0.34927189649354673, 0.3508683562002355, 0.35353991023021736, 0.3617298139689433, 0.3617298139689433, 0.3665617585758619, 0.3690363184829342, 0.3732691296680445, 0.37577512152711257, 0.38749494002402196, 0.3947585298776263, 0.3947585298776263, 0.39680626391110696, 0.39680626391110696, 0.40384361264792323, 0.40627142139848277, 0.40627142139848277, 0.4149561794397739, 0.4149561794397739, 0.4149561794397739, 0.4149561794397739, 0.4149561794397739, 0.4149561794397739, 0.4149561794397739, 0.42237291916623015, 0.42237291916623015, 0.4261216087419196, 0.43311722838586697, 0.43311722838586697, 0.43311722838586697, 0.43311722838586697, 0.43311722838586697, 0.43311722838586697, 0.44058443475212955, 0.44058443475212955, 0.44058443475212955, 0.4596687366752001, 0.4596687366752001, 0.4596687366752001, 0.4658552681255377, 0.4658552681255377, 0.4658552681255377, 0.4658552681255377, 0.4658552681255377, 0.4737326962596168, 0.4737326962596168, 0.4737326962596168, 0.4737326962596168, 0.4737326962596168, 0.4737326962596168, 0.4737326962596168, 0.4737326962596168, 0.4737326962596168, 0.4737326962596168, 0.4737326962596168, 0.4737326962596168]
Training raw path: /home/anhnd/DTI Project/Codes/MPNN/data/KFold/ATCInchikeySideEffectByDrug.txt_train_6
('Number of substructures, proteins, pathways, drugs, se: ', 2936, 1448, 330, 969, 598)
((872, 4714), (97, 4714), (872, 598), (97, 598))
('VALIDATE SUM PROTEIN TRAIN: ', 22942.0)
('VALIDATE SUM PROTEIN TEST: ', 2240.0)
Train: 1.0000 1.0000
Test: 0.7707 0.4682
[0.6918645828747524, 0.6879416438360306, 0.6937097597182047, 0.6906488130138891, 0.6885933232630874, 0.6870516684932428, 0.6821885857819552, 0.6840888096439591, 0.6884350072221731, 0.6922586179301687, 0.6928108517071275, 0.6950468271520311, 0.6961417246538246, 0.6987390189746621, 0.698901290061431, 0.6991695481949614, 0.700251372347801, 0.7003725625812891, 0.7015244140342327, 0.7048053320279872, 0.7071243921700298, 0.7088371149854475, 0.7108080579258527, 0.7131487617568766, 0.71318795270479, 0.7135741653680379, 0.7151990315104284, 0.716269582063199, 0.7181005871788372, 0.7182450504175668, 0.7215929248638717, 0.7226037073535825, 0.7228742261360264, 0.7243305832753688, 0.7247391953072622, 0.7279894032868375, 0.7300509135567296, 0.7317315272278287, 0.7333135058005895, 0.7356416547649565, 0.7362174220074142, 0.7368102696725705, 0.7397147143246102, 0.7397147143246102, 0.7415736616073524, 0.7422288597502711, 0.7430972385768598, 0.7439832143009302, 0.7473066045688348, 0.7496898538043031, 0.7496898538043031, 0.7506823247723216, 0.7506823247723216, 0.7520248107424143, 0.7530197584300955, 0.7530197584300955, 0.7547564552790806, 0.7547564552790806, 0.7547564552790806, 0.7547564552790806, 0.7547564552790806, 0.7547564552790806, 0.7547564552790806, 0.7571065478583354, 0.7571065478583354, 0.7582731785592901, 0.7599901976345464, 0.7599901976345464, 0.7599901976345464, 0.7599901976345464, 0.7599901976345464, 0.7599901976345464, 0.761544582056644, 0.761544582056644, 0.761544582056644, 0.7668687452933479, 0.7668687452933479, 0.7668687452933479, 0.7685150562202475, 0.7685150562202475, 0.7685150562202475, 0.7685150562202475, 0.7685150562202475, 0.7706905882054671, 0.7706905882054671, 0.7706905882054671, 0.7706905882054671, 0.7706905882054671, 0.7706905882054671, 0.7706905882054671, 0.7706905882054671, 0.7706905882054671, 0.7706905882054671, 0.7706905882054671, 0.7706905882054671]
[0.14971829127859027, 0.1654600288592803, 0.17459487837688797, 0.17002445620735052, 0.17469532693911421, 0.17982403719703804, 0.18314095401693048, 0.19086743142642695, 0.2015686487731592, 0.20815084163490125, 0.21122857037769555, 0.21744964323595858, 0.22254500323050602, 0.22907764250159426, 0.2294826173185979, 0.2318954917460298, 0.23810750225602734, 0.23985005850459434, 0.24239085603870225, 0.25058360377484895, 0.25745260226306016, 0.2638483189802815, 0.2694490575488457, 0.2760175585978372, 0.27630930024055544, 0.2775164517301565, 0.2813601890088091, 0.2843871059148759, 0.28980658586462876, 0.29224581626548346, 0.3024091027232886, 0.30530319838453523, 0.3069761295960052, 0.31189822243764853, 0.31346344609264887, 0.3230923112676479, 0.32842653785852793, 0.3332050511269971, 0.3372772368141399, 0.3450844942791034, 0.3477797734690472, 0.3496468549429934, 0.35895750722028985, 0.35895750722028985, 0.36502174091907735, 0.3676115114890037, 0.370874419795032, 0.3734778118244161, 0.3839800777040401, 0.3921378459969683, 0.3921378459969683, 0.39507958058834824, 0.39507958058834824, 0.39977622095891396, 0.40322090263182714, 0.40322090263182714, 0.40969063747603573, 0.40969063747603573, 0.40969063747603573, 0.40969063747603573, 0.40969063747603573, 0.40969063747603573, 0.40969063747603573, 0.4173874917198685, 0.4173874917198685, 0.4212636812042858, 0.4279872778487903, 0.4279872778487903, 0.4279872778487903, 0.4279872778487903, 0.4279872778487903, 0.4279872778487903, 0.4336729907711977, 0.4336729907711977, 0.4336729907711977, 0.4531406457316749, 0.4531406457316749, 0.4531406457316749, 0.45918416417978314, 0.45918416417978314, 0.45918416417978314, 0.45918416417978314, 0.45918416417978314, 0.4682167013067837, 0.4682167013067837, 0.4682167013067837, 0.4682167013067837, 0.4682167013067837, 0.4682167013067837, 0.4682167013067837, 0.4682167013067837, 0.4682167013067837, 0.4682167013067837, 0.4682167013067837, 0.4682167013067837]
Training raw path: /home/anhnd/DTI Project/Codes/MPNN/data/KFold/ATCInchikeySideEffectByDrug.txt_train_7
('Number of substructures, proteins, pathways, drugs, se: ', 2936, 1448, 330, 969, 598)
((872, 4714), (97, 4714), (872, 598), (97, 598))
('VALIDATE SUM PROTEIN TRAIN: ', 22445.0)
('VALIDATE SUM PROTEIN TEST: ', 2737.0)
Train: 1.0000 1.0000
Test: 0.7585 0.4703
[0.6082361122812618, 0.625061740584553, 0.6300047217441671, 0.6337930957288628, 0.63644188059977, 0.6385835929387331, 0.6419376360651529, 0.6431464237353716, 0.64507290604721, 0.6474256294939179, 0.6470003247716333, 0.6503849498232529, 0.6550007631618391, 0.6582143544627012, 0.6585103182086486, 0.6597833317844686, 0.6611383362814863, 0.6619919390096043, 0.663229087919835, 0.6673969555190479, 0.6715273340925285, 0.6742627369628263, 0.6771134488079316, 0.6811528782852718, 0.6836242827702161, 0.6838436589816622, 0.6866009762533976, 0.6890610748069995, 0.691380559686744, 0.6924503763506892, 0.6960334224751201, 0.6977791186890451, 0.6984987058406429, 0.6998083560390015, 0.7003928949352521, 0.7040320632121984, 0.7067858447579688, 0.7096015079804256, 0.7122036098650166, 0.7155371888878146, 0.7168856390116334, 0.7175953604649407, 0.720661099672314, 0.720661099672314, 0.7227522758925922, 0.7238334837889118, 0.7261999122196714, 0.7273922977523699, 0.7318643744900233, 0.7348428209716562, 0.7348428209716562, 0.7360027094811713, 0.7360027094811713, 0.7383557064745533, 0.7394506906971355, 0.7394506906971355, 0.7415722190684446, 0.7415722190684446, 0.7415722190684446, 0.7415722190684446, 0.7415722190684446, 0.7415722190684446, 0.7415722190684446, 0.7445122856435368, 0.7445122856435368, 0.746007603066153, 0.747431011718144, 0.747431011718144, 0.747431011718144, 0.747431011718144, 0.747431011718144, 0.747431011718144, 0.7490870320961349, 0.7490870320961349, 0.7490870320961349, 0.7546592561333456, 0.7546592561333456, 0.7546592561333456, 0.7564436944979196, 0.7564436944979196, 0.7564436944979196, 0.7564436944979196, 0.7564436944979196, 0.7585001767396437, 0.7585001767396437, 0.7585001767396437, 0.7585001767396437, 0.7585001767396437, 0.7585001767396437, 0.7585001767396437, 0.7585001767396437, 0.7585001767396437, 0.7585001767396437, 0.7585001767396437, 0.7585001767396437]
[0.11048493440448665, 0.11744634116361866, 0.1305003404789643, 0.14137316330427022, 0.1483437023092296, 0.1544854100632529, 0.15879547605690147, 0.1649847443285109, 0.16730765713151996, 0.17224233030123184, 0.1733958760597698, 0.17898034865853546, 0.19018983812111023, 0.19759178336430927, 0.19950751168657263, 0.20339993746397972, 0.20609773462005387, 0.20969019438293773, 0.2114757645845571, 0.22026975305555524, 0.23161355970983494, 0.23766763483337305, 0.24418914615190015, 0.2528198438970185, 0.258529621458641, 0.258731203855334, 0.2648705444501841, 0.2707534057898429, 0.2769438925144922, 0.2786872070262771, 0.28802645714625486, 0.2924081468865122, 0.29376476164190307, 0.2970336426591982, 0.29779729292298607, 0.3086076144788473, 0.31643423013280747, 0.3216248395596032, 0.3287517473528212, 0.33820312425781585, 0.34082838697052364, 0.34288511252193365, 0.34998351804428895, 0.34998351804428895, 0.3565940261531164, 0.3589928819665763, 0.3654861378980557, 0.36884314117913813, 0.3822562903264368, 0.39075629207326235, 0.39075629207326235, 0.3943648386499392, 0.3943648386499392, 0.4014380894756561, 0.4046849386465407, 0.4046849386465407, 0.4105071742312247, 0.4105071742312247, 0.4105071742312247, 0.4105071742312247, 0.4105071742312247, 0.4105071742312247, 0.4105071742312247, 0.41954882792595705, 0.41954882792595705, 0.42396844223036145, 0.42902138049037586, 0.42902138049037586, 0.42902138049037586, 0.42902138049037586, 0.42902138049037586, 0.42902138049037586, 0.43503965502670183, 0.43503965502670183, 0.43503965502670183, 0.45597313285264496, 0.45597313285264496, 0.45597313285264496, 0.46269165736375195, 0.46269165736375195, 0.46269165736375195, 0.46269165736375195, 0.46269165736375195, 0.4702773379615011, 0.4702773379615011, 0.4702773379615011, 0.4702773379615011, 0.4702773379615011, 0.4702773379615011, 0.4702773379615011, 0.4702773379615011, 0.4702773379615011, 0.4702773379615011, 0.4702773379615011, 0.4702773379615011]
Training raw path: /home/anhnd/DTI Project/Codes/MPNN/data/KFold/ATCInchikeySideEffectByDrug.txt_train_8
('Number of substructures, proteins, pathways, drugs, se: ', 2936, 1448, 330, 969, 598)
((872, 4714), (97, 4714), (872, 598), (97, 598))
('VALIDATE SUM PROTEIN TRAIN: ', 22705.0)
('VALIDATE SUM PROTEIN TEST: ', 2477.0)
Train: 1.0000 1.0000
Test: 0.7531 0.4528
[0.598983667520981, 0.6087571783051793, 0.6285505267202968, 0.6350367931972007, 0.6368356793768319, 0.6375292700523154, 0.6416061709415473, 0.6431681091997454, 0.6460560944920152, 0.6499148116795176, 0.651602625659258, 0.6540393507487154, 0.6555425377802194, 0.6579587678027075, 0.6594441441042431, 0.6611237852290597, 0.6630840206192935, 0.6655231445350773, 0.6663403623082007, 0.6684146410766197, 0.6721750953235037, 0.6752452486199422, 0.6773933213177049, 0.6804051961673087, 0.6821002427070266, 0.6826849174638727, 0.6849571528228351, 0.6865302417613617, 0.6889513183441812, 0.6895946406908815, 0.693041181108022, 0.6945385621388309, 0.6945256498765793, 0.6965354736223941, 0.6974339310572466, 0.701648973516131, 0.7040930208271863, 0.7063719868763381, 0.7084826024347162, 0.7116583171530177, 0.7132433797535664, 0.7136765497556743, 0.7163177670198755, 0.7163177670198755, 0.7181794602939487, 0.7190784523593403, 0.7206867345920968, 0.7212100848329026, 0.7251491673166877, 0.7279819835967777, 0.7279819835967777, 0.7287623079658169, 0.7287623079658169, 0.7311080896051756, 0.7324790495599987, 0.7324790495599987, 0.7347377851764345, 0.7347377851764345, 0.7347377851764345, 0.7347377851764345, 0.7347377851764345, 0.7347377851764345, 0.7347377851764345, 0.7378028974783657, 0.7378028974783657, 0.7392802658732284, 0.7409498134896021, 0.7409498134896021, 0.7409498134896021, 0.7409498134896021, 0.7409498134896021, 0.7409498134896021, 0.742626442188299, 0.742626442188299, 0.742626442188299, 0.7487967392254959, 0.7487967392254959, 0.7487967392254959, 0.7507217376309294, 0.7507217376309294, 0.7507217376309294, 0.7507217376309294, 0.7507217376309294, 0.7530834396890677, 0.7530834396890677, 0.7530834396890677, 0.7530834396890677, 0.7530834396890677, 0.7530834396890677, 0.7530834396890677, 0.7530834396890677, 0.7530834396890677, 0.7530834396890677, 0.7530834396890677, 0.7530834396890677]
[0.1105401238369112, 0.11846914023965616, 0.13866750155548097, 0.14201401000412578, 0.153272248021387, 0.15624026893494633, 0.16661072024349088, 0.16918294207062723, 0.17700249510312205, 0.18407782490213143, 0.18727628684962147, 0.1904111956895137, 0.1957658290002459, 0.19962291331241022, 0.2029110563077765, 0.20585226595289077, 0.21045325268442888, 0.2151366682076763, 0.2169420885222943, 0.2224469940403604, 0.2310681227631223, 0.2343681316013842, 0.23888911343535332, 0.24715754809963808, 0.2507265251995911, 0.2519334319932914, 0.2571770647456709, 0.26073483015497567, 0.26597470000606516, 0.2671060177364786, 0.27433773929365296, 0.27812418870505695, 0.27859897339723844, 0.2846767792586003, 0.28742580273237844, 0.2993507530837293, 0.3068520687018398, 0.31205213927767117, 0.3162415542092111, 0.32415104485330415, 0.328608391468754, 0.33005925283538307, 0.33735796309415306, 0.33735796309415306, 0.3431422943037104, 0.3460738917729313, 0.35074531944222764, 0.35311240142052003, 0.36516641698287694, 0.3734273037206126, 0.3734273037206126, 0.3756848586971474, 0.3756848586971474, 0.3821867866769967, 0.3861126535115088, 0.3861126535115088, 0.392165169048576, 0.392165169048576, 0.392165169048576, 0.392165169048576, 0.392165169048576, 0.392165169048576, 0.392165169048576, 0.4017000404531012, 0.4017000404531012, 0.40661583393942186, 0.41206075363843847, 0.41206075363843847, 0.41206075363843847, 0.41206075363843847, 0.41206075363843847, 0.41206075363843847, 0.41697085537103346, 0.41697085537103346, 0.41697085537103346, 0.43800905867505846, 0.43800905867505846, 0.43800905867505846, 0.4439456666528422, 0.4439456666528422, 0.4439456666528422, 0.4439456666528422, 0.4439456666528422, 0.4528290777276319, 0.4528290777276319, 0.4528290777276319, 0.4528290777276319, 0.4528290777276319, 0.4528290777276319, 0.4528290777276319, 0.4528290777276319, 0.4528290777276319, 0.4528290777276319, 0.4528290777276319, 0.4528290777276319]
Training raw path: /home/anhnd/DTI Project/Codes/MPNN/data/KFold/ATCInchikeySideEffectByDrug.txt_train_9
('Number of substructures, proteins, pathways, drugs, se: ', 2936, 1448, 330, 969, 598)
((873, 4714), (96, 4714), (873, 598), (96, 598))
('VALIDATE SUM PROTEIN TRAIN: ', 22759.0)
('VALIDATE SUM PROTEIN TEST: ', 2423.0)
Train: 1.0000 1.0000
Test: 0.7606 0.4711
[0.6305593174519634, 0.6546623902037991, 0.658600577649116, 0.6562446300035616, 0.65995728142838, 0.656364280219439, 0.6580636479220001, 0.6599282285646677, 0.6635834909258157, 0.6672811406338044, 0.6676300709926842, 0.6703011485790763, 0.6738270349329251, 0.6768527627731264, 0.6782510579203186, 0.6806297031339098, 0.6820385638886544, 0.6830998647609194, 0.6835419480893749, 0.6862655647914447, 0.6901704916657495, 0.6926445334484652, 0.6957642919450693, 0.6987402448967399, 0.6997098285124699, 0.6999397418715954, 0.701788291239756, 0.7037518467426012, 0.7057636466299863, 0.7072157738930821, 0.7101909807181215, 0.711235174824668, 0.7119036170094244, 0.713120520079773, 0.7138831928410458, 0.7171188667572683, 0.7187845060115506, 0.7212762595726272, 0.7227191257623623, 0.7251122566453273, 0.7260647723742721, 0.7265272821370856, 0.7289535020942193, 0.7289535020942193, 0.7307954054109875, 0.7313708703671838, 0.7329901709665306, 0.7337736743064851, 0.7372485647382797, 0.7398627638633201, 0.7398627638633201, 0.7405321122769393, 0.7405321122769393, 0.7424244589262952, 0.7433364858261868, 0.7433364858261868, 0.7455350767734803, 0.7455350767734803, 0.7455350767734803, 0.7455350767734803, 0.7455350767734803, 0.7455350767734803, 0.7455350767734803, 0.7479680362518392, 0.7479680362518392, 0.7493921221616388, 0.7507982787553789, 0.7507982787553789, 0.7507982787553789, 0.7507982787553789, 0.7507982787553789, 0.7507982787553789, 0.752295769968272, 0.752295769968272, 0.752295769968272, 0.7571436784921993, 0.7571436784921993, 0.7571436784921993, 0.7588511909677811, 0.7588511909677811, 0.7588511909677811, 0.7588511909677811, 0.7588511909677811, 0.7606316249935667, 0.7606316249935667, 0.7606316249935667, 0.7606316249935667, 0.7606316249935667, 0.7606316249935667, 0.7606316249935667, 0.7606316249935667, 0.7606316249935667, 0.7606316249935667, 0.7606316249935667, 0.7606316249935667]
[0.1176802805873102, 0.13775707799536663, 0.15066944644724856, 0.14990398615167058, 0.1620217410286148, 0.16567638554505315, 0.1701626718836557, 0.17751908788966556, 0.18732697787551644, 0.19631147227320178, 0.1978908329467728, 0.20457579245794627, 0.21526899062717197, 0.22056952305753613, 0.22383148335779096, 0.23096503413096167, 0.23532233755443407, 0.2401711155962607, 0.2419811212369034, 0.25062812265727724, 0.26128649578094054, 0.2675934536729898, 0.2748780776477021, 0.2824754689640312, 0.28462711825465337, 0.2858268849072548, 0.2898266844057811, 0.29358977057970903, 0.2981546906925621, 0.30088120494828713, 0.30760041120787335, 0.3090543781561672, 0.3109194197663865, 0.3150083729674079, 0.3173590727553195, 0.3266850957435981, 0.331938383676678, 0.33788832860194784, 0.3420671036189732, 0.3498545019984082, 0.35325867531327243, 0.354832581753193, 0.36205691239447296, 0.36205691239447296, 0.3678576021638109, 0.36947923613938294, 0.37462704037342087, 0.37638376462914247, 0.3872656073052415, 0.3954561191299056, 0.3954561191299056, 0.3972492704399292, 0.3972492704399292, 0.4040427766332657, 0.4068552735286899, 0.4068552735286899, 0.41419252107157006, 0.41419252107157006, 0.41419252107157006, 0.41419252107157006, 0.41419252107157006, 0.41419252107157006, 0.41419252107157006, 0.42192958565595895, 0.42192958565595895, 0.42742447809396955, 0.43253892931009397, 0.43253892931009397, 0.43253892931009397, 0.43253892931009397, 0.43253892931009397, 0.43253892931009397, 0.43865315078369255, 0.43865315078369255, 0.43865315078369255, 0.45738851891258314, 0.45738851891258314, 0.45738851891258314, 0.46352804962891336, 0.46352804962891336, 0.46352804962891336, 0.46352804962891336, 0.46352804962891336, 0.4710845931871212, 0.4710845931871212, 0.4710845931871212, 0.4710845931871212, 0.4710845931871212, 0.4710845931871212, 0.4710845931871212, 0.4710845931871212, 0.4710845931871212, 0.4710845931871212, 0.4710845931871212, 0.4710845931871212]
AUC: 0.7637 0.0020
AUPR: 0.4828 0.0073
('RARE AUC', [(0.6377220516492145, 0.009113591519804575), (0.6485583782399694, 0.008113616174638188), (0.6566367225365626, 0.007173014306362543), (0.6584431734302284, 0.006515175310533679), (0.6593428172448564, 0.006410245358943003), (0.6591817217980622, 0.005936017457684398), (0.660468207703612, 0.0056518565501237975), (0.6623555972477984, 0.0056280736685085375), (0.6652747194027311, 0.005487667543525003), (0.6685685594312172, 0.005530616880793857), (0.6694409731187427, 0.005573128469083688), (0.6715521155166362, 0.00539046571506343), (0.6746246169527559, 0.005135417293674767), (0.6772020521628583, 0.004924544908331663), (0.6779356856178682, 0.004892518652784529), (0.6796485390909579, 0.00479213434152657), (0.6810049280079223, 0.0047824832172533565), (0.6822171186426701, 0.00462044199224782), (0.6830183827132923, 0.004533269591820114), (0.686207069008866, 0.00455470883391745), (0.689626948556635, 0.0044725180130058785), (0.6921833898819119, 0.004423566775186437), (0.6946583733877721, 0.004273740611602023), (0.697500405014038, 0.0040966334613874765), (0.6991318945321983, 0.004056184597296704), (0.6994772164056433, 0.004047209418833456), (0.7015809322029316, 0.003962157733177025), (0.7033322988269862, 0.003894495611342457), (0.705579476734547, 0.003771515423727019), (0.7063243566806177, 0.0037130576286115305), (0.7092831296421998, 0.003571543821214249), (0.7106864987683548, 0.0034633719853342485), (0.711113398005964, 0.0034557399667970046), (0.7125158599128877, 0.0034205167927422345), (0.7131622415045407, 0.00340358716910558), (0.7170441339419613, 0.0033202394247084702), (0.7191382714652271, 0.003249792268277648), (0.7215286880824938, 0.0031261121053073), (0.7234223965973059, 0.0030383869030053555), (0.7262197496097118, 0.002950946544725568), (0.7273441272515322, 0.00287975378138837), (0.7280227853526104, 0.0028850618452858335), (0.7306464170827482, 0.002831012942649199), (0.7306464170827482, 0.002831012942649199), (0.7323925504051045, 0.0028210350457469682), (0.7331707827859766, 0.002792555087747443), (0.7348594623928949, 0.0027152945838249316), (0.7357672471610972, 0.0027227426352545952), (0.7392910872898366, 0.002614678756473041), (0.7419276575165393, 0.0025094429541175156), (0.7419276575165393, 0.0025094429541175156), (0.742769168879207, 0.0025108511611568606), (0.742769168879207, 0.0025108511611568606), (0.7447298165242588, 0.00242028896999147), (0.7457469625818609, 0.0023753988870200394), (0.7457469625818609, 0.0023753988870200394), (0.7478445886178443, 0.00231311691345004), (0.7478445886178443, 0.00231311691345004), (0.7478445886178443, 0.00231311691345004), (0.7478445886178443, 0.00231311691345004), (0.7478445886178443, 0.00231311691345004), (0.7478445886178443, 0.00231311691345004), (0.7478445886178443, 0.00231311691345004), (0.7504105334171497, 0.002240731534105668), (0.7504105334171497, 0.002240731534105668), (0.7517497524033329, 0.0022191148077138805), (0.7532124440483491, 0.002203754438939563), (0.7532124440483491, 0.002203754438939563), (0.7532124440483491, 0.002203754438939563), (0.7532124440483491, 0.002203754438939563), (0.7532124440483491, 0.002203754438939563), (0.7532124440483491, 0.002203754438939563), (0.7548534788675179, 0.002182632991287031), (0.7548534788675179, 0.002182632991287031), (0.7548534788675179, 0.002182632991287031), (0.7600139156854915, 0.0021063193398050705), (0.7600139156854915, 0.0021063193398050705), (0.7600139156854915, 0.0021063193398050705), (0.7617721476780949, 0.0020760488034410316), (0.7617721476780949, 0.0020760488034410316), (0.7617721476780949, 0.0020760488034410316), (0.7617721476780949, 0.0020760488034410316), (0.7617721476780949, 0.0020760488034410316), (0.7637329152671258, 0.0020430168924431857), (0.7637329152671258, 0.0020430168924431857), (0.7637329152671258, 0.0020430168924431857), (0.7637329152671258, 0.0020430168924431857), (0.7637329152671258, 0.0020430168924431857), (0.7637329152671258, 0.0020430168924431857), (0.7637329152671258, 0.0020430168924431857), (0.7637329152671258, 0.0020430168924431857), (0.7637329152671258, 0.0020430168924431857), (0.7637329152671258, 0.0020430168924431857), (0.7637329152671258, 0.0020430168924431857), (0.7637329152671258, 0.0020430168924431857)])
('RARE AUPR', [(0.1362663540736048, 0.008679005129578301), (0.15495946481346548, 0.01005508836218888), (0.16799095892142754, 0.01091049120158104), (0.17047722710098118, 0.010264962919951789), (0.17719283113695067, 0.009441999140473905), (0.18138046796993462, 0.00915153348003009), (0.18691925012564772, 0.009086768681916713), (0.19320514529627547, 0.009113312476569355), (0.20093471698837995, 0.008978629353834092), (0.20768265440962388, 0.008898531301201669), (0.20976709643133368, 0.008992189739765344), (0.21505792082345057, 0.009022501093745139), (0.22313740216585737, 0.008826823895065825), (0.229678118020689, 0.008644511508752062), (0.23208726164571924, 0.008669073375923547), (0.23684860420025994, 0.008952273941316497), (0.2406701198797964, 0.009045625031658708), (0.24477359504488244, 0.008898794422630614), (0.24687490683526017, 0.008901894218908241), (0.2556581859853927, 0.009178278294105535), (0.26500838594260845, 0.009241064366763403), (0.2708697942968416, 0.009468810600873578), (0.27696355528709615, 0.009498496955969927), (0.2846198558318943, 0.009546451414237232), (0.28859032470208124, 0.009650670598879184), (0.28949535196417725, 0.009665303061273906), (0.2941559181008992, 0.009555185973802928), (0.298675342393323, 0.009538151936249795), (0.30455413158298045, 0.009502786389250988), (0.3064041860945066, 0.00947830301847025), (0.31431306234727796, 0.009320119378596337), (0.31793607730244033, 0.009310890992530555), (0.31924203943584867, 0.00932496704953698), (0.3237067602921286, 0.009208408538024904), (0.32536387489597507, 0.009180224325881121), (0.33618995166581117, 0.009104242751440138), (0.34206602204949893, 0.008963291856361645), (0.3482440209883467, 0.009027059347111933), (0.3534466052587509, 0.0091743268461902), (0.3613674830906345, 0.00911722040616727), (0.3643446230480187, 0.009041569265792632), (0.36633807951596253, 0.009102380855021013), (0.3739003292624843, 0.00911703915583181), (0.3739003292624843, 0.00911703915583181), (0.37893822968536933, 0.008984699270451592), (0.3813231976958068, 0.008937114874730787), (0.3862963749820047, 0.008907438867687044), (0.38890572886781694, 0.008947339386089447), (0.39980747645858716, 0.008715414931081765), (0.4080853332586104, 0.008634222929340775), (0.4080853332586104, 0.008634222929340775), (0.4106322867434124, 0.008622408209501806), (0.4106322867434124, 0.008622408209501806), (0.41672368942479104, 0.008526182562372111), (0.4198388585537165, 0.008531715571478865), (0.4198388585537165, 0.008531715571478865), (0.42610686929407954, 0.008363666948795161), (0.42610686929407954, 0.008363666948795161), (0.42610686929407954, 0.008363666948795161), (0.42610686929407954, 0.008363666948795161), (0.42610686929407954, 0.008363666948795161), (0.42610686929407954, 0.008363666948795161), (0.42610686929407954, 0.008363666948795161), (0.4344228091181038, 0.008263919764773558), (0.4344228091181038, 0.008263919764773558), (0.43886756031071494, 0.008244799746391276), (0.44404225188231516, 0.00805989998744764), (0.44404225188231516, 0.00805989998744764), (0.44404225188231516, 0.00805989998744764), (0.44404225188231516, 0.00805989998744764), (0.44404225188231516, 0.00805989998744764), (0.44404225188231516, 0.00805989998744764), (0.4500870344511344, 0.008032468049079745), (0.4500870344511344, 0.008032468049079745), (0.4500870344511344, 0.008032468049079745), (0.4687993933048684, 0.00756823835887205), (0.4687993933048684, 0.00756823835887205), (0.4687993933048684, 0.00756823835887205), (0.4749503961159555, 0.007493313053461117), (0.4749503961159555, 0.007493313053461117), (0.4749503961159555, 0.007493313053461117), (0.4749503961159555, 0.007493313053461117), (0.4749503961159555, 0.007493313053461117), (0.4827913812983896, 0.007296011040141534), (0.4827913812983896, 0.007296011040141534), (0.4827913812983896, 0.007296011040141534), (0.4827913812983896, 0.007296011040141534), (0.4827913812983896, 0.007296011040141534), (0.4827913812983896, 0.007296011040141534), (0.4827913812983896, 0.007296011040141534), (0.4827913812983896, 0.007296011040141534), (0.4827913812983896, 0.007296011040141534), (0.4827913812983896, 0.007296011040141534), (0.4827913812983896, 0.007296011040141534), (0.4827913812983896, 0.007296011040141534)])
