SCCA: 10 
<models.baselines.sccar.SCCAR object at 0x7f0d4b23ce10>
Training raw path: /home/anhnd/DTI Project/Codes/MPNN/data/KFold/ATCInchikeySideEffectByDrug.txt_train_0
('Number of substructures, proteins, pathways, drugs, se: ', 888, 1448, 330, 969, 598)
Train: 0.7562 0.4603
Test: 0.7328 0.4345
[0.5112984483005016, 0.509394054118188, 0.5191140376963588, 0.5271405315721726, 0.5289219010545105, 0.5426367055409835, 0.5465675113356679, 0.5505941410189744, 0.5553165262039798, 0.5606259829842336, 0.5655776076425318, 0.5694735968379945, 0.5801001253548027, 0.5878242943527342, 0.5907730979569503, 0.5950980978446586, 0.5971321122517941, 0.6004012366163205, 0.6028787966388045, 0.6101431432878817, 0.6165980434412845, 0.6217276104819962, 0.6270888142541089, 0.6312569583161267, 0.6354588364222549, 0.6361129452335365, 0.639534766521197, 0.6430697399550853, 0.6477817055910792, 0.6494198053263178, 0.6554341781632874, 0.6582154884098321, 0.6593295458466593, 0.6611997259442041, 0.6624562591401941, 0.6691405986626329, 0.6721247255144731, 0.6766261330200833, 0.6795264358869915, 0.6840525731833201, 0.6859888393794739, 0.6873137997272464, 0.6915548491723094, 0.6915548491723094, 0.6940024369010651, 0.6951490564327494, 0.6976252285043021, 0.6988633335703279, 0.7032584136616813, 0.7070306266748274, 0.7070306266748274, 0.7083826378455126, 0.7083826378455126, 0.7111808180241659, 0.712409404801513, 0.712409404801513, 0.7148405339231174, 0.7148405339231174, 0.7148405339231174, 0.7148405339231174, 0.7148405339231174, 0.7148405339231174, 0.7148405339231174, 0.7181877980041211, 0.7181877980041211, 0.7198809605516258, 0.7214148582437572, 0.7214148582437572, 0.7214148582437572, 0.7214148582437572, 0.7214148582437572, 0.7214148582437572, 0.7232593831380529, 0.7232593831380529, 0.7232593831380529, 0.7286778398233215, 0.7286778398233215, 0.7286778398233215, 0.7306542868359569, 0.7306542868359569, 0.7306542868359569, 0.7306542868359569, 0.7306542868359569, 0.7328011075336389, 0.7328011075336389, 0.7328011075336389, 0.7328011075336389, 0.7328011075336389, 0.7328011075336389, 0.7328011075336389, 0.7328011075336389, 0.7328011075336389, 0.7328011075336389, 0.7328011075336389, 0.7328011075336389]
[0.0663814076188383, 0.07291055848017232, 0.08109887675248632, 0.08584107285030883, 0.08989308869960362, 0.09919750773407418, 0.10362781119255643, 0.10898582260232076, 0.11352043084908015, 0.11876765798557809, 0.12246484782547282, 0.12666111211659348, 0.13563298712781363, 0.14343135111952796, 0.1464793828788149, 0.15120489783422314, 0.15308588705451254, 0.15681435438058672, 0.15989092464502416, 0.16928380510368304, 0.17764694688685095, 0.18464534743893732, 0.19171387872365867, 0.19793573855087032, 0.20403836957191415, 0.20489066551031063, 0.20920756917765634, 0.2144421504617473, 0.2222367936622296, 0.2245163143845248, 0.23590669387297056, 0.2410009911260991, 0.24289101160803966, 0.24698473548180144, 0.24926560176628992, 0.2622817936963497, 0.26795550686007696, 0.2772194254624856, 0.28289415272805296, 0.29232707311778, 0.29602538825097985, 0.2988220872797537, 0.3081954500963131, 0.3081954500963131, 0.31444020109294213, 0.31721147820401446, 0.3234290982536835, 0.32676479057095836, 0.3376557149547573, 0.34758783440617447, 0.34758783440617447, 0.350984558257846, 0.350984558257846, 0.35860151631748344, 0.36165872945368693, 0.36165872945368693, 0.3679231716285001, 0.3679231716285001, 0.3679231716285001, 0.3679231716285001, 0.3679231716285001, 0.3679231716285001, 0.3679231716285001, 0.37938427569762634, 0.37938427569762634, 0.3849529045814082, 0.3903603600258997, 0.3903603600258997, 0.3903603600258997, 0.3903603600258997, 0.3903603600258997, 0.3903603600258997, 0.3979159536086536, 0.3979159536086536, 0.3979159536086536, 0.41802206338040715, 0.41802206338040715, 0.41802206338040715, 0.4258143932329129, 0.4258143932329129, 0.4258143932329129, 0.4258143932329129, 0.4258143932329129, 0.4345166107041921, 0.4345166107041921, 0.4345166107041921, 0.4345166107041921, 0.4345166107041921, 0.4345166107041921, 0.4345166107041921, 0.4345166107041921, 0.4345166107041921, 0.4345166107041921, 0.4345166107041921, 0.4345166107041921]
Training raw path: /home/anhnd/DTI Project/Codes/MPNN/data/KFold/ATCInchikeySideEffectByDrug.txt_train_1
('Number of substructures, proteins, pathways, drugs, se: ', 888, 1448, 330, 969, 598)
Train: 0.7337 0.4295
Test: 0.7229 0.4209
[0.5053401732402658, 0.5079537943855812, 0.520329954942391, 0.5177727652841728, 0.5198255609588096, 0.5279414033594063, 0.5387527651881038, 0.5456402731337574, 0.5473704640752752, 0.5483617759575159, 0.5500898773780084, 0.5570789520039078, 0.567752589402432, 0.5715190427403202, 0.5730583971152329, 0.5767315351813451, 0.580512508628126, 0.5842623517814682, 0.5834793677011268, 0.5923203038834768, 0.5976248680261098, 0.6023775352966123, 0.6090126192166446, 0.6135732828498021, 0.6166945613485573, 0.6177582026596636, 0.6224189723370204, 0.6262524985819868, 0.6296955406852698, 0.6320669613838783, 0.6364470033287366, 0.6407385699550534, 0.6421414499623006, 0.64499591425954, 0.6464291137983018, 0.6537932906542283, 0.6564916873916435, 0.6622717485240464, 0.665921823207581, 0.6711756578791498, 0.6737037682124845, 0.6752875255219841, 0.679212784182517, 0.679212784182517, 0.6812673949235692, 0.6823431800515052, 0.685449094199344, 0.6867122648283309, 0.6918919659057226, 0.6957894226942599, 0.6957894226942599, 0.6966729232217426, 0.6966729232217426, 0.6996109583377476, 0.7008321598319043, 0.7008321598319043, 0.7037301246538465, 0.7037301246538465, 0.7037301246538465, 0.7037301246538465, 0.7037301246538465, 0.7037301246538465, 0.7037301246538465, 0.7072977803683176, 0.7072977803683176, 0.7090150490926035, 0.7106455861401373, 0.7106455861401373, 0.7106455861401373, 0.7106455861401373, 0.7106455861401373, 0.7106455861401373, 0.7128730948050657, 0.7128730948050657, 0.7128730948050657, 0.7183915879673219, 0.7183915879673219, 0.7183915879673219, 0.7206445101024257, 0.7206445101024257, 0.7206445101024257, 0.7206445101024257, 0.7206445101024257, 0.7229171716857725, 0.7229171716857725, 0.7229171716857725, 0.7229171716857725, 0.7229171716857725, 0.7229171716857725, 0.7229171716857725, 0.7229171716857725, 0.7229171716857725, 0.7229171716857725, 0.7229171716857725, 0.7229171716857725]
[0.06167211186909268, 0.06858015805388919, 0.07436467746184292, 0.08048477462256659, 0.08563721856914974, 0.09102995137791545, 0.0999702352308374, 0.10803782635079459, 0.1130800140107709, 0.11703819656445161, 0.11946396764776272, 0.12488226752137388, 0.13456534864946507, 0.14162015299326774, 0.14388235775605068, 0.1496671154264913, 0.15337780192794068, 0.15883829417735834, 0.1596730336893643, 0.16789439443164494, 0.17305617308349758, 0.17966819036471843, 0.1878744697825117, 0.1934750012187047, 0.19650291384272645, 0.19832106429457252, 0.2048932483108235, 0.20938185884598934, 0.21578242147571997, 0.21857105300642962, 0.22550818117935129, 0.23123898513449376, 0.2336640734636193, 0.23865830204675417, 0.24103653938793293, 0.25311996789446684, 0.25752916611783616, 0.2688723174372202, 0.27592110077519527, 0.28609745873179315, 0.2907582420599079, 0.2941480726232576, 0.30147745353248173, 0.30147745353248173, 0.30551074187313987, 0.3076163701708334, 0.315214582696255, 0.3182658581059449, 0.3300670135650914, 0.338992135082966, 0.338992135082966, 0.34012376831259294, 0.34012376831259294, 0.34729349856603536, 0.3494118527077138, 0.3494118527077138, 0.35729082813341334, 0.35729082813341334, 0.35729082813341334, 0.35729082813341334, 0.35729082813341334, 0.35729082813341334, 0.35729082813341334, 0.36615944184956983, 0.36615944184956983, 0.37062390286628366, 0.37633123917763656, 0.37633123917763656, 0.37633123917763656, 0.37633123917763656, 0.37633123917763656, 0.37633123917763656, 0.3855035819424471, 0.3855035819424471, 0.3855035819424471, 0.4030975865360198, 0.4030975865360198, 0.4030975865360198, 0.4126784886612654, 0.4126784886612654, 0.4126784886612654, 0.4126784886612654, 0.4126784886612654, 0.4209458675433704, 0.4209458675433704, 0.4209458675433704, 0.4209458675433704, 0.4209458675433704, 0.4209458675433704, 0.4209458675433704, 0.4209458675433704, 0.4209458675433704, 0.4209458675433704, 0.4209458675433704, 0.4209458675433704]
Training raw path: /home/anhnd/DTI Project/Codes/MPNN/data/KFold/ATCInchikeySideEffectByDrug.txt_train_2
('Number of substructures, proteins, pathways, drugs, se: ', 888, 1448, 330, 969, 598)
Train: 0.7414 0.4367
Test: 0.7257 0.4685
[0.5187821330701932, 0.5202433880068364, 0.5292667525854242, 0.5313115331086622, 0.5385522546120247, 0.5427292654882165, 0.5490767252619089, 0.5566942923315348, 0.561308719736147, 0.5650927330491233, 0.566204078189137, 0.5731899974087817, 0.5833836889495592, 0.5882099643846994, 0.5881139543095948, 0.5917523691489723, 0.5959985219526661, 0.6005427683271833, 0.601330701408195, 0.6108678838601891, 0.6157354803513332, 0.620090894551914, 0.6252599315161028, 0.6289292573560876, 0.6332963903867126, 0.6341159787370442, 0.6389058482750681, 0.6422130682303204, 0.6459989173048857, 0.6476803725224827, 0.6527805802874544, 0.6549220400188247, 0.6560531119777422, 0.6578195735339143, 0.6587707885170488, 0.6653717410947575, 0.6690586674020682, 0.6726846722545132, 0.6760095575261416, 0.679961209266039, 0.6815812525278047, 0.682983013921985, 0.686215896878114, 0.686215896878114, 0.6885899585834899, 0.6897308901050012, 0.6919711990872967, 0.6933602419360991, 0.6979723516093985, 0.7012180150940632, 0.7012180150940632, 0.7022372001147812, 0.7022372001147812, 0.7042488047095283, 0.7057202850717285, 0.7057202850717285, 0.7079096571794664, 0.7079096571794664, 0.7079096571794664, 0.7079096571794664, 0.7079096571794664, 0.7079096571794664, 0.7079096571794664, 0.7109823415835222, 0.7109823415835222, 0.7126917260263419, 0.7143399745825614, 0.7143399745825614, 0.7143399745825614, 0.7143399745825614, 0.7143399745825614, 0.7143399745825614, 0.7162536451925352, 0.7162536451925352, 0.7162536451925352, 0.7217293674545255, 0.7217293674545255, 0.7217293674545255, 0.7236824815026257, 0.7236824815026257, 0.7236824815026257, 0.7236824815026257, 0.7236824815026257, 0.7257397642198568, 0.7257397642198568, 0.7257397642198568, 0.7257397642198568, 0.7257397642198568, 0.7257397642198568, 0.7257397642198568, 0.7257397642198568, 0.7257397642198568, 0.7257397642198568, 0.7257397642198568, 0.7257397642198568]
[0.09812937872494773, 0.09862422246740987, 0.10798187554245561, 0.11267243739973856, 0.12050068699830349, 0.12798598480423062, 0.13664448398669216, 0.14539110928121232, 0.15142684100084397, 0.15437462654855533, 0.1579744151848647, 0.1624394292049984, 0.17405281163600803, 0.18080370997038184, 0.18240021642837564, 0.18646127997193918, 0.19183944143348458, 0.19772352950632938, 0.2002122381305081, 0.21497615947175935, 0.22145707861576175, 0.22678478055800488, 0.23428522023787196, 0.242788727912076, 0.2489069441073962, 0.2501679609334331, 0.25778915010717723, 0.26304748430877734, 0.2686518662161006, 0.2715876857284423, 0.2797215741620414, 0.2827397965327688, 0.2854213806612936, 0.2886831627673201, 0.2904385755209379, 0.30390277532126053, 0.3130465646415558, 0.31985971569099253, 0.32646972020916115, 0.3354677726032474, 0.3384538449857746, 0.34138400639332694, 0.3470108372674874, 0.3470108372674874, 0.3532285522261738, 0.3557419059372209, 0.361478808540701, 0.3655072254310162, 0.37728501575392237, 0.3860162408630159, 0.3860162408630159, 0.38833553625599493, 0.38833553625599493, 0.3934505869352974, 0.39735275023729133, 0.39735275023729133, 0.4028836247487724, 0.4028836247487724, 0.4028836247487724, 0.4028836247487724, 0.4028836247487724, 0.4028836247487724, 0.4028836247487724, 0.4132689320569903, 0.4132689320569903, 0.4191560983252225, 0.42517085298891766, 0.42517085298891766, 0.42517085298891766, 0.42517085298891766, 0.42517085298891766, 0.42517085298891766, 0.43305635127948455, 0.43305635127948455, 0.43305635127948455, 0.45340918809752984, 0.45340918809752984, 0.45340918809752984, 0.46099371676734374, 0.46099371676734374, 0.46099371676734374, 0.46099371676734374, 0.46099371676734374, 0.46847463721579213, 0.46847463721579213, 0.46847463721579213, 0.46847463721579213, 0.46847463721579213, 0.46847463721579213, 0.46847463721579213, 0.46847463721579213, 0.46847463721579213, 0.46847463721579213, 0.46847463721579213, 0.46847463721579213]
Training raw path: /home/anhnd/DTI Project/Codes/MPNN/data/KFold/ATCInchikeySideEffectByDrug.txt_train_3
('Number of substructures, proteins, pathways, drugs, se: ', 888, 1448, 330, 969, 598)
Train: 0.7612 0.4597
Test: 0.7336 0.4367
[0.5122782232999119, 0.5163946341244561, 0.5278417346077608, 0.5374805892757472, 0.5467425696876934, 0.5587467696383286, 0.5662950257244694, 0.5749172707833581, 0.578862568672373, 0.5843559221161806, 0.5884642610003749, 0.593863594957222, 0.6028461449384286, 0.6097843740787997, 0.6118375822009705, 0.6150914353352539, 0.6181633382525974, 0.6207422149507915, 0.6234463693424126, 0.6270946416662186, 0.6310680898396499, 0.6358904102113756, 0.6412952891321285, 0.6457141787159726, 0.6479153651202773, 0.6487620852959075, 0.6527321060646561, 0.6556284241126875, 0.658873416432418, 0.6596669491708145, 0.6645184477101872, 0.6667064828020883, 0.667336908682413, 0.6688908694928901, 0.6696242540574968, 0.675137565765678, 0.6782999509980357, 0.6813472490404038, 0.6836141515351726, 0.6873383703744198, 0.6888968994608251, 0.6899731032453323, 0.6937646454707125, 0.6937646454707125, 0.6957439443918909, 0.6969246381000547, 0.6987511053010182, 0.7001170636773519, 0.7046018557866665, 0.7081385811327022, 0.7081385811327022, 0.7093675802159718, 0.7093675802159718, 0.7118925490871741, 0.7133002486193438, 0.7133002486193438, 0.7161283063409167, 0.7161283063409167, 0.7161283063409167, 0.7161283063409167, 0.7161283063409167, 0.7161283063409167, 0.7161283063409167, 0.719238014993081, 0.719238014993081, 0.7208893529915495, 0.7225737643923746, 0.7225737643923746, 0.7225737643923746, 0.7225737643923746, 0.7225737643923746, 0.7225737643923746, 0.7242290153869341, 0.7242290153869341, 0.7242290153869341, 0.7297900506413697, 0.7297900506413697, 0.7297900506413697, 0.7316815645374914, 0.7316815645374914, 0.7316815645374914, 0.7316815645374914, 0.7316815645374914, 0.7335706027016905, 0.7335706027016905, 0.7335706027016905, 0.7335706027016905, 0.7335706027016905, 0.7335706027016905, 0.7335706027016905, 0.7335706027016905, 0.7335706027016905, 0.7335706027016905, 0.7335706027016905, 0.7335706027016905]
[0.0850934242279397, 0.09039948061654027, 0.0909758420431507, 0.10050124470081763, 0.10743501692620211, 0.11374230913351342, 0.12149620639496095, 0.12950790352801939, 0.1327826620836674, 0.13955815693169468, 0.1441207600702244, 0.15013059754867686, 0.1617557806563747, 0.16951248396092042, 0.1712019238660809, 0.17555909859798952, 0.1795616771219475, 0.18370330879124971, 0.18685769913838976, 0.19301829884046376, 0.20043621869121256, 0.20768686647719142, 0.21647538205912017, 0.22388670040652553, 0.2269115931840569, 0.22797115226110104, 0.23447208901785888, 0.2391661687793733, 0.24500654122730045, 0.246388473647064, 0.2563488691221317, 0.25976108997341724, 0.26082193099917067, 0.2644746748644999, 0.26606784485005386, 0.2774214026516474, 0.2843345520301025, 0.29077895499143397, 0.2958133387203956, 0.3039761832943238, 0.3072571259560444, 0.30970547668961, 0.31846334358829315, 0.31846334358829315, 0.32353574212755, 0.3265846828403194, 0.33179003046193734, 0.3355838204421091, 0.3468850665649516, 0.355979949645223, 0.355979949645223, 0.35864996515003783, 0.35864996515003783, 0.36534883221464004, 0.36876438849555293, 0.36876438849555293, 0.37633511568671507, 0.37633511568671507, 0.37633511568671507, 0.37633511568671507, 0.37633511568671507, 0.37633511568671507, 0.37633511568671507, 0.3858262314700412, 0.3858262314700412, 0.391295867267961, 0.39646200302216456, 0.39646200302216456, 0.39646200302216456, 0.39646200302216456, 0.39646200302216456, 0.39646200302216456, 0.4021107440736208, 0.4021107440736208, 0.4021107440736208, 0.4224565557006794, 0.4224565557006794, 0.4224565557006794, 0.42961355784343935, 0.42961355784343935, 0.42961355784343935, 0.42961355784343935, 0.42961355784343935, 0.4366970153774165, 0.4366970153774165, 0.4366970153774165, 0.4366970153774165, 0.4366970153774165, 0.4366970153774165, 0.4366970153774165, 0.4366970153774165, 0.4366970153774165, 0.4366970153774165, 0.4366970153774165, 0.4366970153774165]
Training raw path: /home/anhnd/DTI Project/Codes/MPNN/data/KFold/ATCInchikeySideEffectByDrug.txt_train_4
('Number of substructures, proteins, pathways, drugs, se: ', 888, 1448, 330, 969, 598)
Train: 0.7254 0.4029
Test: 0.7172 0.3692
[0.4913421805301886, 0.5036881104967502, 0.4968129119533978, 0.508637446239232, 0.5164007936863831, 0.5192100600721969, 0.5245284305691205, 0.5387827025937499, 0.5472764110191219, 0.5505094874350029, 0.5542391738882512, 0.5579957778137528, 0.573796417867502, 0.5794145955757056, 0.5806946587044282, 0.582989276293004, 0.587135244028537, 0.5933891442020538, 0.5947195206467322, 0.6032342753032962, 0.6076201343865544, 0.6128116235273982, 0.6173065924194896, 0.6218001281654258, 0.6258005777487696, 0.626591552134726, 0.6314425933495718, 0.6348258193186017, 0.6360326268118317, 0.637910147721138, 0.642269853752081, 0.6436014506994323, 0.644532595602329, 0.6471855375620705, 0.6487193737931287, 0.6563773318290134, 0.6591944152901386, 0.6644847753086259, 0.6679878829603274, 0.6724658804103111, 0.6736907163849055, 0.6747020044615621, 0.6754266406043212, 0.6754266406043212, 0.677873018068635, 0.6789199489237709, 0.6818694334165558, 0.6833524174362259, 0.6889985222440316, 0.6926154596112235, 0.6926154596112235, 0.6912715958456523, 0.6912715958456523, 0.6938795585605908, 0.6947642676706631, 0.6947642676706631, 0.6974690255050253, 0.6974690255050253, 0.6974690255050253, 0.6974690255050253, 0.6974690255050253, 0.6974690255050253, 0.6974690255050253, 0.7005451313009379, 0.7005451313009379, 0.7023086508321864, 0.7042253696796745, 0.7042253696796745, 0.7042253696796745, 0.7042253696796745, 0.7042253696796745, 0.7042253696796745, 0.7061791826323363, 0.7061791826323363, 0.7061791826323363, 0.7129677527910421, 0.7129677527910421, 0.7129677527910421, 0.7150342006730663, 0.7150342006730663, 0.7150342006730663, 0.7150342006730663, 0.7150342006730663, 0.7171923349081835, 0.7171923349081835, 0.7171923349081835, 0.7171923349081835, 0.7171923349081835, 0.7171923349081835, 0.7171923349081835, 0.7171923349081835, 0.7171923349081835, 0.7171923349081835, 0.7171923349081835, 0.7171923349081835]
[0.04759533869153508, 0.05535184967426623, 0.05708751196501379, 0.06631194663863485, 0.0696246539641618, 0.0745550258196522, 0.08146485800537454, 0.09167628578377125, 0.098440177853128, 0.10227619556129695, 0.10617483305415495, 0.11071518787502162, 0.12639577878350525, 0.13209482410823972, 0.1338366066068545, 0.13600775107346985, 0.1394624623629028, 0.1451934294841689, 0.148251437413022, 0.15811139891095335, 0.16294276331598057, 0.17075453528804915, 0.174915346633293, 0.1807261494735027, 0.1843829074282342, 0.18513954451899123, 0.190667384609832, 0.1947261713664873, 0.19749486412420314, 0.19970753302722222, 0.2061954916712153, 0.20760478179884018, 0.2089004068452575, 0.21232027010477866, 0.21454294631624488, 0.22830841470272747, 0.2324830816410997, 0.2415713647577976, 0.2470796982916852, 0.2560882485693913, 0.2575286748825453, 0.2589971036793358, 0.2651463965478887, 0.2651463965478887, 0.27181409753001223, 0.27324345162719144, 0.27937260461414287, 0.2834100993249298, 0.29717575001886704, 0.3042048730109005, 0.3042048730109005, 0.3039523858039245, 0.3039523858039245, 0.30977555561258896, 0.3110316718449962, 0.3110316718449962, 0.3166677331532878, 0.3166677331532878, 0.3166677331532878, 0.3166677331532878, 0.3166677331532878, 0.3166677331532878, 0.3166677331532878, 0.3253521339075526, 0.3253521339075526, 0.32890584114447297, 0.33454633065071193, 0.33454633065071193, 0.33454633065071193, 0.33454633065071193, 0.33454633065071193, 0.33454633065071193, 0.3386022171634569, 0.3386022171634569, 0.3386022171634569, 0.359489690596223, 0.359489690596223, 0.359489690596223, 0.3643142311277541, 0.3643142311277541, 0.3643142311277541, 0.3643142311277541, 0.3643142311277541, 0.3692190895565498, 0.3692190895565498, 0.3692190895565498, 0.3692190895565498, 0.3692190895565498, 0.3692190895565498, 0.3692190895565498, 0.3692190895565498, 0.3692190895565498, 0.3692190895565498, 0.3692190895565498, 0.3692190895565498]
Training raw path: /home/anhnd/DTI Project/Codes/MPNN/data/KFold/ATCInchikeySideEffectByDrug.txt_train_5
('Number of substructures, proteins, pathways, drugs, se: ', 888, 1448, 330, 969, 598)
Train: 0.7320 0.4338
Test: 0.7178 0.4010
[0.4829924085281393, 0.4887304930065645, 0.48925414590672567, 0.5003407167929239, 0.5043729657941391, 0.51448005091668, 0.5204886129304932, 0.5251696780744503, 0.5295515619813234, 0.5320136931997153, 0.5327365405541575, 0.5396732959534603, 0.5514152066059264, 0.5552266550951972, 0.5575934738945394, 0.5624241758110883, 0.5671745886344164, 0.5722121634157942, 0.5731412358346957, 0.5835577666041188, 0.5902990297389127, 0.5957728746761176, 0.6025214099315903, 0.605595029007681, 0.6109942046160433, 0.6121606466662839, 0.617911864892916, 0.6233879609015578, 0.6270171992198719, 0.6297993648882678, 0.6349795144143676, 0.6354684384648053, 0.6361592672150662, 0.6372799198563692, 0.6380672241217978, 0.6457331059236584, 0.6494268547557569, 0.6542140944097878, 0.6576837099843499, 0.6619530363946619, 0.6641715859642942, 0.6652655690341629, 0.6697664946660181, 0.6697664946660181, 0.6724840341142635, 0.6736768213247551, 0.6760345468597204, 0.6771800343647119, 0.6833897734366349, 0.6873427782718282, 0.6873427782718282, 0.688220497163774, 0.688220497163774, 0.6915291686486198, 0.6929781911553285, 0.6929781911553285, 0.6966677632335769, 0.6966677632335769, 0.6966677632335769, 0.6966677632335769, 0.6966677632335769, 0.6966677632335769, 0.6966677632335769, 0.7003308027826525, 0.7003308027826525, 0.7018956063678647, 0.7041130680298049, 0.7041130680298049, 0.7041130680298049, 0.7041130680298049, 0.7041130680298049, 0.7041130680298049, 0.7065615798382057, 0.7065615798382057, 0.7065615798382057, 0.71313222607524, 0.71313222607524, 0.71313222607524, 0.715414783527682, 0.715414783527682, 0.715414783527682, 0.715414783527682, 0.715414783527682, 0.7177822227625218, 0.7177822227625218, 0.7177822227625218, 0.7177822227625218, 0.7177822227625218, 0.7177822227625218, 0.7177822227625218, 0.7177822227625218, 0.7177822227625218, 0.7177822227625218, 0.7177822227625218, 0.7177822227625218]
[0.048529831417208194, 0.05355730508335771, 0.05736665763074683, 0.06288673883030099, 0.06811196670197914, 0.0736806859048551, 0.0808345421744833, 0.08477748841253965, 0.08833846516097074, 0.09172469255813254, 0.09465925972371754, 0.09963886210318015, 0.10924987521396827, 0.11386285634865674, 0.11621487578126141, 0.12103904208116806, 0.12487341760232412, 0.13041754679470222, 0.13214583941886432, 0.14505712571628493, 0.15261411573499267, 0.1570803239770002, 0.16455463865338904, 0.16975062656292322, 0.17534884060307745, 0.17646079474601897, 0.18336606528747423, 0.1905852859748067, 0.19511296515265836, 0.19947128750914894, 0.20607301141536283, 0.20757284934818096, 0.20847603736537595, 0.210024854915509, 0.21097459080695286, 0.22354425542960987, 0.2300264828832363, 0.23856060498939757, 0.24450217462413182, 0.2523390178804288, 0.2562174871563399, 0.2576810419038946, 0.2655323258102553, 0.2655323258102553, 0.27326388320055267, 0.2756416527528729, 0.28032542380694137, 0.28259970659667033, 0.29854117450655, 0.3071710260871863, 0.3071710260871863, 0.30837119627768045, 0.30837119627768045, 0.31651755143949545, 0.3196146306538666, 0.3196146306538666, 0.3280883174308647, 0.3280883174308647, 0.3280883174308647, 0.3280883174308647, 0.3280883174308647, 0.3280883174308647, 0.3280883174308647, 0.33934358181373503, 0.33934358181373503, 0.34358720866507475, 0.35342401046109556, 0.35342401046109556, 0.35342401046109556, 0.35342401046109556, 0.35342401046109556, 0.35342401046109556, 0.35987049777334956, 0.35987049777334956, 0.35987049777334956, 0.3832286337710677, 0.3832286337710677, 0.3832286337710677, 0.3921367575156474, 0.3921367575156474, 0.3921367575156474, 0.3921367575156474, 0.3921367575156474, 0.40104146129672436, 0.40104146129672436, 0.40104146129672436, 0.40104146129672436, 0.40104146129672436, 0.40104146129672436, 0.40104146129672436, 0.40104146129672436, 0.40104146129672436, 0.40104146129672436, 0.40104146129672436, 0.40104146129672436]
Training raw path: /home/anhnd/DTI Project/Codes/MPNN/data/KFold/ATCInchikeySideEffectByDrug.txt_train_6
('Number of substructures, proteins, pathways, drugs, se: ', 888, 1448, 330, 969, 598)
Train: 0.7550 0.4549
Test: 0.7347 0.4052
[0.5217364736957958, 0.5311694740991655, 0.5380104396770653, 0.5325341806329905, 0.5357173706346753, 0.5392297058873924, 0.5525451864573587, 0.5641821175378134, 0.5723909301799351, 0.5776102230983884, 0.5826955701385247, 0.5851956673116921, 0.5961119210688394, 0.6021173510111609, 0.6026737574588943, 0.6048461232172759, 0.6082801571638431, 0.6121134039785587, 0.6147131301038093, 0.6201062332527121, 0.6235185805300614, 0.6293894244436604, 0.6335258165018993, 0.6369126325705285, 0.6404575240364183, 0.6413015635258996, 0.6450317500115188, 0.6474317516899779, 0.6521386765304963, 0.6541501096491893, 0.6593883549549234, 0.6620007746769352, 0.6628964887816868, 0.665272628811243, 0.6662966873082464, 0.6724484258231469, 0.6754490496947032, 0.6789879884383165, 0.6815369530642986, 0.6856260498864997, 0.6874056212947338, 0.68856357713474, 0.692682552010508, 0.692682552010508, 0.6951559386600802, 0.6963846207540304, 0.6981096488228636, 0.6995149802841334, 0.7042401610967379, 0.7075904883513982, 0.7075904883513982, 0.708811420076154, 0.708811420076154, 0.7116344189003522, 0.712964815281808, 0.712964815281808, 0.7157057356580592, 0.7157057356580592, 0.7157057356580592, 0.7157057356580592, 0.7157057356580592, 0.7157057356580592, 0.7157057356580592, 0.7187213059519163, 0.7187213059519163, 0.7200733908447204, 0.7220298178562872, 0.7220298178562872, 0.7220298178562872, 0.7220298178562872, 0.7220298178562872, 0.7220298178562872, 0.7239977268762545, 0.7239977268762545, 0.7239977268762545, 0.7302219019594405, 0.7302219019594405, 0.7302219019594405, 0.7320963309233504, 0.7320963309233504, 0.7320963309233504, 0.7320963309233504, 0.7320963309233504, 0.734654209741048, 0.734654209741048, 0.734654209741048, 0.734654209741048, 0.734654209741048, 0.734654209741048, 0.734654209741048, 0.734654209741048, 0.734654209741048, 0.734654209741048, 0.734654209741048, 0.734654209741048]
[0.07621793396547201, 0.08747593745071017, 0.09045422074731119, 0.09454846183007572, 0.09864071802846741, 0.10033422946362006, 0.10740515775004672, 0.11570996587770234, 0.12283640056760597, 0.1273127750430897, 0.13124502480946365, 0.13587717311715306, 0.1462531670347736, 0.1522700847631471, 0.15293572223331273, 0.15618386971332576, 0.1594861951239403, 0.16361595709412033, 0.16725303065529573, 0.1727482530436631, 0.17614180337867247, 0.18331794950077812, 0.1897231076520334, 0.1937259421238149, 0.19805594763924156, 0.19920869189396428, 0.20448779752816787, 0.20822712856101958, 0.21512313120185786, 0.218356886928292, 0.22762089895969873, 0.23161622737174303, 0.23297466225821592, 0.23776601515036241, 0.23948829795862353, 0.24968781481748573, 0.2543138046088099, 0.2606770749381631, 0.2654057142227888, 0.27240524220938866, 0.2756664704146791, 0.27788424826909663, 0.28673504519397675, 0.28673504519397675, 0.29165881100859614, 0.2943005419225036, 0.2983120086748518, 0.30155266664869546, 0.31276239541844825, 0.31988965390203633, 0.31988965390203633, 0.3224349983278745, 0.3224349983278745, 0.3293969005230751, 0.3323473496909152, 0.3323473496909152, 0.33986526706333176, 0.33986526706333176, 0.33986526706333176, 0.33986526706333176, 0.33986526706333176, 0.33986526706333176, 0.33986526706333176, 0.3487920470706121, 0.3487920470706121, 0.3530379560886265, 0.35929374331286545, 0.35929374331286545, 0.35929374331286545, 0.35929374331286545, 0.35929374331286545, 0.35929374331286545, 0.3660027951108861, 0.3660027951108861, 0.3660027951108861, 0.3891128193608674, 0.3891128193608674, 0.3891128193608674, 0.3949611301463255, 0.3949611301463255, 0.3949611301463255, 0.3949611301463255, 0.3949611301463255, 0.40524981096502866, 0.40524981096502866, 0.40524981096502866, 0.40524981096502866, 0.40524981096502866, 0.40524981096502866, 0.40524981096502866, 0.40524981096502866, 0.40524981096502866, 0.40524981096502866, 0.40524981096502866, 0.40524981096502866]
Training raw path: /home/anhnd/DTI Project/Codes/MPNN/data/KFold/ATCInchikeySideEffectByDrug.txt_train_7
('Number of substructures, proteins, pathways, drugs, se: ', 888, 1448, 330, 969, 598)
Train: 0.7627 0.4618
Test: 0.7631 0.4664
[0.5066417757124001, 0.5167711016397374, 0.5250911344198499, 0.5356695131183706, 0.5430919066722346, 0.5541132555142689, 0.5688389440813005, 0.5784312807600449, 0.5853207656205515, 0.588612541814291, 0.5922141607349094, 0.5977799803178228, 0.6093477709938506, 0.6159761319529163, 0.6193592674787337, 0.6227197825095536, 0.6263304343949236, 0.6303991963125589, 0.6341593940164532, 0.6415993526460718, 0.6473553584397056, 0.652834290366711, 0.6588902732338682, 0.6646906187558635, 0.6681643807474106, 0.6690448808886602, 0.674094919487378, 0.6777411746422219, 0.6812055822325415, 0.6828028275171536, 0.6885841411492879, 0.6911619205277293, 0.6923395592262971, 0.6934997543335346, 0.694467842687266, 0.6994436551161628, 0.7028028407833926, 0.7066790962745574, 0.7098165802787274, 0.7137576618736526, 0.7157128280299464, 0.7167757661495341, 0.7209886442618711, 0.7209886442618711, 0.7235053517116655, 0.7245842272176839, 0.7273302667482678, 0.7287734646882466, 0.7342962214007417, 0.7377825690067109, 0.7377825690067109, 0.7389439636982207, 0.7389439636982207, 0.7416376250239463, 0.742826136365577, 0.742826136365577, 0.745545132657844, 0.745545132657844, 0.745545132657844, 0.745545132657844, 0.745545132657844, 0.745545132657844, 0.745545132657844, 0.748789280537989, 0.748789280537989, 0.7504160120193688, 0.7519397209024141, 0.7519397209024141, 0.7519397209024141, 0.7519397209024141, 0.7519397209024141, 0.7519397209024141, 0.7536757268931591, 0.7536757268931591, 0.7536757268931591, 0.759335517835823, 0.759335517835823, 0.759335517835823, 0.7611330240828142, 0.7611330240828142, 0.7611330240828142, 0.7611330240828142, 0.7611330240828142, 0.7630963879438372, 0.7630963879438372, 0.7630963879438372, 0.7630963879438372, 0.7630963879438372, 0.7630963879438372, 0.7630963879438372, 0.7630963879438372, 0.7630963879438372, 0.7630963879438372, 0.7630963879438372, 0.7630963879438372]
[0.05004135677011512, 0.05296127756094887, 0.06030138779113206, 0.07000074170305855, 0.07677092637348334, 0.08306461610277956, 0.09463100493980778, 0.10193743198783439, 0.10737136463276238, 0.11214501675204852, 0.11612038441897311, 0.12216372975164207, 0.13367956537544845, 0.14158130977425712, 0.1457132342580614, 0.14922632988850348, 0.15366497307745738, 0.15948558028762377, 0.1635735640971418, 0.1740092932679418, 0.18168543466614348, 0.19040047692607764, 0.19978223779796225, 0.2088700415755847, 0.21468056068349117, 0.21607612718995414, 0.22474157288182686, 0.23123570712122543, 0.23657212138271194, 0.23965240098624552, 0.250182843767245, 0.2550162438273854, 0.2568341876491532, 0.2587472397316529, 0.26063389846957746, 0.27119995060266855, 0.2790409296115203, 0.28907189361606495, 0.2969294528334988, 0.3069633733318164, 0.31189101639131167, 0.3144617455198634, 0.32472316702472537, 0.32472316702472537, 0.33202976595703226, 0.3346943782105912, 0.34289841333037674, 0.3472263454058998, 0.36379403201796107, 0.3726777301115577, 0.3726777301115577, 0.37631778112758, 0.37631778112758, 0.38462846840581666, 0.3877099444897764, 0.3877099444897764, 0.39596654446448204, 0.39596654446448204, 0.39596654446448204, 0.39596654446448204, 0.39596654446448204, 0.39596654446448204, 0.39596654446448204, 0.40781883858425466, 0.40781883858425466, 0.4137539536892706, 0.41918036319407853, 0.41918036319407853, 0.41918036319407853, 0.41918036319407853, 0.41918036319407853, 0.41918036319407853, 0.4259752150504193, 0.4259752150504193, 0.4259752150504193, 0.4501369531156974, 0.4501369531156974, 0.4501369531156974, 0.45760778507433786, 0.45760778507433786, 0.45760778507433786, 0.45760778507433786, 0.45760778507433786, 0.46636579889438157, 0.46636579889438157, 0.46636579889438157, 0.46636579889438157, 0.46636579889438157, 0.46636579889438157, 0.46636579889438157, 0.46636579889438157, 0.46636579889438157, 0.46636579889438157, 0.46636579889438157, 0.46636579889438157]
Training raw path: /home/anhnd/DTI Project/Codes/MPNN/data/KFold/ATCInchikeySideEffectByDrug.txt_train_8
('Number of substructures, proteins, pathways, drugs, se: ', 888, 1448, 330, 969, 598)
Train: 0.7288 0.4282
Test: 0.7177 0.3824
[0.5261691542288558, 0.5265796083847833, 0.518667494513661, 0.5208428897065807, 0.5167210114068008, 0.5256150956023895, 0.5319983982077642, 0.5381294903444376, 0.5457065826315376, 0.5466380597959546, 0.5464840782145843, 0.5494107582857206, 0.5590407213074279, 0.5643708746294692, 0.566761228574546, 0.5691772732782099, 0.5719836335243795, 0.5755246243952523, 0.5772502187329612, 0.5833630652469793, 0.5870909624100135, 0.5928897914662751, 0.5981778213042388, 0.6032726932535559, 0.6076543759309491, 0.6085476314981051, 0.6138583904682995, 0.6173246166708686, 0.62223045152773, 0.6243746567630837, 0.6307269214540745, 0.6334807149803463, 0.6347712645382315, 0.6378878834581321, 0.6394543122425418, 0.6466078633273141, 0.6501298267404324, 0.654060402082501, 0.6576560162695095, 0.6624693053930084, 0.6657147907095304, 0.6663405808739147, 0.6710172759555942, 0.6710172759555942, 0.6735138823975717, 0.6751599238407968, 0.6768276684892056, 0.678284365865012, 0.6838387626985876, 0.6881273114920223, 0.6881273114920223, 0.689486786239393, 0.689486786239393, 0.6927494572686933, 0.6935646340024434, 0.6935646340024434, 0.6967505634193507, 0.6967505634193507, 0.6967505634193507, 0.6967505634193507, 0.6967505634193507, 0.6967505634193507, 0.6967505634193507, 0.7006924669482638, 0.7006924669482638, 0.7025843304432906, 0.7044310780551423, 0.7044310780551423, 0.7044310780551423, 0.7044310780551423, 0.7044310780551423, 0.7044310780551423, 0.7064155559059309, 0.7064155559059309, 0.7064155559059309, 0.7131610290378626, 0.7131610290378626, 0.7131610290378626, 0.7151596748281566, 0.7151596748281566, 0.7151596748281566, 0.7151596748281566, 0.7151596748281566, 0.7177149642154922, 0.7177149642154922, 0.7177149642154922, 0.7177149642154922, 0.7177149642154922, 0.7177149642154922, 0.7177149642154922, 0.7177149642154922, 0.7177149642154922, 0.7177149642154922, 0.7177149642154922, 0.7177149642154922]
[0.06892305190663624, 0.0639435900273575, 0.06580068297180776, 0.07830997991772598, 0.08200608639689073, 0.08622682790542552, 0.09242876969507272, 0.0964849143330829, 0.10252162898264977, 0.10536140295783973, 0.10786800236273936, 0.1126360882329336, 0.12164944886266477, 0.12716210677146006, 0.129515904121751, 0.1318808436232738, 0.13429575272009833, 0.13798360020425188, 0.14110388239366445, 0.14649790979493432, 0.14999442539268143, 0.15656167192677883, 0.16233909951141634, 0.16883098901119584, 0.17295066350205682, 0.1736891055415112, 0.17890724211127984, 0.1822572771243868, 0.18754815164795005, 0.19027474856056845, 0.19782461670511692, 0.201742190627618, 0.2031655266397651, 0.20751608487544984, 0.20968933725159758, 0.22079882351860222, 0.2264179508039598, 0.2325147999387277, 0.23816861703619369, 0.24627279597464488, 0.2513624698682905, 0.25221357689202206, 0.2611238231789587, 0.2611238231789587, 0.2667758298681965, 0.2698349219860156, 0.27250126983447914, 0.2760711814803802, 0.2868699716273783, 0.29686643185837075, 0.29686643185837075, 0.3001638014377688, 0.3001638014377688, 0.3083604254461215, 0.309442583262142, 0.309442583262142, 0.3178337627779897, 0.3178337627779897, 0.3178337627779897, 0.3178337627779897, 0.3178337627779897, 0.3178337627779897, 0.3178337627779897, 0.3284274116264372, 0.3284274116264372, 0.33385744581178495, 0.33902831512333587, 0.33902831512333587, 0.33902831512333587, 0.33902831512333587, 0.33902831512333587, 0.33902831512333587, 0.3458719261070465, 0.3458719261070465, 0.3458719261070465, 0.3667667613216432, 0.3667667613216432, 0.3667667613216432, 0.3716702227113181, 0.3716702227113181, 0.3716702227113181, 0.3716702227113181, 0.3716702227113181, 0.3824027358724496, 0.3824027358724496, 0.3824027358724496, 0.3824027358724496, 0.3824027358724496, 0.3824027358724496, 0.3824027358724496, 0.3824027358724496, 0.3824027358724496, 0.3824027358724496, 0.3824027358724496, 0.3824027358724496]
Training raw path: /home/anhnd/DTI Project/Codes/MPNN/data/KFold/ATCInchikeySideEffectByDrug.txt_train_9
('Number of substructures, proteins, pathways, drugs, se: ', 888, 1448, 330, 969, 598)
Train: 0.7599 0.4568
Test: 0.7438 0.4310
[0.5292414710879578, 0.5305802972610445, 0.5454087837742827, 0.5491754632431673, 0.55554448429022, 0.561863323795402, 0.5732015728244041, 0.5846810844103685, 0.5929994555375544, 0.5987709325632055, 0.6016549568353402, 0.6072765550254915, 0.6184170990847487, 0.6243737369287328, 0.6275658747287913, 0.6316127034505101, 0.6332858087531986, 0.6364156606631437, 0.6383260263444663, 0.643955294152402, 0.6479172067005319, 0.6526911307653906, 0.6576308270513767, 0.6619635753705883, 0.6650779245010539, 0.6659956172073066, 0.6692768359536769, 0.6720084429927085, 0.6749460730116019, 0.6770381050499367, 0.6814018207219793, 0.6832353206252932, 0.6839773021673379, 0.6856888131681101, 0.6868171786338687, 0.691129049218541, 0.6933909897428253, 0.6973223796432599, 0.6999110443204293, 0.7036653469533825, 0.7056510448750216, 0.7062441380453777, 0.7094263261282299, 0.7094263261282299, 0.7113737870503122, 0.7122084400974307, 0.7143113346769204, 0.7151873093119125, 0.71881829937248, 0.7215200524971745, 0.7215200524971745, 0.7224505938994875, 0.7224505938994875, 0.7248273724376635, 0.7259757965621909, 0.7259757965621909, 0.7282530739655536, 0.7282530739655536, 0.7282530739655536, 0.7282530739655536, 0.7282530739655536, 0.7282530739655536, 0.7282530739655536, 0.7309745287909398, 0.7309745287909398, 0.7323926807520551, 0.7338700276159069, 0.7338700276159069, 0.7338700276159069, 0.7338700276159069, 0.7338700276159069, 0.7338700276159069, 0.7353805612986904, 0.7353805612986904, 0.7353805612986904, 0.7402217656775278, 0.7402217656775278, 0.7402217656775278, 0.7419719403093062, 0.7419719403093062, 0.7419719403093062, 0.7419719403093062, 0.7419719403093062, 0.7437892568449945, 0.7437892568449945, 0.7437892568449945, 0.7437892568449945, 0.7437892568449945, 0.7437892568449945, 0.7437892568449945, 0.7437892568449945, 0.7437892568449945, 0.7437892568449945, 0.7437892568449945, 0.7437892568449945]
[0.07664582477994174, 0.08362649218389345, 0.09432926116011882, 0.103571321076489, 0.10840304926901465, 0.11195770333466663, 0.12091174759011908, 0.12999542556798854, 0.13736241388022546, 0.1437763272638537, 0.14668298950094863, 0.15266002939884865, 0.16773759019198253, 0.1751749338448298, 0.1795844268211328, 0.1844416711731393, 0.18804528683891372, 0.19230712854615176, 0.19498005015489459, 0.20263476635172983, 0.20784932651420734, 0.21683067273750814, 0.22451034201766024, 0.23190271022534148, 0.2368776231174477, 0.23817941403514883, 0.2436001002225597, 0.24789415025444553, 0.25312987586961483, 0.2574718741885513, 0.2649079895379194, 0.2677018747601364, 0.26916513653618296, 0.27182688837223845, 0.2741849667105954, 0.283438119392143, 0.2880794581300571, 0.29690368177093374, 0.3023884707572379, 0.3103344115596198, 0.3149620891631799, 0.3162130402571935, 0.32367575573212887, 0.32367575573212887, 0.3290148542769815, 0.33104614471182947, 0.3359680820377636, 0.3378361666653786, 0.3472968909799896, 0.35401138579255825, 0.35401138579255825, 0.3565624062032531, 0.3565624062032531, 0.36374829157455485, 0.3667081214440993, 0.3667081214440993, 0.37457484055082824, 0.37457484055082824, 0.37457484055082824, 0.37457484055082824, 0.37457484055082824, 0.37457484055082824, 0.37457484055082824, 0.3834531932910067, 0.3834531932910067, 0.38880553633106313, 0.3936668265394204, 0.3936668265394204, 0.3936668265394204, 0.3936668265394204, 0.3936668265394204, 0.3936668265394204, 0.39882766678536186, 0.39882766678536186, 0.39882766678536186, 0.417670404989326, 0.417670404989326, 0.417670404989326, 0.42392063961051524, 0.42392063961051524, 0.42392063961051524, 0.42392063961051524, 0.42392063961051524, 0.4309686709242619, 0.4309686709242619, 0.4309686709242619, 0.4309686709242619, 0.4309686709242619, 0.4309686709242619, 0.4309686709242619, 0.4309686709242619, 0.4309686709242619, 0.4309686709242619, 0.4309686709242619, 0.4309686709242619]
AUC: 0.7309 0.0043
AUPR: 0.4216 0.0098
('RARE AUC', [(0.510582244169421, 0.00442780814977408), (0.5151504955523107, 0.003962013130178092), (0.5209797390076918, 0.005117896507532109), (0.526090562897402, 0.004345885953907062), (0.5305890818797492, 0.004826269665874339), (0.5386565635815264, 0.004961251008044403), (0.5472293172580591, 0.005541996926410859), (0.5557222330988488, 0.005876337367387733), (0.5616103985657799, 0.006074499794916092), (0.5652591352013611, 0.006451534171411822), (0.5680360304575819, 0.0067671168806184975), (0.5730938175915845, 0.006731318686203808), (0.5842211685573517, 0.006630872879104411), (0.5898817020749736, 0.006871678837563851), (0.5918431292422681, 0.006960373529358186), (0.5952442772069871, 0.006946538818790927), (0.5985996347584482, 0.006791185290881449), (0.6026002764643126, 0.006650271863030505), (0.6043444760769656, 0.006901471548990812), (0.6116241959903347, 0.006547749296185807), (0.6164827753864157, 0.006471228497288917), (0.6216475585787451, 0.0064400749347368795), (0.6270709394561448, 0.006365996734118459), (0.6313708354361633, 0.006442662560996552), (0.6351514140858445, 0.006283161858086933), (0.6360391103847133, 0.006268536482472106), (0.6405208047361304, 0.006131324595443077), (0.6439883497096017, 0.006007966122604257), (0.6475920189347726, 0.005957405205510235), (0.6494909299992261, 0.0058765346813228515), (0.654653081593638, 0.005860880893758617), (0.656953120116034, 0.005866042883563122), (0.6579537494000063, 0.005848223701327057), (0.6599720620420009, 0.005735558743582497), (0.6611103034299892, 0.005700243540807863), (0.6675182627415134, 0.005376460539778318), (0.670636900831347, 0.005329543595552824), (0.6748678538996095, 0.005204781253061491), (0.6779664155033529, 0.005114149120948308), (0.6822465091614445, 0.005018704453654937), (0.684251734683902, 0.004958860558754283), (0.6853449078115839, 0.004944368920156359), (0.6890056109330196, 0.004964253354205128), (0.6890056109330196, 0.004964253354205128), (0.6913509746802544, 0.004940347736354681), (0.6925081746847779, 0.004908912124529355), (0.6948279526105494, 0.004910435402482238), (0.6961345475962352, 0.004899798226338569), (0.7011306327212683, 0.004790948233720516), (0.7047155304826209, 0.0047079343492277366), (0.7047155304826209, 0.0047079343492277366), (0.7055845198320689, 0.00478121119748852), (0.7055845198320689, 0.00478121119748852), (0.7083190730998481, 0.004732665673789148), (0.7095335939362502, 0.004743889738465277), (0.7095335939362502, 0.004743889738465277), (0.7122999916536756, 0.0046811068927258125), (0.7122999916536756, 0.0046811068927258125), (0.7122999916536756, 0.0046811068927258125), (0.7122999916536756, 0.0046811068927258125), (0.7122999916536756, 0.0046811068927258125), (0.7122999916536756, 0.0046811068927258125), (0.7122999916536756, 0.0046811068927258125), (0.7155759451261742, 0.004625856365268521), (0.7155759451261742, 0.004625856365268521), (0.7172147759921608, 0.004604439777194928), (0.7189583265498062, 0.004558052978224453), (0.7189583265498062, 0.004558052978224453), (0.7189583265498062, 0.004558052978224453), (0.7189583265498062, 0.004558052978224453), (0.7189583265498062, 0.004558052978224453), (0.7189583265498062, 0.004558052978224453), (0.7208825471967165, 0.0045036524337063255), (0.7208825471967165, 0.0045036524337063255), (0.7208825471967165, 0.0045036524337063255), (0.7267629039263473, 0.004385703358593074), (0.7267629039263473, 0.004385703358593074), (0.7267629039263473, 0.004385703358593074), (0.7287472797322876, 0.00434617646667702), (0.7287472797322876, 0.00434617646667702), (0.7287472797322876, 0.00434617646667702), (0.7287472797322876, 0.00434617646667702), (0.7287472797322876, 0.00434617646667702), (0.7309258022557036, 0.004303195338661939), (0.7309258022557036, 0.004303195338661939), (0.7309258022557036, 0.004303195338661939), (0.7309258022557036, 0.004303195338661939), (0.7309258022557036, 0.004303195338661939), (0.7309258022557036, 0.004303195338661939), (0.7309258022557036, 0.004303195338661939), (0.7309258022557036, 0.004303195338661939), (0.7309258022557036, 0.004303195338661939), (0.7309258022557036, 0.004303195338661939), (0.7309258022557036, 0.004303195338661939), (0.7309258022557036, 0.004303195338661939)])
('RARE AUPR', [(0.06792296599717268, 0.005003653230718343), (0.07274308715985456, 0.004973676023484927), (0.0779760994066066, 0.00532633250947084), (0.08551287195697169, 0.005068093854917986), (0.0907023411927256, 0.005286653180231723), (0.09617748415807328, 0.005354264449417869), (0.10394148169599511, 0.0054331092973568165), (0.11125041737252661, 0.005722192807258117), (0.11676803990217047, 0.00581223823920302), (0.1212335048166541, 0.005972954055500724), (0.1246774484598322, 0.006037716864651783), (0.12978044768704217, 0.006081980091387386), (0.14109723535320043, 0.00631291263410519), (0.14775138136546886, 0.00651941291126085), (0.15017646507516963, 0.006537067933591422), (0.15416718993835232, 0.006632112630312523), (0.15776928952635222, 0.006768764482809933), (0.16260827292665428, 0.006756142985605478), (0.16539416997361692, 0.006787809052887299), (0.17442314049330584, 0.006903977950116083), (0.18038242862800008, 0.0070165528022363005), (0.18737308151950444, 0.007119878411743132), (0.1946173723068917, 0.007337064620439386), (0.20118926270605395, 0.007634121123097962), (0.20586563636796423, 0.007722111954218972), (0.2070104520925006, 0.007757840479262134), (0.21321322192546566, 0.007894736276895548), (0.21809633827982586, 0.00793678363349874), (0.22366587319603468, 0.008034744538156065), (0.2265998257966489, 0.008033905467275202), (0.2350290170393053, 0.008230819469364244), (0.23859950305006827, 0.008308509890048015), (0.24023143540260739, 0.008393863649787003), (0.24370022283103668, 0.008349857640079061), (0.24563225990388066, 0.008364919904469336), (0.2573703318026961, 0.008285882242084555), (0.2633227497328255, 0.008562586778702131), (0.2716029833593217, 0.0085566802379393), (0.27755724401983406, 0.008642562810879495), (0.2862271577272434, 0.008736245426743491), (0.29001228091290526, 0.008762841231335443), (0.29215103995073544, 0.008912456588252493), (0.3002083597972509, 0.008877902227054693), (0.3002083597972509, 0.008877902227054693), (0.30612724791611773, 0.008832394677099616), (0.3085915528363392, 0.008859583743425572), (0.31412903222511324, 0.009099420447327467), (0.31748178606719824, 0.009146676641989877), (0.3298333025407917, 0.009080174697987825), (0.33833972607599894, 0.009106039470417649), (0.33833972607599894, 0.009106039470417649), (0.34058963971545525, 0.00926817273957752), (0.34058963971545525, 0.00926817273957752), (0.34771216270351085, 0.009185901100988063), (0.35040420222800406, 0.009396034241338577), (0.35040420222800406, 0.009396034241338577), (0.3577429205638184, 0.009332990745359327), (0.3577429205638184, 0.009332990745359327), (0.3577429205638184, 0.009332990745359327), (0.3577429205638184, 0.009332990745359327), (0.3577429205638184, 0.009332990745359327), (0.3577429205638184, 0.009332990745359327), (0.3577429205638184, 0.009332990745359327), (0.36778260873678265, 0.0094333846612814), (0.36778260873678265, 0.0094333846612814), (0.3727976714771168, 0.00962494788230506), (0.3787464044496126, 0.009496375973832162), (0.3787464044496126, 0.009496375973832162), (0.3787464044496126, 0.009496375973832162), (0.3787464044496126, 0.009496375973832162), (0.3787464044496126, 0.009496375973832162), (0.3787464044496126, 0.009496375973832162), (0.38537369488947265, 0.009651004168671979), (0.38537369488947265, 0.009651004168671979), (0.38537369488947265, 0.009651004168671979), (0.4063390656869461, 0.009623248188052356), (0.4063390656869461, 0.009623248188052356), (0.4063390656869461, 0.009623248188052356), (0.41337109226908597, 0.009844078044602142), (0.41337109226908597, 0.009844078044602142), (0.41337109226908597, 0.009844078044602142), (0.41337109226908597, 0.009844078044602142), (0.41337109226908597, 0.009844078044602142), (0.4215881698350167, 0.009825646565924764), (0.4215881698350167, 0.009825646565924764), (0.4215881698350167, 0.009825646565924764), (0.4215881698350167, 0.009825646565924764), (0.4215881698350167, 0.009825646565924764), (0.4215881698350167, 0.009825646565924764), (0.4215881698350167, 0.009825646565924764), (0.4215881698350167, 0.009825646565924764), (0.4215881698350167, 0.009825646565924764), (0.4215881698350167, 0.009825646565924764), (0.4215881698350167, 0.009825646565924764), (0.4215881698350167, 0.009825646565924764)])
