SCCA: 10 
<models.baselines.sccar.SCCAR object at 0x7f9022403a10>
('Manual torch seed: ', 443181909)
Training raw path: /home/anhnd/DTI Project/Codes/MPNN/data/KFold/ATCInchikeySideEffectByDrug.txt_train_0
('Number of substructures, proteins, pathways, drugs, se: ', 2936, 1448, 330, 969, 598)
((872, 1448), (97, 1448), (872, 598), (97, 598))
Train: 0.7238 0.4205
Test: 0.6624 0.3608
[0.6214155591157644, 0.6299203287086929, 0.6318846485399907, 0.6253654834304979, 0.6213770285821649, 0.61996862641361, 0.6174056910261525, 0.6152880689632156, 0.6146828429896045, 0.6160302050521245, 0.6143926933416223, 0.6164336960343806, 0.6187665451872425, 0.6201255606012058, 0.6198724985293809, 0.620345104180182, 0.6207701019963087, 0.6210279762692426, 0.6202012843288864, 0.6202449507092378, 0.6222502875111107, 0.6225609742073555, 0.6243512182276703, 0.6265699567670009, 0.6273541899973474, 0.6274348351972455, 0.6285068917631711, 0.6306118372759342, 0.6316662686316903, 0.6316454631376095, 0.6325493189439637, 0.6324880625107696, 0.6322026712261248, 0.6334394165285497, 0.634085261538926, 0.6369247490649919, 0.6378927714565827, 0.639112819645129, 0.6399403069751679, 0.6419201720970757, 0.6426018968416926, 0.6432346105155998, 0.6437620991625634, 0.6437620991625634, 0.6453138435639958, 0.6456612859884353, 0.6466199079306119, 0.6469199733660982, 0.6495007266249748, 0.6509276014002553, 0.6509276014002553, 0.6508181578883985, 0.6508181578883985, 0.652395446235883, 0.6528251512294608, 0.6528251512294608, 0.6538083900898468, 0.6538083900898468, 0.6538083900898468, 0.6538083900898468, 0.6538083900898468, 0.6538083900898468, 0.6538083900898468, 0.6554956334801747, 0.6554956334801747, 0.6563690587844893, 0.6571348318280663, 0.6571348318280663, 0.6571348318280663, 0.6571348318280663, 0.6571348318280663, 0.6571348318280663, 0.657992592907755, 0.657992592907755, 0.657992592907755, 0.6606738540796366, 0.6606738540796366, 0.6606738540796366, 0.6616017407982179, 0.6616017407982179, 0.6616017407982179, 0.6616017407982179, 0.6616017407982179, 0.6624490656464227, 0.6624490656464227, 0.6624490656464227, 0.6624490656464227, 0.6624490656464227, 0.6624490656464227, 0.6624490656464227, 0.6624490656464227, 0.6624490656464227, 0.6624490656464227, 0.6624490656464227, 0.6624490656464227]
[0.14417848271895245, 0.1568203472977326, 0.1696471588073708, 0.16796593527111767, 0.1679986425829766, 0.17221522375170453, 0.1722985639071729, 0.17476753244193272, 0.17738187910716838, 0.18320592828695045, 0.18444190585515388, 0.18787386954999052, 0.19675947122127813, 0.20195247785243126, 0.20430991698827297, 0.20738230872622693, 0.20907515703626714, 0.21142549542371475, 0.21223111995555988, 0.21662583344606834, 0.22273096438374562, 0.22607487430727416, 0.2307040308784973, 0.23716110714532196, 0.2400657317377531, 0.24053543627250396, 0.24377077183132748, 0.24770440653625556, 0.252082268685076, 0.25285148620282233, 0.25736550960446913, 0.2591771846598373, 0.2599351855743326, 0.2636888596538064, 0.26509705461326455, 0.27322698340979135, 0.27637554338375975, 0.2809645901320679, 0.2846221828226115, 0.289995878791187, 0.29244896000987375, 0.2935563012410112, 0.29800990992480314, 0.29800990992480314, 0.3024466630750876, 0.30419363972554303, 0.30724116841928956, 0.30838004073021297, 0.3154532160935357, 0.32057809091583445, 0.32057809091583445, 0.32157979530059083, 0.32157979530059083, 0.32618208203763055, 0.3275615630807097, 0.3275615630807097, 0.33107740407323316, 0.33107740407323316, 0.33107740407323316, 0.33107740407323316, 0.33107740407323316, 0.33107740407323316, 0.33107740407323316, 0.33651435656435, 0.33651435656435, 0.33882787288983524, 0.3414563531997281, 0.3414563531997281, 0.3414563531997281, 0.3414563531997281, 0.3414563531997281, 0.3414563531997281, 0.3442422225423467, 0.3442422225423467, 0.3442422225423467, 0.3539770097286216, 0.3539770097286216, 0.3539770097286216, 0.35740634066089805, 0.35740634066089805, 0.35740634066089805, 0.35740634066089805, 0.35740634066089805, 0.3608428483232423, 0.3608428483232423, 0.3608428483232423, 0.3608428483232423, 0.3608428483232423, 0.3608428483232423, 0.3608428483232423, 0.3608428483232423, 0.3608428483232423, 0.3608428483232423, 0.3608428483232423, 0.3608428483232423]
Training raw path: /home/anhnd/DTI Project/Codes/MPNN/data/KFold/ATCInchikeySideEffectByDrug.txt_train_1
('Number of substructures, proteins, pathways, drugs, se: ', 2936, 1448, 330, 969, 598)
((872, 1448), (97, 1448), (872, 598), (97, 598))
Train: 0.7156 0.4123
Test: 0.6640 0.3393
[0.5995422662620978, 0.5939147900782136, 0.590568184897174, 0.5977764834365684, 0.5992411313306529, 0.599286335292625, 0.5984819088890185, 0.6012973730748166, 0.6062290882735961, 0.6082386558748033, 0.608022588982959, 0.6080997582955323, 0.611771071803513, 0.6131169644641399, 0.6141816444961951, 0.6159726266579826, 0.6170372431362796, 0.6166563059917292, 0.6163943776460777, 0.6182102480792713, 0.6197844325804439, 0.6204693757953766, 0.6206707456571758, 0.6222866441438848, 0.622480414587245, 0.6228379695998539, 0.6237895286502835, 0.6239399866157889, 0.6265097398422113, 0.6272842262388939, 0.6292174192874693, 0.6300140879352598, 0.6306107432358998, 0.6311309942143994, 0.6314681024822684, 0.6346777479674239, 0.6352737539759494, 0.6367901796481965, 0.6387749708115472, 0.6408961553352926, 0.6411058584289828, 0.6417930607140382, 0.6422509343084772, 0.6422509343084772, 0.6433149418472736, 0.6438597483410082, 0.6454901933532204, 0.6463084844320758, 0.6493315637888092, 0.6514499317850567, 0.6514499317850567, 0.6512504125949201, 0.6512504125949201, 0.6530506173793473, 0.6537918114063206, 0.6537918114063206, 0.6555975101036545, 0.6555975101036545, 0.6555975101036545, 0.6555975101036545, 0.6555975101036545, 0.6555975101036545, 0.6555975101036545, 0.6570335450743796, 0.6570335450743796, 0.6576480798442104, 0.6585932822661731, 0.6585932822661731, 0.6585932822661731, 0.6585932822661731, 0.6585932822661731, 0.6585932822661731, 0.6594816131178942, 0.6594816131178942, 0.6594816131178942, 0.6622364973704262, 0.6622364973704262, 0.6622364973704262, 0.6630127296079467, 0.6630127296079467, 0.6630127296079467, 0.6630127296079467, 0.6630127296079467, 0.6640121383391582, 0.6640121383391582, 0.6640121383391582, 0.6640121383391582, 0.6640121383391582, 0.6640121383391582, 0.6640121383391582, 0.6640121383391582, 0.6640121383391582, 0.6640121383391582, 0.6640121383391582, 0.6640121383391582]
[0.09970972809965857, 0.09962595132647481, 0.10115021782868511, 0.10831167768835698, 0.11807903636590109, 0.12017887347282108, 0.124918030076561, 0.13025020108510701, 0.13760636437409968, 0.14254537358641556, 0.14377507959121466, 0.14698298333404688, 0.1555390196078197, 0.16117317467377235, 0.16444874434807216, 0.17083460742322334, 0.1733029854016081, 0.1764135463233968, 0.1774381771825959, 0.1828946901944498, 0.18868471449006427, 0.1932721593672057, 0.19670948374557357, 0.2026077517579027, 0.2048486292858137, 0.2055241224362771, 0.20827654489913813, 0.21183427455248094, 0.21868666123616948, 0.22067349110013856, 0.22687229528233546, 0.22968234965516526, 0.23153879259083196, 0.23555131300158694, 0.23634120986173426, 0.24415723888416474, 0.2474421605166579, 0.2528783808677665, 0.25759664281781613, 0.26412137455352847, 0.2660946332468889, 0.26761046121916443, 0.2728384514933544, 0.2728384514933544, 0.27502871216649594, 0.2770768556899014, 0.28073527581832136, 0.2827504776028052, 0.2896432365631102, 0.2962208620423117, 0.2962208620423117, 0.2973811982257675, 0.2973811982257675, 0.30147344414463656, 0.3034347945833733, 0.3034347945833733, 0.30820337852008484, 0.30820337852008484, 0.30820337852008484, 0.30820337852008484, 0.30820337852008484, 0.30820337852008484, 0.30820337852008484, 0.3134072357205436, 0.3134072357205436, 0.31545137118352135, 0.3179534152285154, 0.3179534152285154, 0.3179534152285154, 0.3179534152285154, 0.3179534152285154, 0.3179534152285154, 0.3214720340754893, 0.3214720340754893, 0.3214720340754893, 0.3316988041301812, 0.3316988041301812, 0.3316988041301812, 0.33564920020158284, 0.33564920020158284, 0.33564920020158284, 0.33564920020158284, 0.33564920020158284, 0.33931990650653776, 0.33931990650653776, 0.33931990650653776, 0.33931990650653776, 0.33931990650653776, 0.33931990650653776, 0.33931990650653776, 0.33931990650653776, 0.33931990650653776, 0.33931990650653776, 0.33931990650653776, 0.33931990650653776]
Training raw path: /home/anhnd/DTI Project/Codes/MPNN/data/KFold/ATCInchikeySideEffectByDrug.txt_train_2
('Number of substructures, proteins, pathways, drugs, se: ', 2936, 1448, 330, 969, 598)
((872, 1448), (97, 1448), (872, 598), (97, 598))
Train: 0.7141 0.4039
Test: 0.7070 0.4457
[0.6329641303801288, 0.6353304100066756, 0.642193033530162, 0.6416554688402679, 0.6460266404900814, 0.642159962150331, 0.6425367123948105, 0.6470224438035147, 0.6473244582242761, 0.6483356880811908, 0.651375853958065, 0.6519275594970206, 0.6527212850824988, 0.6537717455847123, 0.654002316941085, 0.6557392671671998, 0.6562933428627079, 0.6567499437561646, 0.6564793692227165, 0.6586074756415722, 0.6595379738784646, 0.661877900019628, 0.6640590864563283, 0.6662404759824904, 0.6681462077918081, 0.6685856439689406, 0.6698357908384069, 0.6716862491939529, 0.672547030257566, 0.6732291540033313, 0.6750327158026737, 0.6757906798838514, 0.6756353279459699, 0.6762234543301743, 0.6766721153325439, 0.680213621053771, 0.6810945492768281, 0.6833045252147942, 0.6849213338063398, 0.6865508144491748, 0.6874848670513998, 0.6880147962628448, 0.6895578956199497, 0.6895578956199497, 0.690126061791284, 0.6903663140588412, 0.6913714945309901, 0.6919102807144614, 0.6944673279933219, 0.6956560934248055, 0.6956560934248055, 0.6959142051937387, 0.6959142051937387, 0.6972148058199679, 0.6977706358254514, 0.6977706358254514, 0.698478290542465, 0.698478290542465, 0.698478290542465, 0.698478290542465, 0.698478290542465, 0.698478290542465, 0.698478290542465, 0.7001257100701953, 0.7001257100701953, 0.7008405561928595, 0.7016435450841295, 0.7016435450841295, 0.7016435450841295, 0.7016435450841295, 0.7016435450841295, 0.7016435450841295, 0.7026518596618878, 0.7026518596618878, 0.7026518596618878, 0.7052975613549428, 0.7052975613549428, 0.7052975613549428, 0.7061618692522987, 0.7061618692522987, 0.7061618692522987, 0.7061618692522987, 0.7061618692522987, 0.7070345441153163, 0.7070345441153163, 0.7070345441153163, 0.7070345441153163, 0.7070345441153163, 0.7070345441153163, 0.7070345441153163, 0.7070345441153163, 0.7070345441153163, 0.7070345441153163, 0.7070345441153163, 0.7070345441153163]
[0.17579070741097177, 0.18866561902420137, 0.2007342932329607, 0.1989371441946241, 0.20714202789011524, 0.2074287329534128, 0.2143614144985039, 0.2221281628754272, 0.2257549042462442, 0.23286984699424362, 0.2370723586065742, 0.2423128879160112, 0.2487758668020869, 0.2541031013599891, 0.255561723186426, 0.2612450510515384, 0.26533176674198267, 0.26858738710548147, 0.27003357164015107, 0.2766440739295605, 0.28276402113055576, 0.2887086840317301, 0.2958297735595182, 0.30327699022743615, 0.30842644125423224, 0.30951753465986226, 0.31450898118274306, 0.32045677825417307, 0.32528686202753143, 0.32687524685763675, 0.3324801679005443, 0.33605278447352127, 0.33712945085858903, 0.33958969592982274, 0.3407285002705386, 0.3497982418933486, 0.3544942596345968, 0.35985570169903913, 0.36561122221428666, 0.37199029009508583, 0.37461356513551514, 0.3762485826599152, 0.38100990110442345, 0.38100990110442345, 0.38391239348431294, 0.38512442957294957, 0.3885648576001939, 0.39035467078783387, 0.39798580930679783, 0.4029066766543807, 0.4029066766543807, 0.404732233469944, 0.404732233469944, 0.40894916172317775, 0.4110683012409019, 0.4110683012409019, 0.41449651104593743, 0.41449651104593743, 0.41449651104593743, 0.41449651104593743, 0.41449651104593743, 0.41449651104593743, 0.41449651104593743, 0.4199252789487713, 0.4199252789487713, 0.42305555994073835, 0.4258397454534722, 0.4258397454534722, 0.4258397454534722, 0.4258397454534722, 0.4258397454534722, 0.4258397454534722, 0.4293927613010242, 0.4293927613010242, 0.4293927613010242, 0.43900960898704805, 0.43900960898704805, 0.43900960898704805, 0.44254254894219, 0.44254254894219, 0.44254254894219, 0.44254254894219, 0.44254254894219, 0.44573622962786097, 0.44573622962786097, 0.44573622962786097, 0.44573622962786097, 0.44573622962786097, 0.44573622962786097, 0.44573622962786097, 0.44573622962786097, 0.44573622962786097, 0.44573622962786097, 0.44573622962786097, 0.44573622962786097]
Training raw path: /home/anhnd/DTI Project/Codes/MPNN/data/KFold/ATCInchikeySideEffectByDrug.txt_train_3
('Number of substructures, proteins, pathways, drugs, se: ', 2936, 1448, 330, 969, 598)
((872, 1448), (97, 1448), (872, 598), (97, 598))
Train: 0.7202 0.4177
Test: 0.6905 0.3965
[0.6462630035812411, 0.6629998442914338, 0.6542880408128904, 0.6535755301519622, 0.6524731450551242, 0.6484878064850369, 0.6451039065514628, 0.6471470537484237, 0.6507515065733236, 0.6524464295689375, 0.6524206565025379, 0.6504615837597031, 0.6483674788739818, 0.649417946334459, 0.6496641907762094, 0.6512232543375733, 0.6510647854739282, 0.6515958912867121, 0.6518080703878886, 0.6536983084545244, 0.6543036934403291, 0.6563451248003851, 0.6567089015509529, 0.6573931966315699, 0.6574437823807269, 0.6577169492633534, 0.6579620816102774, 0.6593079524693874, 0.6601221953321519, 0.6608158338501102, 0.6621593258260686, 0.6622414242921048, 0.6625537189994667, 0.6630748615647268, 0.6634503423689045, 0.6656402269144635, 0.666227607668956, 0.6673886725538696, 0.6686324535092805, 0.6702763072929636, 0.6707800065544031, 0.671578535210008, 0.6725438060807343, 0.6725438060807343, 0.6734913417546712, 0.6736706896346892, 0.6748631640695252, 0.6755684152391277, 0.677914334253185, 0.6793874885971853, 0.6793874885971853, 0.6792387736130473, 0.6792387736130473, 0.6802936387527072, 0.6810101293363472, 0.6810101293363472, 0.6816674183089324, 0.6816674183089324, 0.6816674183089324, 0.6816674183089324, 0.6816674183089324, 0.6816674183089324, 0.6816674183089324, 0.6829260250525084, 0.6829260250525084, 0.6837161669311079, 0.6846154189919871, 0.6846154189919871, 0.6846154189919871, 0.6846154189919871, 0.6846154189919871, 0.6846154189919871, 0.6857535203346714, 0.6857535203346714, 0.6857535203346714, 0.6883450325464923, 0.6883450325464923, 0.6883450325464923, 0.6894123292290076, 0.6894123292290076, 0.6894123292290076, 0.6894123292290076, 0.6894123292290076, 0.6905025430994172, 0.6905025430994172, 0.6905025430994172, 0.6905025430994172, 0.6905025430994172, 0.6905025430994172, 0.6905025430994172, 0.6905025430994172, 0.6905025430994172, 0.6905025430994172, 0.6905025430994172, 0.6905025430994172]
[0.170799285202025, 0.20068674044116735, 0.1967944419334483, 0.20242549745090568, 0.20521000860785593, 0.20737218016919512, 0.21388963400353486, 0.21852724066005952, 0.22399160068404325, 0.2305136472113487, 0.23219676051973226, 0.23303744245522567, 0.23744560657119482, 0.24385442448245578, 0.24501582976860198, 0.25098494675108474, 0.25310261378591514, 0.25610913598788315, 0.2582220117818311, 0.26198054509190205, 0.2670441850334363, 0.2719993874502685, 0.2760335582876903, 0.2805449319744793, 0.2812637899713485, 0.28202444043591285, 0.2860029011676745, 0.28904010282143616, 0.29333345846842546, 0.2947971902891219, 0.30016578964606516, 0.30187284430060424, 0.3023921082765268, 0.30554809131061444, 0.3062057982489462, 0.3131717241107524, 0.3174215268013904, 0.32046991795433044, 0.32449185272683106, 0.33019293850236237, 0.33189214502544384, 0.33370563680771076, 0.33953005710802925, 0.33953005710802925, 0.3417549578343884, 0.34354776869458736, 0.34610216246561215, 0.3485927270680419, 0.3552702701184453, 0.36101611461530947, 0.36101611461530947, 0.36183675797341047, 0.36183675797341047, 0.36519775136074684, 0.3669419661697667, 0.3669419661697667, 0.3705735167243474, 0.3705735167243474, 0.3705735167243474, 0.3705735167243474, 0.3705735167243474, 0.3705735167243474, 0.3705735167243474, 0.3744847642895344, 0.3744847642895344, 0.3764087419772158, 0.37865027224370695, 0.37865027224370695, 0.37865027224370695, 0.37865027224370695, 0.37865027224370695, 0.37865027224370695, 0.381817607265884, 0.381817607265884, 0.381817607265884, 0.3902530884586903, 0.3902530884586903, 0.3902530884586903, 0.3934705997723099, 0.3934705997723099, 0.3934705997723099, 0.3934705997723099, 0.3934705997723099, 0.39652333792568945, 0.39652333792568945, 0.39652333792568945, 0.39652333792568945, 0.39652333792568945, 0.39652333792568945, 0.39652333792568945, 0.39652333792568945, 0.39652333792568945, 0.39652333792568945, 0.39652333792568945, 0.39652333792568945]
Training raw path: /home/anhnd/DTI Project/Codes/MPNN/data/KFold/ATCInchikeySideEffectByDrug.txt_train_4
('Number of substructures, proteins, pathways, drugs, se: ', 2936, 1448, 330, 969, 598)
((872, 1448), (97, 1448), (872, 598), (97, 598))
Train: 0.7134 0.4119
Test: 0.6941 0.3559
[0.6284162185744215, 0.6315191628813968, 0.6290807125726336, 0.6421920419072714, 0.6352075821123594, 0.6364671302150193, 0.6337018381563991, 0.6388104000958613, 0.6403246438821868, 0.6416798538055764, 0.6410857931300903, 0.644256945820824, 0.649794459604601, 0.6531824896947257, 0.6537772566493925, 0.654972643417531, 0.6567142726756632, 0.6573621873634334, 0.6574511190212649, 0.6601088780857024, 0.6616122244241702, 0.663428678850926, 0.6652920988170151, 0.6660282903274148, 0.6671654776037754, 0.6672057044277075, 0.6683747225724923, 0.6695319680617391, 0.6708448941230496, 0.6717971380273693, 0.6729163940485946, 0.6728289913176067, 0.6721343977834262, 0.6733251182454447, 0.6736262303997343, 0.6752617267895545, 0.6759897387348259, 0.676729866473818, 0.6770394360106977, 0.6773903560916907, 0.6780338395527471, 0.678406331919643, 0.6800898814434169, 0.6800898814434169, 0.6803871339616197, 0.6806676684969395, 0.6814875230870377, 0.6823090336786977, 0.6830278381155755, 0.684023195098802, 0.684023195098802, 0.6838945578111382, 0.6838945578111382, 0.6844808681264624, 0.6849660957186132, 0.6849660957186132, 0.6860105082311259, 0.6860105082311259, 0.6860105082311259, 0.6860105082311259, 0.6860105082311259, 0.6860105082311259, 0.6860105082311259, 0.6873414835022749, 0.6873414835022749, 0.6879482907603562, 0.6888911339512919, 0.6888911339512919, 0.6888911339512919, 0.6888911339512919, 0.6888911339512919, 0.6888911339512919, 0.6899016893466372, 0.6899016893466372, 0.6899016893466372, 0.6925673910521466, 0.6925673910521466, 0.6925673910521466, 0.6933058584484282, 0.6933058584484282, 0.6933058584484282, 0.6933058584484282, 0.6933058584484282, 0.6940538823840475, 0.6940538823840475, 0.6940538823840475, 0.6940538823840475, 0.6940538823840475, 0.6940538823840475, 0.6940538823840475, 0.6940538823840475, 0.6940538823840475, 0.6940538823840475, 0.6940538823840475, 0.6940538823840475]
[0.08969094617466308, 0.09620774236689852, 0.10006389425162712, 0.11238385503076631, 0.111984734695562, 0.11778893171280955, 0.12444946278283298, 0.1348223321486337, 0.13972495045248212, 0.14658514796727223, 0.14914551774025955, 0.1536993966227388, 0.16899901337368442, 0.17722832193551752, 0.1785819812822686, 0.18184775358557234, 0.18643743026334186, 0.19033798798077, 0.19351870076152472, 0.20070835758662067, 0.20504050253613626, 0.21032103898265359, 0.21479771885054466, 0.21914882241751624, 0.22230672849086303, 0.22290730211727472, 0.22849137789716517, 0.2323263314875017, 0.23781578614291865, 0.239901779904374, 0.2449684451886473, 0.2468046228302496, 0.24714596742456943, 0.25217480832493755, 0.2537109001794361, 0.2624101963630108, 0.2657795424124738, 0.27191220649190273, 0.2757093173095557, 0.28028795125712497, 0.28352310636770406, 0.28498377273337394, 0.29132240193177217, 0.29132240193177217, 0.2934810346066984, 0.2951756839214024, 0.29852424904033287, 0.3009443332709145, 0.3068038835977294, 0.31200695756924485, 0.31200695756924485, 0.3133737747244582, 0.3133737747244582, 0.3169265592836863, 0.3183025559667738, 0.3183025559667738, 0.32289078342631516, 0.32289078342631516, 0.32289078342631516, 0.32289078342631516, 0.32289078342631516, 0.32289078342631516, 0.32289078342631516, 0.3283799721022056, 0.3283799721022056, 0.33075737072031125, 0.33359651583096805, 0.33359651583096805, 0.33359651583096805, 0.33359651583096805, 0.33359651583096805, 0.33359651583096805, 0.33754559506217946, 0.33754559506217946, 0.33754559506217946, 0.3483674254587342, 0.3483674254587342, 0.3483674254587342, 0.3524469263276113, 0.3524469263276113, 0.3524469263276113, 0.3524469263276113, 0.3524469263276113, 0.3559171697994303, 0.3559171697994303, 0.3559171697994303, 0.3559171697994303, 0.3559171697994303, 0.3559171697994303, 0.3559171697994303, 0.3559171697994303, 0.3559171697994303, 0.3559171697994303, 0.3559171697994303, 0.3559171697994303]
Training raw path: /home/anhnd/DTI Project/Codes/MPNN/data/KFold/ATCInchikeySideEffectByDrug.txt_train_5
('Number of substructures, proteins, pathways, drugs, se: ', 2936, 1448, 330, 969, 598)
((872, 1448), (97, 1448), (872, 598), (97, 598))
Train: 0.7190 0.4150
Test: 0.7010 0.3789
[0.6308629579450653, 0.6366368635534737, 0.6354279588582751, 0.6320276734697079, 0.6320985709250622, 0.6283884711107364, 0.6285391863363722, 0.6323545735612993, 0.6344536496281775, 0.6370347404480592, 0.6355865541732676, 0.6379260377491278, 0.6403964570707598, 0.6414495133778289, 0.6419893709937547, 0.6440184882718245, 0.6446632173544289, 0.6468141254160569, 0.6475503921994196, 0.6491679068538063, 0.6511641678573729, 0.6513191509126154, 0.6528925221390305, 0.6552354954632431, 0.6572594074992414, 0.657493241404285, 0.6595541069839769, 0.6616284839096359, 0.6636858486679591, 0.6644104719813679, 0.6656859514807577, 0.6653144384976741, 0.6657959490087146, 0.6659776937735638, 0.6665573725461035, 0.6698430622210372, 0.6706028667355189, 0.6732631151514332, 0.6747862527243518, 0.6764899949615744, 0.6774181612296699, 0.6779484803455149, 0.679164318001111, 0.679164318001111, 0.680269232715232, 0.6807568805066087, 0.6820911011941487, 0.6829092522396086, 0.6859718123116827, 0.6873041033349897, 0.6873041033349897, 0.6873095486821145, 0.6873095486821145, 0.6889059600968579, 0.6893016268813997, 0.6893016268813997, 0.6907192378715172, 0.6907192378715172, 0.6907192378715172, 0.6907192378715172, 0.6907192378715172, 0.6907192378715172, 0.6907192378715172, 0.6920892445745663, 0.6920892445745663, 0.6925952108398358, 0.6936213448803887, 0.6936213448803887, 0.6936213448803887, 0.6936213448803887, 0.6936213448803887, 0.6936213448803887, 0.6949990234396556, 0.6949990234396556, 0.6949990234396556, 0.6983532733490406, 0.6983532733490406, 0.6983532733490406, 0.6997176216848885, 0.6997176216848885, 0.6997176216848885, 0.6997176216848885, 0.6997176216848885, 0.7010021045882693, 0.7010021045882693, 0.7010021045882693, 0.7010021045882693, 0.7010021045882693, 0.7010021045882693, 0.7010021045882693, 0.7010021045882693, 0.7010021045882693, 0.7010021045882693, 0.7010021045882693, 0.7010021045882693]
[0.10669735927710916, 0.11491459554659608, 0.11769621468436191, 0.12181028879046835, 0.12811080979462677, 0.13004054163755918, 0.13900284243629157, 0.14450575491543133, 0.15227551019930635, 0.15944028227622992, 0.16181694680350117, 0.1665243743393537, 0.1748459171177702, 0.17937904400307927, 0.18101234120850573, 0.187306640121503, 0.19023944764631723, 0.19741179866003855, 0.19976243319457876, 0.20735017733411193, 0.21280308824948044, 0.21558144122388126, 0.22184417013361357, 0.22758049240937242, 0.2321635676467463, 0.23301113950658547, 0.23920680668972008, 0.24504911076978017, 0.2495403344532764, 0.2524532296726218, 0.2582228027887693, 0.2602722597757186, 0.2612919656527736, 0.2634178836603973, 0.26467190483376446, 0.2743183355167105, 0.27693187528987884, 0.28303859649373725, 0.2869458897647633, 0.29203206137845894, 0.29511175576351567, 0.2962380286001721, 0.3021411474596961, 0.3021411474596961, 0.30574286067720974, 0.3067657153737575, 0.3105820616605903, 0.31269931012951035, 0.3217277682608969, 0.32737167766924624, 0.32737167766924624, 0.3284316348263522, 0.3284316348263522, 0.33369127145097244, 0.3353661810003656, 0.3353661810003656, 0.3410977898533878, 0.3410977898533878, 0.3410977898533878, 0.3410977898533878, 0.3410977898533878, 0.3410977898533878, 0.3410977898533878, 0.34715296989341726, 0.34715296989341726, 0.3493879983962712, 0.3528304460090914, 0.3528304460090914, 0.3528304460090914, 0.3528304460090914, 0.3528304460090914, 0.3528304460090914, 0.3573187030704491, 0.3573187030704491, 0.3573187030704491, 0.3697672017666804, 0.3697672017666804, 0.3697672017666804, 0.3746033167906306, 0.3746033167906306, 0.3746033167906306, 0.3746033167906306, 0.3746033167906306, 0.37890595978863095, 0.37890595978863095, 0.37890595978863095, 0.37890595978863095, 0.37890595978863095, 0.37890595978863095, 0.37890595978863095, 0.37890595978863095, 0.37890595978863095, 0.37890595978863095, 0.37890595978863095, 0.37890595978863095]
Training raw path: /home/anhnd/DTI Project/Codes/MPNN/data/KFold/ATCInchikeySideEffectByDrug.txt_train_6
('Number of substructures, proteins, pathways, drugs, se: ', 2936, 1448, 330, 969, 598)
((872, 1448), (97, 1448), (872, 598), (97, 598))
Train: 0.7173 0.4152
Test: 0.6914 0.3698
[0.6371624036979969, 0.6503791263953558, 0.6503630144089971, 0.6527044220710857, 0.6502861057583649, 0.6492705151103435, 0.6490717382524777, 0.6467367570248754, 0.6475250703714996, 0.6512743623256312, 0.6531376856078248, 0.6543792869021579, 0.6565086042057251, 0.6603673162556442, 0.6606179500163376, 0.6609486549413147, 0.6624487298896362, 0.6637349394108564, 0.6641294508255188, 0.6639157636022828, 0.6643602525120348, 0.6668641270658119, 0.6680980179534795, 0.6681953574823277, 0.6686315530719671, 0.6687954570536865, 0.669578274078802, 0.6695358845962747, 0.6696401231554696, 0.6696273372468806, 0.6698158369757693, 0.6697797514230314, 0.6702068405897329, 0.6715049625492561, 0.6719338953852771, 0.6742417468440747, 0.6753146463071658, 0.6760214474313953, 0.6758617192130674, 0.6768515459898073, 0.6770671485573727, 0.6774390501308566, 0.6786764863673516, 0.6786764863673516, 0.6798159475135725, 0.6798310763873492, 0.6803674457878555, 0.6804692712435968, 0.6819954664117641, 0.6829515921190549, 0.6829515921190549, 0.6832148874628964, 0.6832148874628964, 0.6836216185594762, 0.6842721716777276, 0.6842721716777276, 0.6845969427988087, 0.6845969427988087, 0.6845969427988087, 0.6845969427988087, 0.6845969427988087, 0.6845969427988087, 0.6845969427988087, 0.6856706265173907, 0.6856706265173907, 0.6863974372973826, 0.6867214097629232, 0.6867214097629232, 0.6867214097629232, 0.6867214097629232, 0.6867214097629232, 0.6867214097629232, 0.6875561776862491, 0.6875561776862491, 0.6875561776862491, 0.6899585943291329, 0.6899585943291329, 0.6899585943291329, 0.6905033096453952, 0.6905033096453952, 0.6905033096453952, 0.6905033096453952, 0.6905033096453952, 0.6914095071286596, 0.6914095071286596, 0.6914095071286596, 0.6914095071286596, 0.6914095071286596, 0.6914095071286596, 0.6914095071286596, 0.6914095071286596, 0.6914095071286596, 0.6914095071286596, 0.6914095071286596, 0.6914095071286596]
[0.12013587232522789, 0.13445220727798063, 0.1373216595387929, 0.13815418441820596, 0.14383169269441906, 0.14730101440826818, 0.15745361982940848, 0.1593379225308309, 0.1637339046172953, 0.17164161242872578, 0.17555158337294774, 0.18002406695539366, 0.18901808453154179, 0.19781805483679266, 0.19846110745454015, 0.2019624293146321, 0.20862972319233508, 0.21249734995561392, 0.2144804024502705, 0.21971627494378015, 0.22553481491062508, 0.23250252904971386, 0.23777722254146808, 0.24197392355092173, 0.24418200694618092, 0.24492765120832968, 0.24931896189525474, 0.2526583183417624, 0.25627882445420225, 0.2581269278636532, 0.2640545659343787, 0.2667076140043579, 0.2682208033012917, 0.2724449071313191, 0.2739202435698076, 0.2823497514758827, 0.28664763336999044, 0.290967748335054, 0.29390587049185674, 0.3000166388865697, 0.3025025804988747, 0.3039070408240536, 0.3090962023698728, 0.3090962023698728, 0.3128827579614342, 0.3144056944273754, 0.3171436704125157, 0.3189153696734062, 0.32725295754488376, 0.3336826435292088, 0.3336826435292088, 0.3352074249893393, 0.3352074249893393, 0.3384920078175872, 0.3402297761301195, 0.3402297761301195, 0.34330660698114634, 0.34330660698114634, 0.34330660698114634, 0.34330660698114634, 0.34330660698114634, 0.34330660698114634, 0.34330660698114634, 0.34808345579402955, 0.34808345579402955, 0.35002901354432825, 0.35222385996658045, 0.35222385996658045, 0.35222385996658045, 0.35222385996658045, 0.35222385996658045, 0.35222385996658045, 0.3549727732944935, 0.3549727732944935, 0.3549727732944935, 0.36420721988882415, 0.36420721988882415, 0.36420721988882415, 0.3666901434073929, 0.3666901434073929, 0.3666901434073929, 0.3666901434073929, 0.3666901434073929, 0.36981470133220246, 0.36981470133220246, 0.36981470133220246, 0.36981470133220246, 0.36981470133220246, 0.36981470133220246, 0.36981470133220246, 0.36981470133220246, 0.36981470133220246, 0.36981470133220246, 0.36981470133220246, 0.36981470133220246]
Training raw path: /home/anhnd/DTI Project/Codes/MPNN/data/KFold/ATCInchikeySideEffectByDrug.txt_train_7
('Number of substructures, proteins, pathways, drugs, se: ', 2936, 1448, 330, 969, 598)
((872, 1448), (97, 1448), (872, 598), (97, 598))
Train: 0.7159 0.4114
Test: 0.6816 0.3571
[0.5882437170294627, 0.61374583489601, 0.6248503789883574, 0.6249106653376176, 0.6286274846794043, 0.6275053910345432, 0.6256304636617835, 0.6270507083170258, 0.6276606541595835, 0.627918533669829, 0.6288824426438224, 0.6296705198153629, 0.6339747227460173, 0.6347865420589837, 0.6350023093316162, 0.6365281230939458, 0.6375935284898188, 0.6384806869849977, 0.6388584650943769, 0.6394135060584542, 0.638507195667867, 0.6406133886826636, 0.6436534998082436, 0.6446609058563613, 0.644931641803316, 0.6452328347156049, 0.6470727775356118, 0.6481287426542276, 0.6501605280537568, 0.6498699342341876, 0.6514649919881079, 0.6522587468359529, 0.6522075578129052, 0.6534075065041303, 0.6541600177246332, 0.6581480900316079, 0.6594231264971631, 0.6606690869883114, 0.6617639474974542, 0.6641514900652791, 0.664569013501859, 0.6653417776599079, 0.6662252462057989, 0.6662252462057989, 0.667872760412164, 0.6680058852758097, 0.6690558750330051, 0.6698286606831718, 0.6723393974422012, 0.6731777319069495, 0.6731777319069495, 0.6731473978482541, 0.6731473978482541, 0.6742509103759374, 0.6749807764123484, 0.6749807764123484, 0.6754028683710761, 0.6754028683710761, 0.6754028683710761, 0.6754028683710761, 0.6754028683710761, 0.6754028683710761, 0.6754028683710761, 0.6769811744435763, 0.6769811744435763, 0.677466381917417, 0.6779767448522489, 0.6779767448522489, 0.6779767448522489, 0.6779767448522489, 0.6779767448522489, 0.6779767448522489, 0.6786502142378621, 0.6786502142378621, 0.6786502142378621, 0.6805687123603688, 0.6805687123603688, 0.6805687123603688, 0.6809919368889166, 0.6809919368889166, 0.6809919368889166, 0.6809919368889166, 0.6809919368889166, 0.6816174747715612, 0.6816174747715612, 0.6816174747715612, 0.6816174747715612, 0.6816174747715612, 0.6816174747715612, 0.6816174747715612, 0.6816174747715612, 0.6816174747715612, 0.6816174747715612, 0.6816174747715612, 0.6816174747715612]
[0.09060563629508725, 0.10621113408247236, 0.11584799017364138, 0.12334307501313437, 0.13209791516938893, 0.13494995327411471, 0.1394308493033022, 0.14584782517503392, 0.15132127510054205, 0.15419370494691764, 0.15706500440750668, 0.1620999039533083, 0.17183150531479996, 0.17712224437803617, 0.17925776425221784, 0.18439552712454146, 0.1879472381584525, 0.19215525474094255, 0.19450256006321961, 0.19918540673671678, 0.20371226886845442, 0.21000701870076835, 0.21595333570157765, 0.22171973634687367, 0.22452341059969366, 0.2250642207331849, 0.22973458550742726, 0.23404577128978848, 0.23902951459846375, 0.2400010357758369, 0.2468086966844692, 0.24961331450449592, 0.2509347955450767, 0.2535526151606711, 0.25491921853925437, 0.26308356493113166, 0.2669474398499039, 0.27095047936587263, 0.2746734558875802, 0.28204656854099064, 0.2846139485029702, 0.28631740422265717, 0.2918005438339325, 0.2918005438339325, 0.29600782809627235, 0.2975404892293683, 0.30088561579248657, 0.30313523542906723, 0.31249870980976785, 0.31782412924857173, 0.31782412924857173, 0.31950131629886813, 0.31950131629886813, 0.3238781031883079, 0.3258686669096313, 0.3258686669096313, 0.32944592453385085, 0.32944592453385085, 0.32944592453385085, 0.32944592453385085, 0.32944592453385085, 0.32944592453385085, 0.32944592453385085, 0.3348075691332705, 0.3348075691332705, 0.33673473618284655, 0.3388904069710373, 0.3388904069710373, 0.3388904069710373, 0.3388904069710373, 0.3388904069710373, 0.3388904069710373, 0.341695413219109, 0.341695413219109, 0.341695413219109, 0.35076253098456395, 0.35076253098456395, 0.35076253098456395, 0.3537577116343324, 0.3537577116343324, 0.3537577116343324, 0.3537577116343324, 0.3537577116343324, 0.3571287902138435, 0.3571287902138435, 0.3571287902138435, 0.3571287902138435, 0.3571287902138435, 0.3571287902138435, 0.3571287902138435, 0.3571287902138435, 0.3571287902138435, 0.3571287902138435, 0.3571287902138435, 0.3571287902138435]
Training raw path: /home/anhnd/DTI Project/Codes/MPNN/data/KFold/ATCInchikeySideEffectByDrug.txt_train_8
('Number of substructures, proteins, pathways, drugs, se: ', 2936, 1448, 330, 969, 598)
((872, 1448), (97, 1448), (872, 598), (97, 598))
Train: 0.7147 0.4130
Test: 0.6813 0.3562
[0.6440395999798985, 0.6440853461272009, 0.6402225024057319, 0.6382496764144848, 0.6375685021594655, 0.6379169041126754, 0.6401932671864198, 0.6439372157344646, 0.6429863515615709, 0.6463779629414305, 0.6475595175764104, 0.647395935837639, 0.6498870388747406, 0.6520775304166694, 0.6510773407954118, 0.6491732245099779, 0.6496507097755091, 0.650898449429346, 0.65158785680131, 0.6514542437260075, 0.6539706434287222, 0.654614172382397, 0.6560113240223632, 0.6574131890949477, 0.6578858050440463, 0.6575679855155893, 0.6569781863436475, 0.657604809813398, 0.6584558172292923, 0.6584009914003297, 0.659367042464338, 0.6593495455613946, 0.6591998384416352, 0.660354336278012, 0.6603710385648209, 0.6619020762138688, 0.6633470663453075, 0.6637480882505012, 0.6639595170822373, 0.6656269351829471, 0.6652465501953895, 0.6656206728407255, 0.6670993097161152, 0.6670993097161152, 0.6681560336290969, 0.6683339948610694, 0.6689385765908198, 0.6691213633032896, 0.6708917966953871, 0.6720047148406322, 0.6720047148406322, 0.6719040696111684, 0.6719040696111684, 0.6725680224422068, 0.6733172539037643, 0.6733172539037643, 0.67414209936958, 0.67414209936958, 0.67414209936958, 0.67414209936958, 0.67414209936958, 0.67414209936958, 0.67414209936958, 0.6752572534962807, 0.6752572534962807, 0.6758055977245239, 0.6765248940320874, 0.6765248940320874, 0.6765248940320874, 0.6765248940320874, 0.6765248940320874, 0.6765248940320874, 0.6767967547888105, 0.6767967547888105, 0.6767967547888105, 0.6797372516067356, 0.6797372516067356, 0.6797372516067356, 0.6803009578484729, 0.6803009578484729, 0.6803009578484729, 0.6803009578484729, 0.6803009578484729, 0.6813084643140357, 0.6813084643140357, 0.6813084643140357, 0.6813084643140357, 0.6813084643140357, 0.6813084643140357, 0.6813084643140357, 0.6813084643140357, 0.6813084643140357, 0.6813084643140357, 0.6813084643140357, 0.6813084643140357]
[0.13331148757078792, 0.14793326532068518, 0.15503740403472108, 0.16445538355993564, 0.16688078725833982, 0.16857136471817336, 0.17420368099649805, 0.1805749409324566, 0.18518212106748, 0.19264496566543704, 0.1961820906723063, 0.1988822173201995, 0.20632766400909117, 0.21021451989588033, 0.2123645066545853, 0.2137541937609549, 0.21600198176944113, 0.2209153664997704, 0.22285552917815948, 0.22641511278150173, 0.23173195930187362, 0.23460000958480004, 0.2376872218908005, 0.2432734410288805, 0.24612468389146142, 0.24628374664240646, 0.2490927801092516, 0.25240725474304276, 0.2557494234755425, 0.2566469047527398, 0.2625742890262942, 0.2643536483040615, 0.26471267371664986, 0.26886851810810275, 0.269438711665665, 0.2753132656117001, 0.27871881936605214, 0.28190182532110747, 0.28419737670738066, 0.2894198107174428, 0.2911857796735544, 0.29221451460498005, 0.298610494978199, 0.298610494978199, 0.30110657303939736, 0.30268570082028445, 0.304931643797304, 0.3067048488083003, 0.3129520931186668, 0.31817160274385303, 0.31817160274385303, 0.3192983733338334, 0.3192983733338334, 0.32211179393042333, 0.3236489307914718, 0.3236489307914718, 0.32766108423284385, 0.32766108423284385, 0.32766108423284385, 0.32766108423284385, 0.32766108423284385, 0.32766108423284385, 0.32766108423284385, 0.33249366352870857, 0.33249366352870857, 0.33435556207909894, 0.336682344308485, 0.336682344308485, 0.336682344308485, 0.336682344308485, 0.336682344308485, 0.336682344308485, 0.33891019926307253, 0.33891019926307253, 0.33891019926307253, 0.3498722674954091, 0.3498722674954091, 0.3498722674954091, 0.35211644827859434, 0.35211644827859434, 0.35211644827859434, 0.35211644827859434, 0.35211644827859434, 0.3562126735657032, 0.3562126735657032, 0.3562126735657032, 0.3562126735657032, 0.3562126735657032, 0.3562126735657032, 0.3562126735657032, 0.3562126735657032, 0.3562126735657032, 0.3562126735657032, 0.3562126735657032, 0.3562126735657032]
Training raw path: /home/anhnd/DTI Project/Codes/MPNN/data/KFold/ATCInchikeySideEffectByDrug.txt_train_9
('Number of substructures, proteins, pathways, drugs, se: ', 2936, 1448, 330, 969, 598)
((873, 1448), (96, 1448), (873, 598), (96, 598))
Train: 0.7158 0.4109
Test: 0.6963 0.4017
[0.6280587265041092, 0.6432928042923283, 0.6441013394024755, 0.6424796352022756, 0.6416841775914258, 0.641860450840015, 0.6448621783044715, 0.6447601101495682, 0.643255625461717, 0.6459027446174924, 0.6468730206608191, 0.6477172471284778, 0.6500875194293895, 0.6519242709229953, 0.6516866260302228, 0.6519000992144921, 0.653668044093586, 0.6532928881409483, 0.6530184039654385, 0.6547578571731901, 0.6555106400601829, 0.6580848348851116, 0.6594830524489426, 0.6608468819272895, 0.6611604706136749, 0.6609803430779901, 0.6630605243891026, 0.6636047648254213, 0.6649380977600103, 0.6661507483436241, 0.6678257143240374, 0.6671409468594416, 0.6678153975538228, 0.6685635045627442, 0.6690981569678698, 0.6720363919601959, 0.6731345849660664, 0.6740197172041491, 0.6751019748410828, 0.6767084314447751, 0.6772954282390524, 0.6779609450730848, 0.6782566393629661, 0.6782566393629661, 0.6796269949108608, 0.6795330066129953, 0.6807930499636997, 0.6810495492786769, 0.6830564200107061, 0.6851946812832201, 0.6851946812832201, 0.6850297482120178, 0.6850297482120178, 0.6863889142082612, 0.6868348434040095, 0.6868348434040095, 0.6877920590922518, 0.6877920590922518, 0.6877920590922518, 0.6877920590922518, 0.6877920590922518, 0.6877920590922518, 0.6877920590922518, 0.6892043276333086, 0.6892043276333086, 0.6900626167175778, 0.6909234541955943, 0.6909234541955943, 0.6909234541955943, 0.6909234541955943, 0.6909234541955943, 0.6909234541955943, 0.6919495343578761, 0.6919495343578761, 0.6919495343578761, 0.6946026542999759, 0.6946026542999759, 0.6946026542999759, 0.6954766028974354, 0.6954766028974354, 0.6954766028974354, 0.6954766028974354, 0.6954766028974354, 0.6962638007566078, 0.6962638007566078, 0.6962638007566078, 0.6962638007566078, 0.6962638007566078, 0.6962638007566078, 0.6962638007566078, 0.6962638007566078, 0.6962638007566078, 0.6962638007566078, 0.6962638007566078, 0.6962638007566078]
[0.12169451819404413, 0.15122958169003078, 0.16651257701085515, 0.16893471797740817, 0.17383575858299677, 0.17917112611967173, 0.18531197351575793, 0.18814671297971597, 0.19097289375452636, 0.19809043025920686, 0.200499875742553, 0.20383609598443875, 0.2116793780069759, 0.21778677728752638, 0.21944279905832353, 0.2243621166351239, 0.22895219813681264, 0.23170910113195076, 0.23267709153006153, 0.2398288223794283, 0.24554210561616935, 0.2512904670079012, 0.2569085794447368, 0.26181461581324333, 0.26444044572466596, 0.264893122219903, 0.269920157477897, 0.27332852587818046, 0.27909609025304916, 0.2815006706963546, 0.28812743324926937, 0.28936470597580355, 0.291491674142691, 0.2954367265787757, 0.2967455035809642, 0.3045494230450496, 0.3083480933552206, 0.3137343867927272, 0.3174239352596002, 0.3247439761752416, 0.32769148554673455, 0.3289387790302394, 0.33387322923894425, 0.33387322923894425, 0.3379686999181583, 0.3391907228486841, 0.3429401607387251, 0.3446244525004668, 0.35188362191105466, 0.35893534874504757, 0.35893534874504757, 0.36011216102080057, 0.36011216102080057, 0.3646960774391874, 0.3658730936923393, 0.3658730936923393, 0.37003129072106183, 0.37003129072106183, 0.37003129072106183, 0.37003129072106183, 0.37003129072106183, 0.37003129072106183, 0.37003129072106183, 0.37519411010382164, 0.37519411010382164, 0.3777183623244941, 0.38073243023538295, 0.38073243023538295, 0.38073243023538295, 0.38073243023538295, 0.38073243023538295, 0.38073243023538295, 0.3839599892339961, 0.3839599892339961, 0.3839599892339961, 0.3943928540143395, 0.3943928540143395, 0.3943928540143395, 0.39811423957408454, 0.39811423957408454, 0.39811423957408454, 0.39811423957408454, 0.39811423957408454, 0.40173775451640636, 0.40173775451640636, 0.40173775451640636, 0.40173775451640636, 0.40173775451640636, 0.40173775451640636, 0.40173775451640636, 0.40173775451640636, 0.40173775451640636, 0.40173775451640636, 0.40173775451640636, 0.40173775451640636]
AUC: 0.6870 0.0044
AUPR: 0.3762 0.0093
('RARE AUC', [(0.6256968583070186, 0.005557415230561808), (0.6341824511230781, 0.005784099630688693), (0.6342979814416688, 0.005373172804214058), (0.6350937080261739, 0.004909153323132125), (0.6344590368684105, 0.004714089542504038), (0.6331311592764935, 0.004539740113387424), (0.6325526890759368, 0.004685712636703173), (0.6344404704473064, 0.00470210626453782), (0.6355193891125536, 0.004482396333780505), (0.6375239176385075, 0.004589803993126067), (0.6379336806577418, 0.004837887978357116), (0.6388268570840225, 0.004755087381638663), (0.641227518287847, 0.004548568959252231), (0.6430219879711364, 0.004701773425448438), (0.6431871504559605, 0.004650503046826163), (0.6440821485792024, 0.004569097262359059), (0.6449903975747866, 0.004611658827547522), (0.6456613394049487, 0.004699355272348486), (0.6457478789492898, 0.004773546170977042), (0.646957913838405, 0.004821338694943755), (0.6481001511360699, 0.004771856172594766), (0.649617772760227, 0.004945780033285697), (0.6511220467081202, 0.004984213217649625), (0.6524870393676531, 0.0048888234484056724), (0.6532458950393147, 0.0049562227230617395), (0.6533850964224257, 0.004943049250202654), (0.6544712884765772, 0.004945637334564103), (0.6555580679415759, 0.0049475548566038875), (0.6568570543053156, 0.004827808388666218), (0.6573231298463704, 0.004870973714872581), (0.6586034711141779, 0.004839682020115434), (0.6587206675117087, 0.004789443903947717), (0.6588362442597698, 0.004776317272304522), (0.6597001848551001, 0.004767825856383388), (0.6601422533311082, 0.00475753659888955), (0.662888943906099, 0.004706572052005494), (0.6638300711964364, 0.004715791902541657), (0.6651047518561597, 0.004728226172012321), (0.6660781912471226, 0.004675970389337751), (0.6676862202910581, 0.004580385841361968), (0.6681602770152569, 0.0046182692737898), (0.6687338260672224, 0.004600487585945829), (0.6697626616268485, 0.00468909771073455), (0.6697626616268485, 0.00468909771073455), (0.6708374292099771, 0.004628218351801024), (0.6710686550163746, 0.004600343689222616), (0.6721078331540915, 0.0045688845797286735), (0.6726394284178804, 0.004567316507082549), (0.6748496683647608, 0.004493274097802032), (0.6762077133790952, 0.004447117459130157), (0.6762077133790952, 0.004447117459130157), (0.6761721758917694, 0.004474562436239625), (0.6761721758917694, 0.004474562436239625), (0.6773170801997106, 0.004420803954970513), (0.6779070495795443, 0.004409482514642457), (0.6779070495795443, 0.004409482514642457), (0.6788215324779259, 0.004359067042102643), (0.6788215324779259, 0.004359067042102643), (0.6788215324779259, 0.004359067042102643), (0.6788215324779259, 0.004359067042102643), (0.6788215324779259, 0.004359067042102643), (0.6788215324779259, 0.004359067042102643), (0.6788215324779259, 0.004359067042102643), (0.6802125023844656, 0.004346959977972488), (0.6802125023844656, 0.004346959977972488), (0.680884939700976, 0.004343210294301309), (0.6816646059844891, 0.004345528630726899), (0.6816646059844891, 0.004345528630726899), (0.6816646059844891, 0.004345528630726899), (0.6816646059844891, 0.004345528630726899), (0.6816646059844891, 0.004345528630726899), (0.6816646059844891, 0.004345528630726899), (0.68257329798793, 0.004382128859752548), (0.68257329798793, 0.004382128859752548), (0.68257329798793, 0.004382128859752548), (0.6852340822348898, 0.004395767847219972), (0.6852340822348898, 0.004395767847219972), (0.6852340822348898, 0.004395767847219972), (0.6860484956301007, 0.004417018662596886), (0.6860484956301007, 0.004417018662596886), (0.6860484956301007, 0.004417018662596886), (0.6860484956301007, 0.004417018662596886), (0.6860484956301007, 0.004417018662596886), (0.6869653525143495, 0.004424106719355776), (0.6869653525143495, 0.004424106719355776), (0.6869653525143495, 0.004424106719355776), (0.6869653525143495, 0.004424106719355776), (0.6869653525143495, 0.004424106719355776), (0.6869653525143495, 0.004424106719355776), (0.6869653525143495, 0.004424106719355776), (0.6869653525143495, 0.004424106719355776), (0.6869653525143495, 0.004424106719355776), (0.6869653525143495, 0.004424106719355776), (0.6869653525143495, 0.004424106719355776), (0.6869653525143495, 0.004424106719355776)])
('RARE AUPR', [(0.12526140232685273, 0.009247893918366395), (0.13967471843742396, 0.010895732082699507), (0.14608058514964645, 0.011200300076076568), (0.1506721759394923, 0.01040551802795745), (0.1555171413642182, 0.010240996549997603), (0.15850179422177302, 0.010057439358196765), (0.1645320071349864, 0.010006298182714243), (0.1698908625744629, 0.009849091369638983), (0.17479454036031877, 0.009584842116092908), (0.18117309396227477, 0.009751130938182605), (0.18377471233117496, 0.009839601961692885), (0.1875273238430707, 0.009695260345555377), (0.1961221526556243, 0.009111785915941917), (0.20206321407054811, 0.009061872727641642), (0.20384567142018145, 0.008961517726170768), (0.2084075574494401, 0.008982948384319712), (0.21190205421324734, 0.00897767983572183), (0.21575624238095625, 0.008841624574279262), (0.21757215977379527, 0.008796287324386875), (0.22313492944241403, 0.008752529696735099), (0.22855886245205417, 0.008814525622648207), (0.2334357609706197, 0.008906479019280341), (0.23842450950340205, 0.009050007742106824), (0.2439101812671948, 0.009118599911667113), (0.2468345435548759, 0.009175900077653641), (0.247468871623224, 0.009207220187467518), (0.2518323868657599, 0.009269083840662821), (0.2558850874674402, 0.009355386663098594), (0.2606899223794655, 0.009260721745052726), (0.26238279631153, 0.009253065823935402), (0.2681639995305242, 0.009231401516660315), (0.27039013284838154, 0.009266043974262313), (0.27147934170833327, 0.009256848493252026), (0.2750273418860034, 0.009146614948951845), (0.27617790453633756, 0.00913281293817566), (0.2842378725241542, 0.009154861417033023), (0.28791068939799247, 0.009289012808984146), (0.2926673833453606, 0.00925477746622418), (0.2965177746002282, 0.009386310291141712), (0.30248474888979926, 0.009443737337387651), (0.30496779597710755, 0.009448269918088576), (0.3063720521943277, 0.009473475557924268), (0.3118232339443027, 0.009406505536920793), (0.3118232339443027, 0.009406505536920793), (0.3150332480859455, 0.009409866686236296), (0.3165706700303853, 0.009362430601428565), (0.31976508657453717, 0.009361168284926244), (0.321710146600056, 0.009351881105626354), (0.32914715663248884, 0.009372041266252237), (0.33487141037330087, 0.009348537716175173), (0.33487141037330087, 0.009348537716175173), (0.3361454670163365, 0.009377207543236517), (0.3361454670163365, 0.009377207543236517), (0.3401598252376356, 0.009395821398199255), (0.3418295829565453, 0.009414670134486292), (0.3418295829565453, 0.009414670134486292), (0.34587842901122084, 0.009327340735602754), (0.34587842901122084, 0.009327340735602754), (0.34587842901122084, 0.009327340735602754), (0.34587842901122084, 0.009327340735602754), (0.34587842901122084, 0.009327340735602754), (0.34587842901122084, 0.009327340735602754), (0.34587842901122084, 0.009327340735602754), (0.35104433760786524, 0.009300679635974685), (0.35104433760786524, 0.009300679635974685), (0.35327265892386606, 0.00938378129823722), (0.35588557894469675, 0.009409239469963429), (0.35588557894469675, 0.009409239469963429), (0.35588557894469675, 0.009409239469963429), (0.35588557894469675, 0.009409239469963429), (0.35588557894469675, 0.009409239469963429), (0.35588557894469675, 0.009409239469963429), (0.35913272983280436, 0.009437761800430048), (0.35913272983280436, 0.009437761800430048), (0.35913272983280436, 0.009437761800430048), (0.3692308010913093, 0.00936061472977218), (0.3692308010913093, 0.00936061472977218), (0.3692308010913093, 0.00936061472977218), (0.3726797475589627, 0.009377823620161634), (0.3726797475589627, 0.009377823620161634), (0.3726797475589627, 0.009377823620161634), (0.3726797475589627, 0.009377823620161634), (0.3726797475589627, 0.009377823620161634), (0.3762139371599547, 0.009337652478757352), (0.3762139371599547, 0.009337652478757352), (0.3762139371599547, 0.009337652478757352), (0.3762139371599547, 0.009337652478757352), (0.3762139371599547, 0.009337652478757352), (0.3762139371599547, 0.009337652478757352), (0.3762139371599547, 0.009337652478757352), (0.3762139371599547, 0.009337652478757352), (0.3762139371599547, 0.009337652478757352), (0.3762139371599547, 0.009337652478757352), (0.3762139371599547, 0.009337652478757352), (0.3762139371599547, 0.009337652478757352)])
