Default
<models.baselines.omodels.MultiSVM object at 0x7f63baf92610>
('Manual torch seed: ', 443181909)
Training raw path: /home/anhnd/DTI Project/Codes/MPNN/data/KFold/ATCInchikeySideEffectByDrug.txt_train_0
('Number of substructures, proteins, pathways, drugs, se: ', 2936, 1448, 330, 969, 598)
((872, 1448), (97, 1448), (872, 598), (97, 598))
Train: 0.8789 0.6492
Test: 0.7779 0.4980
[0.6052240299057547, 0.6245281532634804, 0.6391614969376884, 0.6405338648690869, 0.6403895867513496, 0.6480282611092346, 0.65278591507612, 0.6564885585337243, 0.6578502072710237, 0.660773658317907, 0.6625268878681225, 0.6648609457275692, 0.6712832813129123, 0.6756991545711746, 0.6775694102679919, 0.6797189853472854, 0.6804386720152936, 0.6823190892350672, 0.6838192457412418, 0.6882973653681255, 0.6927374964998292, 0.6959020110978535, 0.699378186929138, 0.7025113279692421, 0.705434768044444, 0.7058354723075695, 0.7079758446730589, 0.7105337994179813, 0.7138387014280962, 0.7148798612162399, 0.7191543072974569, 0.7212164036975066, 0.7220070785528568, 0.7233690229106036, 0.7242934782738906, 0.7294187570211215, 0.7314929542748656, 0.7347316376781402, 0.7367650982585455, 0.7400775792309249, 0.7414570315105962, 0.7424462229276348, 0.7455061599443407, 0.7455061599443407, 0.7475061443169161, 0.748348710323199, 0.7501418901054098, 0.7510812239923772, 0.7544472256601003, 0.7572427214592256, 0.7572427214592256, 0.7582828472962955, 0.7582828472962955, 0.7603502052769946, 0.7613092717085876, 0.7613092717085876, 0.7631160839516313, 0.7631160839516313, 0.7631160839516313, 0.7631160839516313, 0.7631160839516313, 0.7631160839516313, 0.7631160839516313, 0.7657234932500889, 0.7657234932500889, 0.7670474065842361, 0.7683175957445847, 0.7683175957445847, 0.7683175957445847, 0.7683175957445847, 0.7683175957445847, 0.7683175957445847, 0.7698665496908121, 0.7698665496908121, 0.7698665496908121, 0.7743830201024497, 0.7743830201024497, 0.7743830201024497, 0.7760543091923668, 0.7760543091923668, 0.7760543091923668, 0.7760543091923668, 0.7760543091923668, 0.7778886703783121, 0.7778886703783121, 0.7778886703783121, 0.7778886703783121, 0.7778886703783121, 0.7778886703783121, 0.7778886703783121, 0.7778886703783121, 0.7778886703783121, 0.7778886703783121, 0.7778886703783121, 0.7778886703783121]
[0.14852171631176145, 0.1703138861656618, 0.18416959389526227, 0.17924563229585422, 0.17910644255726, 0.18792425053344142, 0.19712060048044605, 0.20404750059772225, 0.20768313472373276, 0.21328999398086473, 0.21512071474277356, 0.21842032807720588, 0.22969709067657884, 0.23741294003063398, 0.24093267751240588, 0.24501436839293259, 0.24687551321639561, 0.24984674805093485, 0.2518557581709472, 0.2621926548881706, 0.2724933462935937, 0.27880997979192484, 0.28650788114731607, 0.2954948616165036, 0.3019209849411655, 0.30276246864346024, 0.30724981211781244, 0.3133521830667556, 0.32057428218287604, 0.32254772665250087, 0.33140189047185653, 0.33560647145442163, 0.3375177891872068, 0.34177504180171203, 0.3441474130652241, 0.35670037586940534, 0.3616370438491063, 0.36906440783194855, 0.3740700322630823, 0.3824210811800828, 0.3858139806822233, 0.38819953873906426, 0.39513864861163017, 0.39513864861163017, 0.4001913353383631, 0.40215674654760747, 0.4067863656851025, 0.4092976156968996, 0.41886542613240596, 0.4266000170400617, 0.4266000170400617, 0.42936495525581464, 0.42936495525581464, 0.4354521047266159, 0.43812525221647614, 0.43812525221647614, 0.4431994228486137, 0.4431994228486137, 0.4431994228486137, 0.4431994228486137, 0.4431994228486137, 0.4431994228486137, 0.4431994228486137, 0.45181124220716834, 0.45181124220716834, 0.4561253886281564, 0.460667711157807, 0.460667711157807, 0.460667711157807, 0.460667711157807, 0.460667711157807, 0.460667711157807, 0.46637650781538165, 0.46637650781538165, 0.46637650781538165, 0.48309651494601513, 0.48309651494601513, 0.48309651494601513, 0.4896596291459638, 0.4896596291459638, 0.4896596291459638, 0.4896596291459638, 0.4896596291459638, 0.49803848778754406, 0.49803848778754406, 0.49803848778754406, 0.49803848778754406, 0.49803848778754406, 0.49803848778754406, 0.49803848778754406, 0.49803848778754406, 0.49803848778754406, 0.49803848778754406, 0.49803848778754406, 0.49803848778754406]
Training raw path: /home/anhnd/DTI Project/Codes/MPNN/data/KFold/ATCInchikeySideEffectByDrug.txt_train_1
('Number of substructures, proteins, pathways, drugs, se: ', 2936, 1448, 330, 969, 598)
((872, 1448), (97, 1448), (872, 598), (97, 598))
Train: 0.8736 0.6413
Test: 0.7834 0.4897
[0.6039428706020942, 0.6133396944842711, 0.6148073031472323, 0.6216751438662471, 0.6280722103084168, 0.6301030026294905, 0.6381755909848812, 0.6426282192267243, 0.6499104385682107, 0.6523842561500068, 0.6527139075857736, 0.6568332225117776, 0.6635526260222766, 0.6700064070464227, 0.6724360729387459, 0.6773228505467156, 0.6789415618364756, 0.6835519470830835, 0.68503708045239, 0.6902932729989077, 0.6932415825410325, 0.6969720396047465, 0.7006734482356212, 0.703998201632158, 0.7058866293129116, 0.7065477520337871, 0.7089097229918466, 0.7115016609277516, 0.7155706173154897, 0.7170594984257223, 0.7215880667046906, 0.7245397316024529, 0.7254762997790893, 0.7274862799544612, 0.7283781555824802, 0.7334930871549659, 0.7356347081311521, 0.7395216912799941, 0.7420623293858446, 0.7457582236149071, 0.7473608795025484, 0.7483907451609139, 0.7516232753384463, 0.7516232753384463, 0.7527453251225639, 0.7534758630877738, 0.7556076343365479, 0.7564487075759246, 0.7598927212117917, 0.7626819650531317, 0.7626819650531317, 0.7634722882116982, 0.7634722882116982, 0.7656333663037208, 0.7666877636133606, 0.7666877636133606, 0.7687883016410509, 0.7687883016410509, 0.7687883016410509, 0.7687883016410509, 0.7687883016410509, 0.7687883016410509, 0.7687883016410509, 0.7714723523122401, 0.7714723523122401, 0.7726939865905165, 0.7738928083349068, 0.7738928083349068, 0.7738928083349068, 0.7738928083349068, 0.7738928083349068, 0.7738928083349068, 0.7755748379035894, 0.7755748379035894, 0.7755748379035894, 0.7798649183410198, 0.7798649183410198, 0.7798649183410198, 0.7816274027849935, 0.7816274027849935, 0.7816274027849935, 0.7816274027849935, 0.7816274027849935, 0.7834453888508675, 0.7834453888508675, 0.7834453888508675, 0.7834453888508675, 0.7834453888508675, 0.7834453888508675, 0.7834453888508675, 0.7834453888508675, 0.7834453888508675, 0.7834453888508675, 0.7834453888508675, 0.7834453888508675]
[0.12102358785379588, 0.13353579152032566, 0.13450532651757924, 0.13945136823993506, 0.14832890849797012, 0.14987340131024005, 0.1580232449958675, 0.16236759025665645, 0.17406640497669207, 0.17835244988491536, 0.1784873130265792, 0.18378430755879738, 0.19572386675756684, 0.2049017572483205, 0.20989216979825775, 0.21863021072176966, 0.22232279165629576, 0.22931075006407994, 0.23099250677222977, 0.24081588672385415, 0.2488686964879753, 0.2544317344507693, 0.261775531453057, 0.26946564811340024, 0.2730865064236391, 0.27412384802183165, 0.2779800993880507, 0.28329885524717763, 0.2930522546730514, 0.2960430360803324, 0.30629784578963926, 0.3129367094918009, 0.31533465462665833, 0.3204801809919979, 0.32249581561575164, 0.3346613850495778, 0.3394924871957007, 0.3488659661507481, 0.3556310584853737, 0.36621303465122457, 0.3699493929411133, 0.3726088120448812, 0.38079109486768115, 0.38079109486768115, 0.38334542309629943, 0.38506325873334113, 0.3909464388469832, 0.39347105959334006, 0.4038219613757936, 0.41273568242330383, 0.41273568242330383, 0.4148109407286939, 0.4148109407286939, 0.42183651199415106, 0.4250430592518412, 0.4250430592518412, 0.4316426447786106, 0.4316426447786106, 0.4316426447786106, 0.4316426447786106, 0.4316426447786106, 0.4316426447786106, 0.4316426447786106, 0.4411573752935199, 0.4411573752935199, 0.44524212262081797, 0.449640890295975, 0.449640890295975, 0.449640890295975, 0.449640890295975, 0.449640890295975, 0.449640890295975, 0.45638766641773876, 0.45638766641773876, 0.45638766641773876, 0.47307556093675207, 0.47307556093675207, 0.47307556093675207, 0.4805530102410226, 0.4805530102410226, 0.4805530102410226, 0.4805530102410226, 0.4805530102410226, 0.48969403330016004, 0.48969403330016004, 0.48969403330016004, 0.48969403330016004, 0.48969403330016004, 0.48969403330016004, 0.48969403330016004, 0.48969403330016004, 0.48969403330016004, 0.48969403330016004, 0.48969403330016004, 0.48969403330016004]
Training raw path: /home/anhnd/DTI Project/Codes/MPNN/data/KFold/ATCInchikeySideEffectByDrug.txt_train_2
('Number of substructures, proteins, pathways, drugs, se: ', 2936, 1448, 330, 969, 598)
((872, 1448), (97, 1448), (872, 598), (97, 598))
Train: 0.8715 0.6329
Test: 0.7846 0.5473
[0.6368308360150174, 0.6307883559011996, 0.6434888488221562, 0.6447953558015191, 0.6485644966638191, 0.6507980685426441, 0.6594271906280453, 0.6649617119431775, 0.6680295077855527, 0.6714622260666804, 0.6735766367839349, 0.6781069047345185, 0.6836710090400266, 0.6872031442741807, 0.6885164591309784, 0.6915390645487189, 0.694041454912536, 0.6970888046700829, 0.6986431464293874, 0.7042446261169291, 0.707180622364193, 0.7095863083611897, 0.7131542151467806, 0.7171325957791138, 0.7199374698863255, 0.7204660362357538, 0.7234720561888595, 0.7258013286191338, 0.7282902481963833, 0.7293840899472115, 0.7326117018416396, 0.7344708611685888, 0.7351804101419563, 0.7363762477196533, 0.7369787378067669, 0.7415949352750786, 0.7440501958140767, 0.7465114332954097, 0.7489092058528045, 0.7515892946002893, 0.7527290597635525, 0.7537317004659574, 0.7563195141294278, 0.7563195141294278, 0.7578733189870441, 0.7586298989405917, 0.7601454621082353, 0.7611136368059104, 0.7642787744730716, 0.766540420073584, 0.766540420073584, 0.7672439465932324, 0.7672439465932324, 0.7686637088324716, 0.7696483796831797, 0.7696483796831797, 0.7712078689080888, 0.7712078689080888, 0.7712078689080888, 0.7712078689080888, 0.7712078689080888, 0.7712078689080888, 0.7712078689080888, 0.7734647706966786, 0.7734647706966786, 0.7747916222593108, 0.775987158065381, 0.775987158065381, 0.775987158065381, 0.775987158065381, 0.775987158065381, 0.775987158065381, 0.7774194338690174, 0.7774194338690174, 0.7774194338690174, 0.7815138761804424, 0.7815138761804424, 0.7815138761804424, 0.7830003184235479, 0.7830003184235479, 0.7830003184235479, 0.7830003184235479, 0.7830003184235479, 0.7846032906804684, 0.7846032906804684, 0.7846032906804684, 0.7846032906804684, 0.7846032906804684, 0.7846032906804684, 0.7846032906804684, 0.7846032906804684, 0.7846032906804684, 0.7846032906804684, 0.7846032906804684, 0.7846032906804684]
[0.18914598557549434, 0.2087101884082626, 0.2273127159422868, 0.22286969225472436, 0.23074071973674093, 0.2326290276828503, 0.24702167644360568, 0.2566570109216406, 0.2610307628734563, 0.268954840386461, 0.2719028148961291, 0.27892963141512606, 0.28836078643716406, 0.2948730482002078, 0.29821261869693905, 0.30647058763771384, 0.31203121487897545, 0.3176569070856833, 0.3198138678133957, 0.33222517764535453, 0.33959946104118155, 0.3443680421384929, 0.3532691512172629, 0.3641067217725418, 0.37099593404419284, 0.3720174368492208, 0.3782307590719607, 0.3843977518719096, 0.3902242152848847, 0.3926241344526533, 0.3999375878584084, 0.4043160626111695, 0.4060725097841619, 0.40902820163261594, 0.4104214635335113, 0.42185744857825935, 0.4283070561926467, 0.43422252437589676, 0.44089667313628217, 0.4481284948651127, 0.4508504333514417, 0.4534433241903037, 0.4592179210283021, 0.4592179210283021, 0.46274551117921303, 0.4644294851698313, 0.4683806274333178, 0.47119205029118694, 0.4807616796649742, 0.4874168904382511, 0.4874168904382511, 0.48900844936215704, 0.48900844936215704, 0.49273209201962653, 0.4959165227720811, 0.4959165227720811, 0.4999418857893083, 0.4999418857893083, 0.4999418857893083, 0.4999418857893083, 0.4999418857893083, 0.4999418857893083, 0.4999418857893083, 0.5072000301055426, 0.5072000301055426, 0.5115914628937566, 0.5154782253356092, 0.5154782253356092, 0.5154782253356092, 0.5154782253356092, 0.5154782253356092, 0.5154782253356092, 0.5206181131497348, 0.5206181131497348, 0.5206181131497348, 0.5350561002509632, 0.5350561002509632, 0.5350561002509632, 0.5406395033084699, 0.5406395033084699, 0.5406395033084699, 0.5406395033084699, 0.5406395033084699, 0.5472976445453509, 0.5472976445453509, 0.5472976445453509, 0.5472976445453509, 0.5472976445453509, 0.5472976445453509, 0.5472976445453509, 0.5472976445453509, 0.5472976445453509, 0.5472976445453509, 0.5472976445453509, 0.5472976445453509]
Training raw path: /home/anhnd/DTI Project/Codes/MPNN/data/KFold/ATCInchikeySideEffectByDrug.txt_train_3
('Number of substructures, proteins, pathways, drugs, se: ', 2936, 1448, 330, 969, 598)
((872, 1448), (97, 1448), (872, 598), (97, 598))
Train: 0.8752 0.6409
Test: 0.7849 0.5102
[0.6254823928401885, 0.637996743315748, 0.6511726336092187, 0.655916692228762, 0.6636173767333959, 0.6681958709174767, 0.669774866635912, 0.6738204313341161, 0.677123873371005, 0.6809508087382624, 0.6831212082307272, 0.6856975605518165, 0.6912330168900909, 0.6954417779409928, 0.6968057188639112, 0.6991115833339467, 0.701132185764171, 0.7022356602214865, 0.7041051420323439, 0.7065071227482953, 0.7100456116586042, 0.7133507096242001, 0.7168273908647109, 0.7195564723626051, 0.720933075246317, 0.7214581542204153, 0.7241531891605366, 0.7260513043013873, 0.7287248384884255, 0.7290729203108783, 0.732754934324539, 0.7341402420715188, 0.7345035155578062, 0.7356377854638736, 0.7360569330188835, 0.7397996013583816, 0.7420210872213582, 0.7443930993462047, 0.746340478699073, 0.7491436265562088, 0.7501963294707057, 0.7509696487737979, 0.7539405039635156, 0.7539405039635156, 0.7553730896003187, 0.756273143758472, 0.7578031377522509, 0.7588088090303715, 0.7621137185468578, 0.7647853479079882, 0.7647853479079882, 0.7656568239166405, 0.7656568239166405, 0.7674108785203686, 0.7685001011780686, 0.7685001011780686, 0.7705198304992655, 0.7705198304992655, 0.7705198304992655, 0.7705198304992655, 0.7705198304992655, 0.7705198304992655, 0.7705198304992655, 0.7728908253741306, 0.7728908253741306, 0.7741205782367672, 0.775445484093554, 0.775445484093554, 0.775445484093554, 0.775445484093554, 0.775445484093554, 0.775445484093554, 0.7768998112730374, 0.7768998112730374, 0.7768998112730374, 0.7816027956050132, 0.7816027956050132, 0.7816027956050132, 0.7832502028208944, 0.7832502028208944, 0.7832502028208944, 0.7832502028208944, 0.7832502028208944, 0.7849068853561645, 0.7849068853561645, 0.7849068853561645, 0.7849068853561645, 0.7849068853561645, 0.7849068853561645, 0.7849068853561645, 0.7849068853561645, 0.7849068853561645, 0.7849068853561645, 0.7849068853561645, 0.7849068853561645]
[0.1555066468069318, 0.18477650282649766, 0.19300795858097528, 0.1985209177734559, 0.20950058658181042, 0.2123071129073243, 0.21951994824006316, 0.22726756579901108, 0.23209521404219483, 0.2413172398351054, 0.2443730793796749, 0.24790578971823382, 0.2565555158366244, 0.2667165256532668, 0.26890453941881065, 0.2756718554839941, 0.2797770023082682, 0.2807109877665998, 0.28369777645745925, 0.2898381380322278, 0.2999065676522569, 0.3066950847545441, 0.3145490622550453, 0.32151537322053386, 0.3227049742437471, 0.32388313940101077, 0.32995384385158194, 0.3339490108318388, 0.3408207097902608, 0.341170879083618, 0.3504721546399474, 0.3538765353676868, 0.35460351237473675, 0.35886065722325344, 0.3595644283799406, 0.36882307460602903, 0.37525644035594075, 0.38025466637760647, 0.3854647679044638, 0.39389436161611113, 0.3962007980794286, 0.39838883439815814, 0.4050450938723895, 0.4050450938723895, 0.4085679179453797, 0.410835632070221, 0.4152123774996814, 0.4187210480598597, 0.4292122475163363, 0.4381551772579832, 0.4381551772579832, 0.440441597611846, 0.440441597611846, 0.4456205049603308, 0.44901900605464073, 0.44901900605464073, 0.45548940349007006, 0.45548940349007006, 0.45548940349007006, 0.45548940349007006, 0.45548940349007006, 0.45548940349007006, 0.45548940349007006, 0.4634066881520422, 0.4634066881520422, 0.4675315226433788, 0.4725669723061298, 0.4725669723061298, 0.4725669723061298, 0.4725669723061298, 0.4725669723061298, 0.4725669723061298, 0.47798767720157825, 0.47798767720157825, 0.47798767720157825, 0.4963282009792125, 0.4963282009792125, 0.4963282009792125, 0.5030549405000715, 0.5030549405000715, 0.5030549405000715, 0.5030549405000715, 0.5030549405000715, 0.5102359628933146, 0.5102359628933146, 0.5102359628933146, 0.5102359628933146, 0.5102359628933146, 0.5102359628933146, 0.5102359628933146, 0.5102359628933146, 0.5102359628933146, 0.5102359628933146, 0.5102359628933146, 0.5102359628933146]
Training raw path: /home/anhnd/DTI Project/Codes/MPNN/data/KFold/ATCInchikeySideEffectByDrug.txt_train_4
('Number of substructures, proteins, pathways, drugs, se: ', 2936, 1448, 330, 969, 598)
((872, 1448), (97, 1448), (872, 598), (97, 598))
Train: 0.8722 0.6410
Test: 0.7819 0.4832
[0.5920845171784774, 0.6145266876715103, 0.6205779347173279, 0.628184184802042, 0.6275707490058766, 0.62813395926715, 0.6327504707698202, 0.644107804659628, 0.649509931681332, 0.6539178719019729, 0.6560845610296706, 0.6594624773286115, 0.6691029742123628, 0.6739830906088794, 0.6747265352165754, 0.6772294510915822, 0.6795027922633735, 0.6837747574621083, 0.6865867342682273, 0.6914561842438501, 0.694362006655891, 0.6984092345399605, 0.7008046593153647, 0.7035235839014737, 0.7067800004677705, 0.707251834430803, 0.7103087058593556, 0.7124335355334765, 0.7152585192421939, 0.7164441116239857, 0.7192128736080552, 0.7214725186584653, 0.7220401318296529, 0.7240471162348832, 0.7251704742319593, 0.7308660699076179, 0.7330492367706365, 0.7367231627608688, 0.7393120248217364, 0.7425670806372215, 0.7440452494446179, 0.744803878894396, 0.7479973060856228, 0.7479973060856228, 0.7494857016030628, 0.750247352812732, 0.7522480514774023, 0.7532838081540236, 0.7571607099680508, 0.759854722343431, 0.759854722343431, 0.7607849532066299, 0.7607849532066299, 0.762615508167553, 0.7633106927039756, 0.7633106927039756, 0.7655664388080201, 0.7655664388080201, 0.7655664388080201, 0.7655664388080201, 0.7655664388080201, 0.7655664388080201, 0.7655664388080201, 0.7682681917140379, 0.7682681917140379, 0.7696362064910383, 0.7711029899214048, 0.7711029899214048, 0.7711029899214048, 0.7711029899214048, 0.7711029899214048, 0.7711029899214048, 0.7727803574316764, 0.7727803574316764, 0.7727803574316764, 0.7782697914921003, 0.7782697914921003, 0.7782697914921003, 0.7800126339616068, 0.7800126339616068, 0.7800126339616068, 0.7800126339616068, 0.7800126339616068, 0.7818819943987643, 0.7818819943987643, 0.7818819943987643, 0.7818819943987643, 0.7818819943987643, 0.7818819943987643, 0.7818819943987643, 0.7818819943987643, 0.7818819943987643, 0.7818819943987643, 0.7818819943987643, 0.7818819943987643]
[0.09616192445342961, 0.11355245286447549, 0.11669269927015696, 0.12851341399630192, 0.13005453164101927, 0.13459162601097108, 0.14502131311115812, 0.15974345247319519, 0.1676925114651266, 0.1758268880492404, 0.1769461549780928, 0.1812783414658635, 0.1974180180061326, 0.20797281555024277, 0.2087722818269316, 0.2127484518743652, 0.21784267215210978, 0.22404439563069553, 0.2292415343339391, 0.2379431417888261, 0.2452112459527662, 0.25183154944217734, 0.2551074827299028, 0.2611031671638329, 0.2670939861573045, 0.2677181882692592, 0.2738214089447033, 0.2781305088898002, 0.2857099974054728, 0.2880287913903501, 0.2934710867586338, 0.2978924547242793, 0.298984520748785, 0.3059628004592432, 0.30890174760240713, 0.32325368085570333, 0.3284083517632388, 0.3376221240555213, 0.344187175190729, 0.35257400992399324, 0.3565732538995995, 0.35808760978545706, 0.3650840269422359, 0.3650840269422359, 0.36839405236533584, 0.370153477872567, 0.37536727831482525, 0.378965103347702, 0.390128339422403, 0.3988870770964263, 0.3988870770964263, 0.4012317749363086, 0.4012317749363086, 0.4066770735036087, 0.4086203279667481, 0.4086203279667481, 0.4161213234389836, 0.4161213234389836, 0.4161213234389836, 0.4161213234389836, 0.4161213234389836, 0.4161213234389836, 0.4161213234389836, 0.4258655459637144, 0.4258655459637144, 0.4304934039826547, 0.4370248687165142, 0.4370248687165142, 0.4370248687165142, 0.4370248687165142, 0.4370248687165142, 0.4370248687165142, 0.4437401436069172, 0.4437401436069172, 0.4437401436069172, 0.46720170759717167, 0.46720170759717167, 0.46720170759717167, 0.474094962691195, 0.474094962691195, 0.474094962691195, 0.474094962691195, 0.474094962691195, 0.48315831306743806, 0.48315831306743806, 0.48315831306743806, 0.48315831306743806, 0.48315831306743806, 0.48315831306743806, 0.48315831306743806, 0.48315831306743806, 0.48315831306743806, 0.48315831306743806, 0.48315831306743806, 0.48315831306743806]
Training raw path: /home/anhnd/DTI Project/Codes/MPNN/data/KFold/ATCInchikeySideEffectByDrug.txt_train_5
('Number of substructures, proteins, pathways, drugs, se: ', 2936, 1448, 330, 969, 598)
((872, 1448), (97, 1448), (872, 598), (97, 598))
Train: 0.8739 0.6427
Test: 0.7833 0.4888
[0.5895619329309725, 0.6125046755510519, 0.6205509870785262, 0.6275488362691585, 0.6362695505207694, 0.6375315167863217, 0.645526810244417, 0.650603491156902, 0.6553253860528172, 0.6606431536169203, 0.6644806026296792, 0.6682582254522883, 0.675080964640549, 0.6791571240981935, 0.6801410031896655, 0.6843072463550508, 0.6862089202620817, 0.6905727310611977, 0.6916729735431969, 0.6963186766084236, 0.699679110056656, 0.7017921821349501, 0.7058324137708968, 0.7086288641427119, 0.7122868784639307, 0.7129845633063852, 0.7161585522112925, 0.7195313681559601, 0.7223758987611861, 0.7240455116778342, 0.7272367572232489, 0.7288447993909717, 0.7291102408242772, 0.7301116420467881, 0.7304569788231083, 0.7352852162039848, 0.7375147283334705, 0.7402989571673073, 0.7423301392462143, 0.7447762298808176, 0.7460909109052248, 0.7467890702202469, 0.7499239800332418, 0.7499239800332418, 0.751610324710956, 0.7523143501528704, 0.7538705882241385, 0.7545980574756365, 0.7587759074306151, 0.7614204851564126, 0.7614204851564126, 0.7622671825835591, 0.7622671825835591, 0.764507032823323, 0.7654757228391765, 0.7654757228391765, 0.7681332215338443, 0.7681332215338443, 0.7681332215338443, 0.7681332215338443, 0.7681332215338443, 0.7681332215338443, 0.7681332215338443, 0.7703952588725721, 0.7703952588725721, 0.7715328651921171, 0.7731710285219449, 0.7731710285219449, 0.7731710285219449, 0.7731710285219449, 0.7731710285219449, 0.7731710285219449, 0.7750293986420362, 0.7750293986420362, 0.7750293986420362, 0.7798716814665488, 0.7798716814665488, 0.7798716814665488, 0.7815528738464698, 0.7815528738464698, 0.7815528738464698, 0.7815528738464698, 0.7815528738464698, 0.783322221101065, 0.783322221101065, 0.783322221101065, 0.783322221101065, 0.783322221101065, 0.783322221101065, 0.783322221101065, 0.783322221101065, 0.783322221101065, 0.783322221101065, 0.783322221101065, 0.783322221101065]
[0.12124741272774361, 0.13100376711892203, 0.1339413840907396, 0.13975185892281078, 0.1512129086490122, 0.15147936018846192, 0.16435133437779542, 0.17447433210132027, 0.18393907654241065, 0.19292763451975858, 0.19721253521802673, 0.20255420029676596, 0.21452721346122977, 0.21948714709006206, 0.221417468293832, 0.2286777825206315, 0.23169547797321932, 0.24014816297325595, 0.24129384055821929, 0.2517508190116054, 0.26060984497409023, 0.26248798089512704, 0.2712709400108921, 0.27748395229743805, 0.2845862852361778, 0.2858052308485939, 0.29212760147850103, 0.300348165152748, 0.30576197042730535, 0.30967350914739344, 0.31580153308503767, 0.318797059218379, 0.31926735275147944, 0.3217606930973641, 0.32240307331977286, 0.33576569078304, 0.3409964672878102, 0.34786729340113076, 0.35266321307586623, 0.35923118412300437, 0.3619535801090654, 0.36334957401059786, 0.37045055400526394, 0.37045055400526394, 0.37542361411672415, 0.3770140637300319, 0.3814601682290948, 0.384113279551588, 0.3982610518369461, 0.407051653418565, 0.407051653418565, 0.4092177023296425, 0.4092177023296425, 0.4168479339915412, 0.41970195247782316, 0.41970195247782316, 0.42916441909365993, 0.42916441909365993, 0.42916441909365993, 0.42916441909365993, 0.42916441909365993, 0.42916441909365993, 0.42916441909365993, 0.4373314022921681, 0.4373314022921681, 0.4405364929384502, 0.44759576207018165, 0.44759576207018165, 0.44759576207018165, 0.44759576207018165, 0.44759576207018165, 0.44759576207018165, 0.4555490750542572, 0.4555490750542572, 0.4555490750542572, 0.47430816228823725, 0.47430816228823725, 0.47430816228823725, 0.48080417769489625, 0.48080417769489625, 0.48080417769489625, 0.48080417769489625, 0.48080417769489625, 0.4887516085250889, 0.4887516085250889, 0.4887516085250889, 0.4887516085250889, 0.4887516085250889, 0.4887516085250889, 0.4887516085250889, 0.4887516085250889, 0.4887516085250889, 0.4887516085250889, 0.4887516085250889, 0.4887516085250889]
Training raw path: /home/anhnd/DTI Project/Codes/MPNN/data/KFold/ATCInchikeySideEffectByDrug.txt_train_6
('Number of substructures, proteins, pathways, drugs, se: ', 2936, 1448, 330, 969, 598)
((872, 1448), (97, 1448), (872, 598), (97, 598))
Train: 0.8697 0.6389
Test: 0.7924 0.4946
[0.6149620955315871, 0.6446261318336475, 0.6529295324045405, 0.6510608512085464, 0.6531738410341272, 0.6574262418073775, 0.6631109704286966, 0.6674276098776799, 0.673823119906523, 0.6784157978744751, 0.6818901302322904, 0.6855569015806631, 0.6923006659205917, 0.6963319582658927, 0.6970604137748517, 0.6989863347236857, 0.701630059401694, 0.7031376723523335, 0.7048150046065462, 0.7092834264044312, 0.711481964171104, 0.7153928405109348, 0.7189255088330437, 0.7214828895273409, 0.7235694050860472, 0.7239757743671781, 0.7266665365558254, 0.7282302884133702, 0.7312914397936973, 0.7327588319655333, 0.7366462103823, 0.7381246745727648, 0.73873910533058, 0.7403443633444997, 0.7409659479435907, 0.7450137884148069, 0.7475288817186349, 0.7499731112221466, 0.7518684942486866, 0.7547297898386506, 0.7559333694915665, 0.7566784923537422, 0.7596748230910315, 0.7596748230910315, 0.7616647447859657, 0.7624827717916252, 0.7638464352316867, 0.764855176935265, 0.7686606086489507, 0.7712526797486233, 0.7712526797486233, 0.7722383177333798, 0.7722383177333798, 0.7741307743697086, 0.7751207653883313, 0.7751207653883313, 0.7773270916375146, 0.7773270916375146, 0.7773270916375146, 0.7773270916375146, 0.7773270916375146, 0.7773270916375146, 0.7773270916375146, 0.7796236977276055, 0.7796236977276055, 0.7807080912119939, 0.7822036585052878, 0.7822036585052878, 0.7822036585052878, 0.7822036585052878, 0.7822036585052878, 0.7822036585052878, 0.7837433983068188, 0.7837433983068188, 0.7837433983068188, 0.7888965894460489, 0.7888965894460489, 0.7888965894460489, 0.7903504544466831, 0.7903504544466831, 0.7903504544466831, 0.7903504544466831, 0.7903504544466831, 0.7923541498371969, 0.7923541498371969, 0.7923541498371969, 0.7923541498371969, 0.7923541498371969, 0.7923541498371969, 0.7923541498371969, 0.7923541498371969, 0.7923541498371969, 0.7923541498371969, 0.7923541498371969, 0.7923541498371969]
[0.15082927853782457, 0.16260870232241104, 0.17508954824471842, 0.1710307254818723, 0.17632179329395808, 0.18060272687301843, 0.18911258782622642, 0.1975853549710931, 0.20745592732164847, 0.21661586522364326, 0.22120752169374558, 0.22786146616292208, 0.23772301811271257, 0.24462980938195253, 0.24513259774774346, 0.24809225082174924, 0.25433514977356714, 0.25610614612464766, 0.258588555832989, 0.2672261311259646, 0.2740034518525045, 0.28183290427970925, 0.28861075243358925, 0.2946037675834914, 0.29796368663359507, 0.2984928632831368, 0.3029005790987135, 0.30535635990363785, 0.3112398620953584, 0.3140078091102969, 0.32246143399505334, 0.3255815323446417, 0.3273814391735319, 0.332735771960353, 0.3343359545678195, 0.34445084151170524, 0.3513534541440579, 0.35696820908263427, 0.362066144737171, 0.3701835917346003, 0.3732052974116765, 0.3747938477316281, 0.38098018809842726, 0.38098018809842726, 0.386554752616887, 0.38847742466733004, 0.39232735939463104, 0.3954953476584393, 0.4079360010077535, 0.4165852307065949, 0.4165852307065949, 0.41932229286342065, 0.41932229286342065, 0.4252298822544426, 0.42830727479072167, 0.42830727479072167, 0.4355480491475984, 0.4355480491475984, 0.4355480491475984, 0.4355480491475984, 0.4355480491475984, 0.4355480491475984, 0.4355480491475984, 0.4426759744182983, 0.4426759744182983, 0.44584485301488924, 0.4528414759689561, 0.4528414759689561, 0.4528414759689561, 0.4528414759689561, 0.4528414759689561, 0.4528414759689561, 0.45852441400506816, 0.45852441400506816, 0.45852441400506816, 0.4798653338455432, 0.4798653338455432, 0.4798653338455432, 0.48460353853034643, 0.48460353853034643, 0.48460353853034643, 0.48460353853034643, 0.48460353853034643, 0.4946383963751465, 0.4946383963751465, 0.4946383963751465, 0.4946383963751465, 0.4946383963751465, 0.4946383963751465, 0.4946383963751465, 0.4946383963751465, 0.4946383963751465, 0.4946383963751465, 0.4946383963751465, 0.4946383963751465]
Training raw path: /home/anhnd/DTI Project/Codes/MPNN/data/KFold/ATCInchikeySideEffectByDrug.txt_train_7
('Number of substructures, proteins, pathways, drugs, se: ', 2936, 1448, 330, 969, 598)
((872, 1448), (97, 1448), (872, 598), (97, 598))
Train: 0.8699 0.6359
Test: 0.7996 0.5182
[0.5795961797410691, 0.608763289946299, 0.634237848644907, 0.647709583468891, 0.6515314944834453, 0.6585429168386944, 0.6660959404061566, 0.6704887663590551, 0.6727665143082703, 0.6749849565550436, 0.6776674031943171, 0.681124089539248, 0.6884578377621747, 0.6922212180292409, 0.6942854551076154, 0.695720066635171, 0.6976487032284899, 0.7005182329151214, 0.7029122303515403, 0.7078633248988611, 0.7118544747866786, 0.7157128664262897, 0.719893519347578, 0.7240193712100335, 0.7267329996896886, 0.7272980787936694, 0.7308396325269048, 0.7333962565939552, 0.7359910983297608, 0.7371523126400732, 0.7416331441886859, 0.7435834675264823, 0.7444873982611362, 0.7453074996824862, 0.7460279361384108, 0.7498071693197925, 0.7522495607265864, 0.7550683790798141, 0.7574330465013532, 0.7607190829569255, 0.7623230522453547, 0.7631127518225723, 0.7662343823355868, 0.7662343823355868, 0.7681053231726218, 0.7688931774442272, 0.7711293439533387, 0.772260469119547, 0.776600534416606, 0.7792657542917083, 0.7792657542917083, 0.7802386578327876, 0.7802386578327876, 0.7821413729488531, 0.7830936012363059, 0.7830936012363059, 0.7849503221677158, 0.7849503221677158, 0.7849503221677158, 0.7849503221677158, 0.7849503221677158, 0.7849503221677158, 0.7849503221677158, 0.787547990773553, 0.787547990773553, 0.7888633047753653, 0.7900861471964697, 0.7900861471964697, 0.7900861471964697, 0.7900861471964697, 0.7900861471964697, 0.7900861471964697, 0.7915029538450087, 0.7915029538450087, 0.7915029538450087, 0.7963436137704973, 0.7963436137704973, 0.7963436137704973, 0.797910028626481, 0.797910028626481, 0.797910028626481, 0.797910028626481, 0.797910028626481, 0.7996327815467951, 0.7996327815467951, 0.7996327815467951, 0.7996327815467951, 0.7996327815467951, 0.7996327815467951, 0.7996327815467951, 0.7996327815467951, 0.7996327815467951, 0.7996327815467951, 0.7996327815467951, 0.7996327815467951]
[0.11544365038667083, 0.13508492089292323, 0.156929827767128, 0.17280221961985603, 0.1779273808764803, 0.183173505686772, 0.19139349883343051, 0.19906386510325974, 0.20197034345160209, 0.20604974062473158, 0.20773015907678705, 0.21318953692433856, 0.2256046696504473, 0.2318992476786488, 0.23509850548934141, 0.23949388915100536, 0.24355318623035271, 0.2491954408739852, 0.25307841105525375, 0.2626039590785667, 0.2727450257241734, 0.2802795998341023, 0.28877047796033195, 0.29802864603374957, 0.3041525608226706, 0.30490967767904675, 0.31177323887427894, 0.3177803356208338, 0.32312513088139505, 0.3249673247775166, 0.3363901027034487, 0.34103571206823935, 0.34359670528615005, 0.34554240136606973, 0.3472891020187226, 0.3569806289795994, 0.36338663990451125, 0.3695470003491186, 0.375297083034092, 0.38543016317879397, 0.38958443734076953, 0.3919211187038111, 0.3997236041410071, 0.3997236041410071, 0.4044363599716274, 0.40633645004822827, 0.4127447556809378, 0.41653416467190474, 0.43120142289793506, 0.439191140191485, 0.439191140191485, 0.4420362256176876, 0.4420362256176876, 0.44894335191658186, 0.4519599316653338, 0.4519599316653338, 0.4584310842242238, 0.4584310842242238, 0.4584310842242238, 0.4584310842242238, 0.4584310842242238, 0.4584310842242238, 0.4584310842242238, 0.4680471174222928, 0.4680471174222928, 0.472985740541355, 0.47763290571909267, 0.47763290571909267, 0.47763290571909267, 0.47763290571909267, 0.47763290571909267, 0.47763290571909267, 0.4829059666928926, 0.4829059666928926, 0.4829059666928926, 0.5034769316758337, 0.5034769316758337, 0.5034769316758337, 0.5098461136201167, 0.5098461136201167, 0.5098461136201167, 0.5098461136201167, 0.5098461136201167, 0.5181772096428323, 0.5181772096428323, 0.5181772096428323, 0.5181772096428323, 0.5181772096428323, 0.5181772096428323, 0.5181772096428323, 0.5181772096428323, 0.5181772096428323, 0.5181772096428323, 0.5181772096428323, 0.5181772096428323]
Training raw path: /home/anhnd/DTI Project/Codes/MPNN/data/KFold/ATCInchikeySideEffectByDrug.txt_train_8
('Number of substructures, proteins, pathways, drugs, se: ', 2936, 1448, 330, 969, 598)
((872, 1448), (97, 1448), (872, 598), (97, 598))
Train: 0.8751 0.6453
Test: 0.7884 0.4833
[0.6077031006583246, 0.6196151137636104, 0.6367752712998573, 0.6445259604100158, 0.6458165481918297, 0.6537174830115664, 0.655161759320685, 0.6584994317953335, 0.6615999961374386, 0.6673747648979846, 0.6702241863209923, 0.6730954920631327, 0.6772827286608651, 0.6805078256898043, 0.6829923333397832, 0.6841583161490787, 0.6856422189298865, 0.6893110596508846, 0.6917671736671818, 0.6958218320239502, 0.6982754393054948, 0.7030259964426671, 0.7061555793187275, 0.7091934711806117, 0.7125234862186703, 0.7129804909886936, 0.7163356158081639, 0.71863943290994, 0.7219342732203542, 0.7232492606799326, 0.72787908880018, 0.7298034646813698, 0.7306348653835707, 0.732674105852422, 0.7336724874505133, 0.7376962285580063, 0.739799911050873, 0.7424812142329642, 0.7447334029727142, 0.7476445468768862, 0.7499139158815791, 0.7501375683287131, 0.7532153816499537, 0.7532153816499537, 0.7546728894628532, 0.755768981524124, 0.7573202009485254, 0.7582365061297154, 0.7621142459418628, 0.7654668960502149, 0.7654668960502149, 0.7662762865563472, 0.7662762865563472, 0.7684337422994578, 0.7696012350700705, 0.7696012350700705, 0.7718888723592451, 0.7718888723592451, 0.7718888723592451, 0.7718888723592451, 0.7718888723592451, 0.7718888723592451, 0.7718888723592451, 0.7747495185569941, 0.7747495185569941, 0.7760420958495033, 0.7775234621070952, 0.7775234621070952, 0.7775234621070952, 0.7775234621070952, 0.7775234621070952, 0.7775234621070952, 0.7790371358416683, 0.7790371358416683, 0.7790371358416683, 0.7845413266411027, 0.7845413266411027, 0.7845413266411027, 0.7863665492281684, 0.7863665492281684, 0.7863665492281684, 0.7863665492281684, 0.7863665492281684, 0.7884342773976296, 0.7884342773976296, 0.7884342773976296, 0.7884342773976296, 0.7884342773976296, 0.7884342773976296, 0.7884342773976296, 0.7884342773976296, 0.7884342773976296, 0.7884342773976296, 0.7884342773976296, 0.7884342773976296]
[0.12170360083748183, 0.12599438774240368, 0.14402533280859903, 0.14994149623042669, 0.1535299444191381, 0.16376679013309733, 0.16876601838305094, 0.1767874567051766, 0.18280845641904858, 0.19197511670074738, 0.1951446860948373, 0.19883820668932367, 0.205879858864231, 0.2109059201321778, 0.21527646565801306, 0.21681311197188682, 0.21919196560159004, 0.22581244115924867, 0.22972413628662067, 0.23719789683754042, 0.2447582396683886, 0.25294005753318105, 0.2580225590968282, 0.26591279319616584, 0.2731142028435874, 0.2738194222963804, 0.28058438995220125, 0.2853325742314059, 0.2921347595994105, 0.294189835175556, 0.3043135964400618, 0.30817987528797675, 0.30931509660730105, 0.3156191632607489, 0.3174707893125272, 0.3269217948440045, 0.3320381052224902, 0.3379819760454173, 0.3428978935226491, 0.35043748416868514, 0.35574507023970064, 0.3556624581973219, 0.36239396351473707, 0.36239396351473707, 0.365952973727824, 0.3686946149119603, 0.37252799682860327, 0.37504819058679206, 0.38618562949470714, 0.3959840445893759, 0.3959840445893759, 0.39786075728941234, 0.39786075728941234, 0.4044364648524263, 0.40811514809110727, 0.40811514809110727, 0.415034555408414, 0.415034555408414, 0.415034555408414, 0.415034555408414, 0.415034555408414, 0.415034555408414, 0.415034555408414, 0.4250391627522576, 0.4250391627522576, 0.4295859134727919, 0.43543584762768894, 0.43543584762768894, 0.43543584762768894, 0.43543584762768894, 0.43543584762768894, 0.43543584762768894, 0.4410902993928268, 0.4410902993928268, 0.4410902993928268, 0.464832462816271, 0.464832462816271, 0.464832462816271, 0.47272349133010544, 0.47272349133010544, 0.47272349133010544, 0.47272349133010544, 0.47272349133010544, 0.4832622950480767, 0.4832622950480767, 0.4832622950480767, 0.4832622950480767, 0.4832622950480767, 0.4832622950480767, 0.4832622950480767, 0.4832622950480767, 0.4832622950480767, 0.4832622950480767, 0.4832622950480767, 0.4832622950480767]
Training raw path: /home/anhnd/DTI Project/Codes/MPNN/data/KFold/ATCInchikeySideEffectByDrug.txt_train_9
('Number of substructures, proteins, pathways, drugs, se: ', 2936, 1448, 330, 969, 598)
((873, 1448), (96, 1448), (873, 598), (96, 598))
Train: 0.8742 0.6415
Test: 0.7803 0.4970
[0.599663029126873, 0.6265698693262949, 0.6367482143729142, 0.6426062476365144, 0.6497946756792989, 0.6526005683470475, 0.6569564047841924, 0.6628672318019244, 0.6673145133195928, 0.6720051921477297, 0.6737988666516681, 0.6776873818677587, 0.684452439347961, 0.6874344931669362, 0.689507216187135, 0.6926333375242716, 0.6949716535925925, 0.6965731140819916, 0.6976139949550709, 0.7012305347789078, 0.7044739102785409, 0.7082663308764638, 0.7122787621567769, 0.7153776609342297, 0.7173514693889396, 0.7180135353050072, 0.7201940880593899, 0.7223602008029364, 0.7247055028997799, 0.7262745546530445, 0.7292196860803608, 0.7304230097182003, 0.730977594837554, 0.7323726227621945, 0.7332772763791631, 0.736599321438755, 0.7382575338162765, 0.7412795821451711, 0.7432142082271944, 0.74618342936832, 0.7478753997663558, 0.7482664427847796, 0.7506163417147097, 0.7506163417147097, 0.752175139651837, 0.7528671407361689, 0.7545857171551527, 0.7552884295900717, 0.7583431235070954, 0.7605788511682317, 0.7605788511682317, 0.7613964780858464, 0.7613964780858464, 0.7634319188051655, 0.7643799486342149, 0.7643799486342149, 0.7664934553444726, 0.7664934553444726, 0.7664934553444726, 0.7664934553444726, 0.7664934553444726, 0.7664934553444726, 0.7664934553444726, 0.7687036810133339, 0.7687036810133339, 0.7700525996144769, 0.7713404563930457, 0.7713404563930457, 0.7713404563930457, 0.7713404563930457, 0.7713404563930457, 0.7713404563930457, 0.7726781650813184, 0.7726781650813184, 0.7726781650813184, 0.7770790201949858, 0.7770790201949858, 0.7770790201949858, 0.7786595146917452, 0.7786595146917452, 0.7786595146917452, 0.7786595146917452, 0.7786595146917452, 0.7802929169738297, 0.7802929169738297, 0.7802929169738297, 0.7802929169738297, 0.7802929169738297, 0.7802929169738297, 0.7802929169738297, 0.7802929169738297, 0.7802929169738297, 0.7802929169738297, 0.7802929169738297, 0.7802929169738297]
[0.13870875930162582, 0.1651534490945295, 0.17582889836608898, 0.1777385665747116, 0.18719291405220995, 0.1898207636171364, 0.19475803656024265, 0.20308067995513995, 0.20999121603354773, 0.21859569711267218, 0.22025220614282806, 0.22438679926399924, 0.23645709858633027, 0.24220491903730285, 0.24591431207520015, 0.2523054457913868, 0.2576460979292971, 0.2593681564441678, 0.26003781197639353, 0.269586842715123, 0.2791583485943983, 0.2878348151426094, 0.29718701382839835, 0.3044264737767252, 0.30880801026486604, 0.31005018300550147, 0.31476211661532516, 0.3198799329662153, 0.3254506366941323, 0.32961129311722154, 0.3369186120885817, 0.33897438986291883, 0.34084408750922013, 0.3453799012133224, 0.3478762180072493, 0.3568814094279359, 0.36161820195294514, 0.36972988085575315, 0.37516643693358626, 0.3842601829763995, 0.3890133305243072, 0.38946233690839627, 0.39398593026418155, 0.39398593026418155, 0.39866725285204635, 0.4006571307709422, 0.40589073086326605, 0.4081223463990291, 0.41782786505282904, 0.42587663171128914, 0.42587663171128914, 0.42805045003387343, 0.42805045003387343, 0.4349712603863195, 0.43774664725168744, 0.43774664725168744, 0.44458927363171785, 0.44458927363171785, 0.44458927363171785, 0.44458927363171785, 0.44458927363171785, 0.44458927363171785, 0.44458927363171785, 0.45201215715407805, 0.45201215715407805, 0.45688523650908064, 0.4620175385732842, 0.4620175385732842, 0.4620175385732842, 0.4620175385732842, 0.4620175385732842, 0.4620175385732842, 0.46673959305842216, 0.46673959305842216, 0.46673959305842216, 0.48348324717335284, 0.48348324717335284, 0.48348324717335284, 0.48964344539557414, 0.48964344539557414, 0.48964344539557414, 0.48964344539557414, 0.48964344539557414, 0.49697990798968034, 0.49697990798968034, 0.49697990798968034, 0.49697990798968034, 0.49697990798968034, 0.49697990798968034, 0.49697990798968034, 0.49697990798968034, 0.49697990798968034, 0.49697990798968034, 0.49697990798968034, 0.49697990798968034]
AUC: 0.7857 0.0019
AUPR: 0.5010 0.0059
('RARE AUC', [(0.6055050984530358, 0.0051155430397013995), (0.6233258715057113, 0.0035449674195655733), (0.6350450071034369, 0.003877736748127564), (0.6404556720560783, 0.0033377349216262846), (0.6444800529372329, 0.0034315334460963934), (0.6485077889257003, 0.0038620433629115276), (0.6539765919278927, 0.0035957339536778505), (0.6591893256688266, 0.0032243953695372403), (0.6633253488401765, 0.002992590211239178), (0.6672912686266983, 0.0029948278611567317), (0.6696084390527176, 0.003125429150292663), (0.6730683201357384, 0.003108499580061845), (0.679641754380981, 0.002962873830060046), (0.6837986193691717, 0.002780183660702857), (0.6854040618017253, 0.0027355925484156994), (0.6880727236255506, 0.002578143873300822), (0.6900158222206595, 0.0026758113827928826), (0.6929083068733357, 0.0024123590366425945), (0.6946972726047126, 0.0024033366511722327), (0.6991316366190683, 0.0023184591250644854), (0.7023332218318024, 0.0022884505006144375), (0.7058410519619256, 0.0022847034270406224), (0.7093923683918638, 0.002349722289677109), (0.712542443863952, 0.002390512281680949), (0.7151436181805046, 0.002305668778045894), (0.7156811691989262, 0.0023052930198523202), (0.7185013944035232, 0.0023632692406291454), (0.7208479175675893, 0.002317336412759941), (0.7237981137675367, 0.0022257513663723806), (0.7250320953140456, 0.0022089577298981984), (0.7287936770451158, 0.0022290246468363323), (0.7306619173088321, 0.0021552398254660525), (0.7313156640498478, 0.0021585315110139837), (0.7327726685971866, 0.002086642670726918), (0.7335278405648766, 0.002051913746898725), (0.7379574174652511, 0.0018947655496938292), (0.7401598797857931, 0.001938970270383326), (0.7430982268208021, 0.0018407395243186277), (0.7452968428214166, 0.0018361354392246356), (0.7483188883561152, 0.001820343529936214), (0.7497925197982102, 0.0018147367804861672), (0.7505326521732754, 0.001812617675266349), (0.7535051668285877, 0.0018092097625798198), (0.7535051668285877, 0.0018092097625798198), (0.7551212001414138, 0.0018320541370191212), (0.7559301390571783, 0.0018348328729827145), (0.7576698461292689, 0.001843480231197547), (0.7585974824808842, 0.0018671734807285752), (0.7622387569805003, 0.0019257708371563228), (0.7649089843252552, 0.0019223524508021866), (0.7649089843252552, 0.0019223524508021866), (0.7657857782016416, 0.0019266691675472935), (0.7657857782016416, 0.0019266691675472935), (0.7677318508347616, 0.0019078855876785965), (0.7687127482055272, 0.0019155348283582617), (0.7687127482055272, 0.0019155348283582617), (0.7707991486850849, 0.0018984275693081434), (0.7707991486850849, 0.0018984275693081434), (0.7707991486850849, 0.0018984275693081434), (0.7707991486850849, 0.0018984275693081434), (0.7707991486850849, 0.0018984275693081434), (0.7707991486850849, 0.0018984275693081434), (0.7707991486850849, 0.0018984275693081434), (0.7732839780291235, 0.0018997737201444111), (0.7732839780291235, 0.0018997737201444111), (0.7745488756805325, 0.0018933321836952666), (0.7759070788883674, 0.0018883905681140122), (0.7759070788883674, 0.0018883905681140122), (0.7759070788883674, 0.0018883905681140122), (0.7759070788883674, 0.0018883905681140122), (0.7759070788883674, 0.0018883905681140122), (0.7759070788883674, 0.0018883905681140122), (0.7774532041884983, 0.0018745003229513858), (0.7774532041884983, 0.0018745003229513858), (0.7774532041884983, 0.0018745003229513858), (0.782236663324021, 0.0019100568825956446), (0.782236663324021, 0.0019100568825956446), (0.782236663324021, 0.0019100568825956446), (0.7838784288022957, 0.0018973745134777998), (0.7838784288022957, 0.0018973745134777998), (0.7838784288022957, 0.0018973745134777998), (0.7838784288022957, 0.0018973745134777998), (0.7838784288022957, 0.0018973745134777998), (0.7856762576521092, 0.0019059649465831912), (0.7856762576521092, 0.0019059649465831912), (0.7856762576521092, 0.0019059649465831912), (0.7856762576521092, 0.0019059649465831912), (0.7856762576521092, 0.0019059649465831912), (0.7856762576521092, 0.0019059649465831912), (0.7856762576521092, 0.0019059649465831912), (0.7856762576521092, 0.0019059649465831912), (0.7856762576521092, 0.0019059649465831912), (0.7856762576521092, 0.0019059649465831912), (0.7856762576521092, 0.0019059649465831912), (0.7856762576521092, 0.0019059649465831912)])
('RARE AUPR', [(0.13582925627927597, 0.00790234543047212), (0.15307340489564125, 0.00901231007094171), (0.16415032854835346, 0.009989925240158378), (0.16798658913899486, 0.0087715678008834), (0.17439161303055992, 0.00907066421690549), (0.17861685649433134, 0.008950187247777389), (0.18750882592518864, 0.009105625627406492), (0.1961074808884215, 0.008978735690413145), (0.20287330478494597, 0.008461946371422861), (0.21039054663181397, 0.00859344682297574), (0.21283771852494743, 0.00875490519779062), (0.21771486075725766, 0.008883839831781572), (0.22879471363890178, 0.008529376688269356), (0.2361004130002816, 0.008483064334487908), (0.2389553636517475, 0.008448491796193407), (0.24439179543674353, 0.008720888335008338), (0.24852710717200707, 0.008902662310615749), (0.2532200136173298, 0.008559491984230946), (0.2558324199257448, 0.008447421515519922), (0.26513806478472335, 0.008626138547692898), (0.27373542282413293, 0.008659644703029169), (0.2801511748262638, 0.008606968781490901), (0.2875070852132624, 0.00894328144928143), (0.29521414047743827, 0.00923615416279879), (0.3004427131610946, 0.009178349902529106), (0.3013582458297442, 0.009204393395579252), (0.3069383849393129, 0.009253383257390838), (0.3121825677782323, 0.009317804038238462), (0.31880938190341473, 0.009137007561775597), (0.3212864338987439, 0.009074285514463818), (0.3297465843830669, 0.009063537059995193), (0.33371968024315135, 0.009017517372391693), (0.3352917668049231, 0.009054422954500197), (0.33971448130066806, 0.008776123824162929), (0.34149060054229263, 0.008703386515793204), (0.35262963305052597, 0.008547678243742272), (0.35824942478684474, 0.008672422079386094), (0.36521240485257755, 0.008474341286372832), (0.37083404782832957, 0.00854439002667396), (0.37927735884180075, 0.008501019781009127), (0.38288895745793255, 0.008375955442299337), (0.384591745470962, 0.008515603509302867), (0.3912811025345856, 0.008407821224432403), (0.3912811025345856, 0.008407821224432403), (0.39542791932097004, 0.008392346253375926), (0.39738182845220604, 0.008366795385088227), (0.40216440987764435, 0.00833649079903367), (0.4050960205856741, 0.008345810140076865), (0.4164201624402084, 0.008182756738699943), (0.4248483544873336, 0.007962781749190729), (0.4248483544873336, 0.007962781749190729), (0.4271345146028856, 0.007934201464701435), (0.4271345146028856, 0.007934201464701435), (0.43327471806056445, 0.007710508315178105), (0.43625551225384607, 0.007741568690107708), (0.43625551225384607, 0.007741568690107708), (0.44291620618511995, 0.007429300772114767), (0.44291620618511995, 0.007429300772114767), (0.44291620618511995, 0.007429300772114767), (0.44291620618511995, 0.007429300772114767), (0.44291620618511995, 0.007429300772114767), (0.44291620618511995, 0.007429300772114767), (0.44291620618511995, 0.007429300772114767), (0.45145466957610825, 0.007253476349700275), (0.45145466957610825, 0.007253476349700275), (0.4556822137245331, 0.0072924351363542785), (0.4610902197771239, 0.0070590276454599804), (0.4610902197771239, 0.0070590276454599804), (0.4610902197771239, 0.0070590276454599804), (0.4610902197771239, 0.0070590276454599804), (0.4610902197771239, 0.0070590276454599804), (0.4610902197771239, 0.0070590276454599804), (0.4669919456394818, 0.006911585316787619), (0.4669919456394818, 0.006911585316787619), (0.4669919456394818, 0.006911585316787619), (0.48607242225093517, 0.006305666038744351), (0.48607242225093517, 0.006305666038744351), (0.48607242225093517, 0.006305666038744351), (0.4925622812457761, 0.006178695370119257), (0.4925622812457761, 0.006178695370119257), (0.4925622812457761, 0.006178695370119257), (0.4925622812457761, 0.006178695370119257), (0.4925622812457761, 0.006178695370119257), (0.5010233859174632, 0.005916103113075457), (0.5010233859174632, 0.005916103113075457), (0.5010233859174632, 0.005916103113075457), (0.5010233859174632, 0.005916103113075457), (0.5010233859174632, 0.005916103113075457), (0.5010233859174632, 0.005916103113075457), (0.5010233859174632, 0.005916103113075457), (0.5010233859174632, 0.005916103113075457), (0.5010233859174632, 0.005916103113075457), (0.5010233859174632, 0.005916103113075457), (0.5010233859174632, 0.005916103113075457), (0.5010233859174632, 0.005916103113075457)])
