Default
<models.baselines.omodels.MultiSVM object at 0x7fdbc92077d0>
Training raw path: /home/anhnd/DTI Project/Codes/MPNN/data/KFold/ATCInchikeySideEffectByDrug.txt_train_0
('Number of substructures, proteins, pathways, drugs, se: ', 888, 1448, 330, 969, 598)
Train: 0.7613 0.4711
Test: 0.7457 0.4563
[0.4834385600710036, 0.5007637278267604, 0.5183458953355744, 0.5323413156064676, 0.5404093084954689, 0.5544443690542769, 0.5656864769389098, 0.5752524431266104, 0.5785962561706193, 0.5838674061175009, 0.58675401297644, 0.5917691198766819, 0.6027649773680979, 0.610115246605532, 0.6129473147430196, 0.6163372181506446, 0.6178561075645107, 0.6212080970854374, 0.6236362034804079, 0.6304452925780833, 0.6363541410253147, 0.6410013318278602, 0.6457976678471917, 0.6498949995946574, 0.6539505274183695, 0.6545144335103075, 0.6575454057245107, 0.6608151255832206, 0.6651675656965912, 0.6665986506225221, 0.6723230944428107, 0.6750866606499182, 0.6761332099121359, 0.6778386395142437, 0.6790165492616926, 0.6855743092940835, 0.6882470416579425, 0.6924522420758865, 0.6950791142723427, 0.6992827282035541, 0.7010355217441975, 0.7022854635220679, 0.7062443252155448, 0.7062443252155448, 0.7087338311704985, 0.7098151110440889, 0.7120643624121364, 0.7132437029412455, 0.7173848829701631, 0.720874591830674, 0.720874591830674, 0.7221495371638139, 0.7221495371638139, 0.7247297478638214, 0.7258745065534971, 0.7258745065534971, 0.7280697678511592, 0.7280697678511592, 0.7280697678511592, 0.7280697678511592, 0.7280697678511592, 0.7280697678511592, 0.7280697678511592, 0.7312400640334483, 0.7312400640334483, 0.7328372293998805, 0.7343677506162658, 0.7343677506162658, 0.7343677506162658, 0.7343677506162658, 0.7343677506162658, 0.7343677506162658, 0.7362062190909465, 0.7362062190909465, 0.7362062190909465, 0.7415775443864484, 0.7415775443864484, 0.7415775443864484, 0.7435337351385005, 0.7435337351385005, 0.7435337351385005, 0.7435337351385005, 0.7435337351385005, 0.7456581780572052, 0.7456581780572052, 0.7456581780572052, 0.7456581780572052, 0.7456581780572052, 0.7456581780572052, 0.7456581780572052, 0.7456581780572052, 0.7456581780572052, 0.7456581780572052, 0.7456581780572052, 0.7456581780572052]
[0.06705776061345586, 0.07586131574684771, 0.08243609052345217, 0.08855301770748036, 0.09397261519310794, 0.10248347602005246, 0.109772564417526, 0.11806332567635083, 0.12032839706347356, 0.12605091922634107, 0.12913704378333124, 0.13493842701800063, 0.1481301734534204, 0.1568379555294579, 0.16017291781333062, 0.16423673165601305, 0.16556532364383458, 0.17007706765803737, 0.17384669163364525, 0.18393053398593942, 0.19374924989480938, 0.20016503868851493, 0.20709138088605294, 0.21376703328402044, 0.2210777864923837, 0.221636618573673, 0.22564556954874698, 0.23143877729857615, 0.23985001132459835, 0.24205227707574928, 0.25357879534767036, 0.2588294052528707, 0.2609632541377968, 0.2645357869080092, 0.26736509085262355, 0.2816793283932187, 0.2867548422136247, 0.29616857710237904, 0.3012574603600653, 0.310625330520954, 0.3139137283939643, 0.31707026655142223, 0.3262167695599074, 0.3262167695599074, 0.3330699995953529, 0.33574772178223966, 0.3414742192334568, 0.3447443354013977, 0.3547609029094172, 0.3639554273854315, 0.3639554273854315, 0.36705216819143377, 0.36705216819143377, 0.3752819741004551, 0.37828447751094163, 0.37828447751094163, 0.3844048085941334, 0.3844048085941334, 0.3844048085941334, 0.3844048085941334, 0.3844048085941334, 0.3844048085941334, 0.3844048085941334, 0.3967841574003635, 0.3967841574003635, 0.4026010876302182, 0.4080616367946495, 0.4080616367946495, 0.4080616367946495, 0.4080616367946495, 0.4080616367946495, 0.4080616367946495, 0.4161226868577763, 0.4161226868577763, 0.4161226868577763, 0.4376822204373451, 0.4376822204373451, 0.4376822204373451, 0.44571383660150216, 0.44571383660150216, 0.44571383660150216, 0.44571383660150216, 0.44571383660150216, 0.4563053132133807, 0.4563053132133807, 0.4563053132133807, 0.4563053132133807, 0.4563053132133807, 0.4563053132133807, 0.4563053132133807, 0.4563053132133807, 0.4563053132133807, 0.4563053132133807, 0.4563053132133807, 0.4563053132133807]
Training raw path: /home/anhnd/DTI Project/Codes/MPNN/data/KFold/ATCInchikeySideEffectByDrug.txt_train_1
('Number of substructures, proteins, pathways, drugs, se: ', 888, 1448, 330, 969, 598)
Train: 0.7583 0.4682
Test: 0.7596 0.4701
[0.47623754209291236, 0.5014247898096624, 0.5104809545136504, 0.5298061275797452, 0.5400359282621776, 0.5496090799464026, 0.5666139852562784, 0.5757223762953008, 0.5858321791961978, 0.5895596851963629, 0.5916204907458775, 0.5982990309646566, 0.6083772858671688, 0.6176678381800735, 0.619646877560408, 0.6261945242018438, 0.6285775404171102, 0.6349358580269683, 0.6372062340897711, 0.6436147160505387, 0.6471668506843427, 0.6524006530269281, 0.6572592717124637, 0.6615023928656425, 0.664226267035368, 0.6651296353928471, 0.6684492897757742, 0.6718955165790581, 0.67711872001195, 0.67907778247523, 0.6848851283196724, 0.688434445534422, 0.6896271987770362, 0.69225073000417, 0.6933827513799021, 0.6998320208339808, 0.7025648843538085, 0.707449140520205, 0.7105526877729516, 0.7150509243880131, 0.7170644387044542, 0.7183420849276222, 0.7223752087658403, 0.7223752087658403, 0.7238104715112342, 0.72472730502746, 0.727301680949745, 0.7283100329913339, 0.7323519201964634, 0.7356490197780112, 0.7356490197780112, 0.736604687377533, 0.736604687377533, 0.7390832819922739, 0.7403299657648177, 0.7403299657648177, 0.7427671783139329, 0.7427671783139329, 0.7427671783139329, 0.7427671783139329, 0.7427671783139329, 0.7427671783139329, 0.7427671783139329, 0.7458806511852331, 0.7458806511852331, 0.7473135346183455, 0.7486814690430157, 0.7486814690430157, 0.7486814690430157, 0.7486814690430157, 0.7486814690430157, 0.7486814690430157, 0.7506028922976402, 0.7506028922976402, 0.7506028922976402, 0.7555233121830381, 0.7555233121830381, 0.7555233121830381, 0.7575184551963888, 0.7575184551963888, 0.7575184551963888, 0.7575184551963888, 0.7575184551963888, 0.7595567928316695, 0.7595567928316695, 0.7595567928316695, 0.7595567928316695, 0.7595567928316695, 0.7595567928316695, 0.7595567928316695, 0.7595567928316695, 0.7595567928316695, 0.7595567928316695, 0.7595567928316695, 0.7595567928316695]
[0.0552205298791526, 0.061851884963787525, 0.07070751206950185, 0.08069112850091975, 0.08549240485800039, 0.09048018237556495, 0.10116211719536662, 0.10831295049697144, 0.11741948143511362, 0.12237724110073704, 0.12480225387317136, 0.13165886590128298, 0.14204634629947174, 0.15254747823940817, 0.15407240067289488, 0.1633159638809002, 0.16746374201106612, 0.17598526693484096, 0.17823690724271535, 0.18648590568997642, 0.19158596256059726, 0.1987407386259819, 0.20720990215607166, 0.21385520044710662, 0.21811286866375468, 0.21981475844564247, 0.22561287523919868, 0.23235363007812804, 0.24331517061713512, 0.24718417583923274, 0.2591887369039129, 0.26699563603369336, 0.26983576160440814, 0.2771501627986346, 0.27977903302418305, 0.29397785860882253, 0.29891839784475166, 0.3113799390831202, 0.31801830762540534, 0.329306388722132, 0.33375957368544173, 0.33734744372217956, 0.3459404190925393, 0.3459404190925393, 0.347332928436311, 0.349343459268302, 0.3570633797383429, 0.35958052958994957, 0.369239400652896, 0.37809356597114785, 0.37809356597114785, 0.3803961452146182, 0.3803961452146182, 0.388838229450063, 0.3926451877486125, 0.3926451877486125, 0.40029311367759146, 0.40029311367759146, 0.40029311367759146, 0.40029311367759146, 0.40029311367759146, 0.40029311367759146, 0.40029311367759146, 0.4127501044820959, 0.4127501044820959, 0.41768733547285875, 0.4222168372631902, 0.4222168372631902, 0.4222168372631902, 0.4222168372631902, 0.4222168372631902, 0.4222168372631902, 0.4318170003011194, 0.4318170003011194, 0.4318170003011194, 0.4504804979636571, 0.4504804979636571, 0.4504804979636571, 0.4601907234098066, 0.4601907234098066, 0.4601907234098066, 0.4601907234098066, 0.4601907234098066, 0.4700796187354772, 0.4700796187354772, 0.4700796187354772, 0.4700796187354772, 0.4700796187354772, 0.4700796187354772, 0.4700796187354772, 0.4700796187354772, 0.4700796187354772, 0.4700796187354772, 0.4700796187354772, 0.4700796187354772]
Training raw path: /home/anhnd/DTI Project/Codes/MPNN/data/KFold/ATCInchikeySideEffectByDrug.txt_train_2
('Number of substructures, proteins, pathways, drugs, se: ', 888, 1448, 330, 969, 598)
Train: 0.7615 0.4691
Test: 0.7433 0.4826
[0.46362442176186647, 0.4873377265364002, 0.5131599439404105, 0.5276692410847823, 0.5363863860992168, 0.544767782241462, 0.5605310711232165, 0.5704875480314611, 0.5775061697033399, 0.5820984717541109, 0.5859847305195827, 0.5924947853984982, 0.6032135972492139, 0.6094014888541631, 0.6116295424844842, 0.615728602626369, 0.61934235950645, 0.624301023814114, 0.6269189321441734, 0.6350671602303322, 0.6391711442838615, 0.6429693706191577, 0.6480655263510812, 0.6535089081544576, 0.6574560039620865, 0.6582445373703418, 0.6625378543388623, 0.6657892512853578, 0.6692634222742894, 0.6708127671899116, 0.6753703416227899, 0.6779538559063946, 0.6789344690329144, 0.6805291073815944, 0.681362036087747, 0.6875645821602019, 0.690834352973398, 0.6941642029437163, 0.6972996077969481, 0.7008199208497654, 0.7023358044961572, 0.7036530000414575, 0.7071614096758564, 0.7071614096758564, 0.7092608542450516, 0.7102858868203151, 0.712287210581268, 0.7135443343306263, 0.7176372291219444, 0.720543950358456, 0.720543950358456, 0.7214902078933684, 0.7214902078933684, 0.7233064198580867, 0.7246628365537566, 0.7246628365537566, 0.7267421423179778, 0.7267421423179778, 0.7267421423179778, 0.7267421423179778, 0.7267421423179778, 0.7267421423179778, 0.7267421423179778, 0.7295717259127977, 0.7295717259127977, 0.7312336709913905, 0.7327499447588016, 0.7327499447588016, 0.7327499447588016, 0.7327499447588016, 0.7327499447588016, 0.7327499447588016, 0.7345210980932946, 0.7345210980932946, 0.7345210980932946, 0.7395918729487645, 0.7395918729487645, 0.7395918729487645, 0.7414083127639031, 0.7414083127639031, 0.7414083127639031, 0.7414083127639031, 0.7414083127639031, 0.7433481786766455, 0.7433481786766455, 0.7433481786766455, 0.7433481786766455, 0.7433481786766455, 0.7433481786766455, 0.7433481786766455, 0.7433481786766455, 0.7433481786766455, 0.7433481786766455, 0.7433481786766455, 0.7433481786766455]
[0.07112699270921435, 0.08005189061302745, 0.09307261820712312, 0.09865091810856982, 0.10444828132344953, 0.10986587869601061, 0.12084431447339487, 0.12935019418930088, 0.1351419471025455, 0.140814249799528, 0.14486576358964895, 0.15348337434210116, 0.16624210546218468, 0.17269974833474322, 0.1760422301115801, 0.18276715589227296, 0.18909409671913507, 0.19731316280965863, 0.2016093677567017, 0.21645840837102903, 0.22196951601777493, 0.2274656244075351, 0.23616907353821476, 0.24761062512373666, 0.2549437067461266, 0.25637677877548376, 0.26448126763834356, 0.27085798939538785, 0.2769150123494607, 0.27956649507224135, 0.28879801801238286, 0.29451262879312845, 0.2972404126326662, 0.3006481431343817, 0.3025952681796616, 0.3183434031948782, 0.32707917653769747, 0.3335096183240845, 0.3413285684831752, 0.3485336947565222, 0.3512986038794887, 0.3553548839667928, 0.3625963026178715, 0.3625963026178715, 0.3680828098371416, 0.37068583484691714, 0.376188777105782, 0.38062340055792226, 0.391358964795047, 0.39862530379189076, 0.39862530379189076, 0.4008728598453206, 0.4008728598453206, 0.4054682983712455, 0.4101700250658911, 0.4101700250658911, 0.4154544705393628, 0.4154544705393628, 0.4154544705393628, 0.4154544705393628, 0.4154544705393628, 0.4154544705393628, 0.4154544705393628, 0.42619268873451255, 0.42619268873451255, 0.43290163979976193, 0.4383286512519939, 0.4383286512519939, 0.4383286512519939, 0.4383286512519939, 0.4383286512519939, 0.4383286512519939, 0.44629033151789066, 0.44629033151789066, 0.44629033151789066, 0.4664702485374046, 0.4664702485374046, 0.4664702485374046, 0.4740763146138209, 0.4740763146138209, 0.4740763146138209, 0.4740763146138209, 0.4740763146138209, 0.482639583849491, 0.482639583849491, 0.482639583849491, 0.482639583849491, 0.482639583849491, 0.482639583849491, 0.482639583849491, 0.482639583849491, 0.482639583849491, 0.482639583849491, 0.482639583849491, 0.482639583849491]
Training raw path: /home/anhnd/DTI Project/Codes/MPNN/data/KFold/ATCInchikeySideEffectByDrug.txt_train_3
('Number of substructures, proteins, pathways, drugs, se: ', 888, 1448, 330, 969, 598)
