Default
<models.baselines.omodels.NeuSK object at 0x7f8b588e94d0>
('Manual torch seed: ', 1772727637)
('Config: ', 'Protein Test: ', True, 'KNN: ', 2)
Training raw path: /home/anhnd/DTI Project/Codes/MPNN/data/KFold20/ATCInchikeySideEffectByDrug.txt_P3_0
('Number of substructures, proteins, pathways, drugs, se: ', 888, 1448, 330, 808, 331)
((767, 2666), (41, 2666), (767, 331), (41, 331))
('VALIDATE SUM PROTEIN TRAIN: ', 0.0)
('VALIDATE SUM PROTEIN TEST: ', 0.0)
Train: 0.9448 0.8870
Test: 0.7174 0.4912
[0.608894390239956, 0.6304044415788657, 0.635365398956003, 0.6381668636432758, 0.6408183451526832, 0.6353143230365016, 0.6387882581972039, 0.6399570825222272, 0.6376818954816432, 0.6368186490602401, 0.634943524281347, 0.6381642494938601, 0.6385414774093386, 0.6393054288500721, 0.6430909026425634, 0.64623107799394, 0.6520543496354416, 0.6554395703480914, 0.6581281291431246, 0.6614089071075416, 0.6611608244963849, 0.661363188311415, 0.6599905972797162, 0.6616341216424566, 0.6621087020740202, 0.6620506849654422, 0.6626136303287332, 0.6632530578858261, 0.6652294150764961, 0.6661402396825925, 0.6684884827649725, 0.6693507954998815, 0.6710965596980901, 0.6725554028980935, 0.6752245684488726, 0.6760376915272888, 0.676777112279185, 0.6786040600547506, 0.6786040600547506, 0.6798517890517556, 0.680722001851324, 0.683202889962931, 0.6842924074566855, 0.6884120841260712, 0.6907364244210008, 0.6907364244210008, 0.6915381481146996, 0.6915381481146996, 0.6936781478901397, 0.6949313212968067, 0.6949313212968067, 0.6971731156709466, 0.6971731156709466, 0.6971731156709466, 0.6971731156709466, 0.6971731156709466, 0.6971731156709466, 0.6971731156709466, 0.6999815403730747, 0.6999815403730747, 0.701300753865804, 0.702941954887218, 0.702941954887218, 0.702941954887218, 0.702941954887218, 0.702941954887218, 0.702941954887218, 0.705125774306106, 0.705125774306106, 0.705125774306106, 0.7121425961572968, 0.7121425961572968, 0.7121425961572968, 0.7146515880928642, 0.7146515880928642, 0.7146515880928642, 0.7146515880928642, 0.7146515880928642, 0.7173516767195108, 0.7173516767195108, 0.7173516767195108, 0.7173516767195108, 0.7173516767195108, 0.7173516767195108, 0.7173516767195108, 0.7173516767195108, 0.7173516767195108, 0.7173516767195108, 0.7173516767195108, 0.7173516767195108]
[0.20014356103993233, 0.2096596917208599, 0.22910469032183456, 0.22932924220422649, 0.23813255027411978, 0.2317549787090457, 0.2374991790318871, 0.24771712573684967, 0.25342300169862386, 0.2552575821567493, 0.2566945960301911, 0.2614103023704373, 0.2678005232125751, 0.2686686461048937, 0.27835557865162586, 0.2901849846418547, 0.30178814430203904, 0.31023254993087707, 0.3165968579200106, 0.3274986854301189, 0.32624766035901986, 0.32855614700142644, 0.32958192939729364, 0.33459564290481625, 0.33445966695153473, 0.3354598643907727, 0.33711803672946417, 0.3385282457148553, 0.3431746422371489, 0.346304921673221, 0.35798403723860095, 0.3609687708833411, 0.3670727637752056, 0.37262864473979607, 0.37946906691400906, 0.382774358708833, 0.38513351876199586, 0.3907381840430294, 0.3907381840430294, 0.394628109886398, 0.3973247569826056, 0.4029580235620756, 0.4055611039690408, 0.4161950224787708, 0.4222802683167769, 0.4222802683167769, 0.424666551760038, 0.424666551760038, 0.43028057402880726, 0.43378245019286865, 0.43378245019286865, 0.43947330389559325, 0.43947330389559325, 0.43947330389559325, 0.43947330389559325, 0.43947330389559325, 0.43947330389559325, 0.43947330389559325, 0.4459756986399109, 0.4459756986399109, 0.4491269836484717, 0.4536288318808992, 0.4536288318808992, 0.4536288318808992, 0.4536288318808992, 0.4536288318808992, 0.4536288318808992, 0.45927100663514986, 0.45927100663514986, 0.45927100663514986, 0.4771712257263416, 0.4771712257263416, 0.4771712257263416, 0.4835552836342095, 0.4835552836342095, 0.4835552836342095, 0.4835552836342095, 0.4835552836342095, 0.4912081298826081, 0.4912081298826081, 0.4912081298826081, 0.4912081298826081, 0.4912081298826081, 0.4912081298826081, 0.4912081298826081, 0.4912081298826081, 0.4912081298826081, 0.4912081298826081, 0.4912081298826081, 0.4912081298826081]
Training raw path: /home/anhnd/DTI Project/Codes/MPNN/data/KFold20/ATCInchikeySideEffectByDrug.txt_P3_1
('Number of substructures, proteins, pathways, drugs, se: ', 888, 1448, 330, 808, 331)
((768, 2666), (40, 2666), (768, 331), (40, 331))
('VALIDATE SUM PROTEIN TRAIN: ', 0.0)
('VALIDATE SUM PROTEIN TEST: ', 0.0)
Train: 0.9416 0.8810
Test: 0.7183 0.4758
[0.5836141297322452, 0.6130800614200995, 0.6149172119655522, 0.605810367612281, 0.6117255598377505, 0.6132195695483197, 0.6152513050477364, 0.621712555352673, 0.6237639866160061, 0.623374483716858, 0.6275770645651424, 0.6277907575215267, 0.6268227393225332, 0.6251683531258051, 0.6308268531679644, 0.6339810228972449, 0.6375516852764378, 0.6417020710066992, 0.6436455953670136, 0.6465016947197767, 0.6467724126604638, 0.6496904251359215, 0.6497691073801296, 0.6528569968534654, 0.6538631646487935, 0.6564794568778708, 0.6588268043280697, 0.6593504809897686, 0.6614542159761622, 0.661662477664148, 0.666542105995357, 0.6681177154299327, 0.6713609486066554, 0.6731019816972809, 0.6766813221778872, 0.6777360027178814, 0.6786784044149065, 0.6818768780003703, 0.6818768780003703, 0.6843190296649291, 0.6845090564648928, 0.6853636021207157, 0.6859855463346932, 0.6896261006150138, 0.6928355883646611, 0.6928355883646611, 0.6938615054177969, 0.6938615054177969, 0.6961328585171559, 0.6972204722501039, 0.6972204722501039, 0.6991560477176881, 0.6991560477176881, 0.6991560477176881, 0.6991560477176881, 0.6991560477176881, 0.6991560477176881, 0.6991560477176881, 0.702387836647466, 0.702387836647466, 0.7038556034277592, 0.7056775148330832, 0.7056775148330832, 0.7056775148330832, 0.7056775148330832, 0.7056775148330832, 0.7056775148330832, 0.7075870892538856, 0.7075870892538856, 0.7075870892538856, 0.7137055747698925, 0.7137055747698925, 0.7137055747698925, 0.7154869663641044, 0.7154869663641044, 0.7154869663641044, 0.7154869663641044, 0.7154869663641044, 0.7182675750212945, 0.7182675750212945, 0.7182675750212945, 0.7182675750212945, 0.7182675750212945, 0.7182675750212945, 0.7182675750212945, 0.7182675750212945, 0.7182675750212945, 0.7182675750212945, 0.7182675750212945, 0.7182675750212945]
[0.14402769584768144, 0.15260801102878296, 0.17261997734521745, 0.1751275978935491, 0.18226314227313384, 0.18406575600661781, 0.18776886158344944, 0.20533203198355748, 0.2158886459212185, 0.2151599157274643, 0.22338895334581454, 0.2265995434465727, 0.22900198720906062, 0.22909280763761664, 0.23783981022397968, 0.24505399838141012, 0.2535737020482725, 0.26403756253408406, 0.2669957007368484, 0.2748173354034463, 0.27472973079385377, 0.28268853228319657, 0.28721213889593333, 0.29738676788983504, 0.3009418585509263, 0.31018586478530985, 0.3156637657703079, 0.31683991222874847, 0.32395370248310207, 0.3246540851126666, 0.33622675568117344, 0.34061750910550753, 0.3510282297199546, 0.35636942692543716, 0.36477097303953443, 0.3675372203931192, 0.3692366582071935, 0.37868388896802163, 0.37868388896802163, 0.3844047479871091, 0.3845963956627506, 0.3877138323617844, 0.38939034232392655, 0.39919503895336084, 0.40865865427300757, 0.40865865427300757, 0.41125230839434357, 0.41125230839434357, 0.41776615390712557, 0.42021400691519345, 0.42021400691519345, 0.4259554277864532, 0.4259554277864532, 0.4259554277864532, 0.4259554277864532, 0.4259554277864532, 0.4259554277864532, 0.4259554277864532, 0.43427667291512556, 0.43427667291512556, 0.4381100329651728, 0.44306964274219074, 0.44306964274219074, 0.44306964274219074, 0.44306964274219074, 0.44306964274219074, 0.44306964274219074, 0.448140023626075, 0.448140023626075, 0.448140023626075, 0.4634362904804954, 0.4634362904804954, 0.4634362904804954, 0.46827903923856323, 0.46827903923856323, 0.46827903923856323, 0.46827903923856323, 0.46827903923856323, 0.47576459105730656, 0.47576459105730656, 0.47576459105730656, 0.47576459105730656, 0.47576459105730656, 0.47576459105730656, 0.47576459105730656, 0.47576459105730656, 0.47576459105730656, 0.47576459105730656, 0.47576459105730656, 0.47576459105730656]
Training raw path: /home/anhnd/DTI Project/Codes/MPNN/data/KFold20/ATCInchikeySideEffectByDrug.txt_P3_2
('Number of substructures, proteins, pathways, drugs, se: ', 888, 1448, 330, 808, 331)
((767, 2666), (41, 2666), (767, 331), (41, 331))
('VALIDATE SUM PROTEIN TRAIN: ', 0.0)
('VALIDATE SUM PROTEIN TEST: ', 0.0)
Train: 0.9375 0.8741
Test: 0.6823 0.4448
[0.5750841750841751, 0.5920638502559474, 0.5997334415846984, 0.5908825207089241, 0.5946593034299757, 0.5923169760149165, 0.5966696415989479, 0.5982238362495873, 0.5996209796976115, 0.6023242800281328, 0.6029508588539294, 0.6059546008123983, 0.6060891632654787, 0.6045810086063695, 0.6039488054871125, 0.6074522080692618, 0.6095995795907535, 0.611066440738255, 0.6135776059596769, 0.6124668871212798, 0.6115864052425752, 0.6129045272408526, 0.6142223273967463, 0.6152375431856395, 0.6148256821474193, 0.6166208042687311, 0.6179746370853123, 0.6180077771390703, 0.6200397529862292, 0.6192399715564479, 0.6225364626921551, 0.6262612015960229, 0.6273355755667289, 0.6276519298993974, 0.6300450964295995, 0.6297188925226563, 0.631155691643613, 0.6339828068384711, 0.6339828068384711, 0.6369932142673478, 0.6392079094719434, 0.6401072040347587, 0.6416636619419703, 0.6453453856985927, 0.6493749622855969, 0.6493749622855969, 0.6498862669305949, 0.6498862669305949, 0.6524420946966251, 0.6541263210408932, 0.6541263210408932, 0.6568658877583168, 0.6568658877583168, 0.6568658877583168, 0.6568658877583168, 0.6568658877583168, 0.6568658877583168, 0.6568658877583168, 0.6605444365327313, 0.6605444365327313, 0.6621915211887478, 0.6645483294117647, 0.6645483294117647, 0.6645483294117647, 0.6645483294117647, 0.6645483294117647, 0.6645483294117647, 0.6678615071989917, 0.6678615071989917, 0.6678615071989917, 0.6757815870847116, 0.6757815870847116, 0.6757815870847116, 0.6790043132606455, 0.6790043132606455, 0.6790043132606455, 0.6790043132606455, 0.6790043132606455, 0.6823015658359532, 0.6823015658359532, 0.6823015658359532, 0.6823015658359532, 0.6823015658359532, 0.6823015658359532, 0.6823015658359532, 0.6823015658359532, 0.6823015658359532, 0.6823015658359532, 0.6823015658359532, 0.6823015658359532]
[0.13913523864653388, 0.15967764176377558, 0.16817894634312833, 0.1623888100094259, 0.16862388124964825, 0.16053543061501763, 0.17673016909397812, 0.19192946051580895, 0.19893349858551976, 0.204506226565508, 0.21079631189570003, 0.21536524096803955, 0.2221447563768739, 0.22176912546754224, 0.22927632148570437, 0.23705654387637887, 0.2444960036408746, 0.2533320016225497, 0.26084722877684485, 0.26737307770303137, 0.26448764501280125, 0.26889589506254385, 0.278829534742131, 0.2845774882686647, 0.2849811278834362, 0.2869676183751529, 0.2904186270306428, 0.2905624825688903, 0.293610959900078, 0.2936207492562901, 0.3017176551300932, 0.3080476752167264, 0.3150162456105345, 0.31685125642355355, 0.3223124021282839, 0.32424589764641465, 0.32701703709263996, 0.3335129781396249, 0.3335129781396249, 0.3403017215869367, 0.3443857744640538, 0.3467844259268311, 0.3501314862034678, 0.3592691199524826, 0.36839469711348694, 0.36839469711348694, 0.3691893718845647, 0.3691893718845647, 0.37544859976458855, 0.3786103644333302, 0.3786103644333302, 0.38512511399253324, 0.38512511399253324, 0.38512511399253324, 0.38512511399253324, 0.38512511399253324, 0.38512511399253324, 0.38512511399253324, 0.3930189944989862, 0.3930189944989862, 0.39652385209148383, 0.40183577288302164, 0.40183577288302164, 0.40183577288302164, 0.40183577288302164, 0.40183577288302164, 0.40183577288302164, 0.4097278939065422, 0.4097278939065422, 0.4097278939065422, 0.4289594124066601, 0.4289594124066601, 0.4289594124066601, 0.4366154124206875, 0.4366154124206875, 0.4366154124206875, 0.4366154124206875, 0.4366154124206875, 0.4448252519434931, 0.4448252519434931, 0.4448252519434931, 0.4448252519434931, 0.4448252519434931, 0.4448252519434931, 0.4448252519434931, 0.4448252519434931, 0.4448252519434931, 0.4448252519434931, 0.4448252519434931, 0.4448252519434931]
Training raw path: /home/anhnd/DTI Project/Codes/MPNN/data/KFold20/ATCInchikeySideEffectByDrug.txt_P3_3
('Number of substructures, proteins, pathways, drugs, se: ', 888, 1448, 330, 808, 331)
((768, 2666), (40, 2666), (768, 331), (40, 331))
('VALIDATE SUM PROTEIN TRAIN: ', 0.0)
('VALIDATE SUM PROTEIN TEST: ', 0.0)
Train: 0.9463 0.8913
Test: 0.7458 0.4890
[0.6507183413149035, 0.6589087305627388, 0.6669753099439379, 0.6525273822779212, 0.648431805720048, 0.6425450805322129, 0.6494597386318794, 0.6460663408006456, 0.6515561226415174, 0.652629803425467, 0.6576925986360316, 0.65955326862279, 0.6621710667743106, 0.660938566000114, 0.6668312408896412, 0.6720289118423942, 0.6725856776817338, 0.6730137099707739, 0.6772251170473875, 0.6757577405941044, 0.6758139637659988, 0.6757713293650794, 0.6762732610837439, 0.6766772186429546, 0.677168109086608, 0.6798051073251441, 0.6803858961209622, 0.6813038953243521, 0.6830407982581667, 0.6842739753233533, 0.689897163587206, 0.6921574038893381, 0.6934973541415373, 0.6946869347960983, 0.6978032480847619, 0.6988270668717136, 0.7000104437319595, 0.7034474411695939, 0.7034474411695939, 0.7056239321136424, 0.7064918826039858, 0.708651842974812, 0.7108533035098686, 0.7151869233808839, 0.7184559661226637, 0.7184559661226637, 0.719160274894029, 0.719160274894029, 0.7219070323887838, 0.7229741900938857, 0.7229741900938857, 0.7256164741274926, 0.7256164741274926, 0.7256164741274926, 0.7256164741274926, 0.7256164741274926, 0.7256164741274926, 0.7256164741274926, 0.7284714757243637, 0.7284714757243637, 0.7300215806709192, 0.7317066241135805, 0.7317066241135805, 0.7317066241135805, 0.7317066241135805, 0.7317066241135805, 0.7317066241135805, 0.7336116779031695, 0.7336116779031695, 0.7336116779031695, 0.7409179884582694, 0.7409179884582694, 0.7409179884582694, 0.742760494071666, 0.742760494071666, 0.742760494071666, 0.742760494071666, 0.742760494071666, 0.7458035942200737, 0.7458035942200737, 0.7458035942200737, 0.7458035942200737, 0.7458035942200737, 0.7458035942200737, 0.7458035942200737, 0.7458035942200737, 0.7458035942200737, 0.7458035942200737, 0.7458035942200737, 0.7458035942200737]
[0.19428291499158207, 0.1826338679405496, 0.19621516118475635, 0.1833011002831207, 0.19095367341847638, 0.19719996588943817, 0.20622352474736166, 0.21534444866548497, 0.22822251171977648, 0.2328170751258926, 0.23995816562032304, 0.24526448434026504, 0.2526516885014941, 0.255677418471717, 0.2660336374502759, 0.27845002258806695, 0.28044438747897876, 0.28594464996217944, 0.29572799150547224, 0.2956436201420394, 0.29756231792030535, 0.2980603413458296, 0.30001701998100627, 0.3020291001134072, 0.30375085989374667, 0.314039604112566, 0.31675684292299744, 0.31823068679579136, 0.3264686594103554, 0.3298194941992068, 0.3436063518386384, 0.34845660054645605, 0.35063726034815257, 0.3549448542334828, 0.36220568155852056, 0.36584519780845415, 0.36886421101783434, 0.3775893039967033, 0.3775893039967033, 0.3831602378141012, 0.385089809282446, 0.39060292279125386, 0.39540492575949565, 0.40448653452185507, 0.4130001535575283, 0.4130001535575283, 0.4143457438514116, 0.4143457438514116, 0.4213020714093715, 0.424921785170626, 0.424921785170626, 0.43201331598461584, 0.43201331598461584, 0.43201331598461584, 0.43201331598461584, 0.43201331598461584, 0.43201331598461584, 0.43201331598461584, 0.43881765242652604, 0.43881765242652604, 0.4424272147774468, 0.4473420516987882, 0.4473420516987882, 0.4473420516987882, 0.4473420516987882, 0.4473420516987882, 0.4473420516987882, 0.4520924285744239, 0.4520924285744239, 0.4520924285744239, 0.47454679358320223, 0.47454679358320223, 0.47454679358320223, 0.4796005961602479, 0.4796005961602479, 0.4796005961602479, 0.4796005961602479, 0.4796005961602479, 0.4889547289450285, 0.4889547289450285, 0.4889547289450285, 0.4889547289450285, 0.4889547289450285, 0.4889547289450285, 0.4889547289450285, 0.4889547289450285, 0.4889547289450285, 0.4889547289450285, 0.4889547289450285, 0.4889547289450285]
Training raw path: /home/anhnd/DTI Project/Codes/MPNN/data/KFold20/ATCInchikeySideEffectByDrug.txt_P3_4
('Number of substructures, proteins, pathways, drugs, se: ', 888, 1448, 330, 808, 331)
((768, 2666), (40, 2666), (768, 331), (40, 331))
('VALIDATE SUM PROTEIN TRAIN: ', 0.0)
('VALIDATE SUM PROTEIN TEST: ', 0.0)
Train: 0.9474 0.8921
Test: 0.6818 0.5027
[0.58157406333372, 0.5567251694066057, 0.5533011328457925, 0.5643246265101396, 0.5706817154538334, 0.5709976924034432, 0.5695563416081785, 0.5749297076640529, 0.5754936835223239, 0.5761961213899953, 0.5797544992739058, 0.583654260159257, 0.5835952516411643, 0.5838131710194473, 0.5848043443336983, 0.5880435258358663, 0.5926656856506105, 0.5938794225277078, 0.5949900345929243, 0.5979895662579253, 0.5973756503868018, 0.5997529052438489, 0.601674632241364, 0.6039905996132605, 0.605596265755978, 0.6107955975618784, 0.6118644911700298, 0.6127035118190595, 0.6161186411719822, 0.6165961793349892, 0.6212407735008846, 0.6249616194809571, 0.6267778124726737, 0.6286956990963273, 0.6321328362471368, 0.6330671419924451, 0.634116671216972, 0.6380151074401189, 0.6380151074401189, 0.6403177491339178, 0.641623670803566, 0.6440881827099038, 0.6450510380557076, 0.6496689880632607, 0.6531488070355702, 0.6531488070355702, 0.6542859222825019, 0.6542859222825019, 0.6564725145544111, 0.6574145310001841, 0.6574145310001841, 0.6600420266128948, 0.6600420266128948, 0.6600420266128948, 0.6600420266128948, 0.6600420266128948, 0.6600420266128948, 0.6600420266128948, 0.6634137480622807, 0.6634137480622807, 0.6650874597312995, 0.667244130591599, 0.667244130591599, 0.667244130591599, 0.667244130591599, 0.667244130591599, 0.667244130591599, 0.669511687246281, 0.669511687246281, 0.669511687246281, 0.6773423498736522, 0.6773423498736522, 0.6773423498736522, 0.679384584939644, 0.679384584939644, 0.679384584939644, 0.679384584939644, 0.679384584939644, 0.6818148465166867, 0.6818148465166867, 0.6818148465166867, 0.6818148465166867, 0.6818148465166867, 0.6818148465166867, 0.6818148465166867, 0.6818148465166867, 0.6818148465166867, 0.6818148465166867, 0.6818148465166867, 0.6818148465166867]
[0.1786258416129403, 0.17810536100199476, 0.18150895165955352, 0.19452111310493475, 0.2049556428038245, 0.21302762927435637, 0.21451338213737167, 0.22374738285890994, 0.23019812445306578, 0.23164394189524928, 0.2380090025367561, 0.246223730562363, 0.24934253851138144, 0.2507449110811861, 0.26147135477681815, 0.26799696820753194, 0.27847301979766637, 0.28292442386556316, 0.28858949156815117, 0.2994696488099681, 0.2988897549405405, 0.30183535026301545, 0.30733310270395614, 0.3168923022638927, 0.32138986754989757, 0.33377266321949506, 0.33658232618280426, 0.33870161977896807, 0.34624237758490395, 0.34815813164885806, 0.35883095456067104, 0.3645385729545071, 0.3699020975040721, 0.37305596655397655, 0.38140537687347403, 0.3847075539269741, 0.38627377038960686, 0.3951022246807868, 0.3951022246807868, 0.40135101330550316, 0.4041379248016276, 0.40820994964411006, 0.41066293292310163, 0.4206958788841845, 0.4302065522322914, 0.4302065522322914, 0.43250195935753666, 0.43250195935753666, 0.4381285874420806, 0.44098192299606603, 0.44098192299606603, 0.44784590046169104, 0.44784590046169104, 0.44784590046169104, 0.44784590046169104, 0.44784590046169104, 0.44784590046169104, 0.44784590046169104, 0.45611743819648226, 0.45611743819648226, 0.46079915560423346, 0.4661082508526767, 0.4661082508526767, 0.4661082508526767, 0.4661082508526767, 0.4661082508526767, 0.4661082508526767, 0.4719854368520403, 0.4719854368520403, 0.4719854368520403, 0.4915417616964837, 0.4915417616964837, 0.4915417616964837, 0.4965782158399823, 0.4965782158399823, 0.4965782158399823, 0.4965782158399823, 0.4965782158399823, 0.5027348646620553, 0.5027348646620553, 0.5027348646620553, 0.5027348646620553, 0.5027348646620553, 0.5027348646620553, 0.5027348646620553, 0.5027348646620553, 0.5027348646620553, 0.5027348646620553, 0.5027348646620553, 0.5027348646620553]
Training raw path: /home/anhnd/DTI Project/Codes/MPNN/data/KFold20/ATCInchikeySideEffectByDrug.txt_P3_5
('Number of substructures, proteins, pathways, drugs, se: ', 888, 1448, 330, 808, 331)
((767, 2666), (41, 2666), (767, 331), (41, 331))
('VALIDATE SUM PROTEIN TRAIN: ', 0.0)
('VALIDATE SUM PROTEIN TEST: ', 0.0)
Train: 0.9497 0.8964
Test: 0.7254 0.4629
[0.6099485552933895, 0.6517166890094396, 0.6387329262413627, 0.6441299635140257, 0.6518929954477165, 0.6520487346694183, 0.6494044526448542, 0.649317593929087, 0.6544728711021791, 0.6527789734072318, 0.65340271920028, 0.6556080014334155, 0.6579899346819835, 0.6550035953008256, 0.6570970023336635, 0.6590658656466741, 0.6642908581935649, 0.669921896854614, 0.6718949346960467, 0.6723311622521349, 0.6724811032601533, 0.6735193033818634, 0.67465105261035, 0.6756028659396621, 0.6758073980580375, 0.6768893436304887, 0.6768051566521429, 0.6774479078753423, 0.6785489042088189, 0.6783944228142909, 0.6809139600033042, 0.6814464983846064, 0.6827488842384765, 0.6846541615814418, 0.6864254482359745, 0.6867631512075766, 0.6862517257811303, 0.6887679395330504, 0.6887679395330504, 0.6902329643789653, 0.6907412175202745, 0.6919039527102238, 0.693071746890185, 0.6962844555536603, 0.6997158773544219, 0.6997158773544219, 0.7000250411104313, 0.7000250411104313, 0.702037786065755, 0.7030974146525054, 0.7030974146525054, 0.7055523515645272, 0.7055523515645272, 0.7055523515645272, 0.7055523515645272, 0.7055523515645272, 0.7055523515645272, 0.7055523515645272, 0.7087111561676152, 0.7087111561676152, 0.7105804886301976, 0.7119582170293336, 0.7119582170293336, 0.7119582170293336, 0.7119582170293336, 0.7119582170293336, 0.7119582170293336, 0.7142432155974463, 0.7142432155974463, 0.7142432155974463, 0.7208488796993874, 0.7208488796993874, 0.7208488796993874, 0.7229421416576831, 0.7229421416576831, 0.7229421416576831, 0.7229421416576831, 0.7229421416576831, 0.7254330332402712, 0.7254330332402712, 0.7254330332402712, 0.7254330332402712, 0.7254330332402712, 0.7254330332402712, 0.7254330332402712, 0.7254330332402712, 0.7254330332402712, 0.7254330332402712, 0.7254330332402712, 0.7254330332402712]
[0.17260108002585095, 0.19263937823258925, 0.18943610525820292, 0.19414109836574472, 0.19910817435123063, 0.19754128187604755, 0.20434363657543536, 0.21188391610278637, 0.21955217846558123, 0.2213227588093717, 0.22635092352983496, 0.2304102498218239, 0.23501239827164794, 0.23493759373975145, 0.24383260876728888, 0.24961496193452404, 0.2599316117115055, 0.2739147111297739, 0.28205614240829197, 0.28581055542788625, 0.2868287582904331, 0.29297695282352, 0.2979631169611604, 0.3022651166744068, 0.30470154954075623, 0.31307309345903084, 0.3139282629672423, 0.31550638559787825, 0.3185205743058787, 0.3201046019507195, 0.3316402506483077, 0.33580131238114075, 0.3415771465720977, 0.34703775955743915, 0.3536615033073722, 0.3574276215700214, 0.3578782848544014, 0.3649361735392447, 0.3649361735392447, 0.36891646791089705, 0.37043381960712585, 0.3742589805052815, 0.37672818114765494, 0.38544454894325453, 0.39437612754496326, 0.39437612754496326, 0.39538492747564336, 0.39538492747564336, 0.40151943786442157, 0.4045622439276631, 0.4045622439276631, 0.4111798392890779, 0.4111798392890779, 0.4111798392890779, 0.4111798392890779, 0.4111798392890779, 0.4111798392890779, 0.4111798392890779, 0.41870984832339014, 0.41870984832339014, 0.42380465201443274, 0.4275593850445307, 0.4275593850445307, 0.4275593850445307, 0.4275593850445307, 0.4275593850445307, 0.4275593850445307, 0.4327892109583752, 0.4327892109583752, 0.4327892109583752, 0.4503308314404998, 0.4503308314404998, 0.4503308314404998, 0.4559321685211614, 0.4559321685211614, 0.4559321685211614, 0.4559321685211614, 0.4559321685211614, 0.4628539522298397, 0.4628539522298397, 0.4628539522298397, 0.4628539522298397, 0.4628539522298397, 0.4628539522298397, 0.4628539522298397, 0.4628539522298397, 0.4628539522298397, 0.4628539522298397, 0.4628539522298397, 0.4628539522298397]
Training raw path: /home/anhnd/DTI Project/Codes/MPNN/data/KFold20/ATCInchikeySideEffectByDrug.txt_P3_6
('Number of substructures, proteins, pathways, drugs, se: ', 888, 1448, 330, 808, 331)
((768, 2666), (40, 2666), (768, 331), (40, 331))
('VALIDATE SUM PROTEIN TRAIN: ', 0.0)
('VALIDATE SUM PROTEIN TEST: ', 0.0)
Train: 0.9379 0.8752
Test: 0.6928 0.4515
[0.5838145073980513, 0.5719228078712857, 0.5816546057412484, 0.598082411111765, 0.5965346342927053, 0.5912482502333022, 0.5936392463276826, 0.5919922041209896, 0.590717105407601, 0.5884722724130346, 0.5871075108813639, 0.5880869205488267, 0.5883816579786765, 0.5883858553943674, 0.5897514508702562, 0.5979401532001001, 0.6002692903815049, 0.6004760229140624, 0.6022267584658054, 0.602283288151341, 0.6017086705998741, 0.6035612652020108, 0.6063977038579405, 0.607796601129401, 0.6100417417098167, 0.6154026148814725, 0.6167398028910291, 0.6171197380049301, 0.6201960481985789, 0.6204772746626372, 0.6259107560824889, 0.6276875551632833, 0.6304539352729526, 0.6317522703133432, 0.6372373707453471, 0.6381636561677407, 0.6393306039383871, 0.641781385501112, 0.641781385501112, 0.6441084806091498, 0.6456049213279487, 0.6477798263434411, 0.6499840366816401, 0.6539249291704938, 0.6576289279365544, 0.6576289279365544, 0.6588113950491276, 0.6588113950491276, 0.6623062739940335, 0.6632914533382752, 0.6632914533382752, 0.6664436127889422, 0.6664436127889422, 0.6664436127889422, 0.6664436127889422, 0.6664436127889422, 0.6664436127889422, 0.6664436127889422, 0.670134319567296, 0.670134319567296, 0.6723552818205367, 0.6747488746293787, 0.6747488746293787, 0.6747488746293787, 0.6747488746293787, 0.6747488746293787, 0.6747488746293787, 0.677604717959396, 0.677604717959396, 0.677604717959396, 0.6866347229654132, 0.6866347229654132, 0.6866347229654132, 0.6896217646177547, 0.6896217646177547, 0.6896217646177547, 0.6896217646177547, 0.6896217646177547, 0.6928079855653322, 0.6928079855653322, 0.6928079855653322, 0.6928079855653322, 0.6928079855653322, 0.6928079855653322, 0.6928079855653322, 0.6928079855653322, 0.6928079855653322, 0.6928079855653322, 0.6928079855653322, 0.6928079855653322]
[0.1452125464618617, 0.138515775845924, 0.1572623779403432, 0.17093124385337827, 0.17183752918068423, 0.16906532219918713, 0.17700886881062694, 0.18205645805192538, 0.1830942164789695, 0.1873039578761917, 0.18949738164251773, 0.19478188122023743, 0.19667468262811555, 0.19834396333101728, 0.21042605801046366, 0.22232311992154885, 0.23110707705057967, 0.23335620589567052, 0.23746851433656405, 0.24189156504471893, 0.24117013290328498, 0.24605590916951037, 0.25238869865379393, 0.25914891732122364, 0.26533082882672077, 0.2737793266321158, 0.27704639073793214, 0.2772985905389226, 0.28346664081256523, 0.2842836821739043, 0.2971265564156885, 0.30124646889727186, 0.3081273932968026, 0.31139390706004655, 0.3214791533607802, 0.3256659296201295, 0.3280914596636053, 0.33526785991453234, 0.33526785991453234, 0.3387465940694214, 0.34165420196945784, 0.3456546515275304, 0.350322981927237, 0.35945991404631483, 0.36894469867256036, 0.36894469867256036, 0.37122273100992664, 0.37122273100992664, 0.3792905904345685, 0.381277163857494, 0.381277163857494, 0.38759983714388324, 0.38759983714388324, 0.38759983714388324, 0.38759983714388324, 0.38759983714388324, 0.38759983714388324, 0.38759983714388324, 0.3960134538412199, 0.3960134538412199, 0.4013077511506183, 0.40661949238484085, 0.40661949238484085, 0.40661949238484085, 0.40661949238484085, 0.40661949238484085, 0.40661949238484085, 0.41401591732956977, 0.41401591732956977, 0.41401591732956977, 0.43562696892689257, 0.43562696892689257, 0.43562696892689257, 0.4433065494267807, 0.4433065494267807, 0.4433065494267807, 0.4433065494267807, 0.4433065494267807, 0.45153380346001704, 0.45153380346001704, 0.45153380346001704, 0.45153380346001704, 0.45153380346001704, 0.45153380346001704, 0.45153380346001704, 0.45153380346001704, 0.45153380346001704, 0.45153380346001704, 0.45153380346001704, 0.45153380346001704]
Training raw path: /home/anhnd/DTI Project/Codes/MPNN/data/KFold20/ATCInchikeySideEffectByDrug.txt_P3_7
('Number of substructures, proteins, pathways, drugs, se: ', 888, 1448, 330, 808, 331)
((767, 2666), (41, 2666), (767, 331), (41, 331))
('VALIDATE SUM PROTEIN TRAIN: ', 0.0)
('VALIDATE SUM PROTEIN TEST: ', 0.0)
Train: 0.9430 0.8818
Test: 0.7003 0.5564
[0.6068522820013811, 0.6107999608225356, 0.6180095891212843, 0.6153162974922948, 0.6212725527790068, 0.6223398535804163, 0.6250070354617696, 0.6269364303692746, 0.626541015941713, 0.6264687839590564, 0.6245031752168546, 0.6268187998452883, 0.6266822226142647, 0.6274447468198331, 0.6275222505841301, 0.6306990321990982, 0.6328942347207398, 0.6318711727080553, 0.634375534021572, 0.6334271721189491, 0.6340241965241965, 0.635907108915601, 0.6351801450146966, 0.6354214966295726, 0.6355144023890904, 0.6384524831713562, 0.6390598017148104, 0.6397798200769625, 0.6419723318592122, 0.6429231421421752, 0.647355921867556, 0.650906135273567, 0.6523646682936044, 0.6541539527638223, 0.6570407383200358, 0.6577088738655152, 0.658302588041469, 0.6605547791036575, 0.6605547791036575, 0.6623411916181595, 0.6633331487222551, 0.6655669621012898, 0.6667209350245473, 0.6708719015652215, 0.6744066494318848, 0.6744066494318848, 0.6753847938812386, 0.6753847938812386, 0.6782396872937945, 0.6796912087130038, 0.6796912087130038, 0.6822292856462371, 0.6822292856462371, 0.6822292856462371, 0.6822292856462371, 0.6822292856462371, 0.6822292856462371, 0.6822292856462371, 0.6852725731862488, 0.6852725731862488, 0.6866158852485849, 0.6882796497104086, 0.6882796497104086, 0.6882796497104086, 0.6882796497104086, 0.6882796497104086, 0.6882796497104086, 0.6906079367551863, 0.6906079367551863, 0.6906079367551863, 0.6962017682265254, 0.6962017682265254, 0.6962017682265254, 0.6980322885912869, 0.6980322885912869, 0.6980322885912869, 0.6980322885912869, 0.6980322885912869, 0.7002582906479153, 0.7002582906479153, 0.7002582906479153, 0.7002582906479153, 0.7002582906479153, 0.7002582906479153, 0.7002582906479153, 0.7002582906479153, 0.7002582906479153, 0.7002582906479153, 0.7002582906479153, 0.7002582906479153]
[0.2514909613160296, 0.26166847569698104, 0.2771293994559542, 0.2818166200295986, 0.29599829514130527, 0.2996957062510197, 0.3117149671601817, 0.3171633993802061, 0.32092419740876194, 0.32395928612878355, 0.32449266594303566, 0.32841900570291094, 0.330797180568967, 0.33383915583121954, 0.34332098852430554, 0.3499435699317523, 0.35608622656135114, 0.3593526999707188, 0.36646016172174145, 0.36976047157141934, 0.3710514218216599, 0.3784184475709685, 0.38181902316645533, 0.3844781280357027, 0.3872586875560424, 0.3950919471462466, 0.39708662176555864, 0.3981189229345604, 0.40297541538639764, 0.40554649040161794, 0.41909862244269624, 0.4274343776883907, 0.4334568151013334, 0.4390044909261578, 0.44796259872170585, 0.45109130057053237, 0.45357008928392806, 0.45991522656973705, 0.45991522656973705, 0.4630251890765761, 0.4648876721845284, 0.47156222716359597, 0.4745716512950777, 0.48404397717309544, 0.4918996318272577, 0.4918996318272577, 0.49446493073895476, 0.49446493073895476, 0.5015841610817681, 0.5050098624329096, 0.5050098624329096, 0.5111486708553259, 0.5111486708553259, 0.5111486708553259, 0.5111486708553259, 0.5111486708553259, 0.5111486708553259, 0.5111486708553259, 0.5190723153583087, 0.5190723153583087, 0.5223701198296736, 0.5264159237104546, 0.5264159237104546, 0.5264159237104546, 0.5264159237104546, 0.5264159237104546, 0.5264159237104546, 0.5320008555691076, 0.5320008555691076, 0.5320008555691076, 0.5460893898841135, 0.5460893898841135, 0.5460893898841135, 0.5506045846461216, 0.5506045846461216, 0.5506045846461216, 0.5506045846461216, 0.5506045846461216, 0.5563951051508589, 0.5563951051508589, 0.5563951051508589, 0.5563951051508589, 0.5563951051508589, 0.5563951051508589, 0.5563951051508589, 0.5563951051508589, 0.5563951051508589, 0.5563951051508589, 0.5563951051508589, 0.5563951051508589]
Training raw path: /home/anhnd/DTI Project/Codes/MPNN/data/KFold20/ATCInchikeySideEffectByDrug.txt_P3_8
('Number of substructures, proteins, pathways, drugs, se: ', 888, 1448, 330, 808, 331)
((768, 2666), (40, 2666), (768, 331), (40, 331))
('VALIDATE SUM PROTEIN TRAIN: ', 0.0)
('VALIDATE SUM PROTEIN TEST: ', 0.0)
Train: 0.9430 0.8828
Test: 0.7354 0.5892
[0.6610236344703543, 0.6649935526196724, 0.671489376263477, 0.6785038223516564, 0.6785547416651596, 0.6763759784474089, 0.6764534706960502, 0.6780142058167727, 0.6772760071547624, 0.6779431737387518, 0.678479280595467, 0.6797424236039582, 0.6790482275981133, 0.6783842428682823, 0.6817295489624422, 0.6862088121705692, 0.6874660659879117, 0.6889517353580282, 0.6898312682652507, 0.6912429540518777, 0.6902867212024741, 0.6900844677451811, 0.6914850192256276, 0.6910605467015604, 0.6907530133395922, 0.6906770730764351, 0.6917049854791868, 0.6925804305401692, 0.6935473604015269, 0.6937542517858177, 0.696488228836966, 0.6981407102333712, 0.6977071019236325, 0.6984981043285173, 0.7011312414098353, 0.7011511856530334, 0.7018668546078942, 0.7037808488712876, 0.7037808488712876, 0.7056842430731382, 0.7067455496211276, 0.7077673197624788, 0.7083509923998553, 0.7109771473330101, 0.7133456042989312, 0.7133456042989312, 0.7135442512489686, 0.7135442512489686, 0.7152127067207046, 0.7161961686244731, 0.7161961686244731, 0.7185864898783911, 0.7185864898783911, 0.7185864898783911, 0.7185864898783911, 0.7185864898783911, 0.7185864898783911, 0.7185864898783911, 0.7213804864476145, 0.7213804864476145, 0.7228452047219406, 0.7242719448291303, 0.7242719448291303, 0.7242719448291303, 0.7242719448291303, 0.7242719448291303, 0.7242719448291303, 0.7259132433661823, 0.7259132433661823, 0.7259132433661823, 0.7316015170492022, 0.7316015170492022, 0.7316015170492022, 0.7333382088548704, 0.7333382088548704, 0.7333382088548704, 0.7333382088548704, 0.7333382088548704, 0.7354450970424922, 0.7354450970424922, 0.7354450970424922, 0.7354450970424922, 0.7354450970424922, 0.7354450970424922, 0.7354450970424922, 0.7354450970424922, 0.7354450970424922, 0.7354450970424922, 0.7354450970424922, 0.7354450970424922]
[0.2568872164799614, 0.2948219490673234, 0.2989457010940032, 0.3269610677376559, 0.3364284164943527, 0.33750178998027724, 0.3475905708584529, 0.36081562873170764, 0.3699400998446373, 0.37637293143886597, 0.37801192247828924, 0.3830947173777979, 0.38752712172233994, 0.3885047025147974, 0.402872574148807, 0.418848052358637, 0.42545083371550935, 0.4329830250679027, 0.4367110625091155, 0.4422646854592815, 0.44166559981238496, 0.4453415464139294, 0.4511093538506843, 0.45503379819993706, 0.4571989432880066, 0.45953475292916957, 0.46214025205452086, 0.46447423999175763, 0.4664710232416718, 0.4677796015208947, 0.47612999951648016, 0.48196782858837495, 0.48315665328900936, 0.4864455954794499, 0.4956043230910153, 0.49801817797105535, 0.5003493537791477, 0.5067202411508687, 0.5067202411508687, 0.5130690633960456, 0.5157556763431428, 0.5193803866595446, 0.5201917835355918, 0.5281140798524451, 0.5344969915389578, 0.5344969915389578, 0.5354364070001477, 0.5354364070001477, 0.5406580692131613, 0.5431577427674601, 0.5431577427674601, 0.5492075412623658, 0.5492075412623658, 0.5492075412623658, 0.5492075412623658, 0.5492075412623658, 0.5492075412623658, 0.5492075412623658, 0.5549661145390675, 0.5549661145390675, 0.558315172882276, 0.5615797835737572, 0.5615797835737572, 0.5615797835737572, 0.5615797835737572, 0.5615797835737572, 0.5615797835737572, 0.5656605137612819, 0.5656605137612819, 0.5656605137612819, 0.5793292623287762, 0.5793292623287762, 0.5793292623287762, 0.5836279376533715, 0.5836279376533715, 0.5836279376533715, 0.5836279376533715, 0.5836279376533715, 0.5892321938071308, 0.5892321938071308, 0.5892321938071308, 0.5892321938071308, 0.5892321938071308, 0.5892321938071308, 0.5892321938071308, 0.5892321938071308, 0.5892321938071308, 0.5892321938071308, 0.5892321938071308, 0.5892321938071308]
Training raw path: /home/anhnd/DTI Project/Codes/MPNN/data/KFold20/ATCInchikeySideEffectByDrug.txt_P3_9
('Number of substructures, proteins, pathways, drugs, se: ', 888, 1448, 330, 808, 331)
((768, 2666), (40, 2666), (768, 331), (40, 331))
('VALIDATE SUM PROTEIN TRAIN: ', 0.0)
('VALIDATE SUM PROTEIN TEST: ', 0.0)
Train: 0.9434 0.8850
Test: 0.7101 0.4847
[0.6108693867498564, 0.6221903577996328, 0.6254621558570622, 0.6292797425063906, 0.6247085760033784, 0.6242229309439405, 0.620687076914099, 0.6268722133282176, 0.6298677010068161, 0.6309155577078882, 0.6337872509540261, 0.6323127898443234, 0.6349560745819107, 0.6328621624913888, 0.631219464217657, 0.6367877727141242, 0.6373011281604964, 0.635898161213594, 0.6391242162781929, 0.6381158768903117, 0.6375244432240841, 0.6392588469753684, 0.6409235451090287, 0.6413872932570877, 0.6427585851648353, 0.6452143609352365, 0.6476588718989652, 0.6481492600235091, 0.6496666015046129, 0.6497293853073463, 0.6539443678473889, 0.6556840418506044, 0.6572229997842213, 0.6597349824816777, 0.6630790653129156, 0.663655582636199, 0.6640361571816393, 0.6673888183124995, 0.6673888183124995, 0.6701181953916966, 0.6711196440244429, 0.6729239715761279, 0.6746051177042296, 0.6798513984740492, 0.683683822420224, 0.683683822420224, 0.6841594466642931, 0.6841594466642931, 0.6860531649756036, 0.6871226247430114, 0.6871226247430114, 0.6899011961177699, 0.6899011961177699, 0.6899011961177699, 0.6899011961177699, 0.6899011961177699, 0.6899011961177699, 0.6899011961177699, 0.6931116209420514, 0.6931116209420514, 0.6950519425722407, 0.6968525125567469, 0.6968525125567469, 0.6968525125567469, 0.6968525125567469, 0.6968525125567469, 0.6968525125567469, 0.6991326385076394, 0.6991326385076394, 0.6991326385076394, 0.705415666028135, 0.705415666028135, 0.705415666028135, 0.7076013176654716, 0.7076013176654716, 0.7076013176654716, 0.7076013176654716, 0.7076013176654716, 0.7100897738053966, 0.7100897738053966, 0.7100897738053966, 0.7100897738053966, 0.7100897738053966, 0.7100897738053966, 0.7100897738053966, 0.7100897738053966, 0.7100897738053966, 0.7100897738053966, 0.7100897738053966, 0.7100897738053966]
[0.19323336513814446, 0.20591109308089328, 0.20879953394853187, 0.20462649166856683, 0.19923048014250058, 0.20162896721351045, 0.205510010786351, 0.21771999766791364, 0.22624236601904968, 0.23282254380807252, 0.24007423694782612, 0.24009837757017216, 0.24603162664899297, 0.2452389156800674, 0.25055568658119093, 0.26052331019774566, 0.26567713112240476, 0.26688344964633404, 0.27859533314097795, 0.2833443714565572, 0.28287548489079006, 0.29006790183408326, 0.299137015897044, 0.3028726906403951, 0.306429895900787, 0.3166509039301917, 0.3220634875413307, 0.32401213918860583, 0.32726919507761676, 0.3280038502891301, 0.33770624939789134, 0.3423714337819343, 0.3491600523442575, 0.35577659202522033, 0.36363935420280585, 0.3667799844515381, 0.3682548936746198, 0.37902153552170365, 0.37902153552170365, 0.3870256119426773, 0.38881818698034387, 0.39313720322188744, 0.3969395318445849, 0.4105803171916616, 0.4193126472739818, 0.4193126472739818, 0.42177321437780924, 0.42177321437780924, 0.4266208545649348, 0.4289075258527614, 0.4289075258527614, 0.43538924750390273, 0.43538924750390273, 0.43538924750390273, 0.43538924750390273, 0.43538924750390273, 0.43538924750390273, 0.43538924750390273, 0.44295387438189515, 0.44295387438189515, 0.4472428956851956, 0.4515749826246598, 0.4515749826246598, 0.4515749826246598, 0.4515749826246598, 0.4515749826246598, 0.4515749826246598, 0.4576325627539851, 0.4576325627539851, 0.4576325627539851, 0.47282074014638176, 0.47282074014638176, 0.47282074014638176, 0.47808640743778075, 0.47808640743778075, 0.47808640743778075, 0.47808640743778075, 0.47808640743778075, 0.4846670876030288, 0.4846670876030288, 0.4846670876030288, 0.4846670876030288, 0.4846670876030288, 0.4846670876030288, 0.4846670876030288, 0.4846670876030288, 0.4846670876030288, 0.4846670876030288, 0.4846670876030288, 0.4846670876030288]
Training raw path: /home/anhnd/DTI Project/Codes/MPNN/data/KFold20/ATCInchikeySideEffectByDrug.txt_P3_10
('Number of substructures, proteins, pathways, drugs, se: ', 888, 1448, 330, 808, 331)
((767, 2666), (41, 2666), (767, 331), (41, 331))
('VALIDATE SUM PROTEIN TRAIN: ', 0.0)
('VALIDATE SUM PROTEIN TEST: ', 0.0)
Train: 0.9442 0.8867
Test: 0.6950 0.4728
[0.5762454799403609, 0.5669348179636244, 0.5567553178809526, 0.5591669878979102, 0.5737161555336346, 0.5773799671348886, 0.5751805110329589, 0.5794209552674564, 0.5770895131739662, 0.580239324935739, 0.5824586413528464, 0.5870878581480552, 0.5893977544693042, 0.5884668310593969, 0.5890332282197568, 0.5966225627844439, 0.5986193652651044, 0.6025814225775095, 0.6064035285149019, 0.6064135346584317, 0.6073683338592186, 0.6101661963127474, 0.6124649572649573, 0.6144649291547666, 0.6155521161042157, 0.6210278800046787, 0.6228934684360458, 0.6242718746455694, 0.6265758177619914, 0.6270412114906653, 0.6329755203659628, 0.6348024887332244, 0.6366538055014161, 0.6387904852244956, 0.6423427199993957, 0.6429384254770658, 0.6435246921332402, 0.6464548714272024, 0.6464548714272024, 0.6488770543549853, 0.6496580216802531, 0.6520034866782178, 0.6532999488040299, 0.6580102640159763, 0.6612676224149076, 0.6612676224149076, 0.6621007188706531, 0.6621007188706531, 0.6649159497896646, 0.6668695378675257, 0.6668695378675257, 0.6700455006745971, 0.6700455006745971, 0.6700455006745971, 0.6700455006745971, 0.6700455006745971, 0.6700455006745971, 0.6700455006745971, 0.6742014223699733, 0.6742014223699733, 0.6764760095283493, 0.6790126190111113, 0.6790126190111113, 0.6790126190111113, 0.6790126190111113, 0.6790126190111113, 0.6790126190111113, 0.6814405653809166, 0.6814405653809166, 0.6814405653809166, 0.6893357826634012, 0.6893357826634012, 0.6893357826634012, 0.6917264208457629, 0.6917264208457629, 0.6917264208457629, 0.6917264208457629, 0.6917264208457629, 0.694973120572064, 0.694973120572064, 0.694973120572064, 0.694973120572064, 0.694973120572064, 0.694973120572064, 0.694973120572064, 0.694973120572064, 0.694973120572064, 0.694973120572064, 0.694973120572064, 0.694973120572064]
[0.1805083561858205, 0.16739782269047154, 0.16177008694784958, 0.18672547178779358, 0.20778059735366522, 0.21208522790590864, 0.21431059583027703, 0.22377041828410205, 0.22867578406446762, 0.23547678512762887, 0.24055701946523803, 0.2482924708080469, 0.25615275065881193, 0.2552220543559362, 0.257336224709713, 0.27115648523381886, 0.27184489615371776, 0.27763948672967886, 0.28435634833479817, 0.2855973599130596, 0.28593597516026026, 0.28959713716459623, 0.29308471420412596, 0.29728668355511156, 0.2987478784040039, 0.30715812080068566, 0.3110017062843362, 0.3136171403776852, 0.320036607620794, 0.3207425059006196, 0.3330924485582821, 0.3391868942790957, 0.34299419935028774, 0.3470283904722904, 0.3547299140652937, 0.3556364645584299, 0.35723115616374657, 0.3647784456848913, 0.3647784456848913, 0.37007690756675277, 0.37169485323936563, 0.375884629232779, 0.37802380248605916, 0.38868855856899037, 0.39549518976752174, 0.39549518976752174, 0.39697627836211746, 0.39697627836211746, 0.40293327693356884, 0.4075414028782477, 0.4075414028782477, 0.4142652295859092, 0.4142652295859092, 0.4142652295859092, 0.4142652295859092, 0.4142652295859092, 0.4142652295859092, 0.4142652295859092, 0.42277877484694204, 0.42277877484694204, 0.4281035963173598, 0.43430898652674343, 0.43430898652674343, 0.43430898652674343, 0.43430898652674343, 0.43430898652674343, 0.43430898652674343, 0.43993831899077324, 0.43993831899077324, 0.43993831899077324, 0.45927205756561806, 0.45927205756561806, 0.45927205756561806, 0.46446233734040426, 0.46446233734040426, 0.46446233734040426, 0.46446233734040426, 0.46446233734040426, 0.4728238700451209, 0.4728238700451209, 0.4728238700451209, 0.4728238700451209, 0.4728238700451209, 0.4728238700451209, 0.4728238700451209, 0.4728238700451209, 0.4728238700451209, 0.4728238700451209, 0.4728238700451209, 0.4728238700451209]
Training raw path: /home/anhnd/DTI Project/Codes/MPNN/data/KFold20/ATCInchikeySideEffectByDrug.txt_P3_11
('Number of substructures, proteins, pathways, drugs, se: ', 888, 1448, 330, 808, 331)
((768, 2666), (40, 2666), (768, 331), (40, 331))
('VALIDATE SUM PROTEIN TRAIN: ', 0.0)
('VALIDATE SUM PROTEIN TEST: ', 0.0)
Train: 0.9456 0.8887
Test: 0.7267 0.5624
[0.5696761133603239, 0.5971047069266088, 0.6038875294867663, 0.6014989230363244, 0.6109866024435786, 0.6109368678570124, 0.6106468442679718, 0.6151490941245907, 0.6187341744016762, 0.6194725240646557, 0.6232558368195272, 0.6263571885984834, 0.6273459590766891, 0.6271031142631628, 0.6343496142555635, 0.6408977636439173, 0.6461080325228596, 0.6484524125637144, 0.6522556673464662, 0.6518312273765376, 0.6518400604751298, 0.6538378721195497, 0.6558755964371237, 0.6573139387344508, 0.658446216931, 0.6624909616031349, 0.6638261385663504, 0.6645966434377114, 0.6661989595037334, 0.6664225775193799, 0.6711704849359744, 0.6739302540185996, 0.6778078178589556, 0.680038678788174, 0.6836798825644204, 0.683786228465666, 0.6842968025102507, 0.6857849182837255, 0.6857849182837255, 0.6887126480121899, 0.6894976036168279, 0.6921487825351145, 0.6935020301494136, 0.6985831132564057, 0.701453385997585, 0.701453385997585, 0.7022352807541623, 0.7022352807541623, 0.7042806352442694, 0.7054362549524809, 0.7054362549524809, 0.7075712890593819, 0.7075712890593819, 0.7075712890593819, 0.7075712890593819, 0.7075712890593819, 0.7075712890593819, 0.7075712890593819, 0.7108698885915874, 0.7108698885915874, 0.7124365590410003, 0.7144614800897529, 0.7144614800897529, 0.7144614800897529, 0.7144614800897529, 0.7144614800897529, 0.7144614800897529, 0.7162902164586851, 0.7162902164586851, 0.7162902164586851, 0.7218899451377874, 0.7218899451377874, 0.7218899451377874, 0.7243032018048648, 0.7243032018048648, 0.7243032018048648, 0.7243032018048648, 0.7243032018048648, 0.7267085470923283, 0.7267085470923283, 0.7267085470923283, 0.7267085470923283, 0.7267085470923283, 0.7267085470923283, 0.7267085470923283, 0.7267085470923283, 0.7267085470923283, 0.7267085470923283, 0.7267085470923283, 0.7267085470923283]
[0.17167414783644175, 0.20091074737672487, 0.22084316847099694, 0.2263670585049828, 0.24245433840060157, 0.24357395030369833, 0.2492011416000119, 0.26242733522264255, 0.271245572746746, 0.27198412879968115, 0.2794261373382846, 0.2852833237484854, 0.2919525786175384, 0.2936157050384759, 0.3059396228933818, 0.32109608456836325, 0.3321717374839229, 0.34429939066876414, 0.3548120828297684, 0.3575934154190291, 0.3587651069877343, 0.36406835809078236, 0.36951913733955494, 0.3735498791387475, 0.3764818953572691, 0.3845338254905699, 0.3893523938483709, 0.39112124459760134, 0.3947710179432503, 0.39762538056861507, 0.41214010179990174, 0.42040981631890567, 0.4305793847996834, 0.43709229241780556, 0.4464318914109224, 0.4491021966584262, 0.4512026290649595, 0.45602110554509345, 0.45602110554509345, 0.4645556932650464, 0.4661651587665839, 0.4742363017769221, 0.47763300737969283, 0.4917195238129808, 0.49839607371288036, 0.49839607371288036, 0.499849734897767, 0.499849734897767, 0.5046309757576841, 0.507492203953928, 0.507492203953928, 0.5116731681854584, 0.5116731681854584, 0.5116731681854584, 0.5116731681854584, 0.5116731681854584, 0.5116731681854584, 0.5116731681854584, 0.5195070543437695, 0.5195070543437695, 0.5234593088058035, 0.5291199804922432, 0.5291199804922432, 0.5291199804922432, 0.5291199804922432, 0.5291199804922432, 0.5291199804922432, 0.5341569175919321, 0.5341569175919321, 0.5341569175919321, 0.5489335446294061, 0.5489335446294061, 0.5489335446294061, 0.5557821059891543, 0.5557821059891543, 0.5557821059891543, 0.5557821059891543, 0.5557821059891543, 0.56237779787354, 0.56237779787354, 0.56237779787354, 0.56237779787354, 0.56237779787354, 0.56237779787354, 0.56237779787354, 0.56237779787354, 0.56237779787354, 0.56237779787354, 0.56237779787354, 0.56237779787354]
Training raw path: /home/anhnd/DTI Project/Codes/MPNN/data/KFold20/ATCInchikeySideEffectByDrug.txt_P3_12
('Number of substructures, proteins, pathways, drugs, se: ', 888, 1448, 330, 808, 331)
((767, 2666), (41, 2666), (767, 331), (41, 331))
('VALIDATE SUM PROTEIN TRAIN: ', 0.0)
('VALIDATE SUM PROTEIN TEST: ', 0.0)
Train: 0.9516 0.9017
Test: 0.7016 0.4306
[0.5829068991322992, 0.5770373376623377, 0.57029910510819, 0.5777586199239706, 0.5910130001191026, 0.5923220673250096, 0.5913383702104694, 0.5965883066721357, 0.5962579613911679, 0.5993686332906376, 0.6021606403352266, 0.601559127522752, 0.6012452924106269, 0.6001402363365739, 0.6019307814992025, 0.6097782575442046, 0.6116609619453635, 0.6124391190410056, 0.6147869658141011, 0.6145274570751924, 0.6151205614487988, 0.6175590253006913, 0.6210152287642604, 0.6235408601899054, 0.622854883660735, 0.6268772490076194, 0.6268627487581862, 0.627560575729052, 0.6296895248612294, 0.6306118773124633, 0.634857821154205, 0.6378024498437342, 0.639173353807339, 0.6424100188906885, 0.6480878126677349, 0.6490030654864933, 0.6497606584042754, 0.6523136761609398, 0.6523136761609398, 0.6547547887323057, 0.6561464369645545, 0.6582485493938266, 0.659036610762857, 0.6640402366283328, 0.6675919669007128, 0.6675919669007128, 0.6683569677467545, 0.6683569677467545, 0.6710517819012924, 0.6726655981378671, 0.6726655981378671, 0.675714733105052, 0.675714733105052, 0.675714733105052, 0.675714733105052, 0.675714733105052, 0.675714733105052, 0.675714733105052, 0.6797359887329544, 0.6797359887329544, 0.682259730972273, 0.6842821218223243, 0.6842821218223243, 0.6842821218223243, 0.6842821218223243, 0.6842821218223243, 0.6842821218223243, 0.6871739216428154, 0.6871739216428154, 0.6871739216428154, 0.6954557507933755, 0.6954557507933755, 0.6954557507933755, 0.698512033387158, 0.698512033387158, 0.698512033387158, 0.698512033387158, 0.698512033387158, 0.7016192520692834, 0.7016192520692834, 0.7016192520692834, 0.7016192520692834, 0.7016192520692834, 0.7016192520692834, 0.7016192520692834, 0.7016192520692834, 0.7016192520692834, 0.7016192520692834, 0.7016192520692834, 0.7016192520692834]
[0.12456421099313134, 0.11230675939664195, 0.11624763834726692, 0.12309991729496406, 0.13545004276161343, 0.14158669903842613, 0.1459933970376061, 0.15917682175631362, 0.16282497675763075, 0.16769932144721333, 0.17302693801129992, 0.17515885606464932, 0.1791450827215341, 0.18029492337852399, 0.1933406063304549, 0.20510840839698613, 0.2106940090867459, 0.21596598383755755, 0.22502851717838038, 0.2265531622191216, 0.22802805594365866, 0.23134964518365833, 0.2374433023540201, 0.24362816260691147, 0.24273080711476874, 0.25380683346067046, 0.25632742053398405, 0.25794543733088054, 0.2610566807175699, 0.2619194203837336, 0.2709785980914453, 0.2782599080940419, 0.28347691702849853, 0.2907359234572659, 0.30074499971309787, 0.3022757954008348, 0.3038503687969117, 0.3109591178659079, 0.3109591178659079, 0.3184054168917569, 0.3203804818243844, 0.3249670566817735, 0.32695086951399754, 0.3398572259337167, 0.34888593195633905, 0.34888593195633905, 0.3510161657328609, 0.3510161657328609, 0.3577095814420624, 0.36094650055213173, 0.36094650055213173, 0.36771895688999895, 0.36771895688999895, 0.36771895688999895, 0.36771895688999895, 0.36771895688999895, 0.36771895688999895, 0.36771895688999895, 0.3773839217092919, 0.3773839217092919, 0.3825103807980699, 0.38724910007541313, 0.38724910007541313, 0.38724910007541313, 0.38724910007541313, 0.38724910007541313, 0.38724910007541313, 0.3946403492754497, 0.3946403492754497, 0.3946403492754497, 0.4147351513373069, 0.4147351513373069, 0.4147351513373069, 0.4222322787969412, 0.4222322787969412, 0.4222322787969412, 0.4222322787969412, 0.4222322787969412, 0.43061379053300647, 0.43061379053300647, 0.43061379053300647, 0.43061379053300647, 0.43061379053300647, 0.43061379053300647, 0.43061379053300647, 0.43061379053300647, 0.43061379053300647, 0.43061379053300647, 0.43061379053300647, 0.43061379053300647]
Training raw path: /home/anhnd/DTI Project/Codes/MPNN/data/KFold20/ATCInchikeySideEffectByDrug.txt_P3_13
('Number of substructures, proteins, pathways, drugs, se: ', 888, 1448, 330, 808, 331)
((768, 2666), (40, 2666), (768, 331), (40, 331))
('VALIDATE SUM PROTEIN TRAIN: ', 0.0)
('VALIDATE SUM PROTEIN TEST: ', 0.0)
Train: 0.9418 0.8803
Test: 0.7189 0.5792
[0.6562852938156678, 0.6287620192307692, 0.6291275788284859, 0.6281274434780288, 0.634203171263108, 0.6345762428564827, 0.6390879205226467, 0.6401380384235001, 0.6406290947961549, 0.6430681432009125, 0.6437626824462518, 0.6457764529705956, 0.6466830387955249, 0.6461948386119332, 0.6443772839444003, 0.6480321603368431, 0.6491620969457824, 0.6514530535950618, 0.6549194925769197, 0.6537718782248592, 0.6553610889130584, 0.6579730333708218, 0.657962907754706, 0.6582060088047078, 0.658085586900323, 0.6597673008330839, 0.6606821043734714, 0.660694395669743, 0.6621581664257692, 0.6628361440799515, 0.667615145726999, 0.6701089796808243, 0.6711682962361238, 0.6721145292458294, 0.6762232815365802, 0.6769110147151479, 0.6777187038089824, 0.6791942776295508, 0.6791942776295508, 0.681484524712208, 0.6818773500567484, 0.6837037972484267, 0.6846098413480644, 0.6899419450460117, 0.6928254351938795, 0.6928254351938795, 0.6937192648554714, 0.6937192648554714, 0.6957282200375476, 0.6966941318267655, 0.6966941318267655, 0.6988586922218889, 0.6988586922218889, 0.6988586922218889, 0.6988586922218889, 0.6988586922218889, 0.6988586922218889, 0.6988586922218889, 0.7027481076201709, 0.7027481076201709, 0.7043429047809653, 0.7060751942262321, 0.7060751942262321, 0.7060751942262321, 0.7060751942262321, 0.7060751942262321, 0.7060751942262321, 0.7084580975094092, 0.7084580975094092, 0.7084580975094092, 0.7142611327221962, 0.7142611327221962, 0.7142611327221962, 0.7167655066554328, 0.7167655066554328, 0.7167655066554328, 0.7167655066554328, 0.7167655066554328, 0.7188956832792959, 0.7188956832792959, 0.7188956832792959, 0.7188956832792959, 0.7188956832792959, 0.7188956832792959, 0.7188956832792959, 0.7188956832792959, 0.7188956832792959, 0.7188956832792959, 0.7188956832792959, 0.7188956832792959]
[0.18069015054475385, 0.20403328218063735, 0.2263831431697093, 0.24808169282063067, 0.26613568611938837, 0.2695387332064911, 0.2803730510898028, 0.2930749022894331, 0.30377265077745425, 0.30702208422119925, 0.3143443304767943, 0.32223149450160016, 0.33412810527472847, 0.33567437377940024, 0.34660899313486926, 0.35880515256157497, 0.36506633100004515, 0.37647447578412835, 0.3881046400448096, 0.38765054674417126, 0.3908701795093341, 0.3983356632571081, 0.40512924166097025, 0.4107424224797789, 0.41142004215987293, 0.41975406361734036, 0.42197062859744605, 0.422996567408423, 0.42487274141438486, 0.42581858993411364, 0.43603384596399186, 0.44227245039971197, 0.4495851818673431, 0.45447528482135896, 0.4653505898081161, 0.468934468072939, 0.4709816058725853, 0.47774248610562564, 0.47774248610562564, 0.48420172571823566, 0.4853078161752883, 0.49053228080703004, 0.4931015274946395, 0.5061419354486584, 0.5138957852816324, 0.5138957852816324, 0.5160293898110553, 0.5160293898110553, 0.5216812790389189, 0.5244145845986161, 0.5244145845986161, 0.529669146008603, 0.529669146008603, 0.529669146008603, 0.529669146008603, 0.529669146008603, 0.529669146008603, 0.529669146008603, 0.5393831912363796, 0.5393831912363796, 0.5424155939427155, 0.5467979041256977, 0.5467979041256977, 0.5467979041256977, 0.5467979041256977, 0.5467979041256977, 0.5467979041256977, 0.5528121398973509, 0.5528121398973509, 0.5528121398973509, 0.5674286855708655, 0.5674286855708655, 0.5674286855708655, 0.5736886640069732, 0.5736886640069732, 0.5736886640069732, 0.5736886640069732, 0.5736886640069732, 0.5792468111929867, 0.5792468111929867, 0.5792468111929867, 0.5792468111929867, 0.5792468111929867, 0.5792468111929867, 0.5792468111929867, 0.5792468111929867, 0.5792468111929867, 0.5792468111929867, 0.5792468111929867, 0.5792468111929867]
Training raw path: /home/anhnd/DTI Project/Codes/MPNN/data/KFold20/ATCInchikeySideEffectByDrug.txt_P3_14
('Number of substructures, proteins, pathways, drugs, se: ', 888, 1448, 330, 808, 331)
((768, 2666), (40, 2666), (768, 331), (40, 331))
('VALIDATE SUM PROTEIN TRAIN: ', 0.0)
('VALIDATE SUM PROTEIN TEST: ', 0.0)
Train: 0.9427 0.8833
Test: 0.7004 0.4537
[0.5861620134065955, 0.5925494894923445, 0.594365655948271, 0.5931420323348098, 0.5902511487696827, 0.5888970588235294, 0.5939110066508055, 0.6025145014945656, 0.6040208106259404, 0.6027830047789726, 0.6060889770732842, 0.605200750830245, 0.6078842163702984, 0.6105029224020911, 0.6148992269643134, 0.6217389459354873, 0.623744807534504, 0.6250601916180042, 0.6274208099765909, 0.6274426264418811, 0.6279756289175733, 0.6309312228944636, 0.6317930956076989, 0.6307983254051794, 0.6317643841426734, 0.6336193812876055, 0.6352087055870103, 0.6353206171305572, 0.6362203354770022, 0.6369049192391895, 0.641787785549463, 0.6446750034407135, 0.6481080575989748, 0.650086159260121, 0.6530037880041721, 0.6537018274748156, 0.6546115919809286, 0.6571475701431433, 0.6571475701431433, 0.6584809830087474, 0.6595129209465351, 0.6613267529552024, 0.662171738748775, 0.6665975460001099, 0.6693284246383313, 0.6693284246383313, 0.6707565004341093, 0.6707565004341093, 0.6731886721683609, 0.6744413112323967, 0.6744413112323967, 0.6780934283537771, 0.6780934283537771, 0.6780934283537771, 0.6780934283537771, 0.6780934283537771, 0.6780934283537771, 0.6780934283537771, 0.681508449719824, 0.681508449719824, 0.6830300690161496, 0.6851689826850619, 0.6851689826850619, 0.6851689826850619, 0.6851689826850619, 0.6851689826850619, 0.6851689826850619, 0.687748114899571, 0.687748114899571, 0.687748114899571, 0.6949816840627471, 0.6949816840627471, 0.6949816840627471, 0.6976603673306176, 0.6976603673306176, 0.6976603673306176, 0.6976603673306176, 0.6976603673306176, 0.7004166546274091, 0.7004166546274091, 0.7004166546274091, 0.7004166546274091, 0.7004166546274091, 0.7004166546274091, 0.7004166546274091, 0.7004166546274091, 0.7004166546274091, 0.7004166546274091, 0.7004166546274091, 0.7004166546274091]
[0.1404597571830028, 0.15834823964923994, 0.17339783105633555, 0.17438977046662552, 0.17596226449530772, 0.1848084135287198, 0.19067982552258778, 0.20093827476953297, 0.20748169276343179, 0.2070712476970265, 0.21449262978776057, 0.21510806547108663, 0.22109127639802098, 0.22623529504130183, 0.2343705828015904, 0.24660364231655643, 0.2542625832341788, 0.2581668626411351, 0.262703517158076, 0.2703035372956211, 0.2717066199219339, 0.2773866475026415, 0.28304254036295634, 0.2837622326324212, 0.2868947777949826, 0.291576564202771, 0.2948137345594711, 0.29493702874256783, 0.29754065049064193, 0.29947562141054634, 0.31085346174303785, 0.3170958187208942, 0.3255384964757594, 0.3314763255411524, 0.3374821978830506, 0.34038834209866536, 0.34187125620240355, 0.3494989306498031, 0.3494989306498031, 0.35407156350478847, 0.3562193589488433, 0.36011107263677417, 0.36174232687921903, 0.372392607358054, 0.3803822136461521, 0.3803822136461521, 0.3833716876751021, 0.3833716876751021, 0.3892421963267274, 0.39194836932818927, 0.39194836932818927, 0.4001211365444096, 0.4001211365444096, 0.4001211365444096, 0.4001211365444096, 0.4001211365444096, 0.4001211365444096, 0.4001211365444096, 0.40802031452171283, 0.40802031452171283, 0.41097626517673536, 0.4158501192970092, 0.4158501192970092, 0.4158501192970092, 0.4158501192970092, 0.4158501192970092, 0.4158501192970092, 0.4220323071068084, 0.4220323071068084, 0.4220323071068084, 0.4397387385129968, 0.4397387385129968, 0.4397387385129968, 0.44665355165608156, 0.44665355165608156, 0.44665355165608156, 0.44665355165608156, 0.44665355165608156, 0.4537429968341522, 0.4537429968341522, 0.4537429968341522, 0.4537429968341522, 0.4537429968341522, 0.4537429968341522, 0.4537429968341522, 0.4537429968341522, 0.4537429968341522, 0.4537429968341522, 0.4537429968341522, 0.4537429968341522]
Training raw path: /home/anhnd/DTI Project/Codes/MPNN/data/KFold20/ATCInchikeySideEffectByDrug.txt_P3_15
('Number of substructures, proteins, pathways, drugs, se: ', 888, 1448, 330, 808, 331)
((767, 2666), (41, 2666), (767, 331), (41, 331))
('VALIDATE SUM PROTEIN TRAIN: ', 0.0)
('VALIDATE SUM PROTEIN TEST: ', 0.0)
Train: 0.9417 0.8839
Test: 0.6933 0.4198
[0.6124437781109444, 0.5843504816617379, 0.5831260364842454, 0.5861054852637346, 0.5859080301369036, 0.5888521827896362, 0.5918035267173761, 0.5915804678035598, 0.5969430766628222, 0.5962860192102455, 0.5963392342267146, 0.597614818623249, 0.598312313592035, 0.5992098557000085, 0.601751703184795, 0.6064582574815884, 0.606877351846815, 0.6064152519010053, 0.6098908780364373, 0.6100608538722808, 0.6097421243254203, 0.6104286425596311, 0.6125853704205242, 0.613954802259887, 0.6142640301098847, 0.6182592338089843, 0.6201214762984474, 0.6209226188732536, 0.622657318370508, 0.6238201032383376, 0.6288392478097377, 0.630677858137376, 0.6335326108112347, 0.6370125571119596, 0.6407414604235621, 0.6424544811046665, 0.642696833916801, 0.646886100936873, 0.646886100936873, 0.6472914609767879, 0.6481430684843393, 0.651244638716165, 0.6516612299690047, 0.6576145260147249, 0.6603673058727577, 0.6603673058727577, 0.6616393428503846, 0.6616393428503846, 0.6647908567533917, 0.6662689831629821, 0.6662689831629821, 0.6689666241732254, 0.6689666241732254, 0.6689666241732254, 0.6689666241732254, 0.6689666241732254, 0.6689666241732254, 0.6689666241732254, 0.673783520773453, 0.673783520773453, 0.6757489315885072, 0.6774328145880579, 0.6774328145880579, 0.6774328145880579, 0.6774328145880579, 0.6774328145880579, 0.6774328145880579, 0.679529958862368, 0.679529958862368, 0.679529958862368, 0.6878400331279262, 0.6878400331279262, 0.6878400331279262, 0.6906257102733943, 0.6906257102733943, 0.6906257102733943, 0.6906257102733943, 0.6906257102733943, 0.6933292881634103, 0.6933292881634103, 0.6933292881634103, 0.6933292881634103, 0.6933292881634103, 0.6933292881634103, 0.6933292881634103, 0.6933292881634103, 0.6933292881634103, 0.6933292881634103, 0.6933292881634103, 0.6933292881634103]
[0.13561726968627122, 0.13783446379807388, 0.1394314177207142, 0.14485894229081056, 0.14909561306435845, 0.15416516685826492, 0.16031170589318286, 0.17247473683027406, 0.18098861480512965, 0.18063861544928186, 0.18302968873086994, 0.18739024334676893, 0.19083110409379211, 0.1930160026848558, 0.19869661324328475, 0.20879617755813235, 0.21276613008602646, 0.21509445482552064, 0.22299500634377528, 0.22537131484841083, 0.22570187229206112, 0.22868211161180563, 0.23311795785543332, 0.23653473181680512, 0.2379049408078614, 0.24624823110900362, 0.25003627780389215, 0.2513818811244449, 0.2560187906963644, 0.258330958950754, 0.2698109326362906, 0.2753627627817138, 0.283309730548454, 0.28971783310318233, 0.2974633243256166, 0.3008599892779594, 0.3019287527471835, 0.3114725749008084, 0.3114725749008084, 0.3132867636216227, 0.31569400817887666, 0.3219522402820214, 0.32305799673560537, 0.33402279563445286, 0.3411099150790453, 0.3411099150790453, 0.34383115082869875, 0.34383115082869875, 0.35082968194819497, 0.35398572010302004, 0.35398572010302004, 0.3597856524291845, 0.3597856524291845, 0.3597856524291845, 0.3597856524291845, 0.3597856524291845, 0.3597856524291845, 0.3597856524291845, 0.3708967380251868, 0.3708967380251868, 0.375092092468988, 0.37907373153049323, 0.37907373153049323, 0.37907373153049323, 0.37907373153049323, 0.37907373153049323, 0.37907373153049323, 0.3840036898515557, 0.3840036898515557, 0.3840036898515557, 0.4051314717384775, 0.4051314717384775, 0.4051314717384775, 0.41227216178171566, 0.41227216178171566, 0.41227216178171566, 0.41227216178171566, 0.41227216178171566, 0.4198033089001067, 0.4198033089001067, 0.4198033089001067, 0.4198033089001067, 0.4198033089001067, 0.4198033089001067, 0.4198033089001067, 0.4198033089001067, 0.4198033089001067, 0.4198033089001067, 0.4198033089001067, 0.4198033089001067]
Training raw path: /home/anhnd/DTI Project/Codes/MPNN/data/KFold20/ATCInchikeySideEffectByDrug.txt_P3_16
('Number of substructures, proteins, pathways, drugs, se: ', 888, 1448, 330, 808, 331)
((768, 2666), (40, 2666), (768, 331), (40, 331))
('VALIDATE SUM PROTEIN TRAIN: ', 0.0)
('VALIDATE SUM PROTEIN TEST: ', 0.0)
Train: 0.9447 0.8886
Test: 0.7665 0.5562
[0.6555565852201938, 0.676239073905824, 0.6927540281690141, 0.6962291977380839, 0.6905273937532004, 0.692510510187468, 0.6949413413893658, 0.7079733885557424, 0.7118178923219745, 0.7127907040497077, 0.7137223187967652, 0.7136585083835014, 0.7139555555555557, 0.7130269248457992, 0.7135218465599036, 0.7173045740407655, 0.7160620734087562, 0.7166379397153598, 0.7174622151168253, 0.7161408289051295, 0.716699863368374, 0.719211539802108, 0.7202382936507937, 0.7219907091047013, 0.7224028340080971, 0.7220415620033385, 0.7216188761008556, 0.722146238178694, 0.7220108291961624, 0.722649006735657, 0.7263843893210613, 0.7265951924834164, 0.7277323029853228, 0.7287109727191948, 0.7300562749472187, 0.7310552117743158, 0.7314504100151737, 0.7324614926669466, 0.7324614926669466, 0.7344701841827893, 0.734746695643584, 0.7367562326136896, 0.737765889569763, 0.7421294950295875, 0.7443430929269419, 0.7443430929269419, 0.7448708194085549, 0.7448708194085549, 0.74649443611703, 0.7470158452361273, 0.7470158452361273, 0.7487229643618938, 0.7487229643618938, 0.7487229643618938, 0.7487229643618938, 0.7487229643618938, 0.7487229643618938, 0.7487229643618938, 0.7512431850249095, 0.7512431850249095, 0.7522725972221262, 0.7542507887326909, 0.7542507887326909, 0.7542507887326909, 0.7542507887326909, 0.7542507887326909, 0.7542507887326909, 0.7557521780982837, 0.7557521780982837, 0.7557521780982837, 0.7624691865191852, 0.7624691865191852, 0.7624691865191852, 0.7644502027901444, 0.7644502027901444, 0.7644502027901444, 0.7644502027901444, 0.7644502027901444, 0.7664955568328404, 0.7664955568328404, 0.7664955568328404, 0.7664955568328404, 0.7664955568328404, 0.7664955568328404, 0.7664955568328404, 0.7664955568328404, 0.7664955568328404, 0.7664955568328404, 0.7664955568328404, 0.7664955568328404]
[0.20009440192494457, 0.19530329903514926, 0.21078481331509383, 0.21988365580831054, 0.22504815502663628, 0.23303755270292645, 0.241754661327302, 0.2648604123118491, 0.272808539315686, 0.27555010207349157, 0.2865264823812119, 0.2938605384388754, 0.3046933462960886, 0.3069504628845095, 0.32258567197681576, 0.337427727853279, 0.34282261226452254, 0.35061661437731534, 0.3616450472392307, 0.3657589426328328, 0.36884166278204344, 0.37802971325322876, 0.3877275887169903, 0.3933669852917666, 0.39612318027789667, 0.4038389235312865, 0.4063754199363234, 0.4078819497207921, 0.40793042948006136, 0.4111411677819269, 0.4229792505626599, 0.42590596642749945, 0.43399947931084626, 0.44136027033117037, 0.4459584687258583, 0.4505730268892978, 0.45129461584158714, 0.4561960540409157, 0.4561960540409157, 0.4619045616837756, 0.4631685057866553, 0.4697152168402621, 0.47250654492557553, 0.4860945085905032, 0.49298485161688455, 0.49298485161688455, 0.4948952940025245, 0.4948952940025245, 0.49985251382451285, 0.5013142867976355, 0.5013142867976355, 0.5068487322170779, 0.5068487322170779, 0.5068487322170779, 0.5068487322170779, 0.5068487322170779, 0.5068487322170779, 0.5068487322170779, 0.5141062057471762, 0.5141062057471762, 0.5169415424680024, 0.5228626370990624, 0.5228626370990624, 0.5228626370990624, 0.5228626370990624, 0.5228626370990624, 0.5228626370990624, 0.5266221872005393, 0.5266221872005393, 0.5266221872005393, 0.5447755232199496, 0.5447755232199496, 0.5447755232199496, 0.5503156983268694, 0.5503156983268694, 0.5503156983268694, 0.5503156983268694, 0.5503156983268694, 0.556190494226739, 0.556190494226739, 0.556190494226739, 0.556190494226739, 0.556190494226739, 0.556190494226739, 0.556190494226739, 0.556190494226739, 0.556190494226739, 0.556190494226739, 0.556190494226739, 0.556190494226739]
Training raw path: /home/anhnd/DTI Project/Codes/MPNN/data/KFold20/ATCInchikeySideEffectByDrug.txt_P3_17
('Number of substructures, proteins, pathways, drugs, se: ', 888, 1448, 330, 808, 331)
((767, 2666), (41, 2666), (767, 331), (41, 331))
('VALIDATE SUM PROTEIN TRAIN: ', 0.0)
('VALIDATE SUM PROTEIN TEST: ', 0.0)
Train: 0.9519 0.9001
Test: 0.7467 0.5858
[0.6568143914016508, 0.6663428964326767, 0.6674087228574261, 0.6708936979355307, 0.6711544035492059, 0.6707617243995219, 0.6753552225250339, 0.675992344868622, 0.6756257059627846, 0.6746486278083488, 0.6742874022464713, 0.6729888512622292, 0.6767696110168571, 0.6772138698105385, 0.6818242876680732, 0.6826985344656786, 0.6834062840632502, 0.6862423478603432, 0.6880795426881752, 0.6902133184573868, 0.6908065693285173, 0.6912233915272055, 0.6920368174314956, 0.6929740798514128, 0.6922567888812695, 0.695292483301449, 0.6957470152188053, 0.6960032212863463, 0.6967843374151769, 0.6977759618925591, 0.7006313255864424, 0.7022459000795327, 0.7044343489694593, 0.7063461524518584, 0.7085423007570063, 0.7092956733033475, 0.7099863476929664, 0.7117135397259018, 0.7117135397259018, 0.7129625127873849, 0.7137021810387355, 0.7158284086711936, 0.7168979181531046, 0.7198723376779678, 0.7224656909029054, 0.7224656909029054, 0.7233797704849582, 0.7233797704849582, 0.7251581253163683, 0.7262773690925567, 0.7262773690925567, 0.728573445929253, 0.728573445929253, 0.728573445929253, 0.728573445929253, 0.728573445929253, 0.728573445929253, 0.728573445929253, 0.7318085597721499, 0.7318085597721499, 0.7331535367237931, 0.7349091175115054, 0.7349091175115054, 0.7349091175115054, 0.7349091175115054, 0.7349091175115054, 0.7349091175115054, 0.7368299211800183, 0.7368299211800183, 0.7368299211800183, 0.7424729777098051, 0.7424729777098051, 0.7424729777098051, 0.7444250968630329, 0.7444250968630329, 0.7444250968630329, 0.7444250968630329, 0.7444250968630329, 0.7467288604737428, 0.7467288604737428, 0.7467288604737428, 0.7467288604737428, 0.7467288604737428, 0.7467288604737428, 0.7467288604737428, 0.7467288604737428, 0.7467288604737428, 0.7467288604737428, 0.7467288604737428, 0.7467288604737428]
[0.26550030297617855, 0.2834714743090865, 0.3037632945290736, 0.30529016272368853, 0.3140435327164622, 0.321655321612301, 0.32801655550450626, 0.33346301556452046, 0.33627676857602123, 0.33800548956646215, 0.337288410691893, 0.33930238415805414, 0.35053065184514554, 0.34897130444646196, 0.3622812332556963, 0.36677712288220055, 0.3762364828212515, 0.38710906114933386, 0.394054407059621, 0.40040373619756364, 0.40179140185434764, 0.40484889640569105, 0.4120713762367513, 0.4177290598171721, 0.41694907292162, 0.4251938701638568, 0.4271085601956803, 0.42898730234532767, 0.43394419271586526, 0.4361577695552461, 0.4466437644407131, 0.4523356535262038, 0.4594430883974001, 0.46394315319228024, 0.4715198375168704, 0.47395257356528864, 0.47627697644235606, 0.4835164678845412, 0.4835164678845412, 0.48872654975153657, 0.49110587230318425, 0.4968790541536352, 0.49943889265873354, 0.5085320997437244, 0.5168187440396985, 0.5168187440396985, 0.5189420189929996, 0.5189420189929996, 0.5243597450088483, 0.5276170027273437, 0.5276170027273437, 0.5339582338693103, 0.5339582338693103, 0.5339582338693103, 0.5339582338693103, 0.5339582338693103, 0.5339582338693103, 0.5339582338693103, 0.5430602690748005, 0.5430602690748005, 0.546684081383064, 0.5520611729179822, 0.5520611729179822, 0.5520611729179822, 0.5520611729179822, 0.5520611729179822, 0.5520611729179822, 0.5573923093892423, 0.5573923093892423, 0.5573923093892423, 0.5732901599767655, 0.5732901599767655, 0.5732901599767655, 0.5788994195426574, 0.5788994195426574, 0.5788994195426574, 0.5788994195426574, 0.5788994195426574, 0.5857720040290199, 0.5857720040290199, 0.5857720040290199, 0.5857720040290199, 0.5857720040290199, 0.5857720040290199, 0.5857720040290199, 0.5857720040290199, 0.5857720040290199, 0.5857720040290199, 0.5857720040290199, 0.5857720040290199]
Training raw path: /home/anhnd/DTI Project/Codes/MPNN/data/KFold20/ATCInchikeySideEffectByDrug.txt_P3_18
('Number of substructures, proteins, pathways, drugs, se: ', 888, 1448, 330, 808, 331)
((768, 2666), (40, 2666), (768, 331), (40, 331))
('VALIDATE SUM PROTEIN TRAIN: ', 0.0)
('VALIDATE SUM PROTEIN TEST: ', 0.0)
Train: 0.9401 0.8782
Test: 0.7357 0.5696
[0.6646500351211111, 0.6626623784216786, 0.6615947713106469, 0.6643344506545525, 0.6665042243197808, 0.666895740025435, 0.664191866527633, 0.6683818539111762, 0.6646802433737953, 0.6643796277632198, 0.6657304920927739, 0.6651390068636134, 0.6655315416973717, 0.6671787213379741, 0.6648987743192745, 0.668489357639144, 0.6717371325588574, 0.6729885422399332, 0.6755576039188367, 0.6778247197453284, 0.6786046347510979, 0.6805657229170021, 0.6814197636227153, 0.681858007458673, 0.6823631567510664, 0.6839001591089897, 0.6847469913111812, 0.6841557664397484, 0.6848733999623653, 0.685858939161959, 0.6893348070519356, 0.6908963235705179, 0.693643113559959, 0.6952590789523797, 0.6984400011153047, 0.6994165944820534, 0.7000806170523218, 0.7036488069608913, 0.7036488069608913, 0.7041788479119221, 0.7048902481518902, 0.7062537209414869, 0.7063611705202439, 0.7082499507944924, 0.7112355287058636, 0.7112355287058636, 0.7119839784453456, 0.7119839784453456, 0.7138561568312416, 0.7148388125356184, 0.7148388125356184, 0.7172550957704932, 0.7172550957704932, 0.7172550957704932, 0.7172550957704932, 0.7172550957704932, 0.7172550957704932, 0.7172550957704932, 0.7202204476148439, 0.7202204476148439, 0.7219371143502479, 0.723264259644302, 0.723264259644302, 0.723264259644302, 0.723264259644302, 0.723264259644302, 0.723264259644302, 0.7249657756424077, 0.7249657756424077, 0.7249657756424077, 0.7308758577497976, 0.7308758577497976, 0.7308758577497976, 0.733295001247029, 0.733295001247029, 0.733295001247029, 0.733295001247029, 0.733295001247029, 0.735662996838817, 0.735662996838817, 0.735662996838817, 0.735662996838817, 0.735662996838817, 0.735662996838817, 0.735662996838817, 0.735662996838817, 0.735662996838817, 0.735662996838817, 0.735662996838817, 0.735662996838817]
[0.28536078155449557, 0.2871286860172171, 0.3217769924908153, 0.32194348998812544, 0.3161354272523587, 0.3186884880334922, 0.32168179766573013, 0.32757544424861473, 0.3291917353944333, 0.3301692437986753, 0.33635781106220736, 0.33720504474889573, 0.3385000575989662, 0.3411511752501347, 0.35317892417436747, 0.36166765143973295, 0.37333041299705394, 0.3800226359601286, 0.38548276912459345, 0.3937436856608699, 0.3954697625877948, 0.40159986958928623, 0.4073584296318662, 0.4104110395998217, 0.41305926261951553, 0.4188450921771429, 0.42121784479510205, 0.41828098895735677, 0.4210486116733708, 0.4235314993932604, 0.4345180101994917, 0.4404291888143915, 0.44851007129022813, 0.45399626474716215, 0.464731582882576, 0.4682964202420681, 0.47014634779791586, 0.47991789146256914, 0.47991789146256914, 0.4840508192760133, 0.486132871545445, 0.4906921702016389, 0.49144415698693134, 0.4966406903117479, 0.5049867052925336, 0.5049867052925336, 0.50683137643696, 0.50683137643696, 0.5124676923553384, 0.5158582734804655, 0.5158582734804655, 0.5223512845267252, 0.5223512845267252, 0.5223512845267252, 0.5223512845267252, 0.5223512845267252, 0.5223512845267252, 0.5223512845267252, 0.5292638496494555, 0.5292638496494555, 0.5337210021851542, 0.5371688336290181, 0.5371688336290181, 0.5371688336290181, 0.5371688336290181, 0.5371688336290181, 0.5371688336290181, 0.5413929780078898, 0.5413929780078898, 0.5413929780078898, 0.5570633268909376, 0.5570633268909376, 0.5570633268909376, 0.5631802273876196, 0.5631802273876196, 0.5631802273876196, 0.5631802273876196, 0.5631802273876196, 0.5695796661683263, 0.5695796661683263, 0.5695796661683263, 0.5695796661683263, 0.5695796661683263, 0.5695796661683263, 0.5695796661683263, 0.5695796661683263, 0.5695796661683263, 0.5695796661683263, 0.5695796661683263, 0.5695796661683263]
Training raw path: /home/anhnd/DTI Project/Codes/MPNN/data/KFold20/ATCInchikeySideEffectByDrug.txt_P3_19
('Number of substructures, proteins, pathways, drugs, se: ', 888, 1448, 330, 808, 331)
((768, 2666), (40, 2666), (768, 331), (40, 331))
('VALIDATE SUM PROTEIN TRAIN: ', 0.0)
('VALIDATE SUM PROTEIN TEST: ', 0.0)
Train: 0.9503 0.8962
Test: 0.7233 0.5621
[0.6138271604938271, 0.6226864022385199, 0.6354451388336031, 0.6335247173786779, 0.635374678885903, 0.6352758434823145, 0.6377930765658684, 0.6433517732713671, 0.6431196571533696, 0.6434282692348766, 0.6446724041546534, 0.6446935864933051, 0.6445563495229376, 0.6437426628602785, 0.6436970687659868, 0.6490587584479091, 0.6502273781902552, 0.6553363847269387, 0.6573867051609292, 0.6588124283015123, 0.6596311048082586, 0.6613869843499005, 0.6626454266235575, 0.6651029670645731, 0.6660717019722093, 0.6682229957801378, 0.6687394322701243, 0.6692312651715571, 0.6694503088147004, 0.6704232852640446, 0.675295055928769, 0.6766223045457911, 0.6787505220631975, 0.680730903142853, 0.6837331946309614, 0.6845971583764183, 0.685186928885638, 0.6873737613382569, 0.6873737613382569, 0.6892027563494659, 0.689809125090039, 0.6924405306248841, 0.693418065767399, 0.6968179637155807, 0.6991219112190611, 0.6991219112190611, 0.6996067645002112, 0.6996067645002112, 0.7022013277206273, 0.703205128057887, 0.703205128057887, 0.7053675221321227, 0.7053675221321227, 0.7053675221321227, 0.7053675221321227, 0.7053675221321227, 0.7053675221321227, 0.7053675221321227, 0.7081205714707381, 0.7081205714707381, 0.709312889709469, 0.7112715510190728, 0.7112715510190728, 0.7112715510190728, 0.7112715510190728, 0.7112715510190728, 0.7112715510190728, 0.7128237966363812, 0.7128237966363812, 0.7128237966363812, 0.7189048451536633, 0.7189048451536633, 0.7189048451536633, 0.7210501017409564, 0.7210501017409564, 0.7210501017409564, 0.7210501017409564, 0.7210501017409564, 0.7232938006442982, 0.7232938006442982, 0.7232938006442982, 0.7232938006442982, 0.7232938006442982, 0.7232938006442982, 0.7232938006442982, 0.7232938006442982, 0.7232938006442982, 0.7232938006442982, 0.7232938006442982, 0.7232938006442982]
[0.24595160902703428, 0.2508374493454314, 0.28524661207984003, 0.2927571074875459, 0.3088501407649144, 0.30858269059682747, 0.31364459130561967, 0.3257152222351919, 0.3275308263543333, 0.3310339996677668, 0.3359275898922059, 0.34017049816167405, 0.3435246641046117, 0.34478592780986667, 0.348178569865303, 0.3587267659547809, 0.36703859021380003, 0.37922341097275136, 0.38677777951836023, 0.3900894156828212, 0.39200287059633737, 0.39789721637260944, 0.4026475465265513, 0.4073305471037314, 0.4093364753719475, 0.4166995523236036, 0.41947265852288207, 0.4209953780523961, 0.42233687834627576, 0.42442521196607036, 0.43704573676224634, 0.44195149264199907, 0.4458578912074168, 0.45215259259011653, 0.45902567023026974, 0.46147611878713185, 0.46403986861842383, 0.4696976393733534, 0.4696976393733534, 0.4751533454629111, 0.4769572160030947, 0.4836118549332061, 0.48650105772314983, 0.49420020425188066, 0.49941799185740343, 0.49941799185740343, 0.5010107134383006, 0.5010107134383006, 0.5069364283306014, 0.5096562732782508, 0.5096562732782508, 0.5149651204967457, 0.5149651204967457, 0.5149651204967457, 0.5149651204967457, 0.5149651204967457, 0.5149651204967457, 0.5149651204967457, 0.522314753215238, 0.522314753215238, 0.5258753333066362, 0.5305500231355099, 0.5305500231355099, 0.5305500231355099, 0.5305500231355099, 0.5305500231355099, 0.5305500231355099, 0.5345669333621894, 0.5345669333621894, 0.5345669333621894, 0.5505994897414279, 0.5505994897414279, 0.5505994897414279, 0.5560959743371683, 0.5560959743371683, 0.5560959743371683, 0.5560959743371683, 0.5560959743371683, 0.56205097545546, 0.56205097545546, 0.56205097545546, 0.56205097545546, 0.56205097545546, 0.56205097545546, 0.56205097545546, 0.56205097545546, 0.56205097545546, 0.56205097545546, 0.56205097545546, 0.56205097545546]
AUC: 0.7159 0.0050
AUPR: 0.5070 0.0124
('RARE AUC', [(0.6123480607810503, 0.0072553930824605355), (0.6173737612641473, 0.008088931176852021), (0.620020251671401, 0.008685265316894923), (0.621390277668515, 0.008426855315340535), (0.6244459519278178, 0.007796179263185033), (0.623951879714559, 0.00771057167518702), (0.6254583126769265, 0.007780774411566701), (0.6287556447273122, 0.007851074013356281), (0.6297954749217913, 0.007896353544639155), (0.6302193488591985, 0.007842371156271405), (0.6316338556001431, 0.007781380964892538), (0.6328881110790837, 0.007628927396722193), (0.6337979724187487, 0.007660900445520613), (0.6334333553852131, 0.007621117812208479), (0.6353552839435198, 0.007664702294072835), (0.6399758777444627, 0.0074558710380713085), (0.6422142019780371, 0.007338020152773234), (0.6439913434739378, 0.007409814879208442), (0.6464591301493589, 0.00735826215057654), (0.6469282061161892, 0.007373368965223064), (0.6470942180779227, 0.00740704010994307), (0.6487548499335632, 0.007330444415642833), (0.6499302424388588, 0.0072220461012625645), (0.651093495581166, 0.007174602372064512), (0.6516249381917831, 0.007114217493884292), (0.6541943366716539, 0.006842825749314528), (0.6552040517294859, 0.0067556079357411385), (0.6557299548120611, 0.0067394491485970355), (0.6573216533715213, 0.006589810427550798), (0.6578767673104002, 0.006612962942142826), (0.6621104903304416, 0.006510178519252676), (0.6641535215667648, 0.00637132864228101), (0.6660785034695278, 0.0063230551614649935), (0.6678492477821777, 0.00626999677967642), (0.6710825826029361, 0.006141169471006038), (0.6717994462911021, 0.006142297768846943), (0.6724919919618867, 0.006114358214363673), (0.6750589540049171, 0.006021585479794623), (0.6750589540049171, 0.006021585479794623), (0.6770003275165746, 0.005983617050832082), (0.6779041327042634, 0.00591790581532087), (0.6798655327337444, 0.005893366888470399), (0.680965161489602, 0.005875766423378346), (0.6851003346079725, 0.0057844971277255935), (0.6881666497222227, 0.005710395566346718), (0.6881666497222227, 0.005710395566346718), (0.6889653226972143, 0.005677067726881689), (0.6889653226972143, 0.005677067726881689), (0.69130742144884, 0.005603555499462312), (0.6924889338927674, 0.005557941576987807), (0.6924889338927674, 0.005557941576987807), (0.6950367891832446, 0.005489783692099374), (0.6950367891832446, 0.005489783692099374), (0.6950367891832446, 0.005489783692099374), (0.6950367891832446, 0.005489783692099374), (0.6950367891832446, 0.005489783692099374), (0.6950367891832446, 0.005489783692099374), (0.6950367891832446, 0.005489783692099374), (0.6983824667670673, 0.005406526720829131), (0.6983824667670673, 0.005406526720829131), (0.7000438032405455, 0.005358438382658097), (0.7019179340961178, 0.005317961557841756), (0.7019179340961178, 0.005317961557841756), (0.7019179340961178, 0.005317961557841756), (0.7019179340961178, 0.005317961557841756), (0.7019179340961178, 0.005317961557841756), (0.7019179340961178, 0.005317961557841756), (0.704110601720257, 0.005236990903014103), (0.704110601720257, 0.005236990903014103), (0.704110601720257, 0.005236990903014103), (0.7109539922976185, 0.005092255314415666), (0.7109539922976185, 0.005092255314415666), (0.7109539922976185, 0.005092255314415666), (0.7132818655527192, 0.005035522520918741), (0.7132818655527192, 0.005035522520918741), (0.7132818655527192, 0.005035522520918741), (0.7132818655527192, 0.005035522520918741), (0.7132818655527192, 0.005035522520918741), (0.7158848599604208, 0.004987372877652565), (0.7158848599604208, 0.004987372877652565), (0.7158848599604208, 0.004987372877652565), (0.7158848599604208, 0.004987372877652565), (0.7158848599604208, 0.004987372877652565), (0.7158848599604208, 0.004987372877652565), (0.7158848599604208, 0.004987372877652565), (0.7158848599604208, 0.004987372877652565), (0.7158848599604208, 0.004987372877652565), (0.7158848599604208, 0.004987372877652565), (0.7158848599604208, 0.004987372877652565), (0.7158848599604208, 0.004987372877652565)])
('RARE AUPR', [(0.19030307047362963, 0.010458990428228995), (0.19869067345891736, 0.011501133951343551), (0.211942292133961, 0.01273090808206901), (0.21832708271618392, 0.013033348688002466), (0.22642437916422908, 0.013234350770042232), (0.22898695359007867, 0.013266198806263235), (0.23574352467808607, 0.013337263510511862), (0.24685932166038121, 0.013159534428433931), (0.2533608001075269, 0.013040421590004287), (0.2562908618690288, 0.0130771373222756), (0.2614125598904027, 0.012917502067702293), (0.26578352264143784, 0.012958025116148849), (0.2713767060630344, 0.013118416797530934), (0.2726367232264638, 0.013111963741805064), (0.2823250830502968, 0.013352784546785087), (0.2928080375402438, 0.013444504139649413), (0.3001630961385223, 0.013578826928109827), (0.30737868282859837, 0.013925099517616293), (0.31480042997277163, 0.013955226289170205), (0.31954695665309846, 0.013978152473446375), (0.32023110071902894, 0.014101763199098961), (0.3252346141099715, 0.014218584044378566), (0.33082663845693394, 0.014253116886726619), (0.3356810848177274, 0.014191593355970578), (0.3378045809385797, 0.014152664721446676), (0.3453105357928491, 0.01398825678469059), (0.34832406293901447, 0.013910848551306386), (0.3495209071998227, 0.013904445756022985), (0.3535854895769148, 0.013712066425005165), (0.3553721867035698, 0.01378549250752636), (0.3667081791814151, 0.013804880317582938), (0.37223302510240536, 0.01383833195320134), (0.3786214548918668, 0.013775623517810089), (0.3837743412299172, 0.01378799673583586), (0.39179744548795864, 0.013861209317089533), (0.39477943191090564, 0.013886839685156088), (0.39667464271365227, 0.013921659775320184), (0.40406441650188807, 0.013794162449447747), (0.40406441650188807, 0.013794162449447747), (0.4094531051859053, 0.013859437542724937), (0.4114955180524902, 0.013820170814328351), (0.4164422240454968, 0.013949846314752065), (0.4190152551856391, 0.013914624271153803), (0.42928872908260673, 0.013838453920927456), (0.43719719123004513, 0.013713309512342535), (0.43719719123004513, 0.013713309512342535), (0.43914959780143814, 0.013686130582542713), (0.43914959780143814, 0.013686130582542713), (0.4451621235338642, 0.013583003496141846), (0.44810998431221005, 0.013559209812647435), (0.44810998431221005, 0.013559209812647435), (0.45431474294644314, 0.013473069848237805), (0.45431474294644314, 0.013473069848237805), (0.45431474294644314, 0.013473069848237805), (0.45431474294644314, 0.013473069848237805), (0.45431474294644314, 0.013473069848237805), (0.45431474294644314, 0.013473069848237805), (0.45431474294644314, 0.013473069848237805), (0.46233185677454325, 0.013369710342550262), (0.46233185677454325, 0.013369710342550262), (0.46629035137507663, 0.013285626396385159), (0.4710388303112495, 0.013256588274478362), (0.4710388303112495, 0.013256588274478362), (0.4710388303112495, 0.013256588274478362), (0.4710388303112495, 0.013256588274478362), (0.4710388303112495, 0.013256588274478362), (0.4710388303112495, 0.013256588274478362), (0.4765436990320141, 0.013107546942768382), (0.4765436990320141, 0.013107546942768382), (0.4765436990320141, 0.013107546942768382), (0.49404104129018, 0.012686143920497418), (0.49404104129018, 0.012686143920497418), (0.49404104129018, 0.012686143920497418), (0.49998843070722454, 0.012570062568493516), (0.49998843070722454, 0.012570062568493516), (0.49998843070722454, 0.012570062568493516), (0.49998843070722454, 0.012570062568493516), (0.49998843070722454, 0.012570062568493516), (0.5070185711999912, 0.01239566288676465), (0.5070185711999912, 0.01239566288676465), (0.5070185711999912, 0.01239566288676465), (0.5070185711999912, 0.01239566288676465), (0.5070185711999912, 0.01239566288676465), (0.5070185711999912, 0.01239566288676465), (0.5070185711999912, 0.01239566288676465), (0.5070185711999912, 0.01239566288676465), (0.5070185711999912, 0.01239566288676465), (0.5070185711999912, 0.01239566288676465), (0.5070185711999912, 0.01239566288676465), (0.5070185711999912, 0.01239566288676465)])
