SCCA: 10 
<models.baselines.sccar.SCCAR object at 0x7f5da6f742d0>
('Manual torch seed: ', 1772727637)
('Config: ', 'Protein Test: ', True, 'KNN: ', 2)
Training raw path: /home/anhnd/DTI Project/Codes/MPNN/data/KFold20/ATCInchikeySideEffectByDrug.txt_P3_0
('Number of substructures, proteins, pathways, drugs, se: ', 888, 1448, 330, 808, 331)
((767, 2666), (41, 2666), (767, 331), (41, 331))
('VALIDATE SUM PROTEIN TRAIN: ', 0.0)
('VALIDATE SUM PROTEIN TEST: ', 0.0)
Train: 0.7170 0.5244
Test: 0.6669 0.4507
[0.5114638447971782, 0.5291778678144028, 0.5392423851316468, 0.5445131565257061, 0.5459837555270808, 0.5441343684593347, 0.545564688635775, 0.5455875468164794, 0.5434859159076402, 0.543691556643783, 0.5469380171587429, 0.5508270893644397, 0.5537294255752244, 0.5569715842756493, 0.5615726679098659, 0.5617035074370904, 0.5655299212582057, 0.5695866758635926, 0.573881444283934, 0.5751331377366053, 0.5755612509810516, 0.5788610673630908, 0.5819164991129508, 0.5860096170306208, 0.5878183004648758, 0.5903190121392525, 0.5909665247947156, 0.5922027791043551, 0.5945453586484952, 0.595949435828248, 0.6000903035130923, 0.6005125209949215, 0.6043502929912808, 0.6065731766542004, 0.6114677536629425, 0.6139418493523239, 0.614503370720357, 0.6189798425766321, 0.6189798425766321, 0.6205833152116418, 0.6212053075947432, 0.6241203629642906, 0.6249062484102222, 0.6301317567069483, 0.6334114599967717, 0.6334114599967717, 0.6350112613440418, 0.6350112613440418, 0.6381420574693217, 0.6398623237598611, 0.6398623237598611, 0.6429560715637035, 0.6429560715637035, 0.6429560715637035, 0.6429560715637035, 0.6429560715637035, 0.6429560715637035, 0.6429560715637035, 0.6465439254795287, 0.6465439254795287, 0.6482276911905938, 0.6504386766917294, 0.6504386766917294, 0.6504386766917294, 0.6504386766917294, 0.6504386766917294, 0.6504386766917294, 0.6523986587977979, 0.6523986587977979, 0.6523986587977979, 0.6608306131462184, 0.6608306131462184, 0.6608306131462184, 0.6637566443526564, 0.6637566443526564, 0.6637566443526564, 0.6637566443526564, 0.6637566443526564, 0.6668673986359428, 0.6668673986359428, 0.6668673986359428, 0.6668673986359428, 0.6668673986359428, 0.6668673986359428, 0.6668673986359428, 0.6668673986359428, 0.6668673986359428, 0.6668673986359428, 0.6668673986359428, 0.6668673986359428]
[0.1287502564735046, 0.1440360177551721, 0.15046032968291598, 0.15425681578973457, 0.16022476757308712, 0.1588147606887817, 0.1677995722779599, 0.17492627563644902, 0.1786388236431216, 0.18101579304110543, 0.187100149880561, 0.19051466748496115, 0.1960261823301175, 0.1999205559630613, 0.21131792729685933, 0.22246823970261845, 0.23332783228844262, 0.24331080044509967, 0.2506571234288603, 0.2525072003909523, 0.2536129052494703, 0.2591288989729379, 0.2627165351093892, 0.2699356156165544, 0.27362243029891037, 0.27528834437138794, 0.27731169638004927, 0.2802372051050547, 0.28462615598491653, 0.28701597021217307, 0.2948164430061564, 0.2977443045752006, 0.304285876304935, 0.30861229381904864, 0.3185545093037465, 0.32247561240931244, 0.3239259833085507, 0.3344902823525335, 0.3344902823525335, 0.3385810872690314, 0.3398402595313488, 0.345018294114677, 0.34688612746329084, 0.356744520562486, 0.36494913610553836, 0.36494913610553836, 0.36889293143958063, 0.36889293143958063, 0.37657496613128794, 0.38046381541436763, 0.38046381541436763, 0.38863381957997745, 0.38863381957997745, 0.38863381957997745, 0.38863381957997745, 0.38863381957997745, 0.38863381957997745, 0.38863381957997745, 0.39784767238200275, 0.39784767238200275, 0.40207492499344216, 0.4074863552735411, 0.4074863552735411, 0.4074863552735411, 0.4074863552735411, 0.4074863552735411, 0.4074863552735411, 0.4127747342654242, 0.4127747342654242, 0.4127747342654242, 0.43403526561014705, 0.43403526561014705, 0.43403526561014705, 0.4417376891409196, 0.4417376891409196, 0.4417376891409196, 0.4417376891409196, 0.4417376891409196, 0.45070679697018085, 0.45070679697018085, 0.45070679697018085, 0.45070679697018085, 0.45070679697018085, 0.45070679697018085, 0.45070679697018085, 0.45070679697018085, 0.45070679697018085, 0.45070679697018085, 0.45070679697018085, 0.45070679697018085]
Training raw path: /home/anhnd/DTI Project/Codes/MPNN/data/KFold20/ATCInchikeySideEffectByDrug.txt_P3_1
('Number of substructures, proteins, pathways, drugs, se: ', 888, 1448, 330, 808, 331)
((768, 2666), (40, 2666), (768, 331), (40, 331))
('VALIDATE SUM PROTEIN TRAIN: ', 0.0)
('VALIDATE SUM PROTEIN TEST: ', 0.0)
Train: 0.7172 0.5239
Test: 0.6795 0.4633
[0.5145511422883685, 0.5328798589401652, 0.5396512369440758, 0.5397084489595709, 0.54957112784196, 0.5541340344230706, 0.5569476247323286, 0.5613992419575488, 0.5709068696016782, 0.5702960467462266, 0.5735414408253643, 0.57843066468, 0.5793359646539028, 0.5808167074768157, 0.5833724700939635, 0.5868256866085537, 0.5908242139021962, 0.5973303137009969, 0.5989353171053251, 0.5998538655683128, 0.5994397838351827, 0.6022903616073113, 0.6037529247723055, 0.6078706492327921, 0.6094695402330449, 0.6135740163818296, 0.6157347675953336, 0.6162236951448953, 0.6184319606434988, 0.6191851576202345, 0.624271008307231, 0.6270076822057636, 0.6296208024502563, 0.6309481422959597, 0.6358003921394147, 0.6368337971030966, 0.6382268670825965, 0.6419890756004679, 0.6419890756004679, 0.6436710231930637, 0.6440721165788781, 0.6456538798488455, 0.6464672195312582, 0.6497469464499244, 0.6526974880849046, 0.6526974880849046, 0.6537796533160771, 0.6537796533160771, 0.6563405512143254, 0.6574782182098691, 0.6574782182098691, 0.6591939718753446, 0.6591939718753446, 0.6591939718753446, 0.6591939718753446, 0.6591939718753446, 0.6591939718753446, 0.6591939718753446, 0.662660757806123, 0.662660757806123, 0.663995204338866, 0.6658110681228481, 0.6658110681228481, 0.6658110681228481, 0.6658110681228481, 0.6658110681228481, 0.6658110681228481, 0.6677902742266106, 0.6677902742266106, 0.6677902742266106, 0.6747461742342434, 0.6747461742342434, 0.6747461742342434, 0.6765394314607298, 0.6765394314607298, 0.6765394314607298, 0.6765394314607298, 0.6765394314607298, 0.6794609647812846, 0.6794609647812846, 0.6794609647812846, 0.6794609647812846, 0.6794609647812846, 0.6794609647812846, 0.6794609647812846, 0.6794609647812846, 0.6794609647812846, 0.6794609647812846, 0.6794609647812846, 0.6794609647812846]
[0.12561411491309143, 0.12618813772035178, 0.13984593492897618, 0.14805666142610094, 0.16067664912369933, 0.16620856262991562, 0.16743003753258845, 0.1836693862152065, 0.19622195979162332, 0.19528347537314142, 0.20422234295667624, 0.2105540520769867, 0.21443368194726387, 0.21686279475896408, 0.223503656035266, 0.22762812500105498, 0.23451443029294708, 0.2454320766159453, 0.2487109664060898, 0.2524764123041865, 0.2512993336645809, 0.25688696477963047, 0.26029006587690084, 0.27054640879121683, 0.273292795300244, 0.28003222052865223, 0.2849294010095243, 0.2868581141184894, 0.29272649882223545, 0.29463366971893235, 0.30782071113288967, 0.3122999110813489, 0.3197518278295921, 0.3243077832415258, 0.3378901549854522, 0.34077207377110985, 0.34340146208217115, 0.35531915084942745, 0.35531915084942745, 0.3601877488005386, 0.3606194532937479, 0.3653498080898186, 0.3679505331967865, 0.3774330088517561, 0.3866282911732307, 0.3866282911732307, 0.3890494004180272, 0.3890494004180272, 0.39608581226585665, 0.39871835083336615, 0.39871835083336615, 0.40383106069381447, 0.40383106069381447, 0.40383106069381447, 0.40383106069381447, 0.40383106069381447, 0.40383106069381447, 0.40383106069381447, 0.4126919850817922, 0.4126919850817922, 0.4166140925401676, 0.4222259693421691, 0.4222259693421691, 0.4222259693421691, 0.4222259693421691, 0.4222259693421691, 0.4222259693421691, 0.4291444671042841, 0.4291444671042841, 0.4291444671042841, 0.4482910921021255, 0.4482910921021255, 0.4482910921021255, 0.4527658676465146, 0.4527658676465146, 0.4527658676465146, 0.4527658676465146, 0.4527658676465146, 0.46328984665616807, 0.46328984665616807, 0.46328984665616807, 0.46328984665616807, 0.46328984665616807, 0.46328984665616807, 0.46328984665616807, 0.46328984665616807, 0.46328984665616807, 0.46328984665616807, 0.46328984665616807, 0.46328984665616807]
Training raw path: /home/anhnd/DTI Project/Codes/MPNN/data/KFold20/ATCInchikeySideEffectByDrug.txt_P3_2
('Number of substructures, proteins, pathways, drugs, se: ', 888, 1448, 330, 808, 331)
((767, 2666), (41, 2666), (767, 331), (41, 331))
('VALIDATE SUM PROTEIN TRAIN: ', 0.0)
('VALIDATE SUM PROTEIN TEST: ', 0.0)
Train: 0.7155 0.5246
Test: 0.6820 0.4596
[0.5839247172580506, 0.5802073029408921, 0.5580743731278672, 0.5523177337041842, 0.5576813637654339, 0.5553704551233155, 0.5562547392013313, 0.5592086597236812, 0.5587168543500411, 0.5606065604518335, 0.5645469370775066, 0.5688605282103198, 0.5683681665714455, 0.5671653496197623, 0.572972263202206, 0.5773339217681798, 0.5819507059577669, 0.5857277103944812, 0.5879010305960373, 0.5900065421396014, 0.5884873017345015, 0.5896255011455138, 0.5951414275965551, 0.5968180070117372, 0.5980680014049126, 0.599834488482148, 0.6013371945488466, 0.6019555227847428, 0.6036361513360893, 0.603955692893295, 0.609976910697768, 0.6143880992692248, 0.6183720827489261, 0.6205145288283422, 0.6226327359566733, 0.6244052077813614, 0.6258230187789371, 0.6297385332551103, 0.6297385332551103, 0.6322389528209451, 0.6343838172792914, 0.6358750348394622, 0.6374470813858611, 0.6424045717369475, 0.6463979343329863, 0.6463979343329863, 0.6473914469848778, 0.6473914469848778, 0.6508189521225083, 0.6527367469593315, 0.6527367469593315, 0.6554255345337772, 0.6554255345337772, 0.6554255345337772, 0.6554255345337772, 0.6554255345337772, 0.6554255345337772, 0.6554255345337772, 0.6598940757720763, 0.6598940757720763, 0.6616641862381314, 0.6642253803921568, 0.6642253803921568, 0.6642253803921568, 0.6642253803921568, 0.6642253803921568, 0.6642253803921568, 0.6669869434234642, 0.6669869434234642, 0.6669869434234642, 0.6754369516755359, 0.6754369516755359, 0.6754369516755359, 0.6786222207894125, 0.6786222207894125, 0.6786222207894125, 0.6786222207894125, 0.6786222207894125, 0.6820174380124239, 0.6820174380124239, 0.6820174380124239, 0.6820174380124239, 0.6820174380124239, 0.6820174380124239, 0.6820174380124239, 0.6820174380124239, 0.6820174380124239, 0.6820174380124239, 0.6820174380124239, 0.6820174380124239]
[0.1610590948585964, 0.14306977660772383, 0.13468450717628294, 0.13540254626619974, 0.14455990544004918, 0.14305102820532384, 0.1487428030205582, 0.16293629934990422, 0.16578531092374962, 0.1683914042373454, 0.1753215712644251, 0.18127130335008607, 0.18421062088536627, 0.1837746207368014, 0.19361901257762218, 0.2051866694135514, 0.21452492021608366, 0.22388817288065133, 0.23034678417150445, 0.2341240322453686, 0.23235952309143748, 0.23533524826017657, 0.24760997501044396, 0.2522194284234692, 0.25433970831772373, 0.26055395640070955, 0.2618280552907658, 0.2639542104635925, 0.26634666793768375, 0.26727172988166725, 0.2768197682170964, 0.2863278565625903, 0.2935982905698365, 0.2966076205454703, 0.3005522365382819, 0.3044633885943017, 0.3073951463235304, 0.31725521287985775, 0.31725521287985775, 0.3260926666921127, 0.33182721356745765, 0.33449345291691024, 0.338122465917024, 0.35001289294162014, 0.3602072513423148, 0.3602072513423148, 0.3624170195345213, 0.3624170195345213, 0.37093768830456797, 0.37532719913386237, 0.37532719913386237, 0.3825043784048692, 0.3825043784048692, 0.3825043784048692, 0.3825043784048692, 0.3825043784048692, 0.3825043784048692, 0.3825043784048692, 0.39449252906475424, 0.39449252906475424, 0.39874073553961237, 0.405165324018691, 0.405165324018691, 0.405165324018691, 0.405165324018691, 0.405165324018691, 0.405165324018691, 0.415671257532805, 0.415671257532805, 0.415671257532805, 0.4383503662717955, 0.4383503662717955, 0.4383503662717955, 0.4484541813698559, 0.4484541813698559, 0.4484541813698559, 0.4484541813698559, 0.4484541813698559, 0.45958753577657785, 0.45958753577657785, 0.45958753577657785, 0.45958753577657785, 0.45958753577657785, 0.45958753577657785, 0.45958753577657785, 0.45958753577657785, 0.45958753577657785, 0.45958753577657785, 0.45958753577657785, 0.45958753577657785]
Training raw path: /home/anhnd/DTI Project/Codes/MPNN/data/KFold20/ATCInchikeySideEffectByDrug.txt_P3_3
('Number of substructures, proteins, pathways, drugs, se: ', 888, 1448, 330, 808, 331)
((768, 2666), (40, 2666), (768, 331), (40, 331))
('VALIDATE SUM PROTEIN TRAIN: ', 0.0)
('VALIDATE SUM PROTEIN TEST: ', 0.0)
Train: 0.7152 0.5239
Test: 0.7173 0.4635
[0.604828942543806, 0.5907015626732187, 0.5949257357872935, 0.6003306141895609, 0.607418499906904, 0.6027599789915966, 0.6032979663308651, 0.5936159205148549, 0.5975142794127388, 0.593819351485464, 0.6000959344739111, 0.6043855001548377, 0.6081931154816274, 0.6095791711808667, 0.6149734861067502, 0.6160427238389174, 0.6194583843209875, 0.6202073178380141, 0.6222692569567445, 0.6241197971773781, 0.6255653561335901, 0.6290842427248677, 0.6307417536945813, 0.631853581443031, 0.6335288418274339, 0.6407354373357707, 0.6420646031767498, 0.643075952451258, 0.6443382682597432, 0.6467682033713165, 0.6534814363065157, 0.6562942658558357, 0.6593053518559131, 0.6626683324028989, 0.6659068273331645, 0.6684882086777539, 0.6700887438972889, 0.6742446372984545, 0.6742446372984545, 0.6754717372783579, 0.6770785732769588, 0.6791477462691103, 0.6809449935073917, 0.684728872884184, 0.6882895017541641, 0.6882895017541641, 0.6895163279400157, 0.6895163279400157, 0.6925959129569934, 0.6942318398301384, 0.6942318398301384, 0.6964778954058287, 0.6964778954058287, 0.6964778954058287, 0.6964778954058287, 0.6964778954058287, 0.6964778954058287, 0.6964778954058287, 0.699883688524124, 0.699883688524124, 0.701559961436919, 0.703154008444835, 0.703154008444835, 0.703154008444835, 0.703154008444835, 0.703154008444835, 0.703154008444835, 0.7054083305257928, 0.7054083305257928, 0.7054083305257928, 0.7123892829461231, 0.7123892829461231, 0.7123892829461231, 0.714430331408121, 0.714430331408121, 0.714430331408121, 0.714430331408121, 0.714430331408121, 0.7173300987212633, 0.7173300987212633, 0.7173300987212633, 0.7173300987212633, 0.7173300987212633, 0.7173300987212633, 0.7173300987212633, 0.7173300987212633, 0.7173300987212633, 0.7173300987212633, 0.7173300987212633, 0.7173300987212633]
[0.13466980848479038, 0.12135820735217624, 0.12566612983519582, 0.12926954623850223, 0.1322588857522726, 0.13340143636987334, 0.1381375255613384, 0.1401901665792889, 0.14895001370716268, 0.14866737104442182, 0.16053417580554397, 0.1691765532818536, 0.1737938448812209, 0.17745829288137988, 0.1873359780424589, 0.19317224254639212, 0.19852988243643507, 0.20061961997358924, 0.205482592704711, 0.209276659718785, 0.21191835678937487, 0.21687528772978162, 0.22091776799129537, 0.22744139545304243, 0.23297689025410162, 0.2478705044412796, 0.251039028651977, 0.2546391314998184, 0.2632672101831155, 0.26767450174214424, 0.28396961370699314, 0.2901793052872391, 0.294262510167725, 0.3014541193503078, 0.3096913888904998, 0.314922940358826, 0.3185957085937399, 0.3295887855722598, 0.3295887855722598, 0.3365806282500505, 0.340757355949526, 0.34684292456762233, 0.35039466816075204, 0.3636478604644382, 0.37333456763709366, 0.37333456763709366, 0.37599668944476905, 0.37599668944476905, 0.38526940237624563, 0.3896894644327987, 0.3896894644327987, 0.3950357569527889, 0.3950357569527889, 0.3950357569527889, 0.3950357569527889, 0.3950357569527889, 0.3950357569527889, 0.3950357569527889, 0.40527205302868463, 0.40527205302868463, 0.40836059646902156, 0.41345114389649107, 0.41345114389649107, 0.41345114389649107, 0.41345114389649107, 0.41345114389649107, 0.41345114389649107, 0.42130815830249146, 0.42130815830249146, 0.42130815830249146, 0.4463529367508013, 0.4463529367508013, 0.4463529367508013, 0.45173270586237, 0.45173270586237, 0.45173270586237, 0.45173270586237, 0.45173270586237, 0.4635061262140653, 0.4635061262140653, 0.4635061262140653, 0.4635061262140653, 0.4635061262140653, 0.4635061262140653, 0.4635061262140653, 0.4635061262140653, 0.4635061262140653, 0.4635061262140653, 0.4635061262140653, 0.4635061262140653]
Training raw path: /home/anhnd/DTI Project/Codes/MPNN/data/KFold20/ATCInchikeySideEffectByDrug.txt_P3_4
('Number of substructures, proteins, pathways, drugs, se: ', 888, 1448, 330, 808, 331)
((768, 2666), (40, 2666), (768, 331), (40, 331))
('VALIDATE SUM PROTEIN TRAIN: ', 0.0)
('VALIDATE SUM PROTEIN TEST: ', 0.0)
Train: 0.7198 0.5262
Test: 0.6662 0.4950
[0.5303691567103584, 0.5081843835527127, 0.5349607143689818, 0.5440725349392465, 0.544915027488754, 0.5435544221486713, 0.5409164344440098, 0.5441825269246029, 0.550768138411463, 0.550608014515376, 0.5512921408901673, 0.5528033395855414, 0.5550043566809229, 0.5558887274451777, 0.5553299089711456, 0.5600228571428572, 0.564667634476449, 0.5648525838653613, 0.5696546007749822, 0.5745663192885055, 0.5744267193853024, 0.576500862725292, 0.5799651223583125, 0.5843430433944946, 0.5853773481977488, 0.5895343878784889, 0.5918956506120927, 0.5935923148056623, 0.597147408582597, 0.5983989197787895, 0.6030169213716498, 0.6059081142568251, 0.6085068641622463, 0.6101703940277703, 0.6133727295383219, 0.6152136467105582, 0.6159370270955904, 0.6197593962016938, 0.6197593962016938, 0.6213686049644069, 0.6226440496971887, 0.6249478472792253, 0.6264857874822982, 0.6314795463777041, 0.6356059595569581, 0.6356059595569581, 0.6367810355670122, 0.6367810355670122, 0.6392094902224214, 0.6398290103279705, 0.6398290103279705, 0.6425431310411513, 0.6425431310411513, 0.6425431310411513, 0.6425431310411513, 0.6425431310411513, 0.6425431310411513, 0.6425431310411513, 0.6463425976893163, 0.6463425976893163, 0.6480929564317811, 0.6504025279561696, 0.6504025279561696, 0.6504025279561696, 0.6504025279561696, 0.6504025279561696, 0.6504025279561696, 0.6527241386102195, 0.6527241386102195, 0.6527241386102195, 0.6613935615832915, 0.6613935615832915, 0.6613935615832915, 0.6636107376992171, 0.6636107376992171, 0.6636107376992171, 0.6636107376992171, 0.6636107376992171, 0.666245586522233, 0.666245586522233, 0.666245586522233, 0.666245586522233, 0.666245586522233, 0.666245586522233, 0.666245586522233, 0.666245586522233, 0.666245586522233, 0.666245586522233, 0.666245586522233, 0.666245586522233]
[0.17574797594900454, 0.1492000361489027, 0.17367931560416652, 0.18882688648430812, 0.18822499684010002, 0.19186264441383588, 0.1929210132540956, 0.2014675321192324, 0.2114072656357095, 0.21206374795971805, 0.2179683994362524, 0.22354608328824224, 0.22649023659361794, 0.22875865175412513, 0.23167151209816347, 0.24134997275951955, 0.25272556063429436, 0.25584349498381564, 0.2667802257253161, 0.27663390840797875, 0.2772626373218044, 0.282674635106899, 0.28732722002850386, 0.29797695144433817, 0.30039446044824314, 0.3102584435789129, 0.31575269273622797, 0.31823434934868666, 0.3283453962868783, 0.3314113639087197, 0.34053736864533113, 0.3471041615838104, 0.3528633859962692, 0.3557496568776024, 0.3608973356493478, 0.3655789238880353, 0.3665998631458611, 0.3753530228357188, 0.3753530228357188, 0.3803415710495851, 0.3833581466238562, 0.38765256272503423, 0.3916322650268907, 0.40250837477662554, 0.412765985880894, 0.412765985880894, 0.4161424953886239, 0.4161424953886239, 0.42070290963699203, 0.42201151505998064, 0.42201151505998064, 0.4292731266386848, 0.4292731266386848, 0.4292731266386848, 0.4292731266386848, 0.4292731266386848, 0.4292731266386848, 0.4292731266386848, 0.43972385703553357, 0.43972385703553357, 0.4440068796157142, 0.4504919605113008, 0.4504919605113008, 0.4504919605113008, 0.4504919605113008, 0.4504919605113008, 0.4504919605113008, 0.45757298558778225, 0.45757298558778225, 0.45757298558778225, 0.48089794144734205, 0.48089794144734205, 0.48089794144734205, 0.4870466226035306, 0.4870466226035306, 0.4870466226035306, 0.4870466226035306, 0.4870466226035306, 0.4949799844525663, 0.4949799844525663, 0.4949799844525663, 0.4949799844525663, 0.4949799844525663, 0.4949799844525663, 0.4949799844525663, 0.4949799844525663, 0.4949799844525663, 0.4949799844525663, 0.4949799844525663, 0.4949799844525663]
Training raw path: /home/anhnd/DTI Project/Codes/MPNN/data/KFold20/ATCInchikeySideEffectByDrug.txt_P3_5
('Number of substructures, proteins, pathways, drugs, se: ', 888, 1448, 330, 808, 331)
((767, 2666), (41, 2666), (767, 331), (41, 331))
('VALIDATE SUM PROTEIN TRAIN: ', 0.0)
('VALIDATE SUM PROTEIN TEST: ', 0.0)
Train: 0.7156 0.5196
Test: 0.7058 0.4921
[0.6025606312613624, 0.5759191214775403, 0.5846577213562589, 0.5863506325815012, 0.5896630111099389, 0.5841699855573548, 0.5895946570038012, 0.5847545277668326, 0.586336060974264, 0.5889205976853176, 0.5933046568654301, 0.597859748408537, 0.6007822798862139, 0.5980977184688127, 0.5999317949062337, 0.5993462931288336, 0.6045113702186914, 0.6092868102046176, 0.6132899773378919, 0.6177936025474019, 0.6179170893003478, 0.6206992759494391, 0.6239457263128789, 0.6250895636795922, 0.6271284670261653, 0.6329587870374024, 0.6343303707550768, 0.6356290673034228, 0.6382358797521795, 0.6381869065979221, 0.643229922478101, 0.6443757203471676, 0.648281624210362, 0.6505408281984073, 0.6542314527577685, 0.6558886972558698, 0.6563749865364593, 0.6599412803984341, 0.6599412803984341, 0.661749157120174, 0.6626878618761943, 0.6650533490399113, 0.6665521156441624, 0.6716520957374649, 0.6759611435485589, 0.6759611435485589, 0.6762834504100164, 0.6762834504100164, 0.679492439246152, 0.6809726096771815, 0.6809726096771815, 0.6834804421080851, 0.6834804421080851, 0.6834804421080851, 0.6834804421080851, 0.6834804421080851, 0.6834804421080851, 0.6834804421080851, 0.6874605597384698, 0.6874605597384698, 0.6893660699447578, 0.6910795843927259, 0.6910795843927259, 0.6910795843927259, 0.6910795843927259, 0.6910795843927259, 0.6910795843927259, 0.6934365541054115, 0.6934365541054115, 0.6934365541054115, 0.7009481987947573, 0.7009481987947573, 0.7009481987947573, 0.7031744780274944, 0.7031744780274944, 0.7031744780274944, 0.7031744780274944, 0.7031744780274944, 0.7057550954055246, 0.7057550954055246, 0.7057550954055246, 0.7057550954055246, 0.7057550954055246, 0.7057550954055246, 0.7057550954055246, 0.7057550954055246, 0.7057550954055246, 0.7057550954055246, 0.7057550954055246, 0.7057550954055246]
[0.1534656856897315, 0.15749377114127372, 0.15974450808435903, 0.16740268303850475, 0.16450552373894714, 0.1601447791257819, 0.16955874220764572, 0.17098477614668497, 0.1768642383899209, 0.18071441251013395, 0.19123480452169084, 0.197099890168681, 0.20542836694879596, 0.20517274243173195, 0.21507920015119694, 0.2204745709270765, 0.23196429773524005, 0.2460621416539941, 0.2556019617331764, 0.26001737683400894, 0.2597370526931242, 0.2650419933616078, 0.27317130965487463, 0.2816848966644551, 0.2871040006954733, 0.2974651488153595, 0.30160601184365887, 0.30484924691842646, 0.31257966088856537, 0.3130746450724462, 0.3272179228497599, 0.3314185552156944, 0.3384967495764025, 0.34374970010870937, 0.3537551559331526, 0.3574533451412469, 0.3595222784135344, 0.367714412718269, 0.367714412718269, 0.373911709126201, 0.3766474307119387, 0.38263969711913537, 0.386304951732816, 0.4017803125753583, 0.4131861985750501, 0.4131861985750501, 0.41259833862218, 0.41259833862218, 0.42083613948180787, 0.42392515816197934, 0.42392515816197934, 0.43171298576257255, 0.43171298576257255, 0.43171298576257255, 0.43171298576257255, 0.43171298576257255, 0.43171298576257255, 0.43171298576257255, 0.4426628027072764, 0.4426628027072764, 0.44765662350087226, 0.451982198733788, 0.451982198733788, 0.451982198733788, 0.451982198733788, 0.451982198733788, 0.451982198733788, 0.45884849782543474, 0.45884849782543474, 0.45884849782543474, 0.4793326791069192, 0.4793326791069192, 0.4793326791069192, 0.48430083296088045, 0.48430083296088045, 0.48430083296088045, 0.48430083296088045, 0.48430083296088045, 0.4921299661981192, 0.4921299661981192, 0.4921299661981192, 0.4921299661981192, 0.4921299661981192, 0.4921299661981192, 0.4921299661981192, 0.4921299661981192, 0.4921299661981192, 0.4921299661981192, 0.4921299661981192, 0.4921299661981192]
Training raw path: /home/anhnd/DTI Project/Codes/MPNN/data/KFold20/ATCInchikeySideEffectByDrug.txt_P3_6
('Number of substructures, proteins, pathways, drugs, se: ', 888, 1448, 330, 808, 331)
((768, 2666), (40, 2666), (768, 331), (40, 331))
('VALIDATE SUM PROTEIN TRAIN: ', 0.0)
('VALIDATE SUM PROTEIN TEST: ', 0.0)
Train: 0.7174 0.5249
Test: 0.7064 0.4761
[0.5553450419022415, 0.5644674412238815, 0.558558299730615, 0.5654465233023822, 0.5638916100921377, 0.563765456272497, 0.5697067597693539, 0.5717050456732466, 0.5782928403627023, 0.5750916200546774, 0.5799436877173039, 0.581258397792316, 0.5826758751486035, 0.5854028754502101, 0.5921325196333983, 0.5978469007859302, 0.5993978167511979, 0.6018765142109089, 0.6037826639297103, 0.6055555228860022, 0.606778995406017, 0.6110815344885323, 0.6140387380995365, 0.6164869892193532, 0.6204012054384049, 0.6268696339204907, 0.6302433868729211, 0.630843305985275, 0.6330499020708028, 0.6335896054376657, 0.639649620790282, 0.6402056848505494, 0.6439317195858285, 0.6463723023583475, 0.6521083334555686, 0.6538498230008168, 0.6551022768300895, 0.6592909415369312, 0.6592909415369312, 0.6606285125460782, 0.6609189355503495, 0.6630302946541073, 0.665334641734506, 0.6697709585259454, 0.674442782282805, 0.674442782282805, 0.6759406852832803, 0.6759406852832803, 0.6794555299734871, 0.6803286373712031, 0.6803286373712031, 0.6832509582543164, 0.6832509582543164, 0.6832509582543164, 0.6832509582543164, 0.6832509582543164, 0.6832509582543164, 0.6832509582543164, 0.6868927801166325, 0.6868927801166325, 0.6890389245632849, 0.690778010233046, 0.690778010233046, 0.690778010233046, 0.690778010233046, 0.690778010233046, 0.690778010233046, 0.6928590865686041, 0.6928590865686041, 0.6928590865686041, 0.7011299962705324, 0.7011299962705324, 0.7011299962705324, 0.7038451967687638, 0.7038451967687638, 0.7038451967687638, 0.7038451967687638, 0.7038451967687638, 0.7064192813082373, 0.7064192813082373, 0.7064192813082373, 0.7064192813082373, 0.7064192813082373, 0.7064192813082373, 0.7064192813082373, 0.7064192813082373, 0.7064192813082373, 0.7064192813082373, 0.7064192813082373, 0.7064192813082373]
[0.13777480598154895, 0.13484815975978806, 0.14688220059406668, 0.15397402220899628, 0.15770356752668213, 0.15862846025121477, 0.16359007981538082, 0.16907023819996028, 0.18045020693385613, 0.1814707260595894, 0.18700697285295384, 0.19095074284866353, 0.19044194668795816, 0.19364324953982162, 0.20114861533438702, 0.20899617476806842, 0.21673118082082912, 0.22190840428671355, 0.22758902884007137, 0.23153310374876773, 0.23293713042311764, 0.24037026024528252, 0.2470971293764727, 0.2562669419042716, 0.2645216180088666, 0.2773782886650733, 0.2835586254397746, 0.2852760052008154, 0.29165225089312447, 0.2908854348311263, 0.30288756976790077, 0.30651866726369936, 0.3135297594245779, 0.319049085838284, 0.3310941931576664, 0.3348246923661584, 0.33756140824928443, 0.34626897641809695, 0.34626897641809695, 0.3481066816215708, 0.3510863191990713, 0.35588820552172123, 0.36213054863083827, 0.37174182955670165, 0.38377949622944507, 0.38377949622944507, 0.3877284865381696, 0.3877284865381696, 0.3962211512095368, 0.3985534240776919, 0.3985534240776919, 0.4060296896437202, 0.4060296896437202, 0.4060296896437202, 0.4060296896437202, 0.4060296896437202, 0.4060296896437202, 0.4060296896437202, 0.41697087184322373, 0.41697087184322373, 0.4233570401208805, 0.42912177585098676, 0.42912177585098676, 0.42912177585098676, 0.42912177585098676, 0.42912177585098676, 0.42912177585098676, 0.4371366385676452, 0.4371366385676452, 0.4371366385676452, 0.4606071014536246, 0.4606071014536246, 0.4606071014536246, 0.4693306501890126, 0.4693306501890126, 0.4693306501890126, 0.4693306501890126, 0.4693306501890126, 0.47614332173801666, 0.47614332173801666, 0.47614332173801666, 0.47614332173801666, 0.47614332173801666, 0.47614332173801666, 0.47614332173801666, 0.47614332173801666, 0.47614332173801666, 0.47614332173801666, 0.47614332173801666, 0.47614332173801666]
Training raw path: /home/anhnd/DTI Project/Codes/MPNN/data/KFold20/ATCInchikeySideEffectByDrug.txt_P3_7
('Number of substructures, proteins, pathways, drugs, se: ', 888, 1448, 330, 808, 331)
((767, 2666), (41, 2666), (767, 331), (41, 331))
('VALIDATE SUM PROTEIN TRAIN: ', 0.0)
('VALIDATE SUM PROTEIN TEST: ', 0.0)
Train: 0.7223 0.5246
Test: 0.6361 0.5043
[0.49179170067173084, 0.5048858359133127, 0.5130439440645637, 0.5162503048529831, 0.5197428325927066, 0.5221465339739191, 0.519361020347316, 0.5193399050697254, 0.5210457567048201, 0.5240525423283205, 0.5239882560887344, 0.522292723092146, 0.5225931188845688, 0.5245153563500922, 0.5291622623242022, 0.5311868114136641, 0.5331496647039335, 0.5332755314270023, 0.5376838747645736, 0.5392298076142543, 0.5401713526713526, 0.5432088389942626, 0.5458489743700644, 0.547204627468461, 0.5487636676852853, 0.5541433867559606, 0.5555416650396918, 0.5558220288871535, 0.5583469215628858, 0.5595702790846014, 0.5659639447355884, 0.5695785654014685, 0.5742979086753717, 0.5774153175087844, 0.5810424196312229, 0.5832352051938958, 0.5842563168389846, 0.5881113921402255, 0.5881113921402255, 0.5895247565979647, 0.5907238023846968, 0.5939336875013558, 0.5953743323834952, 0.6001138303516846, 0.6037242594817049, 0.6037242594817049, 0.6051465097819203, 0.6051465097819203, 0.6088304172299617, 0.6107102766327885, 0.6107102766327885, 0.6141893253226242, 0.6141893253226242, 0.6141893253226242, 0.6141893253226242, 0.6141893253226242, 0.6141893253226242, 0.6141893253226242, 0.6177447128510722, 0.6177447128510722, 0.6195392655183032, 0.6216354504643917, 0.6216354504643917, 0.6216354504643917, 0.6216354504643917, 0.6216354504643917, 0.6216354504643917, 0.6241839206600448, 0.6241839206600448, 0.6241839206600448, 0.6312649922403655, 0.6312649922403655, 0.6312649922403655, 0.6334473040856519, 0.6334473040856519, 0.6334473040856519, 0.6334473040856519, 0.6334473040856519, 0.6360976152112263, 0.6360976152112263, 0.6360976152112263, 0.6360976152112263, 0.6360976152112263, 0.6360976152112263, 0.6360976152112263, 0.6360976152112263, 0.6360976152112263, 0.6360976152112263, 0.6360976152112263, 0.6360976152112263]
[0.17931795473389958, 0.1883981444496536, 0.19987455956906924, 0.21229732710649446, 0.22187182534815467, 0.224509482477265, 0.2294492340590816, 0.23460679525780542, 0.24011322481205366, 0.24207570127669864, 0.24445752806261567, 0.24659305072129156, 0.24916428192676482, 0.25186390298748185, 0.26313922927182676, 0.2713508548900728, 0.2770422237224671, 0.2794202624060517, 0.28907791638399666, 0.293634860416346, 0.2950792326437855, 0.30102180270637513, 0.3067461579094717, 0.310462704300065, 0.3141731120300547, 0.3238836792569332, 0.32595466788878596, 0.3270384091303945, 0.3323012976324343, 0.3347743276967701, 0.3484832017397299, 0.3560226906791581, 0.36397758046634926, 0.3692756692094551, 0.3770528870619295, 0.3806220963150466, 0.3826690665948518, 0.3910225651409867, 0.3910225651409867, 0.3932537223163767, 0.39517500657296034, 0.40068222284759303, 0.40390681094746195, 0.41325099329125237, 0.4223538733644659, 0.4223538733644659, 0.42545629724688266, 0.42545629724688266, 0.4337694900952269, 0.43809641848577063, 0.43809641848577063, 0.4470900023240612, 0.4470900023240612, 0.4470900023240612, 0.4470900023240612, 0.4470900023240612, 0.4470900023240612, 0.4470900023240612, 0.45542639580499517, 0.45542639580499517, 0.459800160117303, 0.46500724420793355, 0.46500724420793355, 0.46500724420793355, 0.46500724420793355, 0.46500724420793355, 0.46500724420793355, 0.4727072050179693, 0.4727072050179693, 0.4727072050179693, 0.49133607641106475, 0.49133607641106475, 0.49133607641106475, 0.49691949841685246, 0.49691949841685246, 0.49691949841685246, 0.49691949841685246, 0.49691949841685246, 0.5043499745182836, 0.5043499745182836, 0.5043499745182836, 0.5043499745182836, 0.5043499745182836, 0.5043499745182836, 0.5043499745182836, 0.5043499745182836, 0.5043499745182836, 0.5043499745182836, 0.5043499745182836, 0.5043499745182836]
Training raw path: /home/anhnd/DTI Project/Codes/MPNN/data/KFold20/ATCInchikeySideEffectByDrug.txt_P3_8
('Number of substructures, proteins, pathways, drugs, se: ', 888, 1448, 330, 808, 331)
((768, 2666), (40, 2666), (768, 331), (40, 331))
('VALIDATE SUM PROTEIN TRAIN: ', 0.0)
('VALIDATE SUM PROTEIN TEST: ', 0.0)
Train: 0.7184 0.5226
Test: 0.6852 0.5320
[0.5901202234072765, 0.5624703081169125, 0.5631797769962938, 0.5646567973142418, 0.5729022226241434, 0.5712530653382464, 0.5719438120737623, 0.5722231856440193, 0.5726635496522109, 0.5723785526133109, 0.5750276270663122, 0.5748654709396812, 0.5768109449648322, 0.5782511840739801, 0.5829377465271823, 0.5893597075933193, 0.5926217848983247, 0.5956485318769953, 0.5959585716202692, 0.5964345062345965, 0.5964632643607248, 0.5984863218027185, 0.5982807420951537, 0.5994179346946025, 0.5995620043344698, 0.6055013018080331, 0.6074585269942819, 0.6086177784192746, 0.6099607745932594, 0.6115134165659587, 0.617246020439849, 0.6209881403171139, 0.6233069154104303, 0.6266219756472229, 0.6318631350898036, 0.6340463169674668, 0.6344689818194897, 0.6384092906612014, 0.6384092906612014, 0.6413838782376817, 0.6422845543485818, 0.6452545530565859, 0.6462288765817762, 0.6514728368893028, 0.6549131119270727, 0.6549131119270727, 0.6557964058060056, 0.6557964058060056, 0.6590032128072314, 0.6603937683766442, 0.6603937683766442, 0.6633899823586271, 0.6633899823586271, 0.6633899823586271, 0.6633899823586271, 0.6633899823586271, 0.6633899823586271, 0.6633899823586271, 0.667003908634406, 0.667003908634406, 0.6688668530088044, 0.6709010455182709, 0.6709010455182709, 0.6709010455182709, 0.6709010455182709, 0.6709010455182709, 0.6709010455182709, 0.6729185432875886, 0.6729185432875886, 0.6729185432875886, 0.6806086986090265, 0.6806086986090265, 0.6806086986090265, 0.6827272447248058, 0.6827272447248058, 0.6827272447248058, 0.6827272447248058, 0.6827272447248058, 0.6851511711892119, 0.6851511711892119, 0.6851511711892119, 0.6851511711892119, 0.6851511711892119, 0.6851511711892119, 0.6851511711892119, 0.6851511711892119, 0.6851511711892119, 0.6851511711892119, 0.6851511711892119, 0.6851511711892119]
[0.2171547307286914, 0.20173106643814878, 0.19059865752361088, 0.20151434490385084, 0.20984278673306742, 0.21124417496974016, 0.2127938967228101, 0.22708876906726935, 0.23786772326011144, 0.23912890086540098, 0.24607748777081848, 0.24856752274317706, 0.25207363105346026, 0.2527758380668969, 0.2653508290104783, 0.28507129593901454, 0.2915259193162181, 0.3014049176674192, 0.30465812449780816, 0.3092256629710035, 0.30953082362121664, 0.3145374885341394, 0.3161199788669119, 0.32335660799305654, 0.32587249533177887, 0.33614012494826284, 0.34075792842083813, 0.34441382689052946, 0.34670009930998213, 0.35051216163172905, 0.36247695101399424, 0.36929462707539085, 0.37447447193720607, 0.3820316460021922, 0.39609115345254975, 0.4010800988609753, 0.40311180372472927, 0.4106593659650003, 0.4106593659650003, 0.4188209919561311, 0.42252784837439394, 0.4289336136169342, 0.42997304193447944, 0.44194194357587535, 0.45074364169022135, 0.45074364169022135, 0.4525557916848961, 0.4525557916848961, 0.4596507796842095, 0.46291472179139076, 0.46291472179139076, 0.4702516603993757, 0.4702516603993757, 0.4702516603993757, 0.4702516603993757, 0.4702516603993757, 0.4702516603993757, 0.4702516603993757, 0.48006203776947604, 0.48006203776947604, 0.48534644556448125, 0.49080514584516755, 0.49080514584516755, 0.49080514584516755, 0.49080514584516755, 0.49080514584516755, 0.49080514584516755, 0.4968829588350263, 0.4968829588350263, 0.4968829588350263, 0.5189086385005784, 0.5189086385005784, 0.5189086385005784, 0.5241614830268975, 0.5241614830268975, 0.5241614830268975, 0.5241614830268975, 0.5241614830268975, 0.53199541640066, 0.53199541640066, 0.53199541640066, 0.53199541640066, 0.53199541640066, 0.53199541640066, 0.53199541640066, 0.53199541640066, 0.53199541640066, 0.53199541640066, 0.53199541640066, 0.53199541640066]
Training raw path: /home/anhnd/DTI Project/Codes/MPNN/data/KFold20/ATCInchikeySideEffectByDrug.txt_P3_9
('Number of substructures, proteins, pathways, drugs, se: ', 888, 1448, 330, 808, 331)
((768, 2666), (40, 2666), (768, 331), (40, 331))
('VALIDATE SUM PROTEIN TRAIN: ', 0.0)
('VALIDATE SUM PROTEIN TEST: ', 0.0)
Train: 0.7150 0.5187
Test: 0.7108 0.5138
[0.545245576195416, 0.5742963694616201, 0.5686861158133802, 0.5640577567388046, 0.5625755136393762, 0.5656391865904942, 0.5637218429038282, 0.5701813082788845, 0.5755461801227966, 0.5786569998183241, 0.5862077341785779, 0.5883314647970895, 0.5897848502957566, 0.590893825549141, 0.5931661810447633, 0.5972208175230034, 0.6005725360294227, 0.6030737066360412, 0.6087406773587923, 0.6112624897143529, 0.6115575438944849, 0.6159689170653513, 0.6217076553917189, 0.6242514368581599, 0.6257913232600733, 0.6293724485970678, 0.6317484633129878, 0.6332359759260748, 0.6348955662477377, 0.6352696651674161, 0.6404878553618338, 0.6424685107999881, 0.6484954776282206, 0.651358135441174, 0.6558764735437106, 0.6584237345413665, 0.6594407931195786, 0.6635899335731394, 0.6635899335731394, 0.665499566415483, 0.6668463439110655, 0.668758921015957, 0.6706473062056315, 0.6762191109789446, 0.6809175594095341, 0.6809175594095341, 0.6813341509409081, 0.6813341509409081, 0.6835596422494229, 0.684996344895717, 0.684996344895717, 0.6883187681002418, 0.6883187681002418, 0.6883187681002418, 0.6883187681002418, 0.6883187681002418, 0.6883187681002418, 0.6883187681002418, 0.6920839506008565, 0.6920839506008565, 0.6941800217958854, 0.6961036354196851, 0.6961036354196851, 0.6961036354196851, 0.6961036354196851, 0.6961036354196851, 0.6961036354196851, 0.6988410573085466, 0.6988410573085466, 0.6988410573085466, 0.7056144902539633, 0.7056144902539633, 0.7056144902539633, 0.7081780199262157, 0.7081780199262157, 0.7081780199262157, 0.7081780199262157, 0.7081780199262157, 0.7107927316047482, 0.7107927316047482, 0.7107927316047482, 0.7107927316047482, 0.7107927316047482, 0.7107927316047482, 0.7107927316047482, 0.7107927316047482, 0.7107927316047482, 0.7107927316047482, 0.7107927316047482, 0.7107927316047482]
[0.15145948376859555, 0.16156148969954268, 0.15906809320638038, 0.1536403916958655, 0.1558393989773078, 0.1612982731953662, 0.162274771055688, 0.1739509802224051, 0.18237136178454572, 0.18953723222220975, 0.19950576529096054, 0.20246777098214275, 0.20508516572243618, 0.20707986160542988, 0.21391418915229848, 0.22116467055023936, 0.23119897012738658, 0.23658829888035818, 0.24829252456089493, 0.2523399450487873, 0.2532450071493716, 0.26357589833609396, 0.273839945782431, 0.2807277225450496, 0.28515224020215735, 0.29481190824988135, 0.3008354748971238, 0.30437490796907174, 0.3087448188490073, 0.3096460896982257, 0.32177972500929225, 0.3291632549960213, 0.34097158476342354, 0.3471847030832192, 0.35822157916106356, 0.36465080625857993, 0.3671836501640078, 0.3792429314294845, 0.3792429314294845, 0.3871701697776002, 0.39101935299506496, 0.39460349120823723, 0.39968666325012503, 0.41440401992968934, 0.42480423557187824, 0.42480423557187824, 0.427021755161109, 0.427021755161109, 0.4316051058067422, 0.43526195072296575, 0.43526195072296575, 0.4445485884858333, 0.4445485884858333, 0.4445485884858333, 0.4445485884858333, 0.4445485884858333, 0.4445485884858333, 0.4445485884858333, 0.4553795485218812, 0.4553795485218812, 0.46099759083959746, 0.46737383540483823, 0.46737383540483823, 0.46737383540483823, 0.46737383540483823, 0.46737383540483823, 0.46737383540483823, 0.4772061069195196, 0.4772061069195196, 0.4772061069195196, 0.495475472856622, 0.495475472856622, 0.495475472856622, 0.5042732239046384, 0.5042732239046384, 0.5042732239046384, 0.5042732239046384, 0.5042732239046384, 0.5138001958511698, 0.5138001958511698, 0.5138001958511698, 0.5138001958511698, 0.5138001958511698, 0.5138001958511698, 0.5138001958511698, 0.5138001958511698, 0.5138001958511698, 0.5138001958511698, 0.5138001958511698, 0.5138001958511698]
Training raw path: /home/anhnd/DTI Project/Codes/MPNN/data/KFold20/ATCInchikeySideEffectByDrug.txt_P3_10
('Number of substructures, proteins, pathways, drugs, se: ', 888, 1448, 330, 808, 331)
((767, 2666), (41, 2666), (767, 331), (41, 331))
('VALIDATE SUM PROTEIN TRAIN: ', 0.0)
('VALIDATE SUM PROTEIN TEST: ', 0.0)
Train: 0.7121 0.5157
Test: 0.6964 0.4878
[0.6107007591986426, 0.584519580404354, 0.5871798742937965, 0.589715841221345, 0.5921445502863621, 0.59376248883675, 0.5872542612015396, 0.5904219933565307, 0.5932943485437838, 0.5912239333607455, 0.5902498828578913, 0.591832933674588, 0.5975715723247634, 0.5960024566150097, 0.5992226901740265, 0.6066584212409266, 0.6110429823252601, 0.6151486212433189, 0.6187129632990889, 0.6196742232404839, 0.6193986406546917, 0.619900513006463, 0.622279222999223, 0.6243860899464024, 0.6260433682073802, 0.6294067244721544, 0.6300179368710405, 0.6320879436887151, 0.6342978731181879, 0.6346030262136142, 0.6401188978670214, 0.642881791219392, 0.6447097849431715, 0.6471577022338444, 0.6504188750368114, 0.651500363778326, 0.6526013970282073, 0.65536221460009, 0.65536221460009, 0.6560956530420766, 0.6566346911195557, 0.6578270527430305, 0.6588145896381313, 0.6628797820271536, 0.6655700735969291, 0.6655700735969291, 0.6663371915483245, 0.6663371915483245, 0.6687943993703293, 0.6704685931666742, 0.6704685931666742, 0.6732752556765984, 0.6732752556765984, 0.6732752556765984, 0.6732752556765984, 0.6732752556765984, 0.6732752556765984, 0.6732752556765984, 0.6769776146664541, 0.6769776146664541, 0.6789569971297948, 0.6811411294813323, 0.6811411294813323, 0.6811411294813323, 0.6811411294813323, 0.6811411294813323, 0.6811411294813323, 0.6834059928736135, 0.6834059928736135, 0.6834059928736135, 0.690906949682203, 0.690906949682203, 0.690906949682203, 0.693280955490866, 0.693280955490866, 0.693280955490866, 0.693280955490866, 0.693280955490866, 0.6964144170864776, 0.6964144170864776, 0.6964144170864776, 0.6964144170864776, 0.6964144170864776, 0.6964144170864776, 0.6964144170864776, 0.6964144170864776, 0.6964144170864776, 0.6964144170864776, 0.6964144170864776, 0.6964144170864776]
[0.16740985856331347, 0.14490827109859428, 0.15143961988277824, 0.16560008524464986, 0.17690646315871483, 0.17850141250620066, 0.18074428564367467, 0.18936846942655955, 0.19463539933669755, 0.1958471589641468, 0.19834476754412678, 0.20373007031444437, 0.21908359465025815, 0.21885782461131315, 0.2262710927254696, 0.23709724104509583, 0.24594021555005346, 0.25528469488416317, 0.2645075904689688, 0.26920965957153287, 0.2696050431901932, 0.2709549480042961, 0.2774385576349938, 0.28507172059312846, 0.2886850846198523, 0.2964918152263561, 0.29985799790394924, 0.30408313043167823, 0.31023985444086166, 0.31150123153675824, 0.324464212710874, 0.3291301402540517, 0.3332755916821929, 0.34047983707608104, 0.34794738827401883, 0.3502481495298285, 0.3524173457473521, 0.36233707061143905, 0.36233707061143905, 0.36851107754747586, 0.3706838180446842, 0.37522114934228734, 0.3775962394413634, 0.39100755081990446, 0.3981646539490441, 0.3981646539490441, 0.40088884122204227, 0.40088884122204227, 0.4068376211190507, 0.41150997354072877, 0.41150997354072877, 0.41943356626092776, 0.41943356626092776, 0.41943356626092776, 0.41943356626092776, 0.41943356626092776, 0.41943356626092776, 0.41943356626092776, 0.43012979774456034, 0.43012979774456034, 0.4354029739360803, 0.44234875657469686, 0.44234875657469686, 0.44234875657469686, 0.44234875657469686, 0.44234875657469686, 0.44234875657469686, 0.44988602911313613, 0.44988602911313613, 0.44988602911313613, 0.4707972991975722, 0.4707972991975722, 0.4707972991975722, 0.47753965484201943, 0.47753965484201943, 0.47753965484201943, 0.47753965484201943, 0.47753965484201943, 0.48779687409622696, 0.48779687409622696, 0.48779687409622696, 0.48779687409622696, 0.48779687409622696, 0.48779687409622696, 0.48779687409622696, 0.48779687409622696, 0.48779687409622696, 0.48779687409622696, 0.48779687409622696, 0.48779687409622696]
Training raw path: /home/anhnd/DTI Project/Codes/MPNN/data/KFold20/ATCInchikeySideEffectByDrug.txt_P3_11
('Number of substructures, proteins, pathways, drugs, se: ', 888, 1448, 330, 808, 331)
((768, 2666), (40, 2666), (768, 331), (40, 331))
('VALIDATE SUM PROTEIN TRAIN: ', 0.0)
('VALIDATE SUM PROTEIN TEST: ', 0.0)
Train: 0.7163 0.5212
Test: 0.6948 0.5119
[0.5290931174089069, 0.5485794928447819, 0.5536271516955746, 0.5609563223473528, 0.5637047150094792, 0.5623640413334795, 0.5612193423265033, 0.5632966912083581, 0.5680823162154147, 0.5661205341767616, 0.5681659264846824, 0.5703931114642028, 0.5721449326392258, 0.5733685603849674, 0.5774012294563431, 0.585795731355893, 0.5898888906422547, 0.5938288876303305, 0.5998504543005486, 0.6021820535336686, 0.6018139664652289, 0.6050515541529101, 0.606663220255391, 0.6085626387472726, 0.6101999840064187, 0.6139462483159532, 0.6165410313235972, 0.6173790161287831, 0.6184258573833069, 0.6195300872093024, 0.6275209958771334, 0.6309144780102889, 0.6353416460639938, 0.6386226085815666, 0.6428670274641557, 0.6442648948462258, 0.6456967678595492, 0.6479050584593153, 0.6479050584593153, 0.6508178843262138, 0.6515536272547623, 0.6555819540413227, 0.6575162171035676, 0.6633081636876283, 0.6664593496101343, 0.6664593496101343, 0.6675596063884308, 0.6675596063884308, 0.6703030949839915, 0.6715804586265441, 0.6715804586265441, 0.6739579465794764, 0.6739579465794764, 0.6739579465794764, 0.6739579465794764, 0.6739579465794764, 0.6739579465794764, 0.6739579465794764, 0.677621993470718, 0.677621993470718, 0.6795873993856775, 0.6819355709808439, 0.6819355709808439, 0.6819355709808439, 0.6819355709808439, 0.6819355709808439, 0.6819355709808439, 0.6835759832744055, 0.6835759832744055, 0.6835759832744055, 0.6898001723078249, 0.6898001723078249, 0.6898001723078249, 0.692456252453095, 0.692456252453095, 0.692456252453095, 0.692456252453095, 0.692456252453095, 0.694848900938743, 0.694848900938743, 0.694848900938743, 0.694848900938743, 0.694848900938743, 0.694848900938743, 0.694848900938743, 0.694848900938743, 0.694848900938743, 0.694848900938743, 0.694848900938743, 0.694848900938743]
[0.13157131425773794, 0.1482588160777876, 0.1581165470705503, 0.1687082269438261, 0.18250239033508225, 0.18129944001223747, 0.1830076218910705, 0.19384373644468028, 0.2018378106598582, 0.20187050086785174, 0.20742254403901128, 0.21198715511398847, 0.21628790785488072, 0.2188778050788072, 0.22573036893242582, 0.24492808019815956, 0.2544775788264012, 0.26174234716721473, 0.2727223544805394, 0.27782387306610606, 0.2783003121455211, 0.28481233613133894, 0.2915733035973247, 0.29744033109124174, 0.30090279678768816, 0.3080588061581138, 0.3150278281666747, 0.31692688914510075, 0.3191565130389612, 0.32123390123450296, 0.3376155315052062, 0.3469838939833818, 0.3563063871324733, 0.36362233616264944, 0.3728821552795984, 0.37668079638577445, 0.37919902070472966, 0.3837537497278963, 0.3837537497278963, 0.3931966233176869, 0.39498670348239184, 0.40382541379224823, 0.4080604965591498, 0.42211976687692687, 0.43167368808410256, 0.43167368808410256, 0.43466433340814686, 0.43466433340814686, 0.44092489215791575, 0.443693099329098, 0.443693099329098, 0.4496233629856621, 0.4496233629856621, 0.4496233629856621, 0.4496233629856621, 0.4496233629856621, 0.4496233629856621, 0.4496233629856621, 0.45979097567533367, 0.45979097567533367, 0.4651618544937284, 0.4727634453740492, 0.4727634453740492, 0.4727634453740492, 0.4727634453740492, 0.4727634453740492, 0.4727634453740492, 0.47782667393268946, 0.47782667393268946, 0.47782667393268946, 0.4959353665711974, 0.4959353665711974, 0.4959353665711974, 0.5040991037823181, 0.5040991037823181, 0.5040991037823181, 0.5040991037823181, 0.5040991037823181, 0.511850243168275, 0.511850243168275, 0.511850243168275, 0.511850243168275, 0.511850243168275, 0.511850243168275, 0.511850243168275, 0.511850243168275, 0.511850243168275, 0.511850243168275, 0.511850243168275, 0.511850243168275]
Training raw path: /home/anhnd/DTI Project/Codes/MPNN/data/KFold20/ATCInchikeySideEffectByDrug.txt_P3_12
('Number of substructures, proteins, pathways, drugs, se: ', 888, 1448, 330, 808, 331)
((767, 2666), (41, 2666), (767, 331), (41, 331))
('VALIDATE SUM PROTEIN TRAIN: ', 0.0)
('VALIDATE SUM PROTEIN TEST: ', 0.0)
Train: 0.7154 0.5201
Test: 0.7288 0.5067
[0.5674642503185616, 0.5860836038961039, 0.5922472853019265, 0.601274669591786, 0.6078278193925594, 0.6015670414870132, 0.6066602522225694, 0.6096401165572873, 0.6132741702873736, 0.6157785033436274, 0.6215165254760626, 0.6244371787454662, 0.6282263331905739, 0.6296881983417348, 0.6327870281765018, 0.6394229234745403, 0.6418050032102096, 0.6453459903072518, 0.6477578619573201, 0.6484382770870337, 0.6491959641841254, 0.6498886215335783, 0.6520038338147788, 0.6564805083793108, 0.6569499521839298, 0.660303357796828, 0.6620467207495673, 0.6630446623093682, 0.6640011816313013, 0.6635253231723005, 0.6673798706042138, 0.6692749734386997, 0.6717048593426233, 0.674316894226012, 0.6789952782590927, 0.6790827075632817, 0.6793718189994786, 0.6830262050949615, 0.6830262050949615, 0.685260730351246, 0.6852378034579857, 0.6868821195628961, 0.6879142588402868, 0.6934028181809742, 0.6960178610751105, 0.6960178610751105, 0.6972623270187381, 0.6972623270187381, 0.6998313385828216, 0.7012826382009697, 0.7012826382009697, 0.7042885402930732, 0.7042885402930732, 0.7042885402930732, 0.7042885402930732, 0.7042885402930732, 0.7042885402930732, 0.7042885402930732, 0.7078871317634361, 0.7078871317634361, 0.7102357476704358, 0.7123080316767035, 0.7123080316767035, 0.7123080316767035, 0.7123080316767035, 0.7123080316767035, 0.7123080316767035, 0.7150310406910932, 0.7150310406910932, 0.7150310406910932, 0.7230736523644068, 0.7230736523644068, 0.7230736523644068, 0.7259922053096505, 0.7259922053096505, 0.7259922053096505, 0.7259922053096505, 0.7259922053096505, 0.7288406680295397, 0.7288406680295397, 0.7288406680295397, 0.7288406680295397, 0.7288406680295397, 0.7288406680295397, 0.7288406680295397, 0.7288406680295397, 0.7288406680295397, 0.7288406680295397, 0.7288406680295397, 0.7288406680295397]
[0.11424116051272436, 0.12340318012356997, 0.13978862132402586, 0.14847354856423783, 0.1589518501922062, 0.1613232095826789, 0.16340688846264917, 0.17561376693918992, 0.18328811226811628, 0.18619376585655836, 0.1933065273188763, 0.19914306279102015, 0.20685306520297278, 0.21147166025357664, 0.22558599683819425, 0.23918305596352032, 0.24933847305801554, 0.2580745822529279, 0.2667227248406334, 0.2707952327516293, 0.2714926440039051, 0.2729650574533055, 0.27560986722214154, 0.28457733730510093, 0.2861390225026993, 0.2955146416607336, 0.2978418945502853, 0.30140175967480076, 0.30432095375125556, 0.3049554882383884, 0.3150547966001831, 0.3212132991904858, 0.32758775085756314, 0.33582319572977404, 0.34781619623171567, 0.34896733201491115, 0.3506336066278256, 0.35955036390785267, 0.35955036390785267, 0.3679614243981817, 0.3682327568648926, 0.3734251501938526, 0.37626388130320837, 0.3929749564901058, 0.40244259345119426, 0.40244259345119426, 0.4059119249112858, 0.4059119249112858, 0.4119421107597197, 0.41622222729789216, 0.41622222729789216, 0.4260680755647372, 0.4260680755647372, 0.4260680755647372, 0.4260680755647372, 0.4260680755647372, 0.4260680755647372, 0.4260680755647372, 0.43624224699495723, 0.43624224699495723, 0.44319850802896715, 0.45027502751151416, 0.45027502751151416, 0.45027502751151416, 0.45027502751151416, 0.45027502751151416, 0.45027502751151416, 0.4596731351207213, 0.4596731351207213, 0.4596731351207213, 0.4864747877526464, 0.4864747877526464, 0.4864747877526464, 0.4959717505058754, 0.4959717505058754, 0.4959717505058754, 0.4959717505058754, 0.4959717505058754, 0.5066576665017026, 0.5066576665017026, 0.5066576665017026, 0.5066576665017026, 0.5066576665017026, 0.5066576665017026, 0.5066576665017026, 0.5066576665017026, 0.5066576665017026, 0.5066576665017026, 0.5066576665017026, 0.5066576665017026]
Training raw path: /home/anhnd/DTI Project/Codes/MPNN/data/KFold20/ATCInchikeySideEffectByDrug.txt_P3_13
('Number of substructures, proteins, pathways, drugs, se: ', 888, 1448, 330, 808, 331)
((768, 2666), (40, 2666), (768, 331), (40, 331))
('VALIDATE SUM PROTEIN TRAIN: ', 0.0)
('VALIDATE SUM PROTEIN TEST: ', 0.0)
Train: 0.7197 0.5243
Test: 0.6818 0.5152
[0.5587460214244157, 0.5618569711538461, 0.5618918836624139, 0.5665580491188058, 0.5662899657133488, 0.567106792107906, 0.5666035385761978, 0.5647279843444226, 0.564291617377777, 0.5661982568418257, 0.56823901889082, 0.5695612317855271, 0.5724385417528386, 0.5734118871737478, 0.578128110446063, 0.5839137513781583, 0.5866661770537147, 0.5926207997977453, 0.595280756699072, 0.5981672822948219, 0.5986004573383905, 0.6029905211284656, 0.6055426768814782, 0.6077782658926545, 0.6086463908992595, 0.6113092231617281, 0.6126401787182447, 0.6130671405226462, 0.6149687292082502, 0.6157979827671731, 0.6195595170717648, 0.6214154614296635, 0.6259787346631269, 0.6290019670005109, 0.6329815850437255, 0.6352225517195484, 0.636372739056282, 0.6383950573785369, 0.6383950573785369, 0.6404987936858068, 0.6408911103715884, 0.643933757287551, 0.6452468384517933, 0.6506488430978024, 0.653858392061842, 0.653858392061842, 0.6550356847903311, 0.6550356847903311, 0.6569629710374834, 0.6581693013474613, 0.6581693013474613, 0.6603967648476392, 0.6603967648476392, 0.6603967648476392, 0.6603967648476392, 0.6603967648476392, 0.6603967648476392, 0.6603967648476392, 0.6645284605066017, 0.6645284605066017, 0.6664517215490685, 0.6682616834911415, 0.6682616834911415, 0.6682616834911415, 0.6682616834911415, 0.6682616834911415, 0.6682616834911415, 0.6703431172735841, 0.6703431172735841, 0.6703431172735841, 0.6767886247053416, 0.6767886247053416, 0.6767886247053416, 0.6794700201850742, 0.6794700201850742, 0.6794700201850742, 0.6794700201850742, 0.6794700201850742, 0.6818191290380173, 0.6818191290380173, 0.6818191290380173, 0.6818191290380173, 0.6818191290380173, 0.6818191290380173, 0.6818191290380173, 0.6818191290380173, 0.6818191290380173, 0.6818191290380173, 0.6818191290380173, 0.6818191290380173]
[0.13273446991052346, 0.16860194033029685, 0.17352696934634337, 0.18786636893418762, 0.18892532616598062, 0.1943733540948691, 0.1973448247332834, 0.205830629589761, 0.2099293594827314, 0.2124790735463732, 0.2163756828534544, 0.22116088806357953, 0.2290933622832549, 0.23326673786463342, 0.245985550874982, 0.25729790645695316, 0.26670540444143453, 0.27613909842789053, 0.2851020825415761, 0.2915396317523962, 0.293781420837796, 0.30362961859985993, 0.30813890265824306, 0.3162504894651037, 0.318933405245337, 0.32569283575944363, 0.329305896348394, 0.33083624805747436, 0.33614707009441314, 0.33787124526039514, 0.3491830051967675, 0.3535482765072149, 0.3633043226209718, 0.36964161950133134, 0.380165032747588, 0.38426240129424494, 0.38724878553776293, 0.3928707859600475, 0.3928707859600475, 0.39937893420628956, 0.4009572826330458, 0.408895117306801, 0.4128936469428881, 0.429984972068991, 0.438932386141594, 0.438932386141594, 0.44211524524980794, 0.44211524524980794, 0.44756797857357533, 0.45043569383710713, 0.45043569383710713, 0.4555359469636913, 0.4555359469636913, 0.4555359469636913, 0.4555359469636913, 0.4555359469636913, 0.4555359469636913, 0.4555359469636913, 0.4669131763727318, 0.4669131763727318, 0.47204681727059106, 0.4759547818011009, 0.4759547818011009, 0.4759547818011009, 0.4759547818011009, 0.4759547818011009, 0.4759547818011009, 0.48163873018997616, 0.48163873018997616, 0.48163873018997616, 0.4997126318070604, 0.4997126318070604, 0.4997126318070604, 0.5077540119545032, 0.5077540119545032, 0.5077540119545032, 0.5077540119545032, 0.5077540119545032, 0.515195649917475, 0.515195649917475, 0.515195649917475, 0.515195649917475, 0.515195649917475, 0.515195649917475, 0.515195649917475, 0.515195649917475, 0.515195649917475, 0.515195649917475, 0.515195649917475, 0.515195649917475]
Training raw path: /home/anhnd/DTI Project/Codes/MPNN/data/KFold20/ATCInchikeySideEffectByDrug.txt_P3_14
('Number of substructures, proteins, pathways, drugs, se: ', 888, 1448, 330, 808, 331)
((768, 2666), (40, 2666), (768, 331), (40, 331))
('VALIDATE SUM PROTEIN TRAIN: ', 0.0)
('VALIDATE SUM PROTEIN TEST: ', 0.0)
Train: 0.7167 0.5222
Test: 0.6784 0.4584
[0.5268829200717745, 0.5449048401928275, 0.541420189959787, 0.5356243154968593, 0.5361455856549247, 0.5360835913312694, 0.5445230920962045, 0.553528125574683, 0.5582439767804515, 0.5560403225806452, 0.5627601443071915, 0.5622216874428454, 0.5648504077890497, 0.5659899707198869, 0.5721203570919873, 0.5786132538518515, 0.5792504654720876, 0.5821871467523762, 0.58467225810025, 0.5869493522626442, 0.588031402919431, 0.5912223923967095, 0.5934627974789685, 0.5953474361233555, 0.5972091564473162, 0.6006685894509479, 0.6016716933881194, 0.6020192579694645, 0.6021533466054566, 0.6022493893326419, 0.6091814137703018, 0.6128841439933329, 0.6171396576003646, 0.620654086841299, 0.6246826022967106, 0.6262966470089176, 0.6274537927645295, 0.6333961156076258, 0.6333961156076258, 0.6336761338366023, 0.6350365369328173, 0.6376998596987007, 0.6387267555120691, 0.6422935952566934, 0.6449332384770663, 0.6449332384770663, 0.6467891524996632, 0.6467891524996632, 0.6492626465117427, 0.6507146081800418, 0.6507146081800418, 0.6541917256101931, 0.6541917256101931, 0.6541917256101931, 0.6541917256101931, 0.6541917256101931, 0.6541917256101931, 0.6541917256101931, 0.6579030473935755, 0.6579030473935755, 0.6600150436755846, 0.6619019603653398, 0.6619019603653398, 0.6619019603653398, 0.6619019603653398, 0.6619019603653398, 0.6619019603653398, 0.6642746158589452, 0.6642746158589452, 0.6642746158589452, 0.6727841085096574, 0.6727841085096574, 0.6727841085096574, 0.6754096114678265, 0.6754096114678265, 0.6754096114678265, 0.6754096114678265, 0.6754096114678265, 0.6784039130180307, 0.6784039130180307, 0.6784039130180307, 0.6784039130180307, 0.6784039130180307, 0.6784039130180307, 0.6784039130180307, 0.6784039130180307, 0.6784039130180307, 0.6784039130180307, 0.6784039130180307, 0.6784039130180307]
[0.10912074863088381, 0.1313108832094352, 0.13710842186585936, 0.13612426235433833, 0.1383724975458725, 0.14097773388501722, 0.14847296121738246, 0.15794587003846897, 0.16796937934721376, 0.16781896798926033, 0.1781216004600328, 0.17974552454606646, 0.18640767106468678, 0.18877789161102548, 0.19875885457145293, 0.21264928298869662, 0.21902970956336495, 0.2258910263547233, 0.23090657757890515, 0.2381565871994275, 0.23988378307036232, 0.24518769701251425, 0.2530551522816852, 0.2575619743421015, 0.2605826779570484, 0.26658986978860766, 0.2709084105819363, 0.2717920184929352, 0.2716164053880887, 0.2718367209594167, 0.28558145674666224, 0.2927494174037538, 0.3019023408896884, 0.30876350030191335, 0.3180622571724364, 0.32141641520005915, 0.32417876883757524, 0.3378688040363815, 0.3378688040363815, 0.34035991845739, 0.34328603060272955, 0.34897334135970715, 0.35068617508536915, 0.35952020304350174, 0.3664480657769068, 0.3664480657769068, 0.37118701934208653, 0.37118701934208653, 0.37591900986937066, 0.3795401557140867, 0.3795401557140867, 0.38852133736166183, 0.38852133736166183, 0.38852133736166183, 0.38852133736166183, 0.38852133736166183, 0.38852133736166183, 0.38852133736166183, 0.3978945921137825, 0.3978945921137825, 0.40310341561724977, 0.40748544850933266, 0.40748544850933266, 0.40748544850933266, 0.40748544850933266, 0.40748544850933266, 0.40748544850933266, 0.415771744410471, 0.415771744410471, 0.415771744410471, 0.4404065990341956, 0.4404065990341956, 0.4404065990341956, 0.44878063513591926, 0.44878063513591926, 0.44878063513591926, 0.44878063513591926, 0.44878063513591926, 0.45836686466368415, 0.45836686466368415, 0.45836686466368415, 0.45836686466368415, 0.45836686466368415, 0.45836686466368415, 0.45836686466368415, 0.45836686466368415, 0.45836686466368415, 0.45836686466368415, 0.45836686466368415, 0.45836686466368415]
Training raw path: /home/anhnd/DTI Project/Codes/MPNN/data/KFold20/ATCInchikeySideEffectByDrug.txt_P3_15
('Number of substructures, proteins, pathways, drugs, se: ', 888, 1448, 330, 808, 331)
((767, 2666), (41, 2666), (767, 331), (41, 331))
('VALIDATE SUM PROTEIN TRAIN: ', 0.0)
('VALIDATE SUM PROTEIN TEST: ', 0.0)
Train: 0.7158 0.5233
Test: 0.6885 0.4648
[0.588359391732705, 0.5798820653750018, 0.5694701350795879, 0.5723277284525876, 0.5749009183909549, 0.5728979040223741, 0.5723386455601571, 0.5745209291686787, 0.5788623247971851, 0.5809964957044778, 0.5827370871731348, 0.5875848151813227, 0.5861591342623217, 0.5890059018243842, 0.5904235949858361, 0.5941839741245644, 0.5962170810129666, 0.5969702270030289, 0.5991615795799594, 0.6008613682852091, 0.6007558087236865, 0.6010846487584234, 0.602195674052675, 0.6065841769778777, 0.6068530086731725, 0.6102669218632801, 0.614226850076833, 0.6151235329942555, 0.6156827060947029, 0.617367437491924, 0.6197477389824653, 0.6200840740292664, 0.6260519293589962, 0.6303238684182232, 0.6351463726906279, 0.6376975267556232, 0.6382213581912599, 0.6424401145457571, 0.6424401145457571, 0.6435729790708563, 0.6451113666272947, 0.648674853817498, 0.649103384167165, 0.6536397986103379, 0.6559538185638636, 0.6559538185638636, 0.656973785201746, 0.656973785201746, 0.6607506281219113, 0.6623919054517229, 0.6623919054517229, 0.6653021587196013, 0.6653021587196013, 0.6653021587196013, 0.6653021587196013, 0.6653021587196013, 0.6653021587196013, 0.6653021587196013, 0.668687850351533, 0.668687850351533, 0.670860967159365, 0.6724386137243256, 0.6724386137243256, 0.6724386137243256, 0.6724386137243256, 0.6724386137243256, 0.6724386137243256, 0.6745472122647301, 0.6745472122647301, 0.6745472122647301, 0.683040517342467, 0.683040517342467, 0.683040517342467, 0.6857300762941062, 0.6857300762941062, 0.6857300762941062, 0.6857300762941062, 0.6857300762941062, 0.6884716611471993, 0.6884716611471993, 0.6884716611471993, 0.6884716611471993, 0.6884716611471993, 0.6884716611471993, 0.6884716611471993, 0.6884716611471993, 0.6884716611471993, 0.6884716611471993, 0.6884716611471993, 0.6884716611471993]
[0.16469170400354005, 0.1552105914605314, 0.14567066196928555, 0.15099282753494683, 0.1558030396350769, 0.15491257428604266, 0.1548677502780646, 0.1642487715690188, 0.1700416279506935, 0.17264239543699167, 0.17459221934728886, 0.1830574689543934, 0.1868800260038424, 0.19118255812485763, 0.2007674301305643, 0.2143636807120552, 0.2236282765138816, 0.22936405070725405, 0.23301635295380668, 0.24017538574945171, 0.24067858102501152, 0.24209064671257388, 0.24761521763851393, 0.2553706053683841, 0.25729125337109704, 0.2633852071536037, 0.27192495176609044, 0.2744328403458079, 0.27946530655144985, 0.2826488799404332, 0.29412906717513665, 0.29590579734736594, 0.3082979340584063, 0.3182535430276362, 0.32855393063911803, 0.33374990051375913, 0.3349389631794577, 0.3449715761287355, 0.3449715761287355, 0.3474531141522937, 0.3504020855101804, 0.3589852512701348, 0.3603624516489492, 0.3730566315537044, 0.38057553615933204, 0.38057553615933204, 0.38347489785675115, 0.38347489785675115, 0.3924069139907308, 0.39657153028407083, 0.39657153028407083, 0.403366515603367, 0.403366515603367, 0.403366515603367, 0.403366515603367, 0.403366515603367, 0.403366515603367, 0.403366515603367, 0.4140331709706727, 0.4140331709706727, 0.4192594043272693, 0.4229366389750247, 0.4229366389750247, 0.4229366389750247, 0.4229366389750247, 0.4229366389750247, 0.4229366389750247, 0.42736784637319436, 0.42736784637319436, 0.42736784637319436, 0.44954939828137863, 0.44954939828137863, 0.44954939828137863, 0.4568742937998783, 0.4568742937998783, 0.4568742937998783, 0.4568742937998783, 0.4568742937998783, 0.46477457032268493, 0.46477457032268493, 0.46477457032268493, 0.46477457032268493, 0.46477457032268493, 0.46477457032268493, 0.46477457032268493, 0.46477457032268493, 0.46477457032268493, 0.46477457032268493, 0.46477457032268493, 0.46477457032268493]
Training raw path: /home/anhnd/DTI Project/Codes/MPNN/data/KFold20/ATCInchikeySideEffectByDrug.txt_P3_16
('Number of substructures, proteins, pathways, drugs, se: ', 888, 1448, 330, 808, 331)
((768, 2666), (40, 2666), (768, 331), (40, 331))
('VALIDATE SUM PROTEIN TRAIN: ', 0.0)
('VALIDATE SUM PROTEIN TEST: ', 0.0)
Train: 0.7111 0.5129
Test: 0.7414 0.5371
[0.5815134010852665, 0.5978022494439049, 0.5965043380281689, 0.5938976152115683, 0.5902760710018775, 0.5977596437875052, 0.6040150226013689, 0.6185066176295786, 0.6241085337265746, 0.6240363031056115, 0.629533368604036, 0.6313523647344776, 0.630666988029244, 0.6316041027871974, 0.6390183671352423, 0.6452819429702744, 0.6489036276325939, 0.6514952000537058, 0.6550849635005507, 0.6574974965643632, 0.6580389706277568, 0.6603330897662673, 0.6645931216931217, 0.6694764624383271, 0.6715979634400686, 0.6739714886683108, 0.6756621352972031, 0.6767118116680254, 0.6780654256017469, 0.6788616310578682, 0.6845538528067675, 0.6856779060812417, 0.6899738692099123, 0.693353820551091, 0.6950907703331254, 0.6970939624497935, 0.697443860426546, 0.7016772256723379, 0.7016772256723379, 0.7032985007873132, 0.7038479897263656, 0.7062816152537057, 0.7073043219044737, 0.7118315639545982, 0.7153825902966601, 0.7153825902966601, 0.7162499924139685, 0.7162499924139685, 0.7184954909484751, 0.7189668871619892, 0.7189668871619892, 0.7214250537877406, 0.7214250537877406, 0.7214250537877406, 0.7214250537877406, 0.7214250537877406, 0.7214250537877406, 0.7214250537877406, 0.7243704289319541, 0.7243704289319541, 0.7259837895451142, 0.7281340120719832, 0.7281340120719832, 0.7281340120719832, 0.7281340120719832, 0.7281340120719832, 0.7281340120719832, 0.7296827456070939, 0.7296827456070939, 0.7296827456070939, 0.7373949548815345, 0.7373949548815345, 0.7373949548815345, 0.7394563771902466, 0.7394563771902466, 0.7394563771902466, 0.7394563771902466, 0.7394563771902466, 0.7413998289112236, 0.7413998289112236, 0.7413998289112236, 0.7413998289112236, 0.7413998289112236, 0.7413998289112236, 0.7413998289112236, 0.7413998289112236, 0.7413998289112236, 0.7413998289112236, 0.7413998289112236, 0.7413998289112236]
[0.13920626501606945, 0.14114881614614017, 0.14878183491971297, 0.15864661709792405, 0.16994207186928967, 0.17795321199609265, 0.18710621796132026, 0.20569930826160046, 0.2114688883536201, 0.2154233652006722, 0.2235429460140785, 0.2299271750317446, 0.235755194817867, 0.23692303820700822, 0.2506013394731982, 0.2680804319767061, 0.2758012812933476, 0.28355590080515974, 0.2933325296328806, 0.2953036249772766, 0.29596858914968754, 0.30021188538470095, 0.310247743322976, 0.321258413090895, 0.3254016721119314, 0.3335193370320841, 0.33826724257067103, 0.34077330246663196, 0.3460875651045425, 0.34840996262748064, 0.3621920579127291, 0.3671616147760981, 0.377883057935445, 0.3852115912905525, 0.39065958985355625, 0.39546976527525685, 0.39648598507254, 0.40860690045314824, 0.40860690045314824, 0.41576222166863935, 0.41791172056403686, 0.42436122065990806, 0.4276372161659492, 0.444269071131798, 0.4558021960249428, 0.4558021960249428, 0.45854843544692986, 0.45854843544692986, 0.46599537043032, 0.4660886783106723, 0.4660886783106723, 0.47349088187321353, 0.47349088187321353, 0.47349088187321353, 0.47349088187321353, 0.47349088187321353, 0.47349088187321353, 0.47349088187321353, 0.4837860076216746, 0.4837860076216746, 0.4883858299125393, 0.49541333789058484, 0.49541333789058484, 0.49541333789058484, 0.49541333789058484, 0.49541333789058484, 0.49541333789058484, 0.5016470719450628, 0.5016470719450628, 0.5016470719450628, 0.5252748764836871, 0.5252748764836871, 0.5252748764836871, 0.5310403957194157, 0.5310403957194157, 0.5310403957194157, 0.5310403957194157, 0.5310403957194157, 0.5370672288627231, 0.5370672288627231, 0.5370672288627231, 0.5370672288627231, 0.5370672288627231, 0.5370672288627231, 0.5370672288627231, 0.5370672288627231, 0.5370672288627231, 0.5370672288627231, 0.5370672288627231, 0.5370672288627231]
Training raw path: /home/anhnd/DTI Project/Codes/MPNN/data/KFold20/ATCInchikeySideEffectByDrug.txt_P3_17
('Number of substructures, proteins, pathways, drugs, se: ', 888, 1448, 330, 808, 331)
((767, 2666), (41, 2666), (767, 331), (41, 331))
('VALIDATE SUM PROTEIN TRAIN: ', 0.0)
('VALIDATE SUM PROTEIN TEST: ', 0.0)
Train: 0.7186 0.5218
Test: 0.6907 0.5156
[0.5789845052955682, 0.5797669118258397, 0.583526352565141, 0.5876652480985151, 0.5903058922802901, 0.5939202260063041, 0.5962282000017849, 0.6008276751528672, 0.6053059309095646, 0.6049712207179939, 0.606600160306406, 0.604765682180742, 0.604405136033043, 0.604120202621095, 0.6087895961043053, 0.6097714467244091, 0.6119172050643322, 0.6144286702072881, 0.6166827413658645, 0.617317384206828, 0.6186753759485697, 0.6204461328496954, 0.6219378012545395, 0.6241987969677881, 0.6246968732483904, 0.6271888915216386, 0.6283354895874669, 0.6284521822352074, 0.6302718479602816, 0.6308731284578993, 0.6351171980323687, 0.6375506242568644, 0.6399899933059278, 0.6419148767117615, 0.644401849282883, 0.6452293234919805, 0.6466722834742422, 0.6487610893533985, 0.6487610893533985, 0.6505827235040934, 0.6514412421084257, 0.6530514932832603, 0.6544820945627831, 0.6591861966154475, 0.6627446185846084, 0.6627446185846084, 0.6634565134246612, 0.6634565134246612, 0.6654080668835007, 0.6669995872225217, 0.6669995872225217, 0.669567565741491, 0.669567565741491, 0.669567565741491, 0.669567565741491, 0.669567565741491, 0.669567565741491, 0.669567565741491, 0.673239834935892, 0.673239834935892, 0.6752518566993231, 0.6772806172166081, 0.6772806172166081, 0.6772806172166081, 0.6772806172166081, 0.6772806172166081, 0.6772806172166081, 0.6793256243871714, 0.6793256243871714, 0.6793256243871714, 0.6858513842075671, 0.6858513842075671, 0.6858513842075671, 0.6881828872493234, 0.6881828872493234, 0.6881828872493234, 0.6881828872493234, 0.6881828872493234, 0.6906918194256648, 0.6906918194256648, 0.6906918194256648, 0.6906918194256648, 0.6906918194256648, 0.6906918194256648, 0.6906918194256648, 0.6906918194256648, 0.6906918194256648, 0.6906918194256648, 0.6906918194256648, 0.6906918194256648]
[0.18146034924410692, 0.18349277140872722, 0.20383626662968357, 0.21504492744348283, 0.22754224815332255, 0.2307090706728707, 0.23494069065528683, 0.246146046356052, 0.2550013995767306, 0.257010231758727, 0.259694510233325, 0.26006478300425845, 0.26465954624423843, 0.26639977693505473, 0.27826251837093474, 0.2809229577402106, 0.288583606756421, 0.29714853283537135, 0.3026788776948144, 0.3067094368926677, 0.3090577921502281, 0.31282511295485527, 0.31873487819145374, 0.32425226886310543, 0.32663734234377845, 0.3331517813183482, 0.33792900009730614, 0.339577822202322, 0.34397592468617355, 0.3456909138451272, 0.35617019302644404, 0.36352447500627505, 0.3691566362329517, 0.3753476116552036, 0.38339134700177346, 0.3857615189641789, 0.38867062035831046, 0.3954330480202669, 0.3954330480202669, 0.400932174174035, 0.4026269436160895, 0.40718255551662697, 0.4111407474249005, 0.42409177449855656, 0.4346506162444448, 0.4346506162444448, 0.43694407889161, 0.43694407889161, 0.44170302263173267, 0.44612779236230504, 0.44612779236230504, 0.4514931232962042, 0.4514931232962042, 0.4514931232962042, 0.4514931232962042, 0.4514931232962042, 0.4514931232962042, 0.4514931232962042, 0.4637872231688315, 0.4637872231688315, 0.46884207232521485, 0.4751157147896278, 0.4751157147896278, 0.4751157147896278, 0.4751157147896278, 0.4751157147896278, 0.4751157147896278, 0.4825995770776177, 0.4825995770776177, 0.4825995770776177, 0.500132822177057, 0.500132822177057, 0.500132822177057, 0.5071034558583937, 0.5071034558583937, 0.5071034558583937, 0.5071034558583937, 0.5071034558583937, 0.5155579629854913, 0.5155579629854913, 0.5155579629854913, 0.5155579629854913, 0.5155579629854913, 0.5155579629854913, 0.5155579629854913, 0.5155579629854913, 0.5155579629854913, 0.5155579629854913, 0.5155579629854913, 0.5155579629854913]
Training raw path: /home/anhnd/DTI Project/Codes/MPNN/data/KFold20/ATCInchikeySideEffectByDrug.txt_P3_18
('Number of substructures, proteins, pathways, drugs, se: ', 888, 1448, 330, 808, 331)
((768, 2666), (40, 2666), (768, 331), (40, 331))
('VALIDATE SUM PROTEIN TRAIN: ', 0.0)
('VALIDATE SUM PROTEIN TEST: ', 0.0)
Train: 0.7168 0.5229
Test: 0.6877 0.5196
[0.5318846819084736, 0.5636107939430532, 0.5699926823618598, 0.5686629389409489, 0.5685151361224291, 0.5656216182058026, 0.5681294663108346, 0.5736898887686672, 0.5716304843914597, 0.5735426997245179, 0.5751799918799174, 0.5767131516752204, 0.5800235916646197, 0.5806306867805977, 0.5835133947477992, 0.5860379201253301, 0.5914968643874804, 0.5947293880861954, 0.5971328801740342, 0.6043673752721823, 0.6051537820514422, 0.6083985804785204, 0.6114013530395019, 0.6129966956981714, 0.6145451601983899, 0.6167854884441997, 0.6190118693219329, 0.6192757056973895, 0.6194509104501388, 0.6205986036731911, 0.6242273674919158, 0.6260074035018104, 0.6303503938973405, 0.6330773753975611, 0.6383867079602035, 0.6408139051664168, 0.6409012047645202, 0.6456196286430731, 0.6456196286430731, 0.6460591304815966, 0.6466879345197253, 0.6489892755291756, 0.6492624655279294, 0.652019894496396, 0.6556414662084766, 0.6556414662084766, 0.6571193557417494, 0.6571193557417494, 0.6603094720942128, 0.6615507437916278, 0.6615507437916278, 0.6649440750898029, 0.6649440750898029, 0.6649440750898029, 0.6649440750898029, 0.6649440750898029, 0.6649440750898029, 0.6649440750898029, 0.6684382031506106, 0.6684382031506106, 0.6705917689709161, 0.6721650747904093, 0.6721650747904093, 0.6721650747904093, 0.6721650747904093, 0.6721650747904093, 0.6721650747904093, 0.6743284996155, 0.6743284996155, 0.6743284996155, 0.6818401356012389, 0.6818401356012389, 0.6818401356012389, 0.6848118588108318, 0.6848118588108318, 0.6848118588108318, 0.6848118588108318, 0.6848118588108318, 0.6876961960005494, 0.6876961960005494, 0.6876961960005494, 0.6876961960005494, 0.6876961960005494, 0.6876961960005494, 0.6876961960005494, 0.6876961960005494, 0.6876961960005494, 0.6876961960005494, 0.6876961960005494, 0.6876961960005494]
[0.18175743895028224, 0.1841963622085306, 0.20302555747155362, 0.20209123049612493, 0.20366329301533284, 0.20372952226629412, 0.20956149544521807, 0.21969653773741582, 0.2247469150591904, 0.2265813232432622, 0.2314721411698896, 0.235789649374425, 0.24426848707562224, 0.24365496061890513, 0.2533999984597103, 0.267986198874401, 0.2769259388677292, 0.2841663596504132, 0.29147643925507216, 0.30450736586445887, 0.3058722682906826, 0.31336753064241074, 0.32269318088719906, 0.3306780916568165, 0.33396033639982037, 0.3381610745432086, 0.34404465468872536, 0.34359751598157784, 0.3456039550844935, 0.3489100427276379, 0.3602954360343389, 0.3656403439414353, 0.37392415174083116, 0.3788828747971757, 0.3932882636627032, 0.39905181155492403, 0.39929887318098334, 0.40876884938503044, 0.40876884938503044, 0.4101742780869809, 0.41176450663070585, 0.4159487481327887, 0.4155202605077997, 0.42177200766773226, 0.43443867689858845, 0.43443867689858845, 0.4381903515794915, 0.4381903515794915, 0.4466027203072269, 0.4492288456874517, 0.4492288456874517, 0.45837850028956484, 0.45837850028956484, 0.45837850028956484, 0.45837850028956484, 0.45837850028956484, 0.45837850028956484, 0.45837850028956484, 0.4680339087862494, 0.4680339087862494, 0.4736923996360919, 0.4776416790034171, 0.4776416790034171, 0.4776416790034171, 0.4776416790034171, 0.4776416790034171, 0.4776416790034171, 0.4831432977021702, 0.4831432977021702, 0.4831432977021702, 0.5032030524685521, 0.5032030524685521, 0.5032030524685521, 0.5114441110981458, 0.5114441110981458, 0.5114441110981458, 0.5114441110981458, 0.5114441110981458, 0.5196090843088789, 0.5196090843088789, 0.5196090843088789, 0.5196090843088789, 0.5196090843088789, 0.5196090843088789, 0.5196090843088789, 0.5196090843088789, 0.5196090843088789, 0.5196090843088789, 0.5196090843088789, 0.5196090843088789]
Training raw path: /home/anhnd/DTI Project/Codes/MPNN/data/KFold20/ATCInchikeySideEffectByDrug.txt_P3_19
('Number of substructures, proteins, pathways, drugs, se: ', 888, 1448, 330, 808, 331)
((768, 2666), (40, 2666), (768, 331), (40, 331))
('VALIDATE SUM PROTEIN TRAIN: ', 0.0)
('VALIDATE SUM PROTEIN TEST: ', 0.0)
Train: 0.7205 0.5244
Test: 0.6595 0.5157
[0.5389567901234568, 0.5482553572860746, 0.5518751824430115, 0.540586815856447, 0.5407112465987257, 0.542533988768137, 0.5454101457387036, 0.5570623522379764, 0.560193788231049, 0.5620018635065961, 0.5644624082778723, 0.567184443085441, 0.5681573215468261, 0.5697911790114202, 0.5708576079559419, 0.5745928043271004, 0.579108077093821, 0.5820031835710777, 0.582971197973207, 0.583728481553965, 0.5848678374055583, 0.5884604455586371, 0.5901544459737503, 0.5918571025954008, 0.592187199286591, 0.5964300141186842, 0.5963859534840149, 0.5967644836293251, 0.5977658390631919, 0.5984309073643497, 0.6033206265992078, 0.6045485971103666, 0.6078946787465866, 0.6103256779594607, 0.6137176631778314, 0.6145560661603282, 0.6159212175531494, 0.6173116672490246, 0.6173116672490246, 0.6188115962155394, 0.6191734355465677, 0.6214791920243876, 0.6231334252824237, 0.6276617839587348, 0.6299719259980558, 0.6299719259980558, 0.63064942585166, 0.63064942585166, 0.6334310178759064, 0.6348092304766332, 0.6348092304766332, 0.6369760878729716, 0.6369760878729716, 0.6369760878729716, 0.6369760878729716, 0.6369760878729716, 0.6369760878729716, 0.6369760878729716, 0.6404129497082894, 0.6404129497082894, 0.6419735752547585, 0.6444109115494924, 0.6444109115494924, 0.6444109115494924, 0.6444109115494924, 0.6444109115494924, 0.6444109115494924, 0.6458198728901701, 0.6458198728901701, 0.6458198728901701, 0.6540740796830959, 0.6540740796830959, 0.6540740796830959, 0.6566106712735317, 0.6566106712735317, 0.6566106712735317, 0.6566106712735317, 0.6566106712735317, 0.6594887231306661, 0.6594887231306661, 0.6594887231306661, 0.6594887231306661, 0.6594887231306661, 0.6594887231306661, 0.6594887231306661, 0.6594887231306661, 0.6594887231306661, 0.6594887231306661, 0.6594887231306661, 0.6594887231306661]
[0.1822681086125017, 0.18116442444965922, 0.2077641972456541, 0.20912557836797535, 0.22066356334493356, 0.22457130770702285, 0.2279877715418266, 0.24543657538769825, 0.2502334244949795, 0.2546228812883023, 0.2603018663546025, 0.26751656338765717, 0.27062134848421004, 0.27233926706656186, 0.27829792346031706, 0.28849248113797404, 0.2983177282623794, 0.30890059070458964, 0.3164890548227396, 0.31903794516421924, 0.3204812610589409, 0.32665072794872785, 0.33006238156727336, 0.3373387183402103, 0.33890598621266366, 0.34902737410531115, 0.3495010525859233, 0.35077824462602225, 0.35285594335736975, 0.3543358044320297, 0.3665345393932705, 0.37078442983524224, 0.3774655164468236, 0.38366370848001274, 0.39212766696379436, 0.39406799230184686, 0.39680549943523186, 0.4027665950316591, 0.4027665950316591, 0.409612489505107, 0.4113625821709975, 0.4173025643496028, 0.42225310690553286, 0.43277312711323346, 0.43838017760074555, 0.43838017760074555, 0.4390848385470045, 0.4390848385470045, 0.4451990237837849, 0.4480528798878656, 0.4480528798878656, 0.45342973049563295, 0.45342973049563295, 0.45342973049563295, 0.45342973049563295, 0.45342973049563295, 0.45342973049563295, 0.45342973049563295, 0.4615422619953655, 0.4615422619953655, 0.46520812138083883, 0.47229958705107844, 0.47229958705107844, 0.47229958705107844, 0.47229958705107844, 0.47229958705107844, 0.47229958705107844, 0.47739928908550444, 0.47739928908550444, 0.47739928908550444, 0.4993718613942324, 0.4993718613942324, 0.4993718613942324, 0.5068350336233117, 0.5068350336233117, 0.5068350336233117, 0.5068350336233117, 0.5068350336233117, 0.5156806438891032, 0.5156806438891032, 0.5156806438891032, 0.5156806438891032, 0.5156806438891032, 0.5156806438891032, 0.5156806438891032, 0.5156806438891032, 0.5156806438891032, 0.5156806438891032, 0.5156806438891032, 0.5156806438891032]
AUC: 0.6902 0.0053
AUPR: 0.4942 0.0059
('RARE AUC', [(0.5571393407801781, 0.007561197528148424), (0.5609225959240222, 0.005752176492348645), (0.5631357689356122, 0.004926693540626062), (0.56474870237222, 0.005137870332770163), (0.5672583432519693, 0.0052121381754986675), (0.5670272411382521, 0.005045711424687691), (0.5684845756039117, 0.005170724669840888), (0.5714210121184463, 0.005147671336581575), (0.5746281968380493, 0.005301175811730236), (0.5749515987702718, 0.0052249500358448765), (0.5782165473300033, 0.005420584865473739), (0.580298076349737, 0.0055162463316905), (0.5820961028687802, 0.00555023366970896), (0.5830597823075274, 0.005468291344634277), (0.5868906638496879, 0.005553896541346365), (0.5910580698406698, 0.005658670639756717), (0.5944490203205948, 0.005654685897361103), (0.5974811905335164, 0.005731327736974436), (0.6004702535839076, 0.005680843709382646), (0.6026569442604106, 0.005654193886971744), (0.6030450432010719, 0.005670808055359266), (0.6056791711748024, 0.005613817796971294), (0.6082786855623743, 0.005639441569822855), (0.6108506811899703, 0.005718676925946325), (0.6122418878231667, 0.005742200823647666), (0.6161559924075085, 0.005715263921721865), (0.617893050626036, 0.005741919675318105), (0.6187562078827649, 0.00577190229438313), (0.6203835954406928, 0.0057301104740548866), (0.6212112399542856, 0.005691833338119349), (0.6264070711552534, 0.005677098226735787), (0.6286483378684893, 0.005601503710310423), (0.6323802293425439, 0.005564487289310693), (0.6350966005642218, 0.0055849605506329515), (0.6390495492326879, 0.0055523520339221845), (0.6408042217762475, 0.005526206121813649), (0.6417439411418567, 0.005506788544944258), (0.6453974349923206, 0.00552293650050449), (0.6453974349923206, 0.00552293650050449), (0.6470396814843571, 0.005532945778049584), (0.647923055008152, 0.005505112159195908), (0.650308842485519, 0.005457023648169053), (0.6515946476928611, 0.005463840392098645), (0.6562296483262409, 0.005471252353266725), (0.6596447267424103, 0.005495099083795297), (0.6596447267424103, 0.005495099083795297), (0.6607206981126714, 0.00546875442493926), (0.6607206981126714, 0.00546875442493926), (0.6635498665951101, 0.005432102434034947), (0.6649236864833445, 0.005401930365426395), (0.6649236864833445, 0.005401930365426395), (0.6676775627391145, 0.00538196274446421), (0.6676775627391145, 0.00538196274446421), (0.6676775627391145, 0.00538196274446421), (0.6676775627391145, 0.00538196274446421), (0.6676775627391145, 0.00538196274446421), (0.6676775627391145, 0.00538196274446421), (0.6676775627391145, 0.00538196274446421), (0.6713289236045835, 0.005363250700624541), (0.6713289236045835, 0.005363250700624541), (0.6732220000753683, 0.005378047744933908), (0.675225349649202, 0.005359868701419489), (0.675225349649202, 0.005359868701419489), (0.675225349649202, 0.005359868701419489), (0.675225349649202, 0.005359868701419489), (0.675225349649202, 0.005359868701419489), (0.675225349649202, 0.005359868701419489), (0.6773941106125194, 0.005359937798495256), (0.6773941106125194, 0.005359937798495256), (0.6773941106125194, 0.005359937798495256), (0.6849958769519697, 0.005332632217969918), (0.6849958769519697, 0.005332632217969918), (0.6849958769519697, 0.005332632217969918), (0.687486626248381, 0.005328759939720179), (0.687486626248381, 0.005328759939720179), (0.687486626248381, 0.005328759939720179), (0.687486626248381, 0.005328759939720179), (0.687486626248381, 0.005328759939720179), (0.6902106319059104, 0.005304482309076348), (0.6902106319059104, 0.005304482309076348), (0.6902106319059104, 0.005304482309076348), (0.6902106319059104, 0.005304482309076348), (0.6902106319059104, 0.005304482309076348), (0.6902106319059104, 0.005304482309076348), (0.6902106319059104, 0.005304482309076348), (0.6902106319059104, 0.005304482309076348), (0.6902106319059104, 0.005304482309076348), (0.6902106319059104, 0.005304482309076348), (0.6902106319059104, 0.005304482309076348), (0.6902106319059104, 0.005304482309076348)])
('RARE AUPR', [(0.15347376646415686, 0.006045773623290472), (0.15447904317930033, 0.005108771060741209), (0.16247814669652355, 0.00562543149311046), (0.16936574490701256, 0.0059741556811598), (0.175949052523459, 0.006212017186966365), (0.17787572196682125, 0.006368068531043163), (0.18200690916684617, 0.006283496670892767), (0.19213604652723254, 0.006606973407803499), (0.1993911222705843, 0.006570252898626374), (0.20144192143709555, 0.006628786885206783), (0.20783020015885922, 0.006330968784223416), (0.2126431988763832, 0.0061505972210800786), (0.21785290813294172, 0.006133715272516284), (0.21995310155487183, 0.006036895549111177), (0.22948706114039036, 0.006116753233318295), (0.24039320667956904, 0.006307007352514176), (0.2490416715361686, 0.006292936094473162), (0.2567372686791673, 0.006463682471289812), (0.2642075916361183, 0.006586196528618949), (0.2692513952537675, 0.006637402803061932), (0.2701051848784806, 0.006680391206513941), (0.27540720194387536, 0.006776992928841295), (0.28155026353042495, 0.006687763125689606), (0.2890209311625803, 0.006724280914484602), (0.2924444664219735, 0.006602871369677572), (0.30066376810011314, 0.006537929424982322), (0.3049091255909341, 0.006516885220866868), (0.3072037589034616, 0.006440370349512378), (0.31183797741427766, 0.0063750128703645844), (0.3137147042598052, 0.0064338956357155724), (0.32590147856953783, 0.006436634590806162), (0.3316357511282729, 0.006475043694020199), (0.33926578633168325, 0.006491720191099059), (0.3453856048049072, 0.0065213690882098005), (0.3549347210979997, 0.006609025933649968), (0.35882600304991874, 0.00662217669065752), (0.3609921919641015, 0.006563146674936599), (0.37019212247120453, 0.00630900309754651), (0.37019212247120453, 0.00630900309754651), (0.37581946161866386, 0.006383572100248418), (0.378253640846956, 0.006297172572618447), (0.3838112392325821, 0.0063765229730942995), (0.38697011491227873, 0.006377925694027598), (0.3992517908895129, 0.006540430908655916), (0.40871306339505137, 0.006610272129076942), (0.40871306339505137, 0.006610272129076942), (0.4114434585966958, 0.006530807214205846), (0.4114434585966958, 0.006530807214205846), (0.418337605430795, 0.006432066047136616), (0.4216216447182727, 0.006318100406255349), (0.4216216447182727, 0.006318100406255349), (0.4289126054790181, 0.006295716295984728), (0.4289126054790181, 0.006295716295984728), (0.4289126054790181, 0.006295716295984728), (0.4289126054790181, 0.006295716295984728), (0.4289126054790181, 0.006295716295984728), (0.4289126054790181, 0.006295716295984728), (0.4289126054790181, 0.006295716295984728), (0.43913415573418896, 0.006286730466401965), (0.43913415573418896, 0.006286730466401965), (0.44406282431148314, 0.006329704554764256), (0.44976726852826676, 0.006383719268787156), (0.44976726852826676, 0.006383719268787156), (0.44976726852826676, 0.006383719268787156), (0.44976726852826676, 0.006383719268787156), (0.44976726852826676, 0.006383719268787156), (0.44976726852826676, 0.006383719268787156), (0.45681032024544627, 0.00628126524086462), (0.45681032024544627, 0.00628126524086462), (0.45681032024544627, 0.00628126524086462), (0.47822231328392995, 0.006085607771862501), (0.47822231328392995, 0.006085607771862501), (0.47822231328392995, 0.006085607771862501), (0.4854082600720625, 0.006040032600955659), (0.4854082600720625, 0.006040032600955659), (0.4854082600720625, 0.006040032600955659), (0.4854082600720625, 0.006040032600955659), (0.4854082600720625, 0.006040032600955659), (0.4941522976746026, 0.0058593985290989895), (0.4941522976746026, 0.0058593985290989895), (0.4941522976746026, 0.0058593985290989895), (0.4941522976746026, 0.0058593985290989895), (0.4941522976746026, 0.0058593985290989895), (0.4941522976746026, 0.0058593985290989895), (0.4941522976746026, 0.0058593985290989895), (0.4941522976746026, 0.0058593985290989895), (0.4941522976746026, 0.0058593985290989895), (0.4941522976746026, 0.0058593985290989895), (0.4941522976746026, 0.0058593985290989895), (0.4941522976746026, 0.0058593985290989895)])
